total_cycles
graph: mtx/gearbox/ca-hollywood-2009.mtx
map: SameBank



map_end: SameBank


map: SameBankWeightedMapping



map_end: SameBankWeightedMapping


graph_end: mtx/gearbox/ca-hollywood-2009.mtx
graph: mtx/outerspace/2cubes_sphere/2cubes_sphere.mtx
map: SameBank



map_end: SameBank


map: SameBankWeightedMapping



map_end: SameBankWeightedMapping


graph_end: mtx/outerspace/2cubes_sphere/2cubes_sphere.mtx
graph: mtx/outerspace/cage12/cage12.mtx
map: SameBank



map_end: SameBank


map: SameBankWeightedMapping



map_end: SameBankWeightedMapping


graph_end: mtx/outerspace/cage12/cage12.mtx
graph: mtx/outerspace/filter3D/filter3D.mtx
map: SameBank



map_end: SameBank


map: SameBankWeightedMapping



map_end: SameBankWeightedMapping


graph_end: mtx/outerspace/filter3D/filter3D.mtx
graph: mtx/outerspace/filter3D/filter3D_E.mtx
map: SameBank



map_end: SameBank


map: SameBankWeightedMapping



map_end: SameBankWeightedMapping


graph_end: mtx/outerspace/filter3D/filter3D_E.mtx
graph: mtx/outerspace/mario002/mario002.mtx
map: SameBank



map_end: SameBank


map: SameBankWeightedMapping



map_end: SameBankWeightedMapping


graph_end: mtx/outerspace/mario002/mario002.mtx
graph: mtx/outerspace/offshore/offshore.mtx
map: SameBank



map_end: SameBank


map: SameBankWeightedMapping



map_end: SameBankWeightedMapping


graph_end: mtx/outerspace/offshore/offshore.mtx
graph: mtx/outerspace/scircuit/scircuit.mtx
map: SameBank



map_end: SameBank


map: SameBankWeightedMapping



map_end: SameBankWeightedMapping


graph_end: mtx/outerspace/scircuit/scircuit.mtx
total_cycles_end


SameBank-NormalJumpCycle256: | 1037301193 752794914 125741838 1915837945 | 1172697 882085 240816 2295598 | 487162 160708 100815 748685 | 2634949 1610947 363081 4608977 | 2634922 1610920 363077 4608919 | 389480 135479 80934 605893 | 1234276 880552 254872 2369700 | 494650 176750 82710 754110
SameBank-NormalJumpCycle128: | 1040135815 752794914 286581491 2079512220 | 1249878 882085 240816 2372779 | 578044 160708 100815 839567 | 2878561 1610947 363081 4852589 | 2878544 1610920 363077 4852541 | 444222 135479 80934 660635 | 1305913 880552 254872 2441337 | 593719 176750 82710 853179
SameBank-NormalJumpCycle64: | 1046958191 752794914 386731487 2186484592 | 1485492 882085 240816 2608393 | 708786 160708 100815 970309 | 3548508 1610947 363081 5522536 | 3548460 1610920 363077 5522457 | 503274 135479 209832 848585 | 1522924 880552 254872 2658348 | 760997 176750 82710 1020457
SameBank-NormalJumpCycle32: | 1064248460 752794914 460147960 2277191334 | 2062235 882085 240816 3185136 | 938558 160708 100815 1200081 | 5153012 1610947 363081 7127040 | 5152899 1610920 363077 7126896 | 671205 135479 224392 1031076 | 2083712 880552 981825 3946089 | 1086908 176750 307065 1570723
SameBank-IdealJumpCycle256: | 1037279645 752794914 70796938 1860871497 | 1169351 882085 240816 2292252 | 476414 160708 100815 737937 | 2634268 1610947 363081 4608296 | 2634241 1610920 363077 4608238 | 382891 135479 77089 595459 | 1231752 880552 236589 2348893 | 488199 176750 76409 741358
SameBank-IdealJumpCycle128: | 1040130536 752794914 274965375 2067890825 | 1249532 882085 240816 2372433 | 575706 160708 100815 837229 | 2878532 1610947 363081 4852560 | 2878515 1610920 363077 4852512 | 442485 135479 77089 655053 | 1305525 880552 236589 2422666 | 591317 176750 76409 844476
SameBank-IdealJumpCycle64: | 1046956548 752794914 384539301 2184290763 | 1485492 882085 240816 2608393 | 708760 160708 100815 970283 | 3548508 1610947 363081 5522536 | 3548460 1610920 363077 5522457 | 503065 135479 209689 848233 | 1522612 880552 236589 2639753 | 760261 176750 76409 1013420
SameBank-IdealJumpCycle32: | 1064248460 752794914 460147960 2277191334 | 2062235 882085 240816 3185136 | 938558 160708 100815 1200081 | 5153012 1610947 363081 7127040 | 5152899 1610920 363077 7126896 | 671205 135479 224392 1031076 | 2083712 880552 981825 3946089 | 1086908 176750 307065 1570723
SameBank-MyJumpCycle4G256: | 1037416564 752794914 178906422 1969117900 | 1196909 882085 794088 2873082 | 510057 160708 367575 1038340 | 2654914 1610947 1302369 5568230 | 2654887 1610920 1302353 5568160 | 420691 135479 276355 832525 | 1254984 880552 788759 2924295 | 526574 176750 264435 967759
SameBank-MyJumpCycle4G128: | 1040284043 752794914 373069436 2166148393 | 1286005 882085 794088 2962178 | 609007 160708 367575 1137290 | 2907383 1610947 1302369 5820699 | 2907366 1610920 1302353 5820639 | 479740 135479 276355 891574 | 1337673 880552 788759 3006984 | 630363 176750 264435 1071548
SameBank-MyJumpCycle4G64: | 1047151073 752794914 478903313 2278849300 | 1535337 882085 794088 3211510 | 742125 160708 367575 1270408 | 3586130 1610947 1302369 6499446 | 3586082 1610920 1302353 6499355 | 540464 135479 326557 1002500 | 1567102 880552 788759 3236413 | 798853 176750 264435 1240038
SameBank-MyJumpCycle4G32: | 1064505845 752794914 553265563 2370566322 | 2120714 882085 794088 3796887 | 971847 160708 367575 1500130 | 5196140 1610947 1302369 8109456 | 5196024 1610920 1302353 8109297 | 708635 135479 344560 1188674 | 2139528 880552 1374628 4394708 | 1125401 176750 439900 1742051
SameBank-MyJumpNoOverhead4G256: | 1037284920 752794914 84422908 1874502742 | 1169680 882085 240816 2292581 | 477406 160708 100815 738929 | 2634332 1610947 363081 4608360 | 2634305 1610920 363077 4608302 | 383793 135479 77908 597180 | 1232123 880552 248470 2361145 | 489391 176750 79628 745769
SameBank-MyJumpNoOverhead4G128: | 1040133243 752794914 280588209 2073516366 | 1249620 882085 240816 2372521 | 576163 160708 100815 837686 | 2878535 1610947 363081 4852563 | 2878518 1610920 363077 4852515 | 442935 135479 77908 656322 | 1305729 880552 248470 2434751 | 592212 176750 79628 848590
SameBank-MyJumpNoOverhead4G64: | 1046957882 752794914 386178088 2185930884 | 1485492 882085 240816 2608393 | 708775 160708 100815 970298 | 3548508 1610947 363081 5522536 | 3548460 1610920 363077 5522457 | 503232 135479 209767 848478 | 1522842 880552 248470 2651864 | 760684 176750 79628 1017062
SameBank-MyJumpNoOverhead4G32: | 1064248460 752794914 460147960 2277191334 | 2062235 882085 240816 3185136 | 938558 160708 100815 1200081 | 5153012 1610947 363081 7127040 | 5152899 1610920 363077 7126896 | 671205 135479 224392 1031076 | 2083712 880552 981825 3946089 | 1086908 176750 307065 1570723
SameBank-MyJumpOpt4G256: | 1037296293 752794914 114939299 1905030506 | 1171745 882085 240816 2294646 | 485090 160708 100815 746613 | 2634661 1610947 363081 4608689 | 2634634 1610920 363077 4608631 | 387555 135479 80934 603968 | 1233670 880552 254872 2369094 | 492878 176750 82710 752338
SameBank-MyJumpOpt4G128: | 1040135804 752794914 286560758 2079491476 | 1249878 882085 240816 2372779 | 578044 160708 100815 839567 | 2878561 1610947 363081 4852589 | 2878544 1610920 363077 4852541 | 444222 135479 80934 660635 | 1305912 880552 254872 2441336 | 593714 176750 82710 853174
SameBank-MyJumpOpt4G64: | 1046958191 752794914 386731487 2186484592 | 1485492 882085 240816 2608393 | 708786 160708 100815 970309 | 3548508 1610947 363081 5522536 | 3548460 1610920 363077 5522457 | 503274 135479 209832 848585 | 1522924 880552 254872 2658348 | 760997 176750 82710 1020457
SameBank-MyJumpOpt4G32: | 1064248460 752794914 460147960 2277191334 | 2062235 882085 240816 3185136 | 938558 160708 100815 1200081 | 5153012 1610947 363081 7127040 | 5152899 1610920 363077 7126896 | 671205 135479 224392 1031076 | 2083712 880552 981825 3946089 | 1086908 176750 307065 1570723
SameBank-MyJumpOnly4G256: | 1037443799 752794914 191955525 1982194238 | 1200242 882085 1071963 3154290 | 510979 160708 512387 1184074 | 2658067 1610947 1801816 6070830 | 2658040 1610920 1801776 6070736 | 422388 135479 381011 938878 | 1256618 880552 1063315 3200485 | 532505 176750 355776 1065031
SameBank-MyJumpOnly4G128: | 1040314618 752794914 383601706 2176711238 | 1290798 882085 1071963 3244846 | 609883 160708 512387 1282978 | 2911896 1610947 1801816 6324659 | 2911879 1610920 1801776 6324575 | 481396 135479 381011 997886 | 1340028 880552 1063315 3283895 | 636449 176750 355776 1168975
SameBank-MyJumpOnly4G64: | 1047188607 752794914 488347474 2288330995 | 1541672 882085 1071963 3495720 | 743017 160708 512387 1416112 | 3592389 1610947 1801816 7005152 | 3592341 1610920 1801776 7005037 | 542015 135479 414054 1091548 | 1570240 880552 1063315 3514107 | 804904 176750 355776 1337430
SameBank-MyJumpOnly4G32: | 1064552467 752794914 561057850 2378405231 | 2128121 882085 1071963 4082169 | 972775 160708 512387 1645870 | 5203820 1610947 1801816 8616583 | 5203705 1610920 1801776 8616401 | 710125 135479 426825 1272429 | 2143263 880552 1547669 4571484 | 1131512 176750 500484 1808746
SameBankWeightedMapping-NormalJumpCycle256: | 89446530 231595765 142181560 463223855 | 692871 284185 170217 1147273 | 736454 244123 181120 1161697 | 1855495 405485 295323 2556303 | 1859838 403821 295083 2558742 | 385373 120091 77538 583002 | 772922 248870 180252 1202044 | 458694 111848 92335 662877
SameBankWeightedMapping-NormalJumpCycle128: | 102628723 231595765 251249758 585474246 | 770746 284185 170217 1225148 | 812748 244123 181120 1237991 | 2222377 405485 295323 2923185 | 2226285 403821 295083 2925189 | 435550 120091 77538 633179 | 830571 248870 180252 1259693 | 572140 111848 92335 776323
SameBankWeightedMapping-NormalJumpCycle64: | 129258682 231595765 367578007 728432454 | 979545 284185 170217 1433947 | 1047678 244123 181120 1472921 | 2999779 405485 295323 3700587 | 3004367 403821 295083 3703271 | 516486 120091 224928 861505 | 1098332 248870 180252 1527454 | 736226 111848 92335 940409
SameBankWeightedMapping-NormalJumpCycle32: | 183609878 231595765 477405441 892611084 | 1435565 284185 170217 1889967 | 1504920 244123 181120 1930163 | 4567099 405485 295323 5267907 | 4571204 403821 295083 5270108 | 683123 120091 235096 1038310 | 1589052 248870 322645 2160567 | 1070160 111848 223831 1405839
SameBankWeightedMapping-IdealJumpCycle256: | 89396419 231595765 109345056 430337240 | 691863 284185 170217 1146265 | 735181 244123 181120 1160424 | 1855495 405485 295323 2556303 | 1859838 403821 295083 2558742 | 377463 120091 68517 566071 | 772014 248870 178305 1199189 | 450405 111848 91887 654140
SameBankWeightedMapping-IdealJumpCycle128: | 102621935 231595765 239696292 573913992 | 770746 284185 170217 1225148 | 812600 244123 181120 1237843 | 2222377 405485 295323 2923185 | 2226285 403821 295083 2925189 | 431967 120091 68517 620575 | 829692 248870 178305 1256867 | 570213 111848 91887 773948
SameBankWeightedMapping-IdealJumpCycle64: | 129256748 231595765 364696166 725548679 | 979545 284185 170217 1433947 | 1047670 244123 181120 1472913 | 2999779 405485 295323 3700587 | 3004367 403821 295083 3703271 | 515870 120091 224843 860804 | 1097785 248870 178305 1524960 | 736052 111848 91887 939787
SameBankWeightedMapping-IdealJumpCycle32: | 183609878 231595765 477405441 892611084 | 1435565 284185 170217 1889967 | 1504920 244123 181120 1930163 | 4567099 405485 295323 5267907 | 4571204 403821 295083 5270108 | 683123 120091 235096 1038310 | 1589052 248870 322645 2160567 | 1070160 111848 223831 1405839
SameBankWeightedMapping-MyJumpCycle4G256: | 104298257 231595765 269109317 605003339 | 735078 284185 649264 1668527 | 771996 244123 688465 1704584 | 1887879 405485 1143836 3437200 | 1892151 403821 1143954 3439926 | 417331 120091 243176 780598 | 808023 248870 680716 1737609 | 490139 111848 336801 938788
SameBankWeightedMapping-MyJumpCycle4G128: | 117586700 231595765 394115362 743297827 | 817294 284185 649264 1750743 | 850310 244123 688465 1782898 | 2254585 405485 1143836 3803906 | 2258441 403821 1143954 3806216 | 471919 120091 243176 835186 | 867003 248870 680716 1796589 | 610653 111848 336801 1059302
SameBankWeightedMapping-MyJumpCycle4G64: | 144359904 231595765 514603428 890559097 | 1026363 284185 649264 1959812 | 1084507 244123 688465 2017095 | 3032002 405485 1143836 4581323 | 3036553 403821 1143954 4584328 | 556631 120091 334714 1011436 | 1134606 248870 680716 2064192 | 776191 111848 336801 1224840
SameBankWeightedMapping-MyJumpCycle4G32: | 198859064 231595765 624721555 1055176384 | 1483294 284185 649264 2416743 | 1541585 244123 688465 2474173 | 4599249 405485 1143836 6148570 | 4603328 403821 1143954 6151103 | 723828 120091 348511 1192430 | 1626411 248870 728028 2603309 | 1112203 111848 419034 1643085
SameBankWeightedMapping-MyJumpNoOverhead4G256: | 89400851 231595765 120700324 441696940 | 691945 284185 170217 1146347 | 735249 244123 181120 1160492 | 1855495 405485 295323 2556303 | 1859838 403821 295083 2558742 | 379120 120091 70923 570134 | 772443 248870 178894 1200207 | 451417 111848 92012 655277
SameBankWeightedMapping-MyJumpNoOverhead4G128: | 102625077 231595765 245958268 580179110 | 770746 284185 170217 1225148 | 812619 244123 181120 1237862 | 2222377 405485 295323 2923185 | 2226285 403821 295083 2925189 | 433285 120091 70923 624299 | 830229 248870 178894 1257993 | 570744 111848 92012 774604
SameBankWeightedMapping-MyJumpNoOverhead4G64: | 129258231 231595765 366945739 727799735 | 979545 284185 170217 1433947 | 1047675 244123 181120 1472918 | 2999779 405485 295323 3700587 | 3004367 403821 295083 3703271 | 516345 120091 224852 861288 | 1098191 248870 178894 1525955 | 736148 111848 92012 940008
SameBankWeightedMapping-MyJumpNoOverhead4G32: | 183609878 231595765 477405441 892611084 | 1435565 284185 170217 1889967 | 1504920 244123 181120 1930163 | 4567099 405485 295323 5267907 | 4571204 403821 295083 5270108 | 683123 120091 235096 1038310 | 1589052 248870 322645 2160567 | 1070160 111848 223831 1405839
SameBankWeightedMapping-MyJumpOpt4G256: | 89422683 231595765 138989593 460008041 | 692471 284185 170217 1146873 | 735894 244123 181120 1161137 | 1855495 405485 295323 2556303 | 1859838 403821 295083 2558742 | 383330 120091 77538 580959 | 772830 248870 180252 1201952 | 455056 111848 92335 659239
SameBankWeightedMapping-MyJumpOpt4G128: | 102628721 231595765 251233033 585457519 | 770746 284185 170217 1225148 | 812736 244123 181120 1237979 | 2222377 405485 295323 2923185 | 2226285 403821 295083 2925189 | 435550 120091 77538 633179 | 830571 248870 180252 1259693 | 572135 111848 92335 776318
SameBankWeightedMapping-MyJumpOpt4G64: | 129258682 231595765 367578007 728432454 | 979545 284185 170217 1433947 | 1047678 244123 181120 1472921 | 2999779 405485 295323 3700587 | 3004367 403821 295083 3703271 | 516486 120091 224928 861505 | 1098332 248870 180252 1527454 | 736226 111848 92335 940409
SameBankWeightedMapping-MyJumpOpt4G32: | 183609878 231595765 477405441 892611084 | 1435565 284185 170217 1889967 | 1504920 244123 181120 1930163 | 4567099 405485 295323 5267907 | 4571204 403821 295083 5270108 | 683123 120091 235096 1038310 | 1589052 248870 322645 2160567 | 1070160 111848 223831 1405839
SameBankWeightedMapping-MyJumpOnly4G256: | 108086046 231595765 311871667 651553478 | 740546 284185 918214 1942945 | 775129 244123 966732 1985984 | 1890750 405485 1562518 3858753 | 1894835 403821 1562584 3861240 | 419119 120091 332168 871378 | 809797 248870 962738 2021405 | 495530 111848 448994 1056372
SameBankWeightedMapping-MyJumpOnly4G128: | 121389297 231595765 435525688 788510750 | 820352 284185 918214 2022751 | 853508 244123 966732 2064363 | 2257627 405485 1562518 4225630 | 2261267 403821 1562584 4227672 | 473745 120091 332168 926004 | 869290 248870 962738 2080898 | 616940 111848 448994 1177782
SameBankWeightedMapping-MyJumpOnly4G64: | 148174565 231595765 553599024 933369354 | 1030107 284185 918214 2232506 | 1087703 244123 966732 2298558 | 3035417 405485 1562518 5003420 | 3039743 403821 1562584 5006148 | 558237 120091 401438 1079766 | 1137574 248870 962738 2349182 | 782562 111848 448994 1343404
SameBankWeightedMapping-MyJumpOnly4G32: | 202565340 231595765 660149990 1094311095 | 1490295 284185 918214 2692694 | 1546399 244123 966732 2757254 | 4603080 405485 1562518 6571083 | 4606977 403821 1562584 6573382 | 725463 120091 412558 1258112 | 1629420 248870 1001124 2879414 | 1119901 111848 505771 1737520
