
 273.36807987962936 279.9501563955311 279.4918234327535 252.35232511475198 229.41943169436254
 37.20045313242504 38.016526262948794 38.65355047752191 39.24472540559365 40.412888563620655
 371.39190135911446 332.4307692307693 302.4903105695184 285.7329288843949 282.1450950570342
 42.06618706460413 41.76096570734126 40.75151131629532 38.32732778081648 35.58589693531396
 255.29187562688085 291.9325169965107 314.4317760304784 311.43422863092206 292.35731453308904
 NaN NaN NaN NaN NaN
 89.3817422572787 88.79252749275294 94.27817258883253 96.21397525911064 97.61612742868631
 31.973343384465284 35.12702447888623 50.258270333812966 67.41377801681493 59.87040943263572
 NaN NaN NaN NaN NaN
 36.11346354084503 30.649893043354638 28.321446892084012 25.904855300758737 24.49027857695448
 25.259627257846837 25.591730280174048 26.23115045634378 27.088658312105686 27.269228202832984
 127.15829991980738 133.3317434076804 125.38881109458097 107.51907101809633 91.60724675966568
 435.1134717527767 430.5655172413791 427.42393509127845 435.88675979725593 429.182624941616
 119.07691723008274 114.2387547232875 110.6258201694869 105.45751029912229 100.16500577318048
 127.06877339183968 133.26795406479138 125.43663304818267 107.50513759125059 91.60896883090362
 291.99308129478646 291.256425031693 290.6217607538613 293.20144684803853 294.8248832667087
 152.52655654383744 159.93335350766336 160.88420951971136 173.58635059250435 179.3396561788188
 153.5026289294105 151.7406454458574 148.6063783311489 147.07818379309865 148.1568133205946
 171.2991055559673 180.83805944366415 182.33592854693728 191.45187808106326 199.12804624277442
 101.80758786955985 96.37508567396515 90.37129943084254 90.22489697152663 88.87860890124045
 10.316490904597757 9.567980214760698 9.449012093616945 10.592886401316772 11.937611471158103
 32.92034329233216 32.71303275669522 33.314893128965544 35.94674017601651 39.06120299793628
 268.700458308889 295.28319652189293 303.8286773862297 301.4482357026806 279.10320505057445