
 289.4001695239921 295.6247287626046 300.17149182601975 279.2672358631338 258.9779317965803
 45.98866905487562 45.99993287399925 46.33319208883872 46.948805270184785 48.90348301865712
 235.30334874597185 229.476923076923 225.78996361174578 223.41399842714313 230.75366286438486
 23.68377236356465 23.398491421743337 22.410032934949847 20.336999767099694 18.19596005048678
 282.58676028084284 321.8448934822281 344.7179017434581 340.16824094057273 319.60500879112305
 NaN NaN NaN NaN NaN
 148.34102772300201 126.45101918741084 103.17969543147198 90.22266800401206 80.34133288205871
 222.2484677830603 188.9314236462245 161.44489349196363 146.11044818543849 105.9374552647312
 NaN NaN NaN NaN NaN
 51.166125011832364 42.695267788361406 39.532925881956416 34.29144223365195 30.447695199149887
 43.3111449329467 38.60238612983442 33.00393434917156 26.26696455634713 20.15073103114862
 155.57175381835944 165.85800879879335 157.30647578432124 134.66453140429977 113.41640325632719
 434.8662481892819 434.15172413793124 433.9148073022311 444.1785140314011 437.3731900980849
 169.72293987314106 164.52154209775793 160.29686945556088 153.00500519434004 146.1708040573378
 155.4692970003136 165.83085971802996 157.3560045372356 134.57695493509664 113.40407660532658
 155.80133432171976 156.07237524490034 153.54192478841284 154.4265386834808 153.51080952678015
 161.73621346886915 175.83737116613568 183.7601281407638 196.03460807485882 201.542329563326
 203.30506768094847 197.3211791516578 190.7418086500655 186.98039790825462 192.8827875313668
 145.68899310481206 157.52168805799064 159.60723807136452 170.24023209214923 177.9406558313497
 128.55302626570258 121.98467560833947 115.42973374735936 115.57973141317875 113.029313861507
 56.73598883909402 44.22235176843203 37.87824439171932 29.55299035117219 20.867159690041184
 55.96241610410033 54.791269870970325 57.1208311732799 65.67829129095263 71.7329493981728
 298.3043717992261 328.65145416132185 336.768045426196 334.582208893182 310.04833850220365