listening on port 34191
local_max local_average local_disp_max local_disp_average dispatching_max dispatching_average remote_max remote_average
215771.50390625 599.5132740139959 6298114.725585936 21762.650436401367 2974606.98144531 10881.325218200684 316942.60351562506 1244.7047428488734431804.6347656245 1162.4813623428356 12347818.22656252 41768.55663681026 5846556.981445315 20884.27831840513 579660.0742187497 2259.0366864800408730024.4375 2059.375782608988 18639032.080078125 62094.61120605471 8677468.05566406 31047.305603027355 968214.9326171883 4077.04977446794371295954.9443359373 3276.749983072278 25998097.30664064 93093.97583389288 11746240.6279297 46546.98791694644 1585289.530273436 7436.8106305003182023175.29296875 5072.859610259528 33354570.89746094 128793.10088729874 14773820.00585939 64396.55044364937 2347409.1933593764 11927.637211680414
75950.9658203126 1624.980869650841 207762.82812499988 4517.6960411071805 84030.16992187491 2258.8480205535902 266913.88183593727 2566.15905052423790249.2998046875 1954.6161754727384 233901.5302734375 5084.823295593258 96653.65917968747 2542.411647796629 310478.7499999998 2896.8520060181604118122.44824218756 2557.3342182040196 295400.4453125 6375.568614959717 123219.18164062494 3187.7843074798584 388490.2968749996 3507.6578682661066168297.87890624997 3536.100485146048 404842.2353515626 8623.057243347168 169204.75683593747 4311.528621673584 528476.1289062505 4586.042889893056261373.04492187506 5019.1128758788145 591023.6279296872 12085.51194000244 244205.22363281273 6042.75597000122 764161.053710937 6289.177912116038
356.9501953124998 0.023982942104339613 6.406249999999999 0.027225494384765604 5.055664062499996 0.013612747192382802 456.697265625 0.030368149280548117627.2275390625002 0.043466627597808796 10.924804687499991 0.04760742187499998 7.913085937499997 0.02380371093749999 537.6787109375003 0.038648486137390185958.8828125000003 0.06992226839065556 20.3564453125 0.09015655517578125 13.635742187499995 0.045078277587890625 647.7714843749997 0.051889121532440191549.2958984374998 0.11743760108947758 37.929687500000014 0.1697731018066406 24.254882812499986 0.0848865509033203 826.5078125000005 0.075211524963378932819.0263671875 0.21298855543136588 69.45214843749987 0.3009796142578125 42.4599609375 0.15048980712890625 1080.1298828125016 0.10760754346847526
2468.0205078124986 4.039929509162903 255.52832031250009 10.789173126220694 226.92968749999974 5.394586563110347 3605.6777343750005 1.64610981941223172752.4892578125 4.626245081424714 262.93847656249994 11.237411499023443 234.64257812500017 5.618705749511721 3866.093749999997 1.75334835052490262963.0419921875027 5.3193705677986145 285.31347656249994 12.731506347656266 259.4140625 6.365753173828133 3976.4208984375027 2.0450553297996523131.0449218749986 6.1363343000412085 322.1093750000001 15.838588714599611 303.52539062500006 7.919294357299806 4108.685546875003 2.65525549650192753320.180664062497 7.586324512958528 412.7871093750003 22.685646057128896 403.6445312500002 11.342823028564448 4235.349609375003 3.9682600498199436
181.75491209927608 0.07637025503732543 291.35367114788005 1.031023784901757 131.60599793174765 0.5155118924508785 148.89968976215104 0.18257010143323435273.01660156249994 0.1435357332229613 649.2109374999992 2.0171546936035134 294.4365234374995 1.0085773468017567 199.2011718750002 0.33610999584198004471.59082031250045 0.2565283775329593 1335.088867187499 3.872989654541014 608.8955078124999 1.936494827270507 309.0380859374996 0.5850042104721073887.9589843749999 0.49531644582748435 2581.2255859374995 7.588085174560545 1181.5947265624995 3.7940425872802725 564.3701171875003 1.13325285911559881538.5429687499986 0.9809050559997553 4822.0751953125 15.08760833740235 2205.4863281249977 7.543804168701175 1006.6142578125005 2.300292491912841
130.90000000000003 15.401266479492188 0 0 0 0 0 0139.92307692307693 17.5548330453726 0 0 0 0 0 0158.3181818181818 20.57611361416903 0 0 0 0 0 0202.05825242718444 26.482616239381073 0 0 0 0 0 0298.26993865030664 38.90293800026361 0 0 0 0 0 0
72.47187500000001 0.017782211303710944 31.22187500000001 0.21047363281250003 9.406249999999998 0.10523681640625002 97.59999999999998 0.04846153259277343673.40438871473353 0.0208740234375 33.65203761755487 0.26612705721003144 11.815047021943576 0.13306352860501572 94.91849529780566 0.0599414980897335475.99999999999991 0.029979843691170936 38.265060240963834 0.3708584337349399 17.481927710843387 0.18542921686746994 93.06927710843372 0.0822138039462537380.24929178470254 0.04208140602868269 47.77903682719548 0.5295679886685553 25.47592067988668 0.26478399433427763 90.35977337110484 0.1155329804244864588.10000000000001 0.07169538225446426 70.64761904761907 0.8793433779761903 42.91904761904763 0.43967168898809517 109.45476190476194 0.19716404506138396
348.62215628091036 0.8058003200149915 271.11177052423335 1.2198588958951526 19.5014836795252 0.6099294479475763 122.95054401582598 0.4374019573751238736.9365234374998 1.0909882187843325 463.2460937500003 2.451927185058596 43.06445312499995 1.225963592529298 233.2558593749999 0.90258657932281461415.6816406249989 0.9273710250854494 607.7216796875001 3.764266967773441 94.59277343750001 1.8821334838867205 442.4931640625003 1.29223644733428842450.6826171875023 1.2129175066947944 800.0380859374998 5.475570678710931 184.5644531249997 2.7377853393554656 826.244140625 1.6435067653656013434.2314453124986 3.1956831812858586 1150.6513671875011 10.86161041259764 325.14453125000006 5.43080520629882 1453.8193359374982 3.0885767936706534
18 0.0010986328125 0 0 0 0 0 018 0.002197265625 0 0 0 0 0 018 0.00439453125 0 0 0 0 0 0NaN NaN NaN NaN NaN NaN NaN NaNNaN NaN NaN NaN NaN NaN NaN NaN
126.4419889502762 0.17974836655084594 279.9737569060775 5.471857734806622 98.80386740331491 2.735928867403311 74.81491712707184 0.4310192297835377154.4121976866455 0.31683818123192653 424.34174553102 9.93884726603575 152.3123028391167 4.969423633017875 90.43953732912729 0.8528435964814999203.3720703124999 0.5267045497894286 658.5185546875001 16.657470703124975 235.88183593749966 8.328735351562488 110.845703125 1.6253795623779284255.46236559139788 0.88134497141908 978.4486803519071 28.533319586999035 369.5757575757575 14.266659793499517 122.38123167155425 3.048773593100865324.037762237762 1.6495752294580424 1641.4531468531466 53.91058784965033 660.142657342657 26.955293924825163 141.25034965034942 6.020690320421767
128.71577123050258 0.3870118668422336 102.10571923743517 2.357492959272096 29.774696707105722 1.178746479636048 146.45407279029456 0.670423590331185143.61025641025626 0.45773831881009636 118.89230769230765 3.079921207264957 39.4102564102564 1.5399606036324784 145.41367521367516 0.8659015883747325160.40136054421762 0.5396211585220029 139.93367346938783 4.239908854166665 55.60884353741498 2.1199544270833326 146.4727891156462 1.192920191758344186.12456747404843 0.6931875684269573 176.86851211072678 6.733496431660902 91.20069204152254 3.366748215830451 151.1332179930796 1.8093433842114508233.55813953488385 1.0679814538290326 242.3313953488372 12.02593568313953 163.968992248062 6.012967841569765 182.58720930232545 3.169369364893714
397.4433593750001 0.1760289669036865 643.8378906250002 4.138526916503908 263.1240234374998 2.069263458251954 300.9374999999999 0.30832779407501254674.736328125 0.277948021888733 1120.6044921875002 6.756408691406241 450.4218749999993 3.3782043457031206 395.3398437500001 0.477979063987732041195.80859375 0.4997113943099974 1977.2607421875 12.569480895996106 788.0361328125001 6.284740447998053 641.5566406250007 0.90258765220642131977.9316406249993 0.9943580627441408 3454.1074218750005 25.64971923828127 1378.9169921874977 12.824859619140636 1033.4560546875 1.85806018114089972600.8808593750014 1.9739773869514472 5841.931640625008 51.50870132446298 2359.2851562499995 25.75435066223149 1450.3486328124977 3.8648737072944606
390.5851851851851 0.024969557773919755 4.343209876543221 0.00998746141975308 2.17283950617284 0.00499373070987654 36.618518518518535 0.003192289375964505720.7822265625006 0.04634290933609014 7.684570312500002 0.017700195312499997 3.8105468749999973 0.008850097656249998 57.094726562500014 0.0055588483810424761343.8505859374993 0.08643394708633406 13.056640624999998 0.030090332031250003 6.430664062500009 0.015045166015625002 81.74902343750007 0.008798122406005852242.0859375000005 0.14672160148620594 27.412109375000018 0.06171417236328123 13.450195312500007 0.030857086181640615 138.07226562500023 0.0170257091522216973840.1562499999986 0.2558330297470092 57.15429687500003 0.1306762695312501 28.041992187500018 0.06533813476562506 244.17968749999983 0.03423595428466796
170.65533980582532 0.08809728529846778 211.7087378640777 1.2473784511529131 74.26699029126212 0.6236892255764566 150.53276699029118 0.28230500452726837298.10253906249983 0.21440368890762332 578.3320312499994 3.515235900878909 200.7880859375001 1.7576179504394545 175.79687500000006 0.7060096263885499563.1083984374994 0.46084588766098034 1313.1142578124984 8.191764831542972 453.1103515625 4.095882415771486 246.14648437499986 1.4867250919342021060.5195312499989 0.9125649929046626 2443.9628906250005 15.973091125488274 842.2412109374993 7.986545562744137 435.0302734375008 2.91358667612076031411.5751953124995 1.6437969207763645 4198.02734375 28.720012664794933 1438.3701171875005 14.360006332397466 677.7617187500005 5.308012247085571
397.42773437499994 0.17592227458953835 643.3486328125013 4.138107299804691 262.91210937499994 2.0690536499023455 301.55664062500006 0.30815720558166493675.9101562500002 0.2780144810676579 1120.1699218750005 6.754894256591796 450.10546874999926 3.377447128295898 395.701171875 0.47832655906677221195.7197265625007 0.49916499853134105 1977.584960937499 12.567584991455076 788.2177734374992 6.283792495727538 640.062500000001 0.89988082647323591975.4589843749977 0.9935444593429555 3449.6875000000027 25.633567810058622 1377.870117187502 12.816783905029311 1032.8759765625005 1.85775047540664452598.6972656250023 1.9725348353385925 5841.576171875005 51.51116561889651 2359.4423828125023 25.755582809448256 1448.9785156250011 3.8671869635581957
39.13178294573644 0.005539531855620152 9.546511627906977 0.06127361918604652 8.945736434108534 0.03063680959302326 128.4341085271318 0.02808516154917633765.2202166064982 0.010532200121277084 19.097472924187727 0.12236292870036099 17.819494584837546 0.061181464350180494 143.81227436823102 0.04674499732062276132.95967741935485 0.02259088331653225 36.95698924731178 0.24069640456989225 34.97580645161291 0.12034820228494612 220.04569892473114 0.09187087192330315220.5896980461814 0.040608868505772645 76.12788632326817 0.4929715253108348 72.26998223801061 0.2464857626554174 404.00532859680294 0.19113403103491364340.351648351648 0.07710893977983818 152.57142857142853 0.9938806852869358 146.51037851037864 0.4969403426434679 737.6849816849808 0.3810120746766255
223.13076923076923 0.1022094726562499 61.195384615384576 0.37836538461538427 28.855384615384608 0.18918269230769214 127.90769230769239 0.07395751953125334.47295597484305 0.15540118907232692 97.07169811320757 0.5520538522012578 44.14591194968555 0.2760269261006289 135.94591194968558 0.09978104117531444612.6630859374993 0.2526934742927552 146.60839843750009 0.7978248596191401 64.17871093750001 0.39891242980957003 211.64550781249986 0.159555077552795271192.7587890625014 0.47611266374587996 277.79296875000057 1.4170608520507821 122.9912109375 0.7085304260253911 398.34960937499983 0.30195993185043321798.4560546874995 0.867417454719543 525.53125 2.607547760009762 233.81835937499994 1.303773880004881 726.2646484375003 0.5822247862815843
176.08577405857758 0.023037579269089968 14.851464435146434 0.0730501438284519 5.606694560669459 0.03652507191422595 116.21338912133902 0.03231747679131797316.20779220779207 0.03859597298318001 30.259740259740266 0.15335272366522365 11.634920634920624 0.07667636183261183 184.62481962481962 0.06025737635845057552.5234374999994 0.07033091783523565 66.62109375000001 0.3492736816406251 25.952148437499996 0.17463684082031256 308.91601562499994 0.11342251300811771207.689453124999 0.15210932493209833 155.62988281249994 0.8323326110839844 61.20898437499997 0.4161663055419922 614.9160156250007 0.25054746866226232476.161132812501 0.29423779249191306 325.765625 1.6889305114746107 125.11328125000014 0.8444652557373054 1221.5957031250014 0.5256232023239129
4998.651367187498 2.128051221370697 5282.996093749999 36.26214981079105 3105.8369140624977 18.131074905395526 7533.654296874998 1.93294805288314848119.793945312508 3.077842056751249 8374.543945312498 53.16438674926757 4807.072265625 26.582193374633786 11267.493164062511 2.786031544208527512673.77246093751 4.191514015197753 12202.652343750002 76.4542541503906 6970.178710937502 38.2271270751953 16076.500976562493 3.826237559318546517824.248046874996 5.105688393116001 16346.223632812516 96.01856994628908 9191.46777343749 48.00928497314454 20333.911132812493 4.81956952810287122439.4736328125 6.2544616460800135 19963.2060546875 112.19024658203136 11170.112304687504 56.09512329101568 23683.931640625007 5.826111257076266
446.5654296875 0.19631302356719982 618.3632812500001 4.810180664062491 244.85644531249991 2.4050903320312456 241.86914062500009 0.2646428346633914824.2031249999995 0.3925697207450867 1173.8740234374982 9.623126983642578 463.7148437499996 4.811563491821289 456.12988281250006 0.5379093885421761526.3173828125023 0.7501192688941966 2115.8593750000005 18.33028030395508 828.265625 9.16514015197754 830.9277343749998 1.03720277547836372884.696289062504 1.3390231132507338 3785.5712890624973 32.75289916992189 1477.5634765625014 16.376449584960945 1513.1943359374998 1.89165157079696723899.0351562499973 2.3656292557716365 6647.038085937496 58.80809020996097 2613.3906249999945 29.404045104980487 2076.7929687499986 3.3916651010513297
517.7480468750001 15.049251914024355 246.97460937499997 4.353050231933593 22.454101562500032 2.1765251159667964 292.96484375000006 0.4173642992973328611.1191406249998 19.36180865764619 267.3847656250003 6.046371459960933 28.925781249999982 3.0231857299804665 401.4228515625003 0.5427105426788328665.2460937500002 26.436490058898908 293.41796874999994 7.746345520019533 36.59765625000001 3.8731727600097665 452.1845703125 0.7427133321762086761.9111328124999 40.99853509664531 330.12792968749983 11.170711517334002 59.16503906249999 5.585355758667001 497.66406250000017 1.165555477142334886.6240234374999 67.76903307437897 376.376953125 18.036808013916012 107.6582031250001 9.018404006958006 703.2734375000001 2.07394617795944
788.4121093749997 6.0881382226943925 2793.6923828125014 49.920867919921875 821.7060546875 24.960433959960938 146.9765625000002 4.3078442215919511103.8935546874989 8.047585070133218 3395.7812499999955 61.976684570312514 1013.7226562500002 30.988342285156257 167.93554687500006 5.78563821315764051882.5498046875011 9.749416410923006 4274.642578125 74.83509063720699 1246.5615234375005 37.417545318603494 192.26855468750009 7.6480626463890073375.9072265625005 11.56793850660323 5856.1162109375 89.1636505126953 1602.5712890624998 44.58182525634765 239.39746093749991 9.9622951149940475072.091796875004 14.66842567920685 7738.083007812499 107.87348175048835 2106.833984375 53.936740875244176 337.4130859374997 13.460096180438999
259.23833167825217 0.06715018794221694 262.3296921549154 0.879402774329692 118.14796425024836 0.439701387164846 183.85501489573002 0.143869318578544481.7177734375002 0.14264577627182004 595.1855468750003 1.8109931945800781 267.37792968749994 0.9054965972900391 372.06640625000017 0.321605265140533870.1250000000005 0.2778807878494267 1223.520507812499 3.633125305175779 551.9238281249995 1.8165626525878895 684.0615234374985 0.63423186540603591564.6484375000005 0.5353789329528805 2421.9775390625 7.238811492919923 1091.063476562499 3.6194057464599614 1278.3515624999975 1.24606627225875852957.2802734374964 1.0561681985855107 4492.498046874997 14.489669799804675 2022.056640625 7.2448348999023375 2465.1328124999977 2.4902970790863046
