listening on port 39593
local_max local_average local_disp_max local_disp_average dispatching_max dispatching_average remote_max remote_average
224733.97363281253 1140.2243499159792 6841364.497070312 22034.94504165649 3222434.0800781236 11017.472520828245 1068884.4882812512 6086.945837616917440901.54589843703 2231.522180199623 13448845.970703121 42247.237243652366 6343866.035156247 21123.618621826183 1952754.1367187481 10947.369149863713727785.4716796878 4869.404151022437 19360849.334960945 65240.52592849726 8733363.462890618 32620.26296424863 3310792.843749997 23872.6952465176331022447.6923828122 7694.047606289399 26847711.78613281 94987.45751190184 11980988.353515618 47493.72875595092 4908436.87109375 36831.149330317961497874.0996093764 12571.387266576297 34471347.594726585 131693.0531921388 15107304.384765642 65846.5265960694 7262821.257812501 59006.675258398005
55500.96972656256 2369.350204229354 198755.6865234376 4489.821876525875 87473.9541015625 2244.9109382629376 147540.09863281244 2817.097074747083865851.33886718754 2883.6996728777904 228781.37500000006 5095.288005828854 101519.58007812499 2547.644002914427 164990.68750000015 3172.76871693134285665.88378906238 3846.881603240968 288456.9121093752 6333.891983032224 127457.17382812496 3166.945991516112 200890.73925781265 3896.1097331047026115466.07714843759 5273.741216957571 392114.7128906252 8416.028041839607 170727.1240234375 4208.014020919803 264304.4746093748 5096.997300624844160962.19824218753 7383.784054934972 568237.282226562 11673.21733856202 241257.166015625 5836.60866928101 369156.7822265624 6936.123898088937
41.028714107365786 0.00445396623361423 8.95380774032459 0.03086473938826467 5.22596754057428 0.015432369694132335 364.8451935081147 0.0314240378238139663.83065380493027 0.00835566709790326 16.115755627009637 0.05670133306538049 9.30332261521972 0.028350666532690246 405.30439442658127 0.0416117154005895377.91796874999991 0.01436519622802734 31.162109375000007 0.11300277709960925 18.32617187500001 0.056501388549804625 448.47656249999983 0.0587196350097655391.18749999999993 0.025768995285034183 62.06835937500001 0.22715377807617199 36.62500000000002 0.11357688903808599 525.5341796874997 0.09045213460922236100.40527343749983 0.048476696014404304 132.3378906249999 0.4854049682617191 77.72265625000009 0.24270248413085954 644.0751953125007 0.15460705757141116
2727.7431640625 5.15405696630478 171.49316406250006 7.3715286254883 141.8808593749998 3.68576431274415 1060.1777343750011 1.18556803464889423113.204101562501 6.045274496078498 179.43066406250006 7.513153076171881 148.67480468749977 3.7565765380859406 1099.7939453125011 1.34150326251983643406.192382812499 6.906249046325685 185.53808593750006 8.264591217041014 158.37207031250006 4.132295608520507 1168.378906249999 1.7889015674591083717.1152343749964 8.16962563991547 207.21972656250028 10.611633300781262 192.47265624999966 5.305816650390631 1199.1308593749995 2.83070904016495243881.6474609374973 9.437037110328667 287.22753906250006 16.224803924560526 281.2763671874996 8.112401962280263 1247.9189453124995 4.878970205783845
75.38346727898957 0.03419300171318889 307.35017221584405 1.0945617465556845 135.97014925373134 0.5472808732778423 62.76004592422501 0.02740674725082519109.95800781250001 0.0638135075569153 616.9003906249995 2.107627868652345 274.58398437500006 1.0538139343261725 96.56445312500001 0.05135887861251833164.50585937499997 0.11927443742752086 1254.7597656250007 4.0822563171386665 562.0351562500002 2.0411281585693333 148.50097656249997 0.10143107175827022259.6152343750001 0.22870355844497692 2428.5039062500023 8.068588256835934 1092.9677734375005 4.034294128417967 240.12988281250003 0.1905679702758791413.78808593749983 0.45035678148269637 4509.514648437506 15.965503692626932 2033.3447265624989 7.982751846313466 396.28613281250017 0.3652461171150203
3508.6666666666665 6.396443684895833 0 0 0 0 0 05263.5 9.59564208984375 0 0 0 0 0 09650.333333333332 17.593149820963543 0 0 0 0 0 019476.6 35.50709838867188 0 0 0 0 0 040064.77777777778 73.04071384006076 0 0 0 0 0 0
26.425373134328357 0.01431866546175373 47.76865671641793 0.271426072761194 11.701492537313435 0.135713036380597 9.388059701492539 0.01123912298857275726.78014184397164 0.017994982130984043 47.02127659574468 0.3451906028368795 15.836879432624114 0.17259530141843976 9.638297872340422 0.01505274130097517728.2051282051282 0.024302947215544865 50.698717948717935 0.4373247195512821 20.980769230769223 0.21866235977564105 9.916666666666673 0.01885242951221954529.557894736842098 0.03237465306332236 58.415789473684235 0.587376644736842 29.142105263157895 0.293688322368421 10.83157894736842 0.02312686317845394735.147058823529406 0.05278925535057775 83.53781512605035 0.9844406512605042 47.936974789915965 0.4922203256302521 12.844537815126056 0.03172674098936448
193.69824218750014 0.5952676534652703 312.0957031250003 1.4892311096191384 25.748046875 0.7446155548095692 212.57421875000003 0.34314101934432983309.28710937499983 0.8042660355567925 516.8476562500003 2.890270233154297 59.01953125000006 1.4451351165771484 377.39550781249983 0.44511890411376903436.9150390625004 0.9796361327171339 831.8466796875001 5.266742706298829 138.9228515624998 2.6333713531494145 558.4775390624998 0.6474230289459244500.63769531249966 1.2937293648719779 1266.8310546875002 8.37304306030273 318.2539062499997 4.186521530151365 632.7236328125006 0.979210972785951547.6083984375007 2.6361302733421366 1790.1640625000011 14.076053619384773 569.9453124999999 7.038026809692386 670.9433593749998 1.9629678726196287
18 0.0010986328125 0 0 0 0 0 018 0.002197265625 0 0 0 0 0 018 0.00439453125 0 0 0 0 0 0NaN NaN NaN NaN NaN NaN NaN NaNNaN NaN NaN NaN NaN NaN NaN NaN
94.88147138964584 0.12698888129044617 249.18256130790192 5.884387772479561 86.9577656675749 2.9421938862397803 113.4223433242508 0.06691407247849974119.93586956521736 0.21543997059697684 366.6282608695653 10.016087805706517 133.36630434782614 5.008043902853259 137.45760869565214 0.12082665484884512163.58007812499997 0.35830098390579207 563.7470703125 16.72760391235351 208.8974609375 8.363801956176754 171.9150390625001 0.22294616699218764213.74338085539708 0.6174967779404272 839.5773930753556 28.59747326883911 332.9399185336049 14.298736634419555 216.25254582484723 0.43707840991360125270.6604584527221 1.1749399616930065 1409.8595988538686 54.12531339541547 596.7650429799431 27.062656697707734 288.39971346704874 0.8908632819495439
116.91988950276243 0.2312352301666092 136.30110497237567 4.0618633459944755 47.085635359116026 2.0309316729972378 12.649171270718226 0.02571974274861878129.91644908616186 0.24792464532677883 152.1227154046997 4.766247144255876 56.336814621409886 2.383123572127938 13.101827676240207 0.030388974022927544147.44080604534003 0.28727572270544716 171.26700251889167 5.703990869017631 71.14861460957177 2.8519954345088157 13.629722921914354 0.03772464627282745163.89397590361446 0.35513857186558745 200.18072289156615 8.095284262048192 103.67469879518066 4.047642131024096 15.040963855421685 0.05166221526731928190.7611241217799 0.5153820028908079 253.18032786885237 12.827960333723663 170.75878220140532 6.4139801668618315 17.4215456674473 0.07989687774443804
99.95312500000003 0.0881291627883911 733.5302734374995 3.9925537109375036 306.54003906249994 1.9962768554687518 84.17285156249994 0.039210855960845975165.49316406250023 0.14314645528793346 1304.0849609375005 6.788539886474612 538.9492187499992 3.394269943237306 133.3281249999999 0.05918973684310916300.9414062499996 0.268633186817169 2199.458984375001 13.135540008544911 902.2636718749998 6.567770004272456 258.33007812500006 0.11060655117034922480.5439453125 0.5681449174880981 3694.5937500000014 27.499984741210913 1511.2753906250005 13.749992370605456 383.86425781249966 0.21423393487930303638.3828125000009 1.1528972387313858 5977.728515625002 55.16582870483396 2455.9804687500005 27.58291435241698 543.6982421874995 0.4666101336479195
64.74064837905236 0.0066631821325592285 19.185785536159607 0.04401106608478806 9.446384039900247 0.02200553304239403 340.35162094763086 0.03671021116641990589.73940677966085 0.010796692411778351 36.4046610169491 0.08278022378177963 17.970338983050834 0.041390111890889814 377.873940677966 0.05304666292869437125.22949218750014 0.019242882728576674 74.427734375 0.16673278808593736 36.87695312499998 0.08336639404296868 487.9335937500006 0.089540719985962142.6689453125 0.031791508197784424 153.58789062499983 0.33794403076171875 76.30371093749991 0.16897201538085938 601.2998046874994 0.1539910435676577157.5488281249999 0.056485652923584005 322.4560546875002 0.6936264038085931 160.53515624999977 0.34681320190429654 728.6835937500005 0.2507398724555969
95.07812499999994 0.055897712707519545 220.48281250000002 1.5982421875000012 74.24062500000002 0.7991210937500006 59.98906249999994 0.057563304901123026121.97265625000013 0.10950189828872678 425.79785156249994 3.2686080932617148 142.470703125 1.6343040466308574 79.5957031249999 0.11549526453018187175.64160156249983 0.2535181641578673 1011.0908203125003 8.029750823974604 335.3876953124997 4.014875411987302 122.06640625000001 0.2711249589920043232.65625000000003 0.515269517898559 1942.0263671875016 16.200222015380845 647.3408203124995 8.100111007690423 157.76953125000009 0.5391507148742669291.10058593750017 0.93311870098114 3430.567382812502 29.64393615722658 1148.1591796874986 14.82196807861329 202.17187500000003 0.9838089942932132
99.84375000000001 0.08791202306747442 733.2128906250005 3.982868194580079 306.35937500000006 1.9914340972900395 83.89941406250004 0.03905642032623291165.35644531249986 0.14298069477081302 1304.0722656249982 6.781307220458976 539.0048828125005 3.390653610229488 133.26171875000003 0.059078991413116524301.56933593749983 0.2685518264770508 2198.9658203124973 13.141365051269533 902.0761718750002 6.5706825256347665 259.1074218749999 0.11058175563812249480.18945312500017 0.5679442286491394 3696.1513671874977 27.488262176513672 1511.5791015625005 13.744131088256836 383.1767578124997 0.21397161483764623639.0625 1.1523153185844417 5981.039062499998 55.14138412475588 2457.0058593749986 27.57069206237794 544.5146484375002 0.46626061201095553
21.339805825242728 0.0030588687044902914 9.650485436893204 0.06242415048543691 8.718446601941753 0.031212075242718455 38.89320388349513 0.0063186201077063129.49532710280374 0.006640853168808412 19.448598130841123 0.1249269859813084 17.710280373831775 0.0624634929906542 48.971962616822424 0.01140786999853971536.875 0.013081686837332593 39.4375 0.2498604910714286 34.86607142857141 0.1249302455357143 50.61607142857141 0.02069691249302455740.23026315789474 0.02881903397409539 80.70394736842103 0.48977179276315813 67.79605263157895 0.24488589638157907 55.90789473684211 0.0412822522615131457.50761421319796 0.059238491929727126 154.45685279187816 0.971823445431472 132.97969543147198 0.485911722715736 63.24365482233503 0.08240458686944793
92.3107344632767 0.10690221409339687 149.165725047081 0.9967852518832391 70.91713747645949 0.49839262594161954 60.04708097928433 0.06559279274805792111.91603053435118 0.11808830435949431 194.08244274809152 1.1775763358778633 89.64580152671755 0.5887881679389316 76.6381679389313 0.06600490890386451139.87253765932792 0.12368601139285201 278.9501738122825 1.4567913528389334 125.45886442641938 0.7283956764194667 94.1842410196987 0.06797032008165554199.2519531249998 0.18335026502609258 499.0566406249995 2.3705978393554683 224.79980468750009 1.1852989196777342 122.27343750000011 0.08787810802459715295.5068359374998 0.3365408182144166 928.5117187499993 4.349914550781251 420.1005859374996 2.1749572753906254 172.31640625000003 0.13647103309631328
99.92216981132071 0.01385757158387382 26.551886792452837 0.10775353773584913 11.242924528301888 0.053876768867924564 141.0825471698113 0.01905246950545401126.86534653465341 0.02564117129486386 52.66534653465348 0.21929146039603956 23.04752475247525 0.10964573019801978 163.56435643564367 0.02767781172648512129.72249589490977 0.04229866616635878 108.20361247947456 0.467749384236453 47.33825944170768 0.2338746921182265 178.10837438423647 0.0441716136212028120.42040816326538 0.07461635044642874 211.6938775510204 0.9306866496598646 90.75374149659872 0.4653433248299323 172.99183673469406 0.07905846420599481118.17968750000003 0.13885736465454113 403.0332031249999 1.81222915649414 166.90136718749997 0.90611457824707 162.02636718750006 0.16922998428344727
539.3916015625001 2.2857108712196346 6679.8154296874945 41.39661407470706 4263.145507812498 20.69830703735353 4444.820312500001 6.038684964179994817.0439453125001 3.132044196128849 10890.195312499996 65.51766967773433 7011.864257812498 32.758834838867166 6780.777343750007 8.595397114753731270.3593750000002 4.601545214653012 16844.92578125 97.89224243164064 10620.599609375002 48.94612121582032 9219.38671875 12.4063891172409081995.4707031249998 5.596136569976808 22716.856445312515 120.59180068969727 13733.041015624993 60.29590034484863 11425.7119140625 14.1750726103782583813.769531250001 15.570018410682703 27713.866210937485 141.96347808837896 16368.773437499993 70.98173904418948 13044.895507812504 16.26256453990935
92.74999999999994 0.12335324287414534 697.8046875000007 5.506019592285153 293.5966796874998 2.7530097961425763 73.75488281250001 0.046964049339294434145.35742187500026 0.235112190246582 1296.197265625002 10.710521697998054 544.130859375 5.355260848999027 125.6279296875 0.08618330955505366245.56249999999994 0.4510859251022343 2340.6640625000014 20.59446716308593 993.2587890624989 10.297233581542965 198.01074218749983 0.1579992175102231393.91992187500017 0.8183817267417901 4160.355468749992 37.543296813964886 1771.3837890625002 18.771648406982443 295.00781249999994 0.2840806245803831580.3427734374998 1.4459560513496406 7195.786132812495 66.34872817993164 3085.3632812499986 33.17436408996582 407.40722656250006 0.5020229220390315
2337.1474609375005 28.814823329448682 199.24511718749994 4.60411071777344 23.83007812499997 2.30205535888672 2576.8632812500005 1.3230180144312592.608398437499 34.94786000251769 233.38964843750014 5.710945129394532 27.7783203125 2.855472564697266 2598.8906250000005 1.74941086769104032681.3964843750005 50.87973326444628 270.3701171874999 7.835823059082031 37.045898437500014 3.9179115295410156 2914.320312499995 2.56563496589660473045.4189453124977 83.3049888014792 312.77148437499966 11.409637451171884 56.013671874999964 5.704818725585942 3064.7929687500045 4.2279533147811923550.720703125 139.64730387926124 366.4150390625005 18.517978668212933 100.0146484375001 9.258989334106467 3182.3867187500045 7.444119095802306
713.3115234374998 4.088349044322969 2482.9238281249973 50.10608291625979 666.6542968750003 25.053041458129893 147.6171875 0.89160579442977881011.3251953125003 5.149881958961493 2980.2617187499977 61.499195098876946 796.6894531250007 30.749597549438473 168.39453125000009 1.09349983930587751767.9609374999986 5.9947211742401185 3818.211914062504 74.05806350708008 963.9912109375003 37.02903175354004 191.2929687499999 1.31084972620010443217.407226562498 6.812131106853482 5377.655273437501 88.5943717956543 1232.4003906250002 44.29718589782715 227.94238281249994 1.55868536233901984867.310546874998 8.422821521759031 7257.068359375007 109.2029838562011 1651.6074218749975 54.60149192810055 297.8144531249997 1.8796007633209242
85.47867803837956 0.03418203000066625 304.6865671641793 1.005592850479744 137.18976545842222 0.502796425239872 105.72174840085282 0.043797474680170596124.5634765624999 0.0723841190338135 620.9902343749999 2.0351829528808594 279.64843750000034 1.0175914764404297 165.0019531250002 0.09560024738311773197.4052734375 0.14208012819290183 1237.7880859374986 4.029510498046877 556.3154296874997 2.0147552490234384 272.4492187499999 0.19279283285140972313.22851562499983 0.2825183868408202 2307.7070312499977 7.983402252197257 1036.625 3.9917011260986284 447.8759765625002 0.38625353574752774479.4472656249998 0.5624424219131468 4114.208007812499 15.921024322509767 1841.9199218749986 7.960512161254884 715.5224609375005 0.7598837614059453
