933 654 866 808 706 686 635 547 576 614 579 115 0 0 0 0 0 0 0 0 0 0 0 0 0 0 0 0 0 0 0 0 
739 1101 638 667 889 799 779 956 942 1094 1186 228 0 0 0 0 0 0 0 0 0 0 0 0 0 0 0 0 0 0 0 0 
578 534 521 603 646 978 430 559 558 746 303 95 0 0 0 0 0 0 0 0 0 0 0 0 0 0 0 0 0 0 0 0 
466 583 1090 826 822 983 1233 698 864 717 658 118 0 0 0 0 0 0 0 0 0 0 0 0 0 0 0 0 0 0 0 0 
1018 903 465 509 521 574 858 510 634 543 626 67 0 0 0 0 0 0 0 0 0 0 0 0 0 0 0 0 0 0 0 0 
1008 800 921 1077 685 908 998 652 1131 525 543 105 0 0 0 0 0 0 0 0 0 0 0 0 0 0 0 0 0 0 0 0 
883 785 953 1228 703 952 1070 756 786 850 658 169 0 0 0 0 0 0 0 0 0 0 0 0 0 0 0 0 0 0 0 0 
692 1476 1169 1345 1133 1196 979 844 707 1003 1132 287 0 0 0 0 0 0 0 0 0 0 0 0 0 0 0 0 0 0 0 0 
939 768 853 935 1066 722 1142 982 997 1139 711 356 0 0 0 0 0 0 0 0 0 0 0 0 0 0 0 0 0 0 0 0 
474 446 572 570 942 397 582 792 442 841 661 222 0 0 0 0 0 0 0 0 0 0 0 0 0 0 0 0 0 0 0 0 
661 917 786 1063 702 1028 977 683 645 884 733 196 0 0 0 0 0 0 0 0 0 0 0 0 0 0 0 0 0 0 0 0 
573 439 579 799 576 614 661 384 745 547 504 362 0 0 0 0 0 0 0 0 0 0 0 0 0 0 0 0 0 0 0 0 
499 596 816 851 732 746 575 637 553 725 719 174 0 0 0 0 0 0 0 0 0 0 0 0 0 0 0 0 0 0 0 0 
898 722 1042 1111 600 904 554 1010 768 670 834 337 0 0 0 0 0 0 0 0 0 0 0 0 0 0 0 0 0 0 0 0 
435 614 575 786 778 691 633 430 658 486 547 61 0 0 0 0 0 0 0 0 0 0 0 0 0 0 0 0 0 0 0 0 
