2547 11816 11098 7395 8708 5676 2997 2145 892 4808 3030 2198 1171 990 1081 130 840 96 0 0 0 0 0 0 0 0 0 0 0 0 0 0 
41311 82284 68851 40247 40034 25802 14852 8753 5673 11500 4732 5281 1896 2573 1216 200 205 162 0 0 0 0 0 0 0 0 0 0 0 0 0 0 
45670 84873 69287 40306 34894 26420 17237 12305 8792 7420 5804 5077 3933 2949 651 57 232 122 0 0 0 0 0 0 0 0 0 0 0 0 0 0 
53379 82173 67991 36707 27764 21386 13465 11462 8385 8121 8034 5404 3142 2029 713 103 103 9 0 0 0 0 0 0 0 0 0 0 0 0 0 0 
55319 71054 60883 36649 28756 24840 14573 8963 9647 7453 6005 5493 2701 4741 876 117 99 51 0 0 0 0 0 0 0 0 0 0 0 0 0 0 
42957 66210 51860 30030 25469 20143 13493 8440 9111 6987 5451 4682 2977 3701 1075 235 116 127 0 0 0 0 0 0 0 0 0 0 0 0 0 0 
43976 73788 63125 39222 27145 26506 15153 9715 10383 7133 8042 8713 3052 4604 1014 67 43 47 0 0 0 0 0 0 0 0 0 0 0 0 0 0 
56527 86731 87251 55818 40954 37351 23400 16158 10213 7705 11526 7627 2198 2075 881 368 100 0 0 0 0 0 0 0 0 0 0 0 0 0 0 0 
58675 88379 82443 53785 34173 37591 19645 16566 10441 5658 12968 9486 3315 2249 682 285 220 192 0 0 0 0 0 0 0 0 0 0 0 0 0 0 
42201 64612 57297 36827 23800 25778 14275 12416 10124 5144 8642 8072 2642 2348 390 175 220 125 0 0 0 0 0 0 0 0 0 0 0 0 0 0 
47451 65598 63293 40481 28032 25796 15994 10984 10676 7671 8718 6467 2211 2327 614 140 65 4 0 0 0 0 0 0 0 0 0 0 0 0 0 0 
27946 38788 36204 24176 14856 15359 10136 7905 7480 4133 5191 3752 1725 2346 467 69 13 107 0 0 0 0 0 0 0 0 0 0 0 0 0 0 
37694 55639 49632 34416 23959 21806 14082 9572 11093 5461 6426 6030 2080 2787 476 42 76 2 0 0 0 0 0 0 0 0 0 0 0 0 0 0 
27620 39920 36380 25745 22621 19209 10063 8362 6137 6141 3209 3075 759 2570 415 25 148 38 0 0 0 0 0 0 0 0 0 0 0 0 0 0 
32020 38451 36811 25178 26018 18498 11819 7772 5764 7282 3485 3206 1177 2861 885 72 123 10 0 0 0 0 0 0 0 0 0 0 0 0 0 0 
