9 24 20 21 22 21 19 9 32 12 12 21 13 15 21 24 30 15 22 20 8 9 24 32 17 21 17 15 27 38 10 8 
10 26 36 27 18 29 36 17 27 24 37 10 28 18 46 36 27 45 28 43 45 18 16 28 28 9 24 45 20 18 16 16 
30 10 0 0 10 0 10 10 0 0 0 10 9 30 9 18 32 31 30 18 9 10 18 0 0 20 20 10 20 9 20 41 
0 0 0 0 0 0 0 0 0 0 0 0 0 0 0 0 0 0 0 0 0 0 0 0 0 0 0 0 0 0 0 0 
12 13 22 9 13 10 3 8 8 8 3 8 3 8 9 3 2 3 6 5 10 6 7 1 13 10 11 13 9 6 3 4 
7 3 4 4 4 0 0 4 0 0 3 0 0 0 0 0 0 0 4 0 8 4 0 0 0 0 0 0 0 0 0 0 
3 2 0 0 0 0 2 0 0 0 0 0 0 0 0 0 0 0 0 1 0 0 0 0 0 0 0 0 0 1 0 0 
33 12 12 8 1 7 9 6 16 7 0 8 5 0 2 7 4 9 6 8 22 2 15 0 7 0 15 1 6 1 13 0 
2 0 0 0 1 0 0 0 0 0 0 1 0 0 1 0 0 0 0 0 0 0 0 0 0 0 0 0 0 1 0 0 
8 2 0 3 0 0 4 4 0 3 1 0 5 1 4 0 0 0 0 0 0 1 0 0 2 0 0 0 1 0 0 0 
16 10 6 1 4 2 12 4 2 3 9 7 4 10 1 3 4 4 4 4 2 4 6 4 4 3 3 5 9 2 6 2 
19 20 29 26 24 6 8 19 0 24 8 0 6 20 24 8 0 14 8 0 20 32 0 0 24 16 31 0 24 16 24 8 
2 4 2 0 1 0 1 2 1 1 0 0 1 1 1 0 4 3 0 2 0 1 0 0 0 2 3 1 3 0 0 1 
35 11 13 27 15 26 15 8 30 13 23 25 7 23 12 17 9 43 9 18 9 7 25 28 10 12 25 11 22 26 28 25 
0 0 0 0 0 0 0 0 0 0 0 0 0 0 0 0 0 0 0 0 0 0 0 0 0 0 0 0 0 0 0 0 
19 0 0 0 0 0 0 1 0 0 0 0 0 0 0 1 0 0 0 0 0 0 0 0 0 0 0 0 0 0 0 0 
1 0 1 0 0 0 1 0 0 0 0 1 0 0 0 0 1 0 0 0 1 1 0 0 0 0 0 0 0 0 0 0 
59 93 24 47 40 40 49 106 19 107 63 69 48 60 35 39 159 54 112 81 42 26 64 39 30 51 13 42 24 33 43 81 
25 20 20 23 21 12 13 9 11 16 10 32 21 18 11 2 15 11 11 25 16 10 17 21 9 9 9 20 22 13 20 8 
1 4 2 3 1 0 0 0 1 3 2 1 2 3 1 4 3 0 1 2 1 1 3 3 4 6 0 3 2 3 4 1 
0 2 3 3 0 6 5 2 5 2 0 2 5 6 5 4 3 4 4 3 4 5 5 2 1 3 4 2 5 6 4 1 
23 37 26 15 22 11 12 17 32 26 25 7 12 12 10 5 10 15 32 29 25 30 17 23 61 36 5 24 45 25 9 29 
22 15 15 11 39 23 15 14 19 20 24 19 27 30 26 22 20 15 15 15 35 16 26 36 21 34 53 21 30 21 7 33 
59 49 52 65 44 34 38 39 46 47 51 38 69 54 24 37 47 42 35 31 58 51 53 36 40 41 30 55 37 32 53 23 
27 25 29 29 23 8 15 22 15 24 31 20 32 21 20 32 17 27 29 16 23 23 20 17 21 17 27 22 24 23 32 19 
52 10 12 2 41 21 30 12 12 37 34 2 2 3 57 21 35 25 23 25 55 45 46 2 12 0 24 36 0 23 3 31 
8 0 0 0 1 0 3 0 1 4 0 0 4 0 2 1 1 0 0 0 1 4 2 0 1 0 0 4 0 0 4 1 
16 7 2 7 8 8 0 0 0 21 0 0 0 9 0 3 20 0 0 0 0 0 0 7 7 0 0 0 0 7 8 0 
4 0 0 0 0 3 0 0 0 0 0 0 0 4 0 0 0 0 3 0 0 4 0 0 0 0 0 0 0 0 0 0 
22 21 8 8 6 4 17 20 4 5 9 9 20 8 8 0 9 12 16 0 13 21 12 8 10 6 14 6 20 15 0 12 
15 7 3 17 19 14 18 4 7 7 3 5 4 26 13 10 4 2 17 9 13 3 20 11 5 27 14 8 4 25 10 7 
7 7 8 8 5 8 9 0 2 11 4 5 6 3 6 6 7 10 3 7 6 7 3 9 9 4 4 10 7 4 9 8 
8 7 5 0 0 4 0 8 0 7 5 5 0 10 0 0 12 9 0 0 0 0 5 10 0 0 5 0 5 10 5 7 
1 0 0 0 0 0 0 1 0 0 1 0 0 0 0 0 0 0 1 0 0 0 0 0 0 0 0 1 0 0 0 0 
16 3 28 2 18 1 1 14 16 2 15 17 4 31 14 3 16 16 27 15 0 27 13 30 1 25 14 16 2 1 3 30 
0 0 0 0 0 0 0 0 0 0 0 0 0 0 0 0 0 0 0 0 0 0 0 0 0 0 0 0 0 0 0 0 
14 7 14 14 0 7 7 14 18 24 6 7 7 14 14 12 0 6 0 10 20 7 14 7 7 21 7 14 0 7 0 14 
6 0 0 2 0 5 18 0 10 0 11 10 0 6 0 0 0 1 11 0 0 5 1 0 0 0 0 0 0 5 0 1 
47 55 65 16 42 23 28 47 40 23 38 48 37 34 35 43 49 53 44 32 40 41 42 38 52 22 36 64 63 37 16 37 
0 0 0 0 0 0 0 0 0 0 0 0 0 0 0 0 0 0 0 0 0 0 0 0 0 0 0 0 0 0 0 0 
2 0 0 0 1 1 0 0 0 0 0 0 0 0 1 0 0 1 0 0 0 1 0 0 0 0 0 1 1 0 0 1 
3 1 4 0 1 0 0 0 0 3 3 3 2 0 0 0 1 0 6 0 1 3 0 0 0 3 3 2 0 6 0 3 
16 3 0 0 16 5 27 2 12 12 0 4 1 15 1 3 14 5 1 2 0 2 4 1 15 12 1 1 1 13 3 14 
25 15 16 22 6 23 22 15 21 26 17 10 10 14 14 16 10 25 15 16 26 20 14 29 11 15 21 10 11 9 25 6 
7 1 0 0 2 5 4 0 4 2 2 3 2 5 0 3 0 0 0 0 0 0 0 0 1 1 2 1 0 0 0 0 
0 0 0 0 0 0 0 0 0 0 0 0 0 0 0 0 0 0 0 0 0 0 0 0 0 0 0 0 0 0 0 0 
0 0 0 0 0 0 0 0 0 0 0 0 0 0 0 0 0 0 0 0 0 0 0 0 0 0 0 0 0 0 0 0 
1 1 0 0 0 0 0 0 2 0 0 1 0 0 0 0 0 1 0 0 2 0 0 0 0 0 0 0 0 1 0 0 
23 4 0 0 5 11 0 0 8 7 4 4 0 4 10 9 0 7 0 0 16 5 12 4 12 4 0 0 11 0 5 8 
0 0 0 0 0 0 0 0 0 0 0 0 0 0 0 0 0 0 0 0 0 0 0 0 0 0 0 0 0 0 0 0 
0 0 0 0 0 0 0 0 0 0 0 0 0 0 0 0 0 0 0 0 0 0 0 0 0 0 0 0 0 0 0 0 
9 16 15 7 6 15 14 10 24 13 10 5 15 16 13 16 10 15 13 28 9 14 14 16 11 13 9 9 10 1 11 14 
0 0 0 0 0 0 0 0 0 0 0 0 0 0 0 0 0 0 0 0 0 0 0 0 0 0 0 0 0 0 0 0 
5 2 0 3 2 0 2 5 2 1 2 1 0 3 0 0 2 3 2 1 2 3 2 2 3 2 2 3 0 1 5 1 
10 10 0 0 0 0 0 10 11 0 0 10 0 10 1 0 0 11 10 11 0 0 0 11 10 11 0 27 11 0 11 0 
0 0 0 0 0 0 0 0 0 0 0 0 0 0 0 0 0 0 0 0 0 0 0 0 0 0 0 0 0 0 0 0 
2 2 0 0 0 0 1 1 0 0 0 1 0 0 0 0 2 0 0 0 0 1 1 0 0 0 2 0 1 0 0 1 
2 0 0 0 1 0 0 0 0 1 0 0 2 1 1 0 0 2 0 0 0 0 0 0 0 0 0 1 0 0 0 0 
95 90 121 88 88 55 37 104 104 97 74 111 89 97 57 142 90 48 138 104 81 89 62 64 40 94 73 81 121 88 183 65 
5 0 0 3 0 0 1 0 1 0 0 7 1 3 0 4 3 0 2 0 4 0 3 0 0 0 0 0 5 4 0 0 
3 0 1 3 3 0 0 0 0 0 1 0 2 0 2 0 3 3 0 0 0 0 0 0 0 1 0 0 0 5 0 0 
0 0 0 0 0 0 0 0 0 0 0 0 0 0 0 0 0 0 0 0 0 0 0 0 0 0 0 0 0 0 0 0 
23 10 4 14 8 11 7 12 6 10 4 15 10 5 1 6 14 5 13 3 27 4 8 5 4 4 3 11 16 17 17 10 
9 5 5 4 4 7 2 5 1 1 4 4 3 7 0 0 6 3 5 5 6 4 2 6 3 5 4 4 4 3 4 0 
12 7 14 11 16 13 9 7 6 8 19 13 18 8 8 6 8 13 9 8 13 5 6 13 10 8 10 10 0 11 7 11 
2 0 0 1 0 0 1 1 0 2 1 3 0 1 0 0 0 1 1 0 1 1 0 0 0 0 0 0 0 0 1 0 
0 0 0 0 0 0 0 0 0 0 0 0 0 0 0 0 0 0 0 0 0 0 0 0 0 0 0 0 0 0 0 0 
10 4 16 2 10 6 8 12 14 9 6 8 12 4 10 10 6 16 4 12 10 10 8 4 6 10 14 8 6 16 8 0 
12 7 6 7 3 6 5 1 8 8 3 6 4 5 9 7 5 4 4 4 8 4 8 4 4 8 2 3 3 6 6 0 
2 0 1 0 2 1 0 0 0 0 0 1 2 0 2 0 0 0 0 1 2 2 0 1 0 0 0 0 0 2 0 1 
0 0 0 0 0 0 0 0 0 0 0 0 0 0 0 0 0 0 0 0 0 0 0 0 0 0 0 0 0 0 0 0 
30 15 22 12 7 19 21 26 5 42 27 13 18 25 3 32 25 15 42 23 16 19 37 17 37 9 15 17 35 18 19 27 
0 0 0 0 0 0 0 0 0 0 0 0 0 0 0 0 0 0 0 0 0 0 0 0 0 0 0 0 0 0 0 0 
18 0 0 0 1 0 1 0 8 16 0 0 0 0 0 0 2 0 0 18 7 8 0 0 11 7 0 9 0 1 1 0 
14 1 7 2 5 2 9 0 1 0 0 0 0 10 1 2 1 0 4 3 0 0 1 3 1 12 3 2 1 7 0 4 
0 0 0 0 0 0 0 0 0 0 0 0 0 0 0 0 0 0 0 0 0 0 0 0 0 0 0 0 0 0 0 0 
43 29 18 17 2 20 9 25 19 33 39 17 25 25 21 2 25 10 8 4 13 20 25 14 38 16 18 24 19 34 5 33 
2 0 1 2 0 0 0 0 0 0 0 1 1 0 1 0 1 0 0 0 0 1 0 0 0 0 1 0 0 2 1 1 
15 0 0 0 0 0 0 2 0 0 0 0 0 0 0 0 0 0 0 0 0 0 0 0 0 0 0 0 0 0 1 4 
30 2 18 19 16 2 20 33 22 3 2 35 1 2 21 0 35 4 49 31 21 2 1 19 31 21 36 39 16 19 32 18 
0 0 0 0 0 0 0 0 0 0 0 0 0 0 0 0 0 0 0 0 0 0 0 0 0 0 0 0 0 0 0 0 
2 1 1 0 1 0 0 0 0 2 1 1 2 0 1 1 0 1 2 0 1 2 1 0 0 2 0 1 0 4 2 1 
3 0 0 0 3 0 0 0 0 2 0 0 0 0 0 0 0 0 0 0 0 0 2 0 0 0 0 0 0 0 0 0 
4 0 2 6 2 3 3 1 6 2 3 0 1 4 4 4 3 1 4 3 3 3 3 1 8 2 4 2 3 4 1 2 
13 7 2 11 7 16 1 1 0 5 0 14 7 13 2 29 11 14 14 0 20 7 2 1 1 7 0 13 0 13 6 21 
41 19 16 29 6 10 8 21 4 22 23 7 20 18 2 19 6 11 4 5 14 21 2 17 20 5 21 14 34 6 8 45 
2 0 0 1 0 0 0 1 0 0 0 0 0 1 0 0 1 0 1 0 0 1 0 1 0 0 0 1 0 0 1 0 
7 4 6 2 4 4 2 9 2 11 5 6 9 2 4 0 3 12 2 0 2 2 8 8 2 6 8 6 10 2 6 8 
18 15 9 15 6 6 9 6 4 6 8 5 10 8 21 13 10 27 10 21 5 10 4 15 20 32 9 11 15 33 16 13 
40 9 20 12 9 3 2 11 10 38 12 1 15 17 17 22 8 0 0 4 15 18 34 8 3 18 20 13 0 35 8 17 
18 17 0 17 1 34 0 0 17 0 3 17 0 1 1 0 32 17 19 18 1 17 18 17 18 0 1 18 17 17 0 0 
9 0 0 8 1 0 0 0 0 8 0 0 0 0 0 0 8 0 0 14 0 0 8 0 0 0 8 0 0 0 14 0 
0 0 0 0 0 0 0 0 0 0 0 0 0 0 0 0 0 0 0 0 0 0 0 0 0 0 0 0 0 0 0 0 
8 5 9 6 0 3 6 10 6 8 6 4 3 7 2 9 8 7 2 6 12 9 6 2 5 8 8 2 5 4 9 4 
15 7 0 9 7 6 7 7 3 11 10 3 6 5 7 13 7 7 5 6 8 6 11 10 7 8 8 7 3 6 12 2 
12 9 7 3 13 8 8 11 11 5 6 6 8 10 11 6 17 3 8 4 8 7 12 9 4 12 6 5 13 9 4 6 
33 5 5 0 5 11 10 15 10 0 5 0 10 10 5 21 11 16 0 1 0 0 5 5 5 16 0 8 5 6 5 3 
2 0 2 0 0 1 0 2 1 0 2 2 1 1 2 0 3 1 1 3 2 0 0 1 0 3 0 0 0 1 0 1 
0 0 0 0 0 0 0 0 0 0 0 0 0 0 0 0 0 0 0 0 0 0 0 0 0 0 0 0 0 0 0 0 
14 4 5 12 7 5 8 2 7 6 6 1 5 7 10 6 11 7 9 7 5 9 12 2 10 2 6 10 9 7 5 7 
0 0 0 0 0 0 0 0 0 0 0 0 0 0 0 0 0 0 0 0 0 0 0 0 0 0 0 0 0 0 0 0 
14 12 0 3 16 10 13 3 11 4 18 11 12 1 3 2 11 11 1 3 2 26 0 8 21 22 1 0 3 2 11 10 
4 0 0 0 0 0 0 0 0 0 0 0 0 0 0 0 0 3 0 0 3 4 0 0 0 3 3 0 0 0 0 0 
11 2 7 5 8 3 5 2 1 0 10 15 1 7 8 1 19 0 6 6 5 8 5 3 6 4 2 6 6 2 10 10 
0 0 0 0 0 0 0 0 0 0 0 0 0 0 0 0 0 0 0 0 0 0 0 0 0 0 0 0 0 0 0 0 
6 18 9 14 15 22 12 9 18 14 20 30 19 6 9 11 19 9 9 8 12 9 15 6 12 13 9 9 8 12 19 6 
33 12 25 25 24 13 23 14 45 34 12 0 12 25 70 23 3 53 1 14 27 23 15 18 16 20 62 33 11 5 26 26 
15 0 0 0 0 6 0 14 0 0 0 15 11 0 0 0 6 0 0 0 0 0 0 6 0 7 0 0 0 14 13 15 
5 0 5 8 0 0 0 0 0 0 4 0 0 0 0 0 0 0 4 0 6 0 0 0 0 0 0 0 0 0 0 0 
0 0 0 0 0 0 0 0 0 0 0 0 0 0 0 0 0 0 0 0 0 0 0 0 0 0 0 0 0 0 0 0 
49 22 24 48 25 35 21 10 36 30 24 20 47 21 17 26 12 25 45 27 31 11 36 11 26 20 10 15 42 10 41 18 
12 7 1 7 0 16 8 10 8 14 10 8 0 1 0 1 0 0 0 15 7 0 1 1 0 0 8 1 8 2 0 0 
7 0 0 0 0 0 5 0 0 7 12 6 11 11 6 0 6 0 6 0 6 0 6 7 12 0 0 0 0 7 5 12 
19 2 14 16 15 15 7 5 17 9 9 8 14 12 16 14 12 7 11 7 11 8 7 15 12 9 12 17 6 11 14 10 
2 1 0 1 1 0 0 1 1 1 0 0 1 0 0 0 2 1 1 1 0 0 0 0 0 0 3 1 0 0 0 0 
10 13 7 14 0 12 9 8 9 7 15 15 11 11 5 7 8 13 10 6 11 14 9 9 17 7 6 10 12 10 4 13 
59 65 46 47 65 66 64 90 39 19 65 56 47 64 77 31 38 63 41 74 30 67 58 46 66 55 74 66 98 72 58 51 
14 0 0 7 0 0 7 0 7 0 7 0 7 12 0 0 0 0 0 0 0 0 0 0 0 0 0 0 0 0 0 0 
0 0 0 0 0 0 0 0 0 0 0 0 0 0 0 0 0 0 0 0 0 0 0 0 0 0 0 0 0 0 0 0 
2 1 1 0 0 0 4 2 2 0 0 0 0 1 0 4 0 0 0 0 2 2 0 0 2 0 2 0 4 0 0 2 
0 0 0 0 0 0 0 0 0 0 0 0 0 0 0 0 0 0 0 0 0 0 0 0 0 0 0 0 0 0 0 0 
11 5 0 5 0 5 1 4 0 0 2 1 1 6 0 5 0 10 5 0 0 0 0 4 5 0 5 8 5 8 0 0 
1 0 1 1 0 1 0 1 0 1 2 1 0 0 1 0 2 0 0 0 0 0 0 1 0 0 2 1 0 0 1 1 
6 0 1 1 0 1 4 1 1 1 1 2 2 2 2 0 0 1 1 0 1 0 0 1 3 1 0 1 0 0 0 1 
25 2 5 4 14 6 4 15 3 13 3 9 2 11 6 7 12 5 4 3 4 1 5 7 10 20 3 15 5 1 15 16 
1 1 0 1 0 0 0 0 3 1 1 0 0 4 0 0 0 0 1 0 0 0 2 0 0 0 0 0 0 1 1 0 
12 2 1 7 2 4 5 10 6 3 1 5 2 9 5 3 4 7 3 6 6 3 2 6 4 9 9 0 2 0 1 5 
18 0 10 18 9 32 15 18 1 36 27 17 11 27 0 11 1 9 9 10 10 1 11 0 27 0 1 18 1 18 22 12 
18 4 17 0 9 4 10 2 5 16 4 4 8 4 2 4 19 2 6 2 2 28 0 12 10 25 12 2 10 17 22 17 
3 1 0 5 0 1 0 0 1 0 0 0 0 0 0 0 1 2 0 0 0 0 0 2 0 0 1 0 0 0 0 0 
5 6 3 7 3 3 4 9 3 9 3 6 6 4 5 5 4 2 6 0 1 1 5 4 5 3 3 2 2 5 1 3 
0 0 0 0 0 0 0 0 0 0 0 0 0 0 0 0 0 0 0 0 0 0 0 0 0 0 0 0 0 0 0 0 
12 1 0 7 0 7 23 0 1 0 1 6 0 7 7 0 0 7 0 2 0 0 0 0 7 0 7 6 7 14 6 7 
99 126 90 104 117 49 128 45 56 63 100 48 67 121 64 56 73 101 137 83 84 90 45 36 114 83 108 47 73 74 81 88 
11 14 20 6 18 9 20 9 7 21 25 20 13 14 20 14 21 8 9 8 20 15 14 23 12 10 8 9 16 12 8 6 
6 0 7 5 6 6 1 11 7 1 7 6 3 3 11 9 3 9 2 5 9 4 5 3 2 7 9 2 6 1 7 3 
0 0 0 0 0 0 0 0 0 0 0 0 0 0 0 0 0 0 0 0 0 0 0 0 0 0 0 0 0 0 0 0 
3 1 1 3 1 0 1 1 0 2 1 1 1 2 3 4 1 1 2 0 2 3 2 0 0 1 1 0 1 2 0 0 
10 0 0 4 0 4 2 4 2 0 1 0 0 0 4 4 4 4 4 6 0 0 8 2 4 1 2 0 0 9 3 2 
46 38 35 44 43 28 72 36 22 26 38 18 57 10 29 23 20 36 31 28 51 78 25 12 43 85 58 25 14 45 65 14 
0 0 0 0 0 0 0 0 0 0 0 0 0 0 0 0 0 0 0 0 0 0 0 0 0 0 0 0 0 0 0 0 
7 0 0 12 0 6 25 12 0 10 10 6 0 12 0 12 0 5 0 0 0 6 0 0 0 0 6 10 10 6 0 0 
37 16 3 19 19 21 16 0 19 16 2 19 33 0 2 6 19 16 6 3 0 22 5 3 31 9 2 30 6 9 3 3 
0 0 0 0 0 0 0 0 0 0 0 0 0 0 0 0 0 0 0 0 0 0 0 0 0 0 0 0 0 0 0 0 
0 0 0 0 0 0 0 0 0 0 0 0 0 0 0 0 0 0 0 0 0 0 0 0 0 0 0 0 0 0 0 0 
24 1 2 1 10 1 0 1 2 4 0 0 10 0 12 4 1 2 0 1 2 11 11 2 2 0 2 0 11 1 10 3 
29 7 0 1 0 8 23 14 0 0 7 0 0 0 7 15 0 7 12 8 1 9 0 14 12 8 0 6 14 7 14 18 
80 67 130 135 106 74 140 133 104 55 99 72 97 123 101 93 119 159 66 145 156 104 82 103 71 62 81 96 70 90 100 114 
15 0 0 0 0 0 0 5 0 6 6 0 0 12 0 0 0 5 1 0 0 5 0 6 0 0 0 0 0 1 0 5 
2 1 0 0 0 0 0 0 1 1 0 1 0 0 1 0 0 1 0 1 0 2 0 0 1 0 1 0 0 0 0 1 
14 8 9 12 11 12 2 0 10 8 13 8 6 20 7 10 4 4 14 11 8 8 4 12 8 16 8 4 10 12 1 7 
10 7 5 2 4 4 6 7 7 4 9 0 2 0 1 1 3 3 4 5 5 1 5 3 3 2 2 7 3 5 5 3 
8 2 4 4 7 8 7 5 4 4 5 6 2 3 7 3 4 6 2 5 4 4 4 11 4 5 5 4 6 0 8 6 
18 35 25 8 21 8 9 8 16 8 0 17 17 16 9 16 8 28 0 17 25 16 8 24 18 8 0 9 7 12 8 0 
2 0 0 0 0 0 0 0 0 0 0 0 0 0 0 0 0 0 0 0 0 0 0 1 0 0 0 0 0 0 0 0 
20 0 66 0 22 10 11 22 22 11 27 0 30 20 23 11 11 11 30 11 0 11 27 22 43 33 11 20 0 11 20 0 
2 0 0 0 0 0 0 0 0 0 0 0 0 0 0 0 0 0 0 0 0 0 0 0 0 0 0 0 0 0 0 0 
71 26 12 13 13 51 34 0 0 12 31 15 0 24 31 13 31 0 1 26 30 27 0 2 16 24 12 12 24 13 15 24 
2 1 2 5 3 8 2 2 3 1 4 2 4 0 5 5 4 6 4 4 5 3 1 3 1 4 4 4 6 4 1 0 
12 1 10 5 8 8 1 2 7 4 5 0 3 5 6 2 6 8 5 3 7 5 3 7 5 12 11 5 12 3 5 4 
1 0 0 0 0 0 0 0 0 0 1 0 0 0 0 0 0 0 0 0 0 0 0 0 0 0 0 0 0 0 0 0 
10 2 14 7 4 4 2 5 6 0 9 2 6 7 5 3 4 4 2 2 2 12 4 6 0 1 5 3 0 5 9 8 
0 0 0 0 0 0 0 0 0 0 0 0 0 0 0 0 0 0 0 0 0 0 0 0 0 0 0 0 0 0 0 0 
7 6 9 10 4 0 14 9 4 14 4 6 6 7 23 6 4 4 11 20 8 6 6 12 10 8 8 14 4 18 15 6 
4 0 0 0 0 0 0 3 0 0 0 0 0 0 6 3 0 3 0 0 0 0 0 0 0 0 0 0 0 0 0 0 
8 0 0 0 0 0 0 0 0 0 0 0 0 0 0 0 0 0 0 0 0 0 0 0 0 0 0 0 0 0 0 0 
0 0 0 0 0 0 0 0 0 0 0 0 0 0 0 0 0 0 0 0 0 0 0 0 0 0 0 0 0 0 0 0 
1 0 0 0 0 0 0 0 0 0 0 0 0 0 0 0 0 0 0 0 0 0 0 0 0 0 0 1 0 0 0 0 
12 11 0 1 0 11 0 11 30 0 1 1 10 11 0 27 0 10 0 11 1 1 10 0 10 10 18 11 30 0 11 0 
42 33 39 51 27 30 27 24 30 30 39 24 54 36 12 24 36 27 15 24 42 39 33 30 27 24 20 38 19 18 37 12 
0 0 0 0 0 0 0 0 0 0 0 0 0 0 0 0 0 0 0 0 0 0 0 0 0 0 0 0 0 0 0 0 
2 0 4 2 0 2 0 6 2 0 2 2 3 2 0 4 0 0 0 0 0 0 0 0 0 0 0 0 2 0 0 1 
10 4 16 2 10 6 8 12 14 9 6 8 12 4 10 10 6 16 4 12 10 10 8 4 6 10 14 8 6 16 8 0 
7 0 0 1 0 0 0 0 0 0 1 0 0 0 0 0 0 0 0 0 0 0 0 0 0 0 0 0 0 0 0 0 
25 9 15 4 4 6 11 41 4 7 10 12 14 16 4 13 7 12 24 10 10 0 4 5 15 17 9 18 21 17 22 11 
2 0 0 0 1 1 0 0 1 0 0 0 0 0 2 1 0 0 0 0 2 0 0 1 0 0 0 3 0 0 0 0 
10 10 0 0 0 0 9 0 0 0 0 0 0 9 9 0 0 0 0 0 0 0 9 9 0 0 16 0 9 0 9 9 
0 0 0 0 0 0 0 0 0 0 0 0 0 0 0 0 0 0 0 0 0 0 0 0 0 0 0 0 0 0 0 0 
8 16 0 0 0 7 0 0 14 0 7 7 0 0 12 16 0 0 8 0 0 7 7 8 8 0 0 0 0 0 0 0 
73 48 72 85 72 72 24 120 60 60 12 60 96 36 96 12 36 24 48 48 55 36 73 49 24 44 90 72 60 80 60 56 
14 0 4 0 0 4 5 3 0 0 0 11 10 4 4 0 0 4 4 8 0 0 7 0 10 0 0 0 4 4 3 0 
12 0 0 0 0 0 0 0 0 6 0 0 5 0 0 0 0 6 5 0 0 0 0 0 14 0 0 0 6 8 5 0 
1 0 0 0 0 0 0 0 0 1 0 1 1 0 0 1 0 0 0 0 0 0 0 2 0 1 1 0 1 0 0 1 
15 0 1 2 2 1 0 0 1 2 1 1 1 2 1 0 0 2 3 0 1 1 2 1 1 1 1 2 1 2 1 4 
1 2 0 0 0 0 0 0 0 0 1 0 0 1 0 1 0 3 0 3 1 0 0 2 1 1 0 0 0 1 0 0 
27 47 46 25 22 3 21 12 28 9 24 7 51 19 15 16 10 36 24 26 19 23 13 32 19 33 23 43 20 17 14 30 
63 61 62 73 38 55 46 17 32 88 51 64 71 78 30 73 27 55 64 17 72 80 26 75 79 27 51 56 71 43 34 33 
53 50 17 55 21 23 40 36 29 15 35 35 37 2 29 15 11 62 49 53 16 15 32 14 41 36 29 40 40 19 45 15 
0 0 0 0 0 0 0 0 0 0 0 0 0 0 0 0 0 0 0 0 0 0 0 0 0 0 0 0 0 0 0 0 
1 0 0 0 0 0 0 0 0 0 0 0 0 0 0 0 0 0 0 0 0 0 0 0 0 0 0 0 0 0 0 0 
12 8 3 3 9 6 2 3 4 4 2 4 0 9 8 6 4 9 6 6 5 4 13 3 4 4 5 2 4 5 6 2 
2 1 1 1 0 0 0 0 1 0 0 0 0 1 1 2 1 2 2 1 1 1 0 1 1 1 2 1 1 1 0 1 
5 17 4 8 8 3 10 3 4 0 8 3 3 10 6 9 12 1 6 3 6 2 6 4 7 19 3 14 6 11 10 7 
75 63 46 80 70 135 62 46 72 104 121 96 37 63 42 87 45 124 82 69 46 81 79 98 9 45 72 55 84 27 88 41 
16 0 4 9 14 5 0 16 5 0 1 21 4 0 6 18 9 16 19 0 21 0 3 0 1 23 10 0 3 3 7 0 
1 0 0 0 0 0 0 0 0 0 0 0 0 0 0 0 0 0 0 0 0 0 0 0 0 0 0 0 0 0 0 0 
15 12 6 0 1 0 0 0 12 0 7 0 0 7 19 1 0 0 0 0 7 0 1 8 0 8 7 2 6 0 6 0 
72 60 60 90 51 84 60 78 102 84 84 41 54 54 56 40 30 84 54 42 48 90 60 66 72 60 60 66 49 96 78 80 
17 10 11 6 5 5 7 5 9 7 8 5 7 14 6 2 2 17 5 8 15 8 4 4 6 7 6 2 7 13 4 11 
38 8 7 17 18 24 36 8 11 17 18 6 7 17 14 21 13 12 8 15 14 14 19 27 20 10 15 10 28 19 7 13 
7 0 2 3 0 0 0 0 5 2 0 0 0 6 4 0 2 0 1 0 0 0 1 1 0 4 0 10 0 0 0 1 
2 0 0 0 0 0 0 0 0 0 0 0 0 0 0 0 0 0 0 0 0 0 0 0 0 0 0 0 0 0 0 0 
18 20 13 3 18 12 19 3 8 14 2 3 26 12 11 6 4 11 19 13 29 8 20 16 6 13 25 4 11 11 3 15 
5 5 7 7 7 3 4 6 3 2 1 5 5 5 7 3 4 3 6 5 7 8 4 7 4 6 4 2 7 7 5 0 
6 3 4 6 2 2 2 2 2 1 2 1 4 0 2 4 1 5 3 6 3 0 2 3 1 1 1 1 0 0 0 4 
4 2 1 0 1 2 2 3 2 3 3 2 2 4 1 3 3 2 7 4 1 2 9 4 2 3 1 3 4 1 3 1 
3 0 0 0 3 2 0 2 0 0 0 0 0 1 1 1 0 0 1 1 2 0 0 1 1 0 0 2 3 1 3 0 
24 32 33 30 24 45 6 25 38 32 18 25 49 30 12 60 19 2 24 20 32 30 25 38 20 18 22 34 21 29 17 44 
6 3 0 0 0 3 0 0 0 0 0 0 0 0 0 0 0 4 0 0 0 0 0 0 0 3 0 0 0 0 0 0 
21 24 24 6 14 23 26 10 25 9 15 8 11 13 10 15 12 26 20 39 35 9 8 20 18 17 37 16 20 14 19 31 
2 0 0 0 1 0 0 0 0 0 0 1 0 0 0 0 0 0 0 0 0 0 0 1 0 0 0 0 0 1 2 0 
32 7 10 21 0 9 8 4 6 8 15 0 6 18 9 9 29 17 12 10 8 7 4 8 15 13 7 11 22 18 2 15 
0 0 0 0 0 0 0 0 0 0 0 0 0 0 0 0 0 0 0 0 0 0 0 0 0 0 0 0 0 0 0 0 
2 0 0 0 0 0 0 0 0 0 0 0 0 0 0 0 0 0 0 0 0 0 0 0 0 0 0 0 0 0 0 0 
20 24 2 2 3 2 4 13 12 3 3 1 5 1 0 4 6 4 6 13 3 4 12 7 3 0 2 1 4 14 8 2 
5 4 7 0 1 2 0 1 2 1 4 2 1 2 4 1 1 0 3 2 3 3 5 2 2 2 0 2 0 1 0 4 
24 0 52 18 30 7 14 37 19 4 6 7 32 37 7 8 27 7 43 18 12 25 26 4 18 19 32 1 19 24 9 25 
4 3 3 3 3 2 0 2 1 4 1 4 2 1 2 2 0 2 2 4 3 1 0 2 0 4 3 2 0 2 2 1 
0 0 0 0 0 0 0 0 0 0 0 0 0 0 0 0 0 0 0 0 0 0 0 0 0 0 0 0 0 0 0 0 
11 7 3 2 5 4 6 2 1 1 6 2 6 4 2 3 5 4 4 2 4 1 1 3 6 6 3 2 4 3 2 4 
2 2 0 2 2 2 3 2 1 7 1 1 3 1 4 2 5 3 1 2 2 1 3 4 1 3 2 1 0 1 3 0 
12 3 6 0 6 11 6 0 3 9 10 3 6 3 0 0 0 7 0 6 0 6 3 3 6 3 3 0 3 2 3 6 
28 0 0 18 7 10 13 34 24 10 36 12 8 1 18 24 0 18 6 18 34 5 6 6 7 5 11 6 0 24 18 18 
7 6 6 0 6 0 6 1 0 0 0 0 0 0 6 0 0 1 0 0 7 6 0 0 1 0 0 0 0 0 6 0 
1 1 2 1 0 0 0 0 1 0 0 0 0 0 0 0 0 1 1 0 0 0 0 0 0 0 0 0 0 0 0 0 
7 11 9 9 6 10 9 1 8 12 2 8 8 7 4 9 7 5 6 6 6 10 12 7 3 14 10 6 10 7 5 3 
9 9 13 5 13 10 24 9 9 12 7 19 5 6 8 9 13 0 14 28 7 10 12 8 11 10 9 6 5 12 9 7 
14 8 10 13 8 11 2 7 8 9 0 6 4 12 6 7 9 16 8 7 7 7 10 17 8 9 9 6 14 11 17 11 
1 0 0 0 0 0 0 0 0 0 0 0 0 0 0 0 0 0 0 0 0 0 0 0 0 0 0 0 0 0 0 0 
0 0 0 0 0 0 0 0 0 0 0 0 0 0 0 0 0 0 0 0 0 0 0 0 0 0 0 0 0 0 0 0 
14 19 10 19 17 10 13 18 19 18 12 8 9 6 8 9 14 14 14 11 6 13 17 9 12 6 10 19 9 22 23 16 
0 0 0 0 0 0 0 0 0 0 0 0 0 0 0 0 0 0 0 0 0 0 0 0 0 0 0 0 0 0 0 0 
32 55 52 44 38 30 43 41 20 23 22 62 55 24 21 43 65 58 31 89 31 40 41 55 32 64 70 41 37 25 32 21 
106 131 90 107 121 50 133 46 60 63 101 49 67 123 66 56 74 101 139 84 84 92 45 38 119 85 109 47 73 77 83 90 
0 0 0 0 0 0 0 0 0 0 0 0 0 0 0 0 0 0 0 0 0 0 0 0 0 0 0 0 0 0 0 0 
11 2 5 9 10 7 8 10 4 8 3 8 7 9 1 7 1 4 4 2 3 7 1 9 6 5 5 5 5 6 6 2 
11 9 2 12 12 6 13 5 10 7 12 9 12 14 6 10 17 12 12 11 5 5 10 14 5 6 10 8 8 4 2 3 
11 2 0 0 0 1 2 2 0 0 1 1 0 1 3 2 1 0 2 9 4 0 2 1 1 0 2 0 2 2 1 7 
2 0 4 0 2 0 3 0 2 0 0 0 1 0 0 0 0 1 0 0 2 0 2 0 0 0 0 0 0 0 0 1 
1 1 1 0 0 2 1 0 0 2 0 0 0 0 1 1 1 2 0 1 0 1 0 1 1 0 0 0 0 0 0 0 
3 1 1 2 0 2 0 2 0 2 4 3 0 0 0 1 2 1 1 5 1 2 1 1 0 0 1 1 0 0 4 1 
0 0 0 0 0 0 0 0 0 0 0 0 0 0 0 0 0 0 0 0 0 0 0 0 0 0 0 0 0 0 0 0 
23 3 1 9 2 1 7 18 1 10 9 16 1 2 0 3 1 0 0 1 3 0 5 0 10 1 0 2 10 2 1 10 
10 0 13 15 8 6 7 10 4 10 5 1 12 12 6 13 3 9 2 13 11 5 4 19 16 5 8 2 5 7 11 0 
0 0 0 0 0 0 0 0 0 0 0 0 0 0 0 0 0 0 0 0 0 0 0 0 0 0 0 0 0 0 0 0 
23 13 14 17 18 13 15 13 6 15 11 10 14 11 18 20 20 25 15 12 16 16 8 22 20 14 10 9 23 21 10 14 
4 2 2 2 1 2 1 2 1 3 3 3 2 2 0 2 6 1 0 4 1 3 1 4 1 2 1 0 3 4 1 0 
3 1 2 2 6 7 2 4 3 2 4 2 3 5 2 3 4 2 2 5 0 7 4 1 1 1 3 3 3 3 1 4 
0 0 0 0 0 0 0 0 0 0 0 0 0 0 0 0 0 0 0 0 0 0 0 0 0 0 0 0 0 0 0 0 
26 5 10 15 16 4 10 17 0 7 7 13 14 9 11 3 10 13 6 9 9 9 5 18 21 15 7 13 11 16 22 9 
0 0 0 0 0 0 0 0 0 0 0 0 0 0 0 0 0 0 0 0 0 0 0 0 0 0 0 0 0 0 0 0 
2 2 2 0 0 2 5 2 2 0 0 0 0 0 0 0 5 0 0 2 0 6 0 0 4 0 2 0 4 0 0 0 
11 0 0 0 0 0 0 11 1 10 10 10 10 1 0 0 10 0 0 0 0 10 18 0 0 0 0 10 10 11 1 10 
0 0 0 0 0 0 0 0 0 0 0 0 0 0 0 0 0 0 0 0 0 0 0 0 0 0 0 0 0 0 0 0 
15 11 4 10 5 10 11 8 10 11 5 9 5 10 7 11 7 7 6 9 15 4 10 8 9 11 6 10 13 7 10 0 
1 0 0 1 0 0 1 1 0 1 0 1 0 1 0 0 0 0 0 0 1 0 0 0 1 0 0 0 0 0 0 0 
5 3 3 4 7 2 4 1 5 7 0 7 6 4 6 3 6 4 5 2 3 10 3 6 3 3 2 2 4 3 4 0 
0 0 0 0 0 0 0 0 0 0 0 0 0 0 0 0 0 0 0 0 0 0 0 0 0 0 0 0 0 0 0 0 
8 4 3 3 3 5 4 3 7 4 7 7 2 2 6 3 3 5 3 5 4 1 5 7 1 6 5 1 2 5 5 2 
0 0 0 0 0 0 0 0 0 0 0 0 0 0 0 0 0 0 0 0 0 0 0 0 0 0 0 0 0 0 0 0 
15 34 5 3 14 14 1 4 3 47 12 24 24 16 4 26 34 16 16 12 22 26 1 13 15 24 14 21 27 0 5 23 
1 0 3 0 0 1 0 1 0 0 0 2 0 1 0 0 1 0 0 0 1 0 0 4 2 0 0 0 0 0 1 0 
25 24 39 18 26 28 39 34 35 6 58 17 15 17 12 26 16 30 24 10 33 17 21 25 30 15 39 20 13 31 14 21 
0 0 0 0 0 0 0 0 0 0 0 0 0 0 0 0 0 0 0 0 0 0 0 0 0 0 0 0 0 0 0 0 
0 0 0 0 0 0 0 0 0 0 0 0 0 0 0 0 0 0 0 0 0 0 0 0 0 0 0 0 0 0 0 0 
1 0 1 0 1 1 1 0 0 1 0 0 1 0 0 0 0 0 1 0 0 0 0 1 0 0 0 0 0 0 1 1 
3 3 5 3 2 4 0 5 2 3 0 2 1 2 7 2 3 1 3 2 2 2 1 3 1 0 1 1 1 1 0 3 
5 0 0 0 0 6 0 0 3 0 0 0 0 10 0 0 0 4 0 0 0 0 10 4 4 3 0 0 4 3 5 4 
2 0 0 0 0 0 0 0 0 0 0 0 1 0 1 0 0 0 0 0 0 0 0 0 0 0 0 0 0 1 0 0 
1 0 0 0 0 0 0 0 0 0 1 0 0 0 0 0 0 0 0 1 0 0 0 1 0 0 0 0 0 0 0 1 
2 2 0 0 0 4 2 2 3 2 4 0 0 1 0 2 0 0 0 2 0 0 2 0 0 0 0 0 2 0 0 0 
5 1 2 4 4 2 2 3 2 3 5 0 4 3 2 3 6 4 0 4 1 1 2 1 1 7 2 3 1 2 2 3 
1 0 0 0 0 0 0 0 0 0 0 0 0 0 0 0 0 0 0 0 0 0 0 0 0 0 0 0 0 0 0 0 
1 0 0 0 0 0 1 0 2 0 0 1 0 0 0 2 0 0 0 0 0 1 0 0 0 0 0 0 0 0 0 0 
0 0 0 0 0 0 0 0 0 0 0 0 0 0 0 0 0 0 0 0 0 0 0 0 0 0 0 0 0 0 0 0 
6 6 6 4 2 3 2 5 0 4 3 6 5 6 5 3 0 5 2 5 6 4 3 7 5 2 2 4 1 5 4 0 
6 0 9 6 3 6 0 3 3 0 0 0 3 6 0 3 3 4 0 0 0 3 9 9 3 1 3 3 3 2 0 0 
4 4 1 10 8 9 4 4 3 1 0 3 10 4 5 3 2 5 6 1 10 10 5 3 7 0 3 2 13 1 8 2 
6 0 1 1 2 0 1 3 1 0 0 1 0 0 0 3 0 0 1 0 1 0 2 0 0 0 1 0 0 0 0 0 
36 3 9 23 6 20 23 5 9 29 25 5 5 4 26 8 3 9 9 6 21 5 2 27 20 6 3 12 23 10 6 12 
22 22 20 22 21 75 76 20 21 22 21 20 20 0 21 0 1 42 3 60 41 21 1 22 0 20 21 39 21 22 21 0 
0 0 0 0 0 0 0 0 0 0 0 0 0 0 0 0 0 0 0 0 0 0 0 0 0 0 0 0 0 0 0 0 
1 0 0 0 0 0 0 1 0 0 0 0 0 0 0 1 0 0 0 0 0 0 0 0 0 0 0 0 0 0 0 0 
19 0 0 0 20 10 21 10 0 9 0 27 10 0 20 10 30 0 17 24 9 1 0 9 20 10 10 9 0 20 0 20 
24 0 0 21 16 25 1 8 14 7 0 30 7 8 7 12 14 7 29 14 0 12 8 0 1 7 1 7 14 14 14 0 
27 7 14 10 6 6 11 15 9 10 12 11 19 16 16 10 12 15 13 23 9 19 7 17 13 20 11 12 9 13 0 5 
0 0 0 0 0 0 0 0 0 0 0 0 0 0 0 0 0 0 0 0 0 0 0 0 0 0 0 0 0 0 0 0 
0 0 0 0 0 0 0 0 0 0 0 0 0 0 0 0 0 0 0 0 0 0 0 0 0 0 0 0 0 0 0 0 
32 19 16 8 14 23 9 12 16 17 12 14 23 18 29 24 13 19 15 13 19 6 8 12 12 17 9 14 7 30 22 24 
22 5 5 2 5 1 12 5 1 11 3 4 9 4 11 4 12 0 1 5 2 7 5 0 9 3 6 7 12 9 12 12 
19 30 27 4 25 22 15 28 8 9 11 1 28 9 4 20 14 33 17 2 19 16 18 17 13 17 16 32 10 24 19 3 
4 0 0 4 0 2 2 7 4 3 0 6 1 1 5 6 1 5 0 1 1 1 2 0 4 2 3 0 3 3 5 5 
0 0 0 0 0 0 0 0 0 0 0 0 0 0 0 0 0 0 0 0 0 0 0 0 0 0 0 0 0 0 0 0 
12 1 0 3 0 0 1 0 0 2 1 6 7 0 2 0 1 1 0 0 0 4 1 0 1 0 0 0 1 1 0 4 
8 0 0 6 0 6 0 0 7 6 0 0 0 0 6 0 0 0 0 0 0 0 0 0 0 0 6 0 0 0 6 0 
14 2 10 10 18 2 8 17 4 0 6 12 10 10 8 0 4 8 4 12 8 6 6 6 22 4 12 14 12 12 8 0 
32 16 8 9 10 18 9 24 28 13 1 18 34 1 36 11 19 32 29 18 11 3 17 10 25 23 40 2 34 0 27 9 
1 0 0 0 0 0 0 1 1 0 0 0 0 2 0 0 0 1 0 0 0 0 0 3 1 0 2 1 1 0 0 0 
1 0 1 0 0 0 0 0 0 0 0 0 0 0 0 0 0 0 0 0 0 0 0 0 0 0 0 0 0 0 0 0 
13 5 3 0 2 3 4 9 2 3 2 4 1 4 0 2 11 2 2 4 15 14 2 4 5 3 17 3 4 10 1 4 
33 11 20 14 23 12 15 8 23 13 9 11 7 9 12 23 9 24 9 25 17 7 10 22 10 12 11 11 8 13 15 11 
2 0 0 0 0 0 0 0 0 0 0 0 0 0 0 0 0 0 0 0 0 0 0 0 0 0 0 0 0 0 0 0 
0 0 0 0 0 0 0 0 0 0 0 0 0 0 0 0 0 0 0 0 0 0 0 0 0 0 0 0 0 0 0 0 
21 11 5 6 5 8 10 22 14 9 13 7 6 2 3 5 8 9 9 6 4 3 3 3 5 2 5 10 1 14 4 6 
0 0 0 0 0 0 0 0 0 0 0 0 0 0 0 0 0 0 0 0 0 0 0 0 0 0 0 0 0 0 0 0 
110 86 129 88 93 54 37 97 105 93 72 114 87 99 57 150 91 50 137 104 80 80 62 64 40 92 76 79 119 93 180 64 
1 0 0 0 0 0 0 0 0 0 0 0 0 0 0 1 0 0 0 0 0 0 0 0 0 0 0 0 1 0 0 0 
8 7 0 0 0 0 0 0 0 7 0 12 0 0 0 12 0 0 0 0 0 7 0 0 0 0 0 0 0 0 7 0 
4 0 0 0 0 0 0 0 0 0 0 0 0 0 0 0 0 0 0 0 0 0 0 0 0 0 0 0 0 0 0 0 
25 13 0 44 36 12 1 12 24 11 13 0 1 12 36 11 22 23 33 0 1 36 20 2 0 12 0 12 13 30 22 25 
23 12 20 13 9 14 15 4 23 11 15 16 11 23 17 6 11 19 26 16 15 9 16 8 11 17 15 12 17 25 12 13 
2 0 0 0 0 0 0 0 0 0 0 0 0 0 0 0 1 0 0 0 0 0 0 0 0 0 0 2 0 0 0 0 
12 3 1 5 0 1 6 6 13 3 8 9 0 3 1 15 2 31 16 1 9 0 2 5 2 5 0 0 11 5 1 2 
0 0 0 0 0 0 0 0 0 0 0 0 0 0 0 0 0 0 0 0 0 0 0 0 0 0 0 0 0 0 0 0 
3 2 1 2 1 0 0 1 0 0 2 2 2 0 0 0 0 0 2 0 0 1 3 0 1 0 0 2 0 2 1 0 
0 0 0 0 0 0 0 0 0 0 0 0 0 0 0 0 0 0 0 0 0 0 0 0 0 0 0 0 0 0 0 0 
17 19 15 18 24 12 16 10 11 23 17 10 8 10 9 24 21 13 19 27 9 18 16 22 23 18 17 20 5 10 29 16 
25 0 7 7 18 7 0 5 12 2 15 0 16 5 0 12 7 7 6 6 12 5 6 0 10 6 12 7 11 10 6 0 
9 8 16 14 8 9 15 21 16 8 21 8 7 16 0 8 24 15 31 26 14 16 8 0 8 8 8 8 8 16 28 8 
32 16 30 28 31 31 11 10 14 2 20 38 5 27 37 4 31 16 27 28 22 10 10 56 80 22 30 4 18 28 2 9 
35 12 12 11 14 0 1 1 0 0 25 0 15 30 0 11 0 15 0 14 3 11 15 3 3 0 0 1 0 31 36 3 
0 0 0 0 0 0 0 0 0 0 0 0 0 0 0 0 0 0 0 0 0 0 0 0 0 0 0 0 0 0 0 0 
5 8 0 4 0 0 4 0 0 0 0 0 0 0 0 5 0 4 0 0 0 0 0 0 0 0 0 0 4 0 0 0 
1 0 0 0 0 0 0 0 0 0 0 1 0 1 0 0 0 0 0 1 0 0 0 0 0 0 0 0 0 0 0 0 
12 0 6 0 0 6 0 12 12 12 0 0 1 0 0 0 0 0 6 0 6 11 0 0 0 6 10 0 0 10 0 0 
10 10 6 24 1 0 6 1 9 13 6 22 12 6 16 13 1 2 15 18 20 12 10 1 6 3 4 25 5 15 18 6 
20 1 1 1 16 1 2 8 8 0 8 7 1 0 1 0 2 1 3 2 0 8 13 9 14 18 0 15 1 8 3 16 
4 0 1 6 8 4 1 0 6 6 2 4 0 0 1 6 1 5 2 1 4 2 7 4 4 2 6 7 9 3 0 8 
6 0 0 3 1 3 2 0 3 0 0 1 2 3 5 0 1 0 1 1 3 1 2 4 1 0 2 0 2 2 0 2 
7 7 4 1 6 3 2 6 3 2 3 0 2 15 8 3 2 2 4 6 6 2 3 5 5 5 4 3 4 6 7 1 
6 0 1 0 0 0 0 0 0 0 0 1 0 0 0 0 0 0 0 0 0 0 0 0 2 0 0 0 0 0 1 0 
10 3 8 2 6 10 8 3 2 7 9 7 6 11 5 4 3 8 8 3 7 4 4 3 3 8 4 6 7 12 0 5 
17 3 3 11 8 12 2 9 5 0 15 7 6 2 3 4 2 9 10 10 6 5 10 10 10 11 9 2 2 9 8 10 
3 2 2 1 0 1 1 1 5 1 0 1 2 0 1 0 0 0 0 0 2 1 3 3 1 1 0 0 0 0 1 0 
9 3 12 5 5 5 7 6 4 3 3 2 1 8 2 4 8 6 6 3 7 8 3 1 1 2 6 7 2 1 5 2 
0 0 0 0 0 0 0 0 0 0 0 0 0 0 0 0 0 0 0 0 0 0 0 0 0 0 0 0 0 0 0 0 
1 0 0 0 0 0 0 0 1 0 0 0 0 1 0 0 0 1 0 1 0 0 0 0 0 0 0 0 0 0 1 0 
6 2 3 1 4 5 0 1 3 1 3 1 2 5 1 0 5 1 2 6 1 3 2 2 3 4 0 0 2 1 3 2 
3 0 0 0 0 0 0 0 0 0 0 0 0 0 0 0 0 0 0 0 0 0 0 0 0 0 0 0 0 0 0 0 
8 5 7 3 2 4 2 4 3 3 3 5 1 4 6 6 2 6 4 3 4 4 10 1 2 5 5 3 2 3 7 0 
2 3 1 2 0 4 1 1 1 3 2 1 3 1 3 0 0 0 2 1 1 2 0 0 1 3 3 1 0 3 0 1 
11 3 2 10 5 2 2 14 3 12 2 6 8 0 2 3 2 9 2 11 6 11 7 2 2 2 12 3 3 12 4 1 
9 1 10 2 2 0 3 1 1 7 8 1 6 1 2 0 1 1 1 8 1 3 3 2 1 1 2 3 8 0 3 1 
32 17 2 13 4 2 5 2 3 15 2 5 5 14 1 22 5 12 1 3 1 3 14 5 6 0 1 15 4 3 16 13 
7 2 3 1 2 2 6 1 3 1 0 1 2 5 0 4 1 0 0 3 4 1 0 4 0 3 3 1 0 4 0 0 
2 0 1 2 2 2 1 0 4 0 3 3 0 3 4 0 2 0 0 3 0 1 2 4 1 0 3 2 2 1 0 0 
14 5 8 10 6 6 12 14 5 14 13 5 9 4 4 15 8 8 12 11 11 6 8 6 11 8 12 14 8 2 9 8 
2 2 0 0 0 1 0 0 0 0 0 0 0 0 1 0 0 1 0 1 0 0 1 0 0 0 0 2 0 0 0 0 
7 0 0 0 0 0 0 0 6 0 6 6 6 0 7 7 7 0 0 0 0 7 0 5 7 18 7 0 0 0 0 0 
7 2 0 2 4 0 0 0 1 0 0 1 1 1 0 2 3 0 1 0 3 0 1 3 3 0 5 0 8 2 0 4 
1 0 0 1 0 1 0 0 0 1 1 0 0 0 0 0 0 0 1 0 0 1 0 0 0 0 0 0 0 0 0 0 
18 24 25 32 0 26 33 8 9 21 0 9 23 10 35 0 35 30 14 32 27 9 16 25 33 8 9 17 15 16 25 32 
0 0 0 0 0 0 0 0 0 0 0 0 0 0 0 0 0 0 0 0 0 0 0 0 0 0 0 0 0 0 0 0 
7 5 7 5 4 8 4 0 6 5 5 2 4 4 4 1 4 2 10 2 5 2 2 6 5 3 4 4 8 2 9 0 
0 0 0 0 0 0 0 0 0 0 0 0 0 0 0 0 0 0 0 0 0 0 0 0 0 0 0 0 0 0 0 0 
35 17 22 33 11 22 5 15 25 20 17 7 17 20 21 15 13 8 25 21 14 17 21 19 22 15 13 20 15 27 25 15 
1 0 0 2 0 1 2 0 2 0 1 0 0 0 0 0 1 1 2 1 1 0 0 0 0 1 0 1 0 1 2 0 
2 0 1 1 1 0 1 0 2 1 1 1 0 0 1 0 1 1 0 1 0 0 0 0 1 1 1 0 1 2 1 0 
0 0 0 0 0 0 0 0 0 0 0 0 0 0 0 0 0 0 0 0 0 0 0 0 0 0 0 0 0 0 0 0 
19 15 4 17 18 13 6 8 12 10 7 8 6 2 5 8 5 8 12 6 4 2 3 8 5 7 9 3 4 6 7 7 
14 27 9 4 9 4 6 17 11 6 4 12 8 15 12 12 3 2 14 10 9 10 4 14 6 9 8 8 7 7 3 12 
1 0 0 1 1 0 0 1 0 0 1 1 0 0 0 1 1 0 0 0 1 1 1 1 4 0 0 0 2 0 2 0 
31 56 26 30 41 19 11 22 22 21 25 32 31 35 27 22 34 30 35 31 22 33 20 18 37 17 21 30 30 29 12 41 
6 1 5 2 0 4 1 6 3 3 5 1 4 2 1 3 2 4 3 4 2 1 1 3 3 2 4 5 5 0 3 0 
4 2 1 1 1 2 1 0 0 0 1 0 3 1 3 3 0 0 2 1 1 1 4 1 0 3 2 1 0 1 1 1 
1 0 0 1 0 0 0 0 0 0 0 0 0 0 0 0 0 0 0 0 0 0 0 0 0 0 0 0 0 0 0 0 
1 1 1 3 1 1 0 0 1 0 0 1 1 0 0 1 0 1 0 0 0 0 0 0 1 1 0 0 0 3 0 0 
0 0 0 0 0 0 0 0 0 0 0 0 0 0 0 0 0 0 0 0 0 0 0 0 0 0 0 0 0 0 0 0 
0 0 0 0 0 0 0 0 0 0 0 0 0 0 0 0 0 0 0 0 0 0 0 0 0 0 0 0 0 0 0 0 
0 0 0 0 0 0 0 0 0 0 0 0 0 0 0 0 0 0 0 0 0 0 0 0 0 0 0 0 0 0 0 0 
13 10 11 3 6 10 11 12 9 7 9 6 6 9 11 11 3 7 14 7 0 6 13 6 4 8 3 7 12 8 8 8 
6 3 8 3 4 5 1 2 4 5 3 8 9 8 4 1 8 5 4 2 5 4 2 4 4 1 8 3 4 3 3 1 
6 0 0 0 0 0 0 1 0 0 0 0 0 1 0 0 0 0 0 0 0 0 0 0 0 0 0 0 0 0 0 0 
1 0 0 0 0 0 0 0 0 0 0 0 0 0 0 0 0 0 0 0 0 0 0 0 0 0 0 0 0 0 0 0 
46 32 38 23 36 22 30 11 20 46 2 28 20 11 50 21 1 49 36 55 50 54 96 21 89 25 50 22 51 10 37 34 
4 0 0 0 3 0 2 3 0 0 0 0 0 0 0 0 0 0 0 0 0 2 0 0 2 0 0 0 0 0 0 0 
7 1 0 4 2 4 8 0 0 3 1 0 8 1 3 0 2 2 6 1 3 1 7 2 1 2 6 1 0 5 2 1 
0 0 0 0 0 0 0 0 0 0 0 0 0 0 0 0 0 0 0 0 0 0 0 0 0 0 0 0 0 0 0 0 
6 5 5 6 0 0 4 1 2 3 1 1 4 2 0 2 0 1 4 0 0 1 3 3 3 2 0 2 4 3 3 3 
10 7 1 1 1 0 0 0 1 8 0 1 1 0 0 7 0 1 0 2 8 1 0 8 0 0 1 7 7 5 0 8 
2 2 3 1 2 1 2 1 1 2 2 5 0 0 3 1 0 0 1 1 2 2 2 0 1 0 1 3 0 1 0 0 
32 27 20 30 28 7 18 24 16 22 28 19 33 23 19 29 19 24 27 18 26 22 19 19 26 16 26 25 27 24 35 23 
9 8 15 24 7 29 4 45 18 15 19 15 7 7 21 6 8 14 0 15 8 4 0 28 7 3 14 35 0 8 0 1 
16 19 0 6 6 6 0 6 13 12 13 20 6 6 0 0 12 18 12 18 1 8 7 16 6 1 25 0 18 16 25 1 
35 34 9 17 0 17 9 42 8 17 18 22 9 26 26 16 0 9 17 18 1 0 17 9 9 9 0 18 9 0 21 1 
2 0 0 0 0 0 1 0 0 0 0 0 0 0 1 0 0 1 0 0 0 0 0 0 0 0 0 0 1 0 0 1 
8 6 11 9 6 3 5 9 6 4 4 7 12 10 0 7 9 5 5 6 8 6 8 12 5 7 4 9 3 6 6 5 
7 3 6 7 3 3 0 0 0 7 1 4 0 3 3 0 0 7 1 3 0 0 1 5 0 0 4 0 1 1 0 3 
4 2 2 4 3 0 0 2 2 2 3 1 1 2 1 3 4 1 2 0 3 3 2 3 1 1 1 1 3 1 5 2 
8 7 4 4 5 3 6 2 10 6 4 3 5 6 4 3 7 3 3 4 6 3 5 8 3 6 2 2 2 4 3 1 
69 5 19 6 29 10 9 27 29 33 21 24 26 37 18 33 23 60 30 37 71 32 36 49 9 28 28 22 18 27 28 30 
32 34 7 16 52 26 12 9 3 36 33 14 19 12 15 49 39 13 15 13 27 9 37 17 40 43 19 22 37 15 7 43 
1 0 0 0 0 0 0 0 0 0 0 0 0 0 0 0 0 0 0 0 0 0 0 0 0 0 0 0 0 0 0 0 
3 0 0 0 0 0 0 0 0 0 0 0 0 0 0 0 0 0 0 0 0 0 0 0 0 0 0 0 0 0 0 0 
6 0 0 0 0 1 0 5 0 0 0 0 1 0 0 0 0 0 0 0 1 0 1 0 0 0 0 1 0 0 0 0 
82 52 29 28 60 56 40 52 36 26 26 56 75 76 24 48 52 40 60 36 48 44 52 44 40 48 72 40 44 36 48 64 
17 16 9 10 7 19 14 11 10 23 21 12 11 5 0 19 17 28 31 8 29 15 11 23 22 17 16 30 6 5 10 15 
47 16 29 8 20 9 22 29 17 46 34 36 22 30 18 21 31 22 45 22 24 37 19 8 21 22 23 28 15 32 13 20 
32 52 63 61 86 32 76 45 33 83 37 41 41 44 51 87 42 87 38 35 51 65 25 64 49 42 47 31 48 50 49 32 
5 0 1 1 0 0 2 0 0 0 2 0 2 1 0 1 0 0 1 1 3 0 0 0 0 0 2 1 2 1 3 0 
0 0 0 0 0 0 0 0 0 0 0 0 0 0 0 0 0 0 0 0 0 0 0 0 0 0 0 0 0 0 0 0 
2 0 0 0 0 1 0 1 0 0 0 0 1 0 0 1 0 0 1 0 0 1 0 0 1 0 0 0 0 0 1 2 
1 0 1 0 0 0 0 0 0 0 0 0 0 1 0 0 0 0 0 0 0 0 0 0 0 0 0 0 0 0 0 0 
10 0 5 0 5 0 0 10 0 0 0 0 6 0 6 0 6 0 0 0 0 0 0 0 5 0 12 0 5 0 0 0 
9 4 2 2 3 9 3 2 1 3 4 3 7 5 8 6 1 3 3 8 4 5 1 6 1 10 4 9 2 6 12 2 
10 4 2 11 14 6 2 2 7 4 0 4 2 2 4 9 6 6 2 7 4 2 2 0 4 2 6 3 0 0 11 9 
0 0 0 0 0 0 0 0 0 0 0 0 0 0 0 0 0 0 0 0 0 0 0 0 0 0 0 0 0 0 0 0 
0 0 0 0 0 0 0 0 0 0 0 0 0 0 0 0 0 0 0 0 0 0 0 0 0 0 0 0 0 0 0 0 
5 2 5 1 0 2 2 1 3 5 0 1 1 1 4 3 3 4 3 4 1 2 4 7 4 1 4 3 1 4 4 5 
18 5 4 6 2 6 0 2 4 5 3 6 3 4 1 7 4 0 1 3 1 2 5 2 5 13 0 1 5 5 13 2 
13 4 0 0 0 3 9 0 0 10 4 0 4 6 0 0 0 0 0 0 5 0 0 0 0 0 0 0 3 0 7 3 
3 0 0 0 0 0 0 0 0 0 0 0 0 0 0 0 0 0 0 2 0 0 0 0 3 0 0 0 2 2 0 0 
5 5 3 0 3 0 7 3 4 5 2 3 1 4 2 2 0 4 2 3 5 1 2 0 0 3 1 1 0 1 1 2 
1 0 0 0 0 0 0 0 0 0 0 0 0 0 0 0 0 0 0 0 0 0 0 0 0 0 0 1 0 0 0 0 
7 0 2 3 2 2 2 1 2 3 4 6 0 2 1 3 0 4 3 2 0 3 3 1 0 0 1 1 2 2 2 3 
1 0 0 1 0 1 0 0 0 0 0 0 0 0 0 0 0 0 0 0 0 0 0 0 0 1 0 0 0 0 0 0 
1 0 0 0 1 0 0 0 0 0 0 0 0 0 0 0 0 0 0 0 0 0 0 0 0 0 0 0 0 0 0 0 
0 0 0 0 0 0 0 0 0 0 0 0 0 0 0 0 0 0 0 0 0 0 0 0 0 0 0 0 0 0 0 0 
0 0 0 0 0 0 0 0 0 0 0 0 0 0 0 0 0 0 0 0 0 0 0 0 0 0 0 0 0 0 0 0 
4 1 3 3 0 0 0 1 1 5 0 0 1 0 0 2 0 0 0 3 0 0 2 0 0 1 1 1 0 1 2 0 
17 5 10 4 5 4 3 3 3 4 2 4 10 4 9 2 4 3 0 0 4 7 14 3 2 2 3 16 3 3 6 2 
11 12 15 8 10 12 12 10 8 7 9 8 8 13 14 6 9 8 5 11 4 13 4 15 6 12 7 8 22 2 12 5 
3 1 0 1 0 2 0 3 1 0 0 0 0 0 0 0 2 0 2 0 0 0 1 0 0 0 1 0 0 0 2 0 
1 0 1 0 2 0 0 0 0 1 0 3 0 0 1 1 0 1 2 0 0 2 3 0 4 0 0 1 0 2 0 0 
7 3 3 0 2 4 4 3 2 3 8 3 2 7 2 4 3 3 1 3 3 4 4 3 2 2 2 1 2 2 4 3 
2 4 1 2 1 0 1 2 0 4 0 0 3 1 0 0 0 2 2 1 2 0 2 4 2 1 2 0 1 0 2 1 
0 0 0 0 0 0 0 0 0 0 0 0 0 0 0 0 0 0 0 0 0 0 0 0 0 0 0 0 0 0 0 0 
12 0 0 12 0 1 12 0 0 0 0 0 0 0 1 13 0 1 20 1 0 0 0 0 20 11 10 0 11 0 0 0 
24 8 16 15 20 13 7 14 25 15 8 14 16 9 27 9 14 14 21 16 7 15 20 21 25 9 3 3 13 11 10 7 
4 0 0 0 0 2 1 0 2 2 0 0 2 2 2 0 0 2 0 0 0 0 4 0 0 0 0 0 2 0 0 2 
9 12 2 2 7 1 3 7 10 5 3 4 6 6 6 9 6 4 4 8 4 2 8 4 7 4 7 10 8 4 13 6 
3 0 0 0 0 0 0 1 0 0 0 0 0 0 0 0 0 0 0 0 0 0 0 0 1 0 0 0 0 0 0 0 
0 0 0 0 0 0 0 0 0 0 0 0 0 0 0 0 0 0 0 0 0 0 0 0 0 0 0 0 0 0 0 0 
2 0 0 2 0 2 2 0 2 0 0 0 0 0 2 2 4 0 0 0 0 0 0 0 6 0 2 0 0 0 0 0 
19 18 0 13 12 13 24 13 19 13 0 18 0 49 18 18 14 26 48 13 12 0 14 22 12 0 0 13 24 31 26 0 
0 0 0 0 0 0 0 0 0 0 0 0 0 0 0 0 0 0 0 0 0 0 0 0 0 0 0 0 0 0 0 0 
0 0 0 0 0 0 0 0 0 0 0 0 0 0 0 0 0 0 0 0 0 0 0 0 0 0 0 0 0 0 0 0 
16 0 0 0 0 0 0 0 0 0 0 1 0 0 0 0 0 1 1 1 0 0 0 0 1 1 0 0 0 0 1 0 
15 8 4 14 19 8 11 14 9 10 15 2 10 8 13 5 12 7 10 9 17 5 10 15 13 7 5 9 11 6 8 10 
0 0 0 0 0 0 0 0 0 0 0 0 0 0 0 0 0 0 0 0 0 0 0 0 0 0 0 0 0 0 0 0 
0 0 0 0 0 0 0 0 0 0 0 0 0 0 0 0 0 0 0 0 0 0 0 0 0 0 0 0 0 0 0 0 
40 64 20 23 21 37 13 20 6 13 14 30 10 45 35 31 24 23 22 22 13 21 14 24 32 14 30 10 26 36 41 30 
0 0 0 0 0 0 0 0 0 0 0 0 0 0 0 0 0 0 0 0 0 0 0 0 0 0 0 0 0 0 0 0 
0 0 0 0 0 0 0 0 0 0 0 0 0 0 0 0 0 0 0 0 0 0 0 0 0 0 0 0 0 0 0 0 
0 0 0 0 0 0 0 0 0 0 0 0 0 0 0 0 0 0 0 0 0 0 0 0 0 0 0 0 0 0 0 0 
9 0 4 1 5 12 18 6 8 7 11 5 7 2 3 3 4 10 4 25 7 4 6 3 5 1 15 7 4 12 4 4 
27 22 15 16 10 19 19 26 23 25 11 16 20 2 12 25 22 10 20 21 21 10 12 10 20 14 16 20 21 21 17 18 
25 30 21 16 4 5 6 15 23 6 4 9 18 16 11 4 11 28 13 7 17 20 11 5 6 12 24 5 32 0 8 6 
2 2 0 0 0 0 0 2 0 0 0 0 1 0 0 0 0 2 1 0 0 1 0 2 0 1 1 0 0 3 0 0 
5 0 0 0 0 0 4 0 0 0 4 0 0 0 0 0 0 0 0 0 0 0 0 4 0 0 4 0 0 0 4 4 
2 1 2 1 2 0 0 4 0 2 2 0 3 2 2 0 1 1 0 0 1 2 1 3 3 1 1 0 2 2 0 3 
11 5 2 2 0 2 3 0 3 1 2 1 0 1 2 1 1 2 1 2 2 4 1 2 1 1 3 1 3 0 1 0 
0 0 0 0 0 0 0 0 0 0 0 0 0 0 0 0 0 0 0 0 0 0 0 0 0 0 0 0 0 0 0 0 
1 0 0 0 0 0 0 0 0 0 0 0 0 0 0 0 0 0 0 0 0 0 0 0 0 0 0 0 0 0 0 0 
13 4 15 4 10 0 7 8 8 12 13 12 8 11 5 10 11 9 15 10 11 13 8 4 7 7 6 14 10 9 6 7 
24 28 36 36 12 55 19 18 53 30 25 36 20 38 19 22 40 48 18 15 12 35 37 39 24 36 13 26 25 24 33 14 
10 2 2 1 2 1 8 1 1 1 0 3 2 0 2 7 7 1 0 2 7 3 0 1 1 2 6 1 1 2 7 8 
1 0 0 0 0 0 0 0 0 0 0 0 1 0 0 0 1 0 0 0 0 0 0 0 0 0 0 0 0 0 0 0 
4 3 3 0 2 4 3 0 0 4 0 0 3 2 0 0 0 1 1 2 2 1 1 0 0 0 0 2 0 4 2 3 
18 8 20 14 20 19 11 11 8 14 22 15 25 11 13 8 9 15 15 13 19 9 9 16 17 14 10 15 5 16 9 11 
13 26 24 0 26 44 0 12 0 0 0 26 39 12 0 13 39 12 0 0 36 26 33 13 0 12 26 13 48 0 60 24 
4 3 3 3 5 1 0 5 3 2 2 0 11 2 2 2 0 2 2 4 4 0 6 0 1 0 2 2 6 3 5 1 
2 0 0 0 0 0 0 1 2 2 1 0 1 0 2 0 0 0 0 1 0 3 1 1 0 0 0 1 1 0 0 0 
6 4 5 2 4 7 1 2 5 6 6 2 3 2 4 4 3 7 0 2 4 3 4 3 7 2 5 2 0 1 3 0 
8 2 15 6 5 5 3 4 6 0 11 2 6 6 4 2 5 5 2 2 2 11 4 6 0 1 4 3 0 5 10 6 
2 0 1 0 0 0 0 0 0 0 0 0 0 0 0 0 0 0 0 0 0 1 1 0 1 0 0 0 1 0 0 0 
10 10 19 21 18 11 17 17 5 18 10 32 9 21 10 8 12 18 23 24 1 21 32 9 9 19 1 19 21 32 1 2 
13 8 8 5 3 2 1 6 4 2 3 4 2 0 0 4 3 2 4 2 2 5 7 10 2 12 14 1 9 2 8 8 
0 0 0 0 0 0 0 0 0 0 0 0 0 0 0 0 0 0 0 0 0 0 0 0 0 0 0 0 0 0 0 0 
2 1 0 3 0 0 0 1 0 1 0 0 0 2 0 2 0 0 3 0 0 0 2 0 0 0 2 5 4 0 0 0 
1 0 0 1 0 0 0 1 0 0 0 0 1 0 0 0 0 0 0 0 0 0 0 0 0 0 0 0 0 0 1 0 
14 2 10 10 18 2 8 17 4 0 6 12 10 10 8 0 4 8 4 12 8 6 6 6 22 4 12 14 12 12 8 0 
0 0 0 0 0 0 0 0 0 0 0 0 0 0 0 0 0 0 0 0 0 0 0 0 0 0 0 0 0 0 0 0 
0 0 0 0 0 0 0 0 0 0 0 0 0 0 0 0 0 0 0 0 0 0 0 0 0 0 0 0 0 0 0 0 
20 11 13 13 15 12 15 8 16 13 9 11 7 9 12 17 9 17 9 18 9 7 10 14 10 12 11 11 8 0 14 11 
8 4 8 0 0 8 0 8 0 0 0 8 4 0 4 0 0 8 4 0 4 0 6 8 0 12 3 8 0 4 0 0 
0 0 0 0 0 0 0 0 0 0 0 0 0 0 0 0 0 0 0 0 0 0 0 0 0 0 0 0 0 0 0 0 
0 0 0 0 0 0 0 0 0 0 0 0 0 0 0 0 0 0 0 0 0 0 0 0 0 0 0 0 0 0 0 0 
8 2 8 5 2 3 1 2 4 4 1 4 14 11 2 1 2 8 0 14 1 2 7 2 14 3 16 9 9 1 0 0 
11 10 7 8 5 9 5 10 0 17 16 11 14 15 11 11 10 13 11 11 9 12 13 6 14 11 8 11 6 14 11 10 
33 18 24 14 21 18 17 13 10 26 32 13 17 21 10 12 25 24 16 7 16 21 13 13 19 17 17 12 17 10 28 14 
27 20 34 25 19 26 9 16 27 19 26 42 25 37 18 22 38 18 15 15 28 23 37 37 15 43 34 15 26 27 23 37 
12 5 9 13 2 3 1 16 0 11 4 5 6 7 2 4 7 4 4 4 13 2 4 2 3 2 5 5 19 4 8 12 
10 8 0 11 9 1 0 0 9 2 0 0 0 0 1 2 10 14 1 0 8 9 1 1 17 0 1 0 17 0 10 1 
2 0 0 0 1 1 0 0 1 0 1 3 0 1 0 2 1 0 1 1 0 0 0 2 0 0 0 1 1 1 0 1 
0 0 0 0 0 0 0 0 0 0 0 0 0 0 0 0 0 0 0 0 0 0 0 0 0 0 0 0 0 0 0 0 
6 5 12 0 6 0 0 6 6 6 18 12 12 0 1 10 0 5 8 6 0 1 6 12 0 6 0 6 0 0 5 6 
0 0 0 0 0 0 0 0 0 0 0 0 0 0 0 0 0 0 0 0 0 0 0 0 0 0 0 0 0 0 0 0 
10 10 9 9 15 3 17 15 10 10 4 11 7 14 14 9 4 9 12 9 12 14 4 11 4 17 9 20 3 6 11 12 
3 0 0 0 0 0 0 0 0 0 0 0 0 0 0 0 0 0 0 0 0 0 0 0 0 0 0 0 0 0 0 0 
27 16 11 4 12 11 5 11 9 7 7 10 14 15 15 10 9 13 16 11 10 7 6 6 6 13 4 9 1 13 12 13 
21 9 32 8 28 8 9 7 6 7 9 12 0 10 8 10 5 15 9 8 14 10 28 17 9 15 20 15 8 10 11 6 
29 19 24 17 14 12 16 21 26 41 9 29 32 41 20 22 30 24 27 25 28 7 40 33 9 33 34 21 34 50 31 11 
11 3 8 5 14 4 11 16 8 6 8 7 18 10 0 5 6 9 12 8 4 7 4 5 6 9 3 4 12 5 10 11 
11 0 7 0 7 14 7 0 0 0 0 0 4 2 8 3 0 14 14 4 0 7 7 0 6 0 6 0 0 4 6 0 
0 0 0 0 0 0 0 0 0 0 0 0 0 0 0 0 0 0 0 0 0 0 0 0 0 0 0 0 0 0 0 0 
0 0 0 0 0 0 0 0 0 0 0 0 0 0 0 0 0 0 0 0 0 0 0 0 0 0 0 0 0 0 0 0 
0 0 0 0 0 0 0 0 0 0 0 0 0 0 0 0 0 0 0 0 0 0 0 0 0 0 0 0 0 0 0 0 
27 38 7 26 27 24 21 24 17 16 17 11 13 7 13 18 18 19 27 15 41 18 40 5 34 5 29 12 21 21 8 10 
7 0 0 7 6 0 1 0 6 0 6 6 7 0 0 0 0 1 6 6 21 0 7 2 0 0 0 14 7 0 0 0 
14 4 7 0 0 9 0 8 6 7 9 0 3 3 9 6 2 12 4 1 6 11 9 9 6 30 7 0 3 3 15 0 
0 0 0 0 0 0 0 0 0 0 0 0 0 0 0 0 0 0 0 0 0 0 0 0 0 0 0 0 0 0 0 0 
1 0 0 0 0 0 0 0 0 0 0 0 0 0 0 0 0 0 0 0 0 0 0 0 0 0 0 1 0 0 0 0 
24 12 6 4 7 8 3 5 7 6 10 9 14 3 9 7 9 7 7 8 12 5 5 5 7 7 8 1 4 6 10 15 
1 0 0 0 1 1 1 0 0 1 0 0 0 0 1 0 1 0 1 0 1 2 3 1 1 0 1 0 0 1 0 0 
0 0 0 0 0 0 0 0 0 0 0 0 0 0 0 0 0 0 0 0 0 0 0 0 0 0 0 0 0 0 0 0 
0 0 0 0 0 0 0 0 0 0 0 0 0 0 0 0 0 0 0 0 0 0 0 0 0 0 0 0 0 0 0 0 
0 0 0 0 0 0 0 0 0 0 0 0 0 0 0 0 0 0 0 0 0 0 0 0 0 0 0 0 0 0 0 0 
0 0 0 0 0 0 0 0 0 0 0 0 0 0 0 0 0 0 0 0 0 0 0 0 0 0 0 0 0 0 0 0 
2 0 0 0 0 0 0 0 0 0 0 0 0 0 0 0 1 0 0 0 0 0 0 0 0 0 1 0 0 0 0 0 
4 1 0 3 1 2 0 0 0 3 2 3 0 0 1 1 0 0 1 2 0 2 2 0 0 2 2 3 8 0 2 1 
12 0 6 0 6 0 7 0 0 7 0 0 6 12 0 0 0 0 0 8 0 0 6 0 7 0 0 7 7 6 0 0 
9 7 5 11 13 9 9 9 17 13 11 14 5 13 12 3 8 17 0 6 8 9 13 8 9 14 8 11 5 10 10 9 
2 0 0 0 0 0 0 0 0 0 0 0 0 0 0 0 0 0 0 0 0 0 0 0 0 0 0 0 0 0 0 0 
4 0 5 0 1 2 3 5 0 3 3 2 3 0 1 0 4 2 0 0 3 0 1 4 2 3 2 5 5 3 3 2 
19 1 0 2 1 1 1 0 0 1 0 0 2 1 0 0 0 3 1 7 8 1 1 1 1 10 0 0 3 1 1 0 
0 0 0 0 0 0 0 0 0 0 0 0 0 0 0 0 0 0 0 0 0 0 0 0 0 0 0 0 0 0 0 0 
10 1 1 4 0 9 2 8 0 0 1 1 2 11 2 1 4 1 0 9 1 1 0 8 4 5 9 2 7 1 3 2 
11 2 5 5 4 6 3 2 3 8 2 8 3 4 3 3 9 4 4 2 2 1 2 5 5 3 5 2 8 6 2 8 
55 0 0 55 36 24 54 34 24 66 37 33 12 24 12 37 72 24 25 44 12 25 24 48 33 72 45 55 40 36 12 22 
0 0 0 0 0 0 0 0 0 0 0 0 0 0 0 0 0 0 0 0 0 0 0 0 0 0 0 0 0 0 0 0 
2 0 0 0 1 0 0 0 0 0 0 0 0 0 0 0 0 0 1 0 0 0 0 0 0 0 0 1 0 0 0 0 
22 0 0 11 11 0 0 0 11 0 11 0 0 0 0 11 11 0 0 0 0 0 0 0 0 12 11 0 0 10 11 0 
26 26 21 40 29 25 10 17 19 7 11 13 33 26 17 34 28 17 24 27 17 27 43 13 39 10 21 21 27 24 22 34 
0 0 0 0 0 0 0 0 0 0 0 0 0 0 0 0 0 0 0 0 0 0 0 0 0 0 0 0 0 0 0 0 
6 0 0 0 12 6 1 0 6 0 0 11 6 0 1 0 5 6 5 1 6 0 0 5 6 1 0 0 5 0 0 0 
20 0 0 0 0 0 0 0 0 0 0 0 0 0 0 0 0 0 0 0 0 0 1 0 0 0 0 0 0 0 0 0 
5 3 8 8 5 2 4 2 7 5 7 1 6 11 8 2 7 7 7 3 3 7 9 1 5 5 3 5 4 6 6 3 
5 0 0 4 0 0 10 0 0 5 0 0 8 5 0 0 0 0 0 1 0 0 0 0 4 0 4 0 0 4 0 0 
24 8 14 5 10 12 11 10 6 12 8 5 10 10 4 9 9 9 3 10 14 3 6 5 10 15 8 14 8 7 7 8 
6 8 10 4 5 6 0 3 0 2 8 4 4 4 1 5 4 0 9 12 1 0 2 13 0 8 8 5 1 4 1 4 
6 0 0 0 0 0 0 0 5 0 0 0 0 0 0 8 0 0 4 0 0 6 0 0 4 4 4 0 0 0 0 0 
0 0 0 0 0 0 0 0 0 0 0 0 0 0 0 0 0 0 0 0 0 0 0 0 0 0 0 0 0 0 0 0 
0 0 0 0 0 0 0 0 0 0 0 0 0 0 0 0 0 0 0 0 0 0 0 0 0 0 0 0 0 0 0 0 
18 17 13 10 12 8 14 14 13 9 14 20 11 11 6 13 10 15 15 10 9 9 9 9 17 20 15 9 16 10 15 4 
10 2 5 2 0 3 2 11 0 2 3 3 0 4 4 1 8 0 6 8 3 3 6 2 1 1 3 2 2 3 2 3 
32 4 14 1 2 2 8 11 3 3 6 2 1 3 14 8 2 6 3 5 12 8 3 3 9 1 1 15 3 1 4 11 
10 13 2 12 15 12 15 0 13 1 13 6 1 9 9 6 18 0 3 14 13 5 4 2 3 25 10 5 7 14 7 21 
0 0 0 0 0 0 0 0 0 0 0 0 0 0 0 0 0 0 0 0 0 0 0 0 0 0 0 0 0 0 0 0 
33 21 28 26 23 24 23 24 20 24 33 34 22 9 35 12 17 29 31 34 2 34 22 10 14 17 28 20 18 30 14 52 
36 21 13 11 13 12 26 2 2 7 12 28 11 20 22 23 18 6 15 11 10 11 4 6 17 11 9 12 13 2 24 13 
0 0 0 0 0 0 0 0 0 0 0 0 0 0 0 0 0 0 0 0 0 0 0 0 0 0 0 0 0 0 0 0 
3 0 0 0 1 0 0 0 1 0 0 1 0 0 0 0 0 1 0 0 0 0 0 1 2 0 0 2 0 1 0 1 
3 0 0 0 0 1 2 1 0 0 0 0 0 0 2 0 0 0 0 0 0 0 0 1 0 1 1 0 0 2 1 0 
29 4 7 4 17 12 6 15 12 11 20 15 3 14 9 7 9 7 2 6 5 21 21 16 21 30 7 23 7 11 10 21 
31 14 11 5 27 12 9 19 12 5 5 19 3 20 0 4 21 19 20 13 2 21 14 6 17 4 6 5 20 12 14 1 
3 0 1 0 1 0 0 1 0 0 0 0 0 0 1 0 2 2 1 0 1 0 0 0 1 0 0 0 1 0 0 0 
0 0 0 0 0 0 0 0 0 0 0 0 0 0 0 0 0 0 0 0 0 0 0 0 0 0 0 0 0 0 0 0 
11 0 1 0 6 2 1 1 0 0 0 0 0 0 0 7 0 17 0 8 0 0 6 0 0 10 1 0 1 7 7 1 
5 1 2 0 2 1 3 1 2 1 0 0 0 0 1 0 4 0 2 0 0 2 0 3 2 2 1 1 2 2 0 2 
2 1 0 1 0 1 0 0 0 0 2 2 0 0 1 0 2 1 0 0 0 2 0 1 0 0 1 1 0 0 1 0 
32 46 1 0 16 0 0 16 0 0 47 0 17 16 0 32 2 16 16 0 1 1 17 32 17 0 0 16 17 16 1 16 
0 0 0 0 0 0 0 0 0 0 0 0 0 0 0 0 0 0 0 0 0 0 0 0 0 0 0 0 0 0 0 0 
1 0 0 0 0 1 0 0 1 0 0 0 0 0 0 0 0 0 0 0 0 0 0 0 0 0 0 0 0 1 0 0 
44 28 12 29 33 46 75 64 36 48 36 41 43 56 36 36 9 32 28 47 38 38 36 49 58 45 13 46 18 28 72 2 
0 0 0 0 0 0 0 0 0 0 0 0 0 0 0 0 0 0 0 0 0 0 0 0 0 0 0 0 0 0 0 0 
8 5 9 9 3 0 8 7 15 14 1 3 3 1 4 8 5 4 7 5 8 2 5 1 5 5 6 7 2 1 6 5 
1 7 11 7 3 7 6 5 5 9 6 7 2 8 7 7 4 6 6 5 5 10 7 0 8 5 5 4 6 9 8 4 
8 6 5 5 6 6 6 5 4 8 3 5 3 4 8 6 0 9 8 11 6 9 4 2 3 5 6 6 3 4 5 3 
4 0 0 0 0 3 0 0 0 0 3 0 0 0 0 0 0 0 0 0 3 0 0 0 4 0 0 0 3 0 0 0 
0 0 0 0 0 0 0 0 0 0 0 0 0 0 0 0 0 0 0 0 0 0 0 0 0 0 0 0 0 0 0 0 
41 23 18 18 6 6 14 30 0 23 37 16 25 0 54 9 39 7 14 23 7 8 15 16 7 18 30 9 0 7 14 19 
2 3 0 2 1 1 0 0 1 2 2 0 3 2 0 1 1 0 0 0 1 0 1 1 0 2 3 2 1 0 1 1 
21 19 13 20 10 20 5 15 7 11 16 8 16 9 23 13 7 13 8 23 16 14 5 7 25 6 10 13 3 21 12 12 
0 0 0 0 0 0 0 0 0 0 0 0 0 0 0 0 0 0 0 0 0 0 0 0 0 0 0 0 0 0 0 0 
0 0 0 0 0 0 0 0 0 0 0 0 0 0 0 0 0 0 0 0 0 0 0 0 0 0 0 0 0 0 0 0 
0 0 0 0 0 0 0 0 0 0 0 0 0 0 0 0 0 0 0 0 0 0 0 0 0 0 0 0 0 0 0 0 
36 0 1 19 19 34 3 2 1 1 16 2 16 2 1 1 17 16 30 35 1 1 20 4 3 3 5 1 20 17 17 1 
0 0 0 0 0 0 0 0 0 0 0 0 0 0 0 0 0 0 0 0 0 0 0 0 0 0 0 0 0 0 0 0 
32 24 41 23 23 32 12 29 31 8 23 28 7 26 33 41 9 19 5 28 33 2 32 19 16 5 15 16 22 19 28 5 
2 1 4 1 2 0 1 0 1 0 4 5 1 0 2 1 2 0 3 2 6 2 4 3 0 1 1 3 0 4 0 1 
0 0 0 0 0 0 0 0 0 0 0 0 0 0 0 0 0 0 0 0 0 0 0 0 0 0 0 0 0 0 0 0 
3 2 0 0 0 0 0 1 3 0 0 1 2 0 1 1 1 2 2 1 0 0 4 0 0 0 1 1 1 1 0 0 
6 1 5 5 4 4 4 6 6 4 1 3 6 0 4 6 4 6 1 4 3 5 2 2 3 5 6 7 5 6 3 4 
0 0 0 0 0 0 0 0 0 0 0 0 0 0 0 0 0 0 0 0 0 0 0 0 0 0 0 0 0 0 0 0 
41 15 21 36 17 32 15 24 32 25 20 30 17 23 23 12 29 44 34 20 16 33 22 16 20 10 31 25 15 28 33 23 
1 0 0 0 0 0 0 0 0 0 1 1 0 0 0 1 0 1 0 0 0 0 0 0 0 0 0 0 0 0 0 1 
2 3 0 6 2 5 0 4 4 1 2 3 2 6 2 3 4 2 3 4 3 6 2 2 3 2 0 4 1 4 2 0 
0 0 0 0 0 0 0 0 0 0 0 0 0 0 0 0 0 0 0 0 0 0 0 0 0 0 0 0 0 0 0 0 
2 0 1 0 0 0 0 0 0 0 0 0 0 2 0 0 1 0 0 0 0 0 0 1 0 0 0 1 0 0 0 0 
1 0 0 1 1 1 0 0 0 0 0 0 0 0 0 0 0 0 0 0 0 0 0 0 0 0 0 0 0 0 0 0 
0 0 0 0 0 0 0 0 0 0 0 0 0 0 0 0 0 0 0 0 0 0 0 0 0 0 0 0 0 0 0 0 
0 0 0 0 0 0 0 0 0 0 0 0 0 0 0 0 0 0 0 0 0 0 0 0 0 0 0 0 0 0 0 0 
173 121 117 125 142 145 138 77 101 132 124 134 147 74 97 108 91 93 73 104 157 284 134 85 72 198 101 106 76 181 193 118 
4 0 0 1 0 2 0 1 0 0 0 0 0 0 0 0 0 0 0 0 0 0 0 0 2 2 1 0 0 0 0 0 
0 0 0 0 0 0 0 0 0 0 0 0 0 0 0 0 0 0 0 0 0 0 0 0 0 0 0 0 0 0 0 0 
1 0 0 1 0 0 0 0 0 0 0 0 0 0 0 0 1 1 0 0 0 1 1 0 1 1 0 0 0 0 0 0 
4 0 1 3 0 0 0 0 0 1 0 3 0 0 0 0 0 0 0 0 0 0 0 3 0 0 0 3 0 0 0 0 
0 0 0 0 0 0 0 0 0 0 0 0 0 0 0 0 0 0 0 0 0 0 0 0 0 0 0 0 0 0 0 0 
0 0 0 0 0 0 0 0 0 0 0 0 0 0 0 0 0 0 0 0 0 0 0 0 0 0 0 0 0 0 0 0 
14 2 10 10 18 2 8 17 4 0 6 12 10 10 8 0 4 8 4 12 8 6 6 6 22 4 12 14 12 12 8 0 
32 11 12 12 18 15 7 11 10 10 6 19 6 3 17 10 9 9 7 15 4 10 10 14 6 12 23 3 9 12 24 14 
4 4 4 0 6 6 2 0 0 2 4 2 0 0 6 4 0 3 3 2 4 2 6 4 2 2 7 2 2 0 0 1 
2 0 0 0 0 0 0 0 0 0 0 0 0 0 0 0 0 0 0 0 0 0 0 0 0 0 0 0 0 0 0 0 
3 0 0 0 0 0 0 0 0 0 0 0 0 0 0 0 0 3 3 3 4 2 0 0 0 0 0 2 0 0 0 0 
8 0 4 2 0 6 2 4 2 1 4 4 4 4 0 0 6 0 2 2 0 2 0 6 0 2 0 0 2 2 0 0 
19 16 9 10 7 19 14 11 10 23 21 12 11 5 0 19 18 28 31 9 29 15 13 23 22 17 16 30 6 5 10 15 
2 0 0 0 1 0 2 0 0 0 0 0 0 0 0 1 0 0 0 1 0 1 0 0 0 0 0 0 0 0 0 0 
12 5 6 4 7 14 6 6 6 9 3 1 5 13 0 7 3 7 4 3 6 6 6 10 6 9 7 5 8 8 8 11 
32 2 9 3 16 36 10 11 9 0 18 27 0 0 29 46 29 12 27 9 0 11 9 18 18 10 20 37 1 20 25 9 
9 1 3 0 0 4 0 0 0 1 1 1 0 1 8 0 0 0 1 0 0 0 8 0 0 0 4 4 4 1 1 0 
2 0 0 0 0 0 0 0 0 0 0 0 1 0 0 0 0 1 0 0 0 0 0 0 0 0 0 0 1 0 0 0 
0 0 0 0 0 0 0 0 0 0 0 0 0 0 0 0 0 0 0 0 0 0 0 0 0 0 0 0 0 0 0 0 
8 5 5 9 8 6 10 10 18 12 10 10 8 13 10 8 16 2 10 8 6 11 9 4 6 8 12 10 4 17 8 6 
16 0 0 1 15 0 0 0 0 0 0 0 0 0 0 0 0 0 0 0 0 0 0 0 0 0 0 0 0 0 0 0 
105 86 136 83 173 111 130 59 150 131 61 125 105 89 97 109 93 82 157 108 134 124 87 53 148 111 83 131 90 90 134 70 
27 7 3 3 16 1 9 12 5 5 8 5 9 6 8 11 8 11 13 10 8 7 11 8 9 6 4 17 10 7 11 9 
0 0 0 0 0 0 0 0 0 0 0 0 0 0 0 0 0 0 0 0 0 0 0 0 0 0 0 0 0 0 0 0 
2 0 0 0 0 5 0 1 1 0 0 1 1 0 0 4 2 0 0 1 0 1 0 1 0 1 0 0 0 1 2 0 
0 0 0 0 0 0 0 0 0 0 0 0 0 0 0 0 0 0 0 0 0 0 0 0 0 0 0 0 0 0 0 0 
9 0 0 0 7 0 9 0 0 8 0 8 0 3 0 0 8 0 0 0 0 0 0 8 3 0 8 3 8 0 8 0 
14 2 10 10 18 2 8 17 4 0 6 12 10 10 8 0 4 8 4 12 8 6 6 6 22 4 12 14 12 12 8 0 
77 61 75 64 43 56 68 65 55 33 57 71 34 60 79 64 65 56 62 53 60 47 80 62 63 35 52 45 60 63 57 29 
53 50 108 65 50 33 40 37 46 124 15 41 60 43 55 69 89 41 60 58 42 81 44 12 31 29 94 46 78 55 69 68 
4 1 1 0 0 1 0 0 0 2 0 0 0 0 0 0 0 0 1 0 0 0 0 0 0 0 0 0 1 1 1 0 
4 13 9 8 7 3 5 9 8 11 6 7 5 4 5 4 5 7 9 9 9 6 5 11 8 10 11 5 7 1 7 6 
7 0 0 0 6 0 0 0 2 4 3 4 0 1 0 1 4 0 0 2 0 0 2 0 0 0 1 0 8 0 0 8 
3 3 2 5 2 1 2 1 4 3 0 3 3 2 4 3 2 2 1 3 2 0 2 1 0 2 3 2 1 3 3 0 
3 0 0 0 0 0 0 1 0 0 0 0 0 0 0 0 0 0 0 0 0 0 0 0 0 0 0 0 0 0 0 0 
14 0 1 7 5 2 0 1 4 1 0 0 0 4 1 3 4 2 4 0 5 1 1 0 0 0 2 1 2 5 0 0 
0 0 0 0 0 0 0 0 0 0 0 0 0 0 0 0 0 0 0 0 0 0 0 0 0 0 0 0 0 0 0 0 
12 3 3 4 1 2 8 5 3 4 7 6 4 8 2 7 4 0 4 4 11 1 6 4 6 4 3 4 5 4 1 0 
33 23 21 38 27 12 26 46 16 14 20 9 18 31 10 22 20 15 13 15 16 7 21 24 13 22 10 29 4 24 19 9 
5 5 1 5 6 3 5 3 8 5 7 8 11 7 4 5 8 9 6 4 0 8 6 7 5 10 11 5 7 3 14 10 
4 0 0 0 1 1 0 0 0 0 0 1 0 0 2 0 0 0 0 1 0 0 0 0 1 5 0 1 0 0 0 0 
1 0 0 0 0 0 0 0 0 0 0 0 0 0 0 0 1 1 0 0 0 0 0 0 0 0 0 0 0 0 0 0 
19 6 9 6 10 12 11 9 9 11 14 7 5 12 2 13 12 7 4 13 8 2 13 8 8 2 11 3 5 8 9 6 
0 0 0 0 0 0 0 0 0 0 0 0 0 0 0 0 0 0 0 0 0 0 0 0 0 0 0 0 0 0 0 0 
6 0 0 0 6 0 4 5 1 1 0 0 0 0 1 5 1 9 1 0 6 0 0 0 0 0 0 0 0 5 0 0 
8 0 1 5 0 0 13 0 0 1 6 2 0 5 8 0 10 6 12 8 0 6 12 0 0 7 5 5 5 12 0 0 
39 4 12 1 13 14 13 6 33 28 36 3 25 0 28 3 27 40 3 15 2 14 32 1 2 43 0 15 1 37 12 2 
9 1 2 6 1 2 2 1 1 0 0 1 1 0 1 6 0 0 0 7 0 0 1 7 0 6 0 6 0 1 6 0 
3 0 2 2 0 4 0 2 0 2 0 2 2 0 0 2 2 2 4 0 2 0 2 2 4 0 0 2 0 0 0 0 
12 12 3 3 11 7 14 14 9 15 8 11 15 9 12 17 12 11 9 5 8 12 13 12 17 15 13 10 13 10 10 10 
13 15 0 0 13 7 11 0 2 1 2 7 15 0 6 1 2 5 2 2 0 2 7 1 1 0 1 1 7 0 0 8 
0 0 0 0 0 0 0 0 0 0 0 0 0 0 0 0 0 0 0 0 0 0 0 0 0 0 0 0 0 0 0 0 
3 0 0 0 0 0 0 0 1 0 0 0 2 0 0 0 0 0 0 0 0 0 0 1 0 0 0 0 0 0 0 0 
5 5 7 8 5 1 2 5 4 5 6 4 2 3 3 4 2 3 5 2 5 2 4 5 3 4 6 5 0 7 6 4 
12 0 1 0 6 7 0 10 0 0 3 5 0 2 5 7 3 0 4 0 2 0 2 0 5 7 0 0 6 8 8 13 
67 97 64 16 47 43 52 72 32 86 107 65 59 26 73 91 105 50 111 62 30 66 75 80 32 24 41 43 59 3 36 52 
14 2 0 4 0 1 0 0 1 1 0 0 0 0 0 2 0 1 1 0 0 0 0 0 1 0 1 0 1 0 0 0 
10 0 27 9 0 8 18 0 9 16 0 38 27 9 24 10 16 8 8 0 0 9 37 0 9 9 28 16 9 18 9 9 
6 0 8 0 0 0 0 0 0 4 0 4 3 5 0 3 10 0 0 0 4 0 0 0 10 4 4 5 0 0 0 0 
1 0 0 0 0 0 0 0 0 0 0 0 0 0 0 0 0 0 0 0 0 0 0 0 0 0 0 0 0 0 0 0 
0 0 0 0 0 0 0 0 0 0 0 0 0 0 0 0 0 0 0 0 0 0 0 0 0 0 0 0 0 0 0 0 
0 0 0 0 0 0 0 0 0 0 0 0 0 0 0 0 0 0 0 0 0 0 0 0 0 0 0 0 0 0 0 0 
1 0 0 0 0 0 0 0 0 0 0 0 0 0 0 0 0 0 0 0 0 0 0 0 0 0 0 0 0 0 1 0 
29 19 22 34 12 20 6 13 25 24 19 7 14 19 18 13 12 8 25 21 15 17 23 22 20 16 15 22 20 24 26 16 
8 8 7 0 0 14 8 6 0 0 14 7 17 14 8 5 0 0 7 0 12 7 0 5 5 7 7 0 0 0 0 14 
7 8 5 0 6 1 1 0 0 1 4 0 1 5 1 0 1 2 0 0 0 1 0 0 0 0 0 0 8 4 0 4 
2 0 0 1 0 0 0 0 0 0 0 0 0 0 0 0 0 0 0 0 0 0 0 0 0 0 0 0 0 0 0 0 
12 3 9 11 11 9 6 5 5 16 13 6 7 16 13 8 13 13 9 8 6 13 3 9 8 6 12 7 13 9 11 9 
3 1 0 0 0 0 0 1 0 0 0 0 1 0 1 0 0 1 0 0 0 0 0 0 0 0 1 0 0 0 0 0 
0 1 2 0 0 0 1 0 2 0 0 0 3 0 1 1 2 0 2 1 2 0 1 0 1 1 0 1 2 0 1 0 
0 0 0 0 0 0 0 0 0 0 0 0 0 0 0 0 0 0 0 0 0 0 0 0 0 0 0 0 0 0 0 0 
8 8 10 2 4 10 2 6 8 10 12 6 8 6 12 6 10 12 16 6 18 4 10 14 8 8 5 8 5 2 8 6 
3 0 0 0 0 0 0 0 0 0 0 0 0 0 0 0 2 0 0 0 4 0 0 0 1 0 0 0 0 0 0 0 
4 9 0 4 4 3 0 8 4 1 4 0 4 0 4 0 0 4 9 4 8 0 0 4 0 0 8 3 4 0 4 4 
39 1 0 0 0 11 0 11 1 0 11 22 13 12 1 0 11 0 17 13 1 13 12 13 11 3 30 12 0 12 13 12 
1 1 0 0 0 0 0 0 0 0 0 0 0 0 0 0 0 0 0 1 0 0 0 0 0 0 0 0 0 0 0 0 
2 1 1 0 0 0 2 0 0 0 1 0 0 1 0 0 0 0 0 1 1 1 1 0 0 1 0 2 0 1 0 0 
1 1 0 0 1 0 0 0 0 0 1 0 1 1 1 3 1 0 1 0 1 0 0 0 0 1 0 0 0 1 1 0 
24 32 24 22 16 10 15 7 33 30 28 22 23 16 27 15 20 29 13 15 15 21 7 27 9 22 16 23 16 23 35 32 
0 0 0 0 0 0 0 0 0 0 0 0 0 0 0 0 0 0 0 0 0 0 0 0 0 0 0 0 0 0 0 0 
2 1 0 0 0 1 0 2 0 0 0 1 2 0 2 0 1 1 2 5 0 2 2 2 2 0 3 0 1 0 2 1 
43 16 8 31 16 50 35 40 61 49 16 30 25 65 12 51 63 31 27 45 49 23 20 34 43 39 21 36 39 31 30 47 
1 0 0 0 0 0 0 1 0 0 0 1 0 0 0 0 1 0 0 0 0 0 0 0 0 0 0 0 0 0 0 0 
7 8 14 15 10 13 9 18 12 9 0 7 7 11 8 17 11 7 11 14 8 7 13 11 4 12 7 12 13 11 15 12 
2 0 0 1 0 0 0 0 1 0 0 0 0 0 0 0 0 1 0 1 0 1 1 1 0 1 2 2 0 0 0 0 
0 0 0 0 0 0 0 0 0 0 0 0 0 0 0 0 0 0 0 0 0 0 0 0 0 0 0 0 0 0 0 0 
67 96 28 56 39 70 37 80 54 53 92 76 96 90 51 58 50 72 80 34 88 48 50 72 33 81 72 56 47 30 99 42 
0 0 0 0 0 0 0 0 0 0 0 0 0 0 0 0 0 0 0 0 0 0 0 0 0 0 0 0 0 0 0 0 
0 0 0 0 0 0 0 0 0 0 0 0 0 0 0 0 0 0 0 0 0 0 0 0 0 0 0 0 0 0 0 0 
2 1 1 0 0 0 0 0 0 1 0 0 0 1 0 0 0 0 0 1 0 1 0 0 1 0 1 0 0 0 0 0 
0 0 0 0 0 0 0 0 0 0 0 0 0 0 0 0 0 0 0 0 0 0 0 0 0 0 0 0 0 0 0 0 
24 1 1 0 1 0 5 0 16 14 0 0 4 0 1 6 1 0 1 1 3 0 1 1 16 0 1 5 0 0 5 0 
0 0 0 0 0 0 0 0 0 0 0 0 0 0 0 0 0 0 0 0 0 0 0 0 0 0 0 0 0 0 0 0 
4 0 0 0 0 0 0 0 1 0 0 1 0 2 0 0 0 3 0 2 1 0 1 0 0 0 0 0 0 0 0 0 
2 0 2 0 0 0 0 3 0 0 0 2 2 2 0 0 0 0 0 0 0 0 0 0 0 2 1 0 0 0 1 0 
58 28 28 60 43 17 20 22 28 47 47 12 21 28 48 52 2 32 35 26 20 45 33 23 40 24 11 11 17 8 22 51 
32 11 27 16 29 33 24 20 29 24 11 23 6 7 17 13 26 42 24 23 15 35 10 13 11 9 24 37 12 36 9 7 
30 6 6 44 17 25 4 44 22 47 4 14 3 20 14 26 27 27 3 16 1 47 33 3 6 21 4 5 1 21 11 3 
22 13 6 6 26 7 8 18 20 10 1 4 8 17 25 7 7 9 11 1 8 7 5 3 28 0 9 19 5 5 25 16 
0 0 0 0 0 0 0 0 0 0 0 0 0 0 0 0 0 0 0 0 0 0 0 0 0 0 0 0 0 0 0 0 
3 1 0 2 3 1 0 1 5 1 0 1 0 3 0 2 0 1 3 5 1 0 4 1 3 2 0 2 3 3 4 0 
0 0 0 0 0 0 0 0 0 0 0 0 0 0 0 0 0 0 0 0 0 0 0 0 0 0 0 0 0 0 0 0 
0 0 0 0 0 0 0 0 0 0 0 0 0 0 0 0 0 0 0 0 0 0 0 0 0 0 0 0 0 0 0 0 
27 10 10 0 30 17 10 18 10 0 0 0 20 0 18 9 20 9 10 10 20 0 1 10 10 0 21 0 10 20 18 10 
27 15 26 0 9 20 21 18 2 23 32 2 19 9 18 20 8 24 8 0 1 15 18 3 16 3 1 26 62 1 11 14 
1 0 1 0 0 0 0 0 0 0 0 0 0 0 0 0 0 0 0 0 0 0 0 0 0 0 0 0 0 0 2 0 
0 0 0 0 0 0 0 0 0 0 0 0 0 0 0 0 0 0 0 0 0 0 0 0 0 0 0 0 0 0 0 0 
18 0 7 0 0 0 0 7 1 0 0 0 0 17 0 7 0 0 9 8 0 0 0 0 0 0 15 7 0 7 0 0 
0 0 0 0 0 0 0 0 0 0 0 0 0 0 0 0 0 0 0 0 0 0 0 0 0 0 0 0 0 0 0 0 
0 0 0 0 0 0 0 0 0 0 0 0 0 0 0 0 0 0 0 0 0 0 0 0 0 0 0 0 0 0 0 0 
0 0 0 0 0 0 0 0 0 0 0 0 0 0 0 0 0 0 0 0 0 0 0 0 0 0 0 0 0 0 0 0 
0 0 0 0 0 0 0 0 0 0 0 0 0 0 0 0 0 0 0 0 0 0 0 0 0 0 0 0 0 0 0 0 
2 4 4 2 6 2 2 4 7 3 5 9 2 4 4 6 1 5 3 3 2 0 3 2 1 2 8 5 2 7 7 2 
2 2 1 0 0 0 0 0 0 0 0 0 0 0 0 0 0 0 0 1 2 0 1 1 0 2 2 0 1 3 0 2 
0 0 0 0 0 0 0 0 0 0 0 0 0 0 0 0 0 0 0 0 0 0 0 0 0 0 0 0 0 0 0 0 
31 21 13 14 10 17 22 21 27 11 28 36 11 19 20 25 11 18 17 21 17 27 25 26 21 27 21 24 7 13 22 30 
7 11 0 1 6 4 2 7 5 3 5 3 5 1 1 3 2 9 0 4 7 8 7 3 5 5 6 4 4 2 5 6 
4 7 4 4 0 1 1 0 4 5 0 2 0 1 0 3 5 2 0 4 0 0 1 0 0 4 0 0 4 0 4 3 
2 0 0 0 0 1 0 0 0 0 0 0 1 0 0 0 0 0 0 1 0 0 0 0 0 0 0 0 0 0 0 0 
0 0 0 0 0 0 0 0 0 0 0 0 0 0 0 0 0 0 0 0 0 0 0 0 0 0 0 0 0 0 0 0 
10 7 5 10 8 12 1 0 5 1 11 8 7 9 7 7 7 4 7 7 12 8 3 3 12 3 4 12 6 11 8 6 
30 15 12 21 21 20 18 22 27 24 30 32 15 15 17 26 11 25 20 23 14 11 36 17 16 17 28 20 31 26 18 34 
22 10 10 7 6 4 4 5 10 4 4 7 4 7 4 9 8 3 5 3 7 8 3 6 8 8 7 7 8 5 5 7 
0 0 0 0 0 0 0 0 0 0 0 0 0 0 0 0 0 0 0 0 0 0 0 0 0 0 0 0 0 0 0 0 
3 2 2 1 2 0 0 4 0 1 1 6 0 3 6 2 2 1 3 2 1 4 5 4 2 0 3 1 2 2 3 0 
0 0 0 0 0 0 0 0 0 0 0 0 0 0 0 0 0 0 0 0 0 0 0 0 0 0 0 0 0 0 0 0 
21 14 13 12 11 20 18 9 16 20 7 11 11 19 17 10 18 14 14 10 14 17 18 13 8 12 15 10 18 12 11 10 
3 3 1 0 0 0 0 0 0 0 0 0 0 6 3 0 1 0 0 0 2 0 0 5 0 0 0 3 0 2 6 3 
1 0 0 0 0 0 0 0 1 0 0 0 0 0 0 0 0 0 0 0 0 0 0 0 0 0 0 0 1 0 0 0 
11 4 5 4 8 5 0 4 2 5 4 2 6 3 5 5 11 7 5 5 3 6 7 4 9 6 7 2 7 8 6 5 
1 0 0 0 0 0 0 0 0 0 0 0 0 1 0 0 0 0 0 0 1 0 0 1 0 1 0 0 0 1 0 0 
0 0 0 0 0 0 0 0 0 0 0 0 0 0 0 0 0 0 0 0 0 0 0 0 0 0 0 0 0 0 0 0 
6 3 0 3 5 1 1 4 3 7 3 3 0 5 6 6 1 1 1 2 3 7 0 4 0 6 3 4 5 5 5 4 
13 1 3 3 0 1 7 3 0 0 0 0 3 6 0 12 3 3 7 3 0 0 3 1 3 6 3 3 6 0 0 6 
22 25 27 25 36 11 23 26 17 17 22 46 31 43 27 27 17 21 37 21 17 23 8 23 24 27 30 25 28 32 21 40 
14 8 5 5 5 0 5 10 6 10 0 0 15 0 5 15 5 1 4 5 0 10 10 0 8 9 1 4 8 9 10 10 
33 11 4 8 6 4 8 5 1 3 5 5 9 5 3 8 12 6 11 5 14 7 5 3 9 11 8 2 12 7 5 3 
2 1 0 1 1 0 0 0 0 1 1 0 0 0 2 1 1 2 1 2 0 1 1 1 0 2 1 1 0 1 1 0 
2 0 0 0 1 0 0 0 1 1 0 1 0 0 0 0 0 1 1 0 0 0 0 0 1 0 1 2 0 1 1 1 
20 25 8 28 23 45 12 7 21 59 8 21 22 40 24 15 12 27 21 16 36 19 35 28 9 33 43 14 79 23 11 21 
1 0 0 0 0 0 1 0 0 0 0 0 0 0 0 1 0 0 0 0 0 0 0 0 0 0 0 0 0 0 0 0 
10 0 0 0 2 0 0 0 2 0 0 2 0 0 2 4 0 0 3 1 0 0 3 2 0 0 0 0 0 1 0 2 
62 23 20 31 5 13 23 57 47 13 23 22 13 12 3 14 17 44 13 40 12 11 3 2 13 11 11 33 34 30 3 39 
0 0 0 0 0 0 0 0 0 0 0 0 0 0 0 0 0 0 0 0 0 0 0 0 0 0 0 0 0 0 0 0 
12 3 0 1 1 5 0 0 0 0 0 3 1 0 1 1 0 3 0 1 0 0 0 2 2 3 0 2 1 4 7 0 
10 3 1 4 6 9 2 7 4 10 5 7 5 7 9 4 8 5 7 11 4 11 11 2 6 0 1 8 7 4 5 4 
0 0 0 0 0 0 0 0 0 0 0 0 0 0 0 0 0 0 0 0 0 0 0 0 0 0 0 0 0 0 0 0 
1 0 0 0 0 0 0 0 0 1 0 0 0 0 0 0 0 0 0 0 0 0 0 0 0 0 0 0 0 1 0 0 
14 14 6 10 13 9 8 11 4 6 5 4 5 6 5 7 5 1 8 5 8 7 13 4 8 4 5 7 4 9 4 4 
7 3 6 2 3 5 1 6 3 3 2 3 6 0 0 10 6 5 2 4 4 3 5 3 1 2 4 3 3 6 2 5 
22 6 15 5 8 22 17 6 13 3 14 11 4 11 10 10 7 2 6 15 8 11 19 16 11 5 4 4 12 4 8 5 
36 22 25 16 33 17 21 41 26 21 23 15 25 10 13 4 21 9 22 16 32 15 16 23 36 18 37 36 12 18 13 30 
4 8 8 16 0 8 4 8 4 8 4 6 3 7 8 8 4 3 12 16 0 24 4 12 0 8 0 12 16 8 9 7 
3 0 0 0 0 0 0 0 0 0 0 0 0 0 0 1 1 2 2 1 1 2 0 1 0 0 0 0 0 0 0 1 
1 0 0 1 1 0 0 2 0 2 0 0 1 0 2 0 0 1 2 0 0 0 1 0 3 1 0 0 0 0 3 1 
0 0 0 0 0 0 0 0 0 0 0 0 0 0 0 0 0 0 0 0 0 0 0 0 0 0 0 0 0 0 0 0 
30 0 0 15 0 0 15 0 15 0 15 0 0 0 0 0 0 0 0 0 48 0 0 0 0 0 28 15 0 28 0 0 
20 10 13 17 15 12 13 5 3 14 11 18 14 10 15 17 9 16 12 13 12 16 7 7 6 2 14 18 17 10 12 15 
6 0 0 3 0 0 0 0 1 3 1 0 0 0 0 0 3 0 0 3 0 0 0 2 3 2 3 3 0 0 1 0 
2 0 0 1 0 0 0 1 0 2 0 1 0 1 0 1 0 2 0 0 0 0 0 1 0 0 0 2 0 0 1 0 
10 2 0 0 4 3 4 4 0 1 2 3 3 3 2 2 2 3 3 5 4 2 0 6 6 8 0 4 1 3 8 2 
1 2 2 3 1 1 2 0 3 0 2 2 1 0 2 3 1 1 1 0 0 3 0 1 3 0 4 2 1 0 1 1 
0 0 0 0 0 0 0 0 0 0 0 0 0 0 0 0 0 0 0 0 0 0 0 0 0 0 0 0 0 0 0 0 
1 1 0 0 0 2 1 0 2 0 0 2 0 1 0 2 2 0 0 0 0 0 1 2 1 1 1 2 0 0 0 2 
0 0 0 0 0 0 0 0 0 0 0 0 0 0 0 0 0 0 0 0 0 0 0 0 0 0 0 0 0 0 0 0 
1 0 0 0 0 2 0 0 0 0 0 1 0 0 1 0 0 0 0 0 0 1 0 0 1 0 0 1 0 0 0 0 
2 2 1 0 0 1 1 0 1 4 0 1 3 0 0 1 0 0 1 2 1 0 2 0 0 2 0 0 2 0 0 0 
0 0 0 0 0 0 0 0 0 0 0 0 0 0 0 0 0 0 0 0 0 0 0 0 0 0 0 0 0 0 0 0 
0 0 0 0 0 0 0 0 0 0 0 0 0 0 0 0 0 0 0 0 0 0 0 0 0 0 0 0 0 0 0 0 
0 0 0 0 0 0 0 0 0 0 0 0 0 0 0 0 0 0 0 0 0 0 0 0 0 0 0 0 0 0 0 0 
0 0 0 0 0 0 0 0 0 0 0 0 0 0 0 0 0 0 0 0 0 0 0 0 0 0 0 0 0 0 0 0 
42 22 20 4 7 36 23 17 33 43 26 20 22 39 16 36 27 19 16 29 43 11 39 9 26 7 22 20 37 47 24 24 
14 24 17 24 24 24 16 14 24 16 32 24 16 32 16 32 21 16 0 8 24 12 24 40 24 16 48 33 40 8 21 8 
2 0 1 0 2 1 0 1 0 1 0 0 0 0 0 0 0 0 2 1 2 0 2 0 0 0 2 2 1 1 0 1 
0 0 0 0 0 0 0 0 0 0 0 0 0 0 0 0 0 0 0 0 0 0 0 0 0 0 0 0 0 0 0 0 
1 0 0 0 0 0 0 0 0 0 0 0 0 0 0 0 0 0 0 0 0 0 0 0 0 0 0 0 0 0 0 1 
1 0 1 0 0 0 0 0 0 0 0 1 0 0 0 0 0 0 0 0 0 0 0 0 0 0 0 0 0 0 0 0 
14 4 4 5 13 10 7 1 5 9 9 3 4 15 6 9 10 11 7 4 7 10 9 8 7 10 7 7 12 0 9 8 
1 0 0 1 1 0 0 0 0 1 0 0 0 0 0 0 0 0 1 0 1 0 0 0 1 0 0 0 0 0 1 1 
1 0 0 0 0 0 0 0 0 0 0 0 0 0 0 0 0 0 0 0 0 0 0 0 0 0 0 0 0 0 0 0 
0 0 0 0 0 0 0 0 0 0 0 0 0 0 0 0 0 0 0 0 0 0 0 0 0 0 0 0 0 0 0 0 
0 0 0 0 0 0 0 0 0 0 0 0 0 0 0 0 0 0 0 0 0 0 0 0 0 0 0 0 0 0 0 0 
4 3 0 3 3 3 3 3 1 3 7 2 2 7 0 5 2 7 3 3 2 3 0 3 3 7 4 3 2 2 6 0 
2 0 6 5 4 2 2 0 2 1 1 1 2 2 1 0 1 5 0 0 0 6 3 0 0 0 0 4 1 0 3 0 
2 1 3 1 1 1 0 0 1 2 0 0 1 1 0 0 0 1 1 2 0 0 1 2 1 0 0 0 0 1 1 1 
8 0 0 0 8 7 7 0 8 16 0 0 7 0 0 8 0 8 0 0 7 0 0 0 0 12 0 0 7 0 21 0 
24 13 9 51 29 27 27 50 15 13 26 26 36 16 19 19 56 28 45 19 5 11 5 6 12 36 13 23 9 11 34 28 
12 0 1 2 2 1 0 1 3 3 2 0 1 1 4 0 1 4 3 2 1 1 1 2 2 3 3 4 1 1 1 1 
14 5 14 8 14 5 11 5 0 5 0 5 0 16 14 0 0 0 0 0 4 5 5 5 20 9 8 0 0 5 9 0 
56 27 18 0 18 40 20 10 18 30 40 10 21 10 18 30 36 20 10 10 20 0 20 24 20 27 30 30 40 30 20 27 
2 1 1 0 0 0 0 0 0 0 1 0 0 0 0 0 0 1 0 1 0 1 0 0 0 1 1 0 0 0 0 1 
21 2 3 2 2 11 6 22 4 7 8 2 13 0 4 2 8 17 17 10 4 4 1 2 17 5 12 14 3 7 8 2 
8 0 6 3 0 3 0 0 6 0 3 6 0 10 3 0 0 3 6 3 3 0 4 6 3 0 0 0 3 3 4 3 
1 0 1 1 1 1 3 0 0 0 0 0 1 0 3 0 1 0 1 0 0 0 0 0 0 0 0 1 1 1 1 0 
4 1 1 0 3 3 0 4 0 0 0 0 0 0 0 0 0 1 0 0 0 0 1 3 0 0 0 0 0 0 3 0 
22 14 4 6 9 10 0 0 6 17 1 18 9 8 11 5 5 8 4 21 4 9 5 1 11 18 4 5 8 8 8 7 
0 0 0 0 0 0 0 0 0 0 0 0 0 0 0 0 0 0 0 0 0 0 0 0 0 0 0 0 0 0 0 0 
2 1 0 0 1 5 0 0 1 1 1 2 3 1 0 0 1 1 1 2 3 1 0 3 4 0 3 2 1 0 1 2 
0 0 0 0 0 0 0 0 0 0 0 0 0 0 0 0 0 0 0 0 0 0 0 0 0 0 0 0 0 0 0 0 
1 0 0 3 0 1 0 0 1 1 0 2 0 1 2 0 2 0 1 0 0 0 2 0 1 0 0 1 0 0 0 1 
0 0 0 0 0 0 0 0 0 0 0 0 0 0 0 0 0 0 0 0 0 0 0 0 0 0 0 0 0 0 0 0 
16 15 20 10 9 19 7 20 15 21 10 6 4 16 10 12 15 26 21 28 12 10 16 15 20 16 24 10 16 11 12 17 
31 27 21 15 13 17 16 34 12 52 31 30 18 12 35 42 58 17 43 18 13 32 22 37 23 43 28 22 18 3 50 40 
0 0 0 0 0 0 0 0 0 0 0 0 0 0 0 0 0 0 0 0 0 0 0 0 0 0 0 0 0 0 0 0 
22 9 16 3 1 39 12 24 3 21 36 6 9 17 34 14 18 7 17 3 11 24 14 14 18 16 13 20 11 4 7 4 
0 0 0 0 0 0 0 0 0 0 0 0 0 0 0 0 0 0 0 0 0 0 0 0 0 0 0 0 0 0 0 0 
0 0 0 0 0 0 0 0 0 0 0 0 0 0 0 0 0 0 0 0 0 0 0 0 0 0 0 0 0 0 0 0 
0 0 0 0 0 0 0 0 0 0 0 0 0 0 0 0 0 0 0 0 0 0 0 0 0 0 0 0 0 0 0 0 
4 0 2 1 0 0 0 2 1 1 0 0 0 0 0 0 0 0 0 1 0 0 1 1 1 0 0 1 0 1 1 0 
1 0 0 0 0 0 0 0 0 0 1 0 0 0 0 0 0 0 0 0 0 0 0 0 0 0 0 0 0 0 0 0 
0 0 0 0 0 0 0 0 0 0 0 0 0 0 0 0 0 0 0 0 0 0 0 0 0 0 0 0 0 0 0 0 
12 9 4 2 7 10 4 4 9 10 2 5 2 0 0 2 5 1 10 5 7 3 11 1 10 2 2 6 4 3 1 0 
0 0 0 0 0 0 0 0 0 0 0 0 0 0 0 0 0 0 0 0 0 0 0 0 0 0 0 0 0 0 0 0 
6 3 3 2 4 2 4 1 0 2 3 1 3 0 1 2 2 0 0 0 3 1 0 0 1 5 2 0 0 4 0 4 
0 0 0 0 0 0 0 0 0 0 0 0 0 0 0 0 0 0 0 0 0 0 0 0 0 0 0 0 0 0 0 0 
2 1 0 3 4 5 4 1 1 0 2 2 1 1 2 0 1 2 3 0 3 1 1 2 1 6 0 4 4 0 3 1 
0 0 0 0 0 0 0 0 0 0 0 0 0 0 0 0 0 0 0 0 0 0 0 0 0 0 0 0 0 0 0 0 
12 4 11 4 6 13 9 9 10 11 10 9 10 15 8 8 5 4 9 16 14 9 11 8 5 16 11 11 10 15 13 8 
0 0 0 0 0 0 0 0 0 0 0 0 0 0 0 0 0 0 0 0 0 0 0 0 0 0 0 0 0 0 0 0 
3 0 0 1 0 0 1 0 1 0 0 0 1 0 0 1 0 1 0 0 0 0 1 0 0 0 0 0 0 0 0 0 
11 7 26 8 10 42 24 35 12 26 11 17 19 30 14 16 11 8 19 24 16 13 23 40 16 32 6 3 25 10 16 19 
9 0 1 0 0 8 10 0 15 2 0 0 0 9 2 1 1 0 1 0 0 0 0 0 0 0 0 9 0 8 8 0 
37 27 26 52 66 50 52 20 38 25 45 21 54 33 51 20 37 38 30 48 40 54 25 52 49 30 41 19 30 44 50 34 
0 0 0 0 0 0 0 0 0 0 0 0 0 0 0 0 0 0 0 0 0 0 0 0 0 0 0 0 0 0 0 0 
0 0 0 0 0 0 0 0 0 0 0 0 0 0 0 0 0 0 0 0 0 0 0 0 0 0 0 0 0 0 0 0 
23 10 10 5 0 0 14 26 26 5 15 22 10 10 10 8 5 19 5 12 5 21 0 10 10 10 5 21 10 5 15 12 
16 9 17 19 11 4 7 4 8 7 13 12 5 11 21 15 10 7 16 10 11 12 7 12 9 3 12 14 14 19 9 16 
0 0 0 0 0 0 0 0 0 0 0 0 0 0 0 0 0 0 0 0 0 0 0 0 0 0 0 0 0 0 0 0 
0 0 0 0 0 0 0 0 0 0 0 0 0 0 0 0 0 0 0 0 0 0 0 0 0 0 0 0 0 0 0 0 
50 10 27 16 22 20 11 3 12 8 7 14 28 12 20 11 7 16 37 24 13 4 13 14 13 15 17 10 23 6 11 8 
14 29 15 7 28 14 7 0 28 8 26 19 14 15 31 21 0 18 6 24 36 34 14 27 36 8 14 25 15 13 16 33 
11 6 5 4 3 6 7 1 7 5 9 0 2 14 3 7 8 7 12 3 6 5 11 12 11 10 11 5 4 4 9 8 
6 0 5 0 0 8 0 0 0 0 5 0 0 0 0 0 0 0 0 0 0 6 5 0 0 0 0 0 0 0 0 5 
0 0 0 0 0 0 0 0 0 0 0 0 0 0 0 0 0 0 0 0 0 0 0 0 0 0 0 0 0 0 0 0 
0 0 0 0 0 0 0 0 0 0 0 0 0 0 0 0 0 0 0 0 0 0 0 0 0 0 0 0 0 0 0 0 
1 0 0 1 0 0 0 0 0 0 0 0 1 0 0 0 0 0 0 0 0 0 0 1 1 0 1 1 0 0 1 0 
0 0 0 0 0 0 0 0 0 0 0 0 0 0 0 0 0 0 0 0 0 0 0 0 0 0 0 0 0 0 0 0 
10 0 0 0 4 5 0 4 4 0 0 0 0 0 0 0 5 5 5 5 0 0 0 6 0 0 10 0 5 0 0 0 
42 43 41 50 41 50 45 12 39 92 88 63 63 72 53 42 26 49 41 83 43 50 32 69 39 56 47 44 51 86 29 20 
0 0 0 0 0 0 0 0 0 0 0 0 0 0 0 0 0 0 0 0 0 0 0 0 0 0 0 0 0 0 0 0 
8 0 0 4 12 0 4 4 4 3 4 7 0 8 4 4 11 4 0 4 0 0 0 0 0 3 6 6 0 0 3 0 
0 0 0 0 0 0 0 0 0 0 0 0 0 0 0 0 0 0 0 0 0 0 0 0 0 0 0 0 0 0 0 0 
0 0 0 0 0 0 0 0 0 0 0 0 0 0 0 0 0 0 0 0 0 0 0 0 0 0 0 0 0 0 0 0 
113 88 90 30 18 38 49 45 36 48 56 31 36 4 71 64 50 29 46 64 49 32 37 19 30 27 41 64 53 16 33 32 
15 13 7 12 8 6 3 5 4 4 7 7 18 8 18 10 3 12 6 7 10 12 18 12 6 14 12 6 10 32 5 15 
4 3 3 3 3 2 0 2 1 4 1 4 2 1 2 2 0 2 2 4 3 1 0 2 0 4 3 2 0 2 2 1 
4 0 0 0 0 0 0 0 0 0 0 0 0 0 0 0 0 0 0 0 0 0 0 0 0 0 0 0 0 0 0 0 
0 0 0 0 0 0 0 0 0 0 0 0 0 0 0 0 0 0 0 0 0 0 0 0 0 0 0 0 0 0 0 0 
0 0 0 0 0 0 0 0 0 0 0 0 0 0 0 0 0 0 0 0 0 0 0 0 0 0 0 0 0 0 0 0 
2 0 0 0 0 0 0 0 2 1 0 0 0 0 0 0 0 0 0 0 0 0 1 0 0 0 0 0 1 1 0 0 
81 68 17 74 43 43 49 59 65 30 74 84 55 7 46 45 30 76 23 44 57 54 46 2 61 38 31 31 46 35 50 45 
3 0 0 2 4 1 0 0 1 2 1 2 0 4 1 2 2 1 1 1 3 4 4 2 0 2 1 3 4 2 0 0 
15 1 5 2 5 3 0 6 4 10 5 2 2 6 3 3 13 4 5 10 3 0 3 0 2 5 10 6 2 6 0 3 
20 3 0 6 0 0 0 0 0 0 0 0 0 0 0 7 0 0 0 2 1 0 0 0 0 0 0 0 0 0 0 0 
20 7 17 13 19 17 7 12 5 5 5 19 21 16 16 8 1 11 9 19 5 22 9 9 15 9 16 7 10 19 7 26 
3 0 4 6 1 3 4 5 4 1 3 4 3 3 1 1 3 1 6 5 7 5 8 0 6 3 3 4 1 0 5 1 
0 0 0 0 0 0 0 0 0 0 0 0 0 0 0 0 0 0 0 0 0 0 0 0 0 0 0 0 0 0 0 0 
0 0 0 0 0 0 0 0 0 0 0 0 0 0 0 0 0 0 0 0 0 0 0 0 0 0 0 0 0 0 0 0 
3 0 0 0 0 0 0 0 0 0 0 0 0 0 0 0 0 0 0 0 0 0 0 0 1 0 0 0 0 0 0 0 
0 0 0 0 0 0 0 0 0 0 0 0 0 0 0 0 0 0 0 0 0 0 0 0 0 0 0 0 0 0 0 0 
18 10 6 13 1 3 5 9 4 6 3 1 4 7 24 4 9 12 1 5 16 6 7 6 14 13 11 6 3 3 14 2 
12 14 4 5 7 0 8 11 2 3 7 4 5 4 2 3 3 4 3 8 4 6 7 1 3 6 2 7 1 5 3 4 
12 21 1 20 0 11 0 3 0 1 0 10 1 12 10 0 3 2 11 1 1 0 11 10 10 13 0 3 13 36 0 9 
0 0 0 0 0 0 0 0 0 0 0 0 0 0 0 0 0 0 0 0 0 0 0 0 0 0 0 0 0 0 0 0 
3 0 2 4 0 0 2 1 1 2 0 0 0 0 0 1 1 1 0 0 0 2 1 1 2 2 0 1 1 0 0 3 
65 12 88 54 45 97 69 85 111 34 39 9 52 52 38 28 38 88 81 42 108 24 105 47 58 65 123 35 39 83 41 85 
24 18 25 35 14 12 19 32 9 18 9 29 28 21 30 23 21 18 11 56 29 21 23 20 15 24 7 24 38 36 44 25 
1 0 0 0 1 1 0 0 0 0 0 0 0 0 0 1 0 0 0 0 0 0 0 0 0 0 0 0 0 0 0 1 
10 14 16 7 6 0 30 11 7 0 11 18 13 0 18 8 15 19 7 9 8 10 27 15 20 3 1 12 38 16 13 20 
0 0 0 0 0 0 0 0 0 0 0 0 0 0 0 0 0 0 0 0 0 0 0 0 0 0 0 0 0 0 0 0 
4 9 4 3 0 1 7 2 2 2 4 5 3 2 1 3 0 3 10 5 0 7 3 2 1 4 1 0 3 5 2 0 
24 25 31 2 30 16 37 3 30 20 25 37 12 14 23 16 23 35 32 15 10 29 18 1 20 17 8 33 16 1 37 23 
3 2 2 3 0 1 3 2 3 2 2 3 2 0 1 1 2 2 1 1 2 2 4 1 1 2 3 1 2 1 1 0 
5 2 2 7 1 0 3 0 3 0 0 4 1 0 3 3 0 0 0 0 0 0 0 1 0 0 0 0 0 2 0 3 
3 0 0 0 0 0 0 0 0 0 0 2 0 3 0 0 0 0 0 0 0 2 0 0 0 0 2 0 0 0 0 0 
44 5 12 14 0 19 4 6 2 6 2 8 7 18 8 9 9 12 7 12 5 4 4 18 6 17 4 11 7 17 0 36 
4 3 0 0 0 1 1 0 2 0 1 0 0 2 1 1 0 0 1 0 0 0 0 1 0 0 3 0 0 2 0 2 
14 2 1 5 3 3 5 10 2 1 7 1 1 0 6 0 1 1 8 1 3 2 0 0 6 0 4 6 0 2 6 6 
57 14 24 17 20 13 19 9 20 9 32 22 20 12 11 21 16 32 20 9 31 37 11 8 24 23 15 18 33 13 20 25 
59 65 46 47 65 66 64 90 39 19 65 56 47 64 77 31 38 63 41 74 30 67 58 46 66 55 74 66 98 72 58 51 
19 18 10 10 11 11 8 9 17 4 4 5 4 3 2 2 9 0 6 1 5 9 9 15 17 5 2 3 2 16 1 1 
0 0 0 0 0 0 0 0 0 0 0 0 0 0 0 0 0 0 0 0 0 0 0 0 0 0 0 0 0 0 0 0 
0 0 0 0 0 0 0 0 0 0 0 0 0 0 0 0 0 0 0 0 0 0 0 0 0 0 0 0 0 0 0 0 
7 3 3 3 3 4 2 3 3 2 0 5 2 3 1 3 3 3 2 4 0 1 2 3 4 2 4 5 6 4 5 3 
7 0 1 0 1 0 1 0 0 0 0 1 5 5 6 0 0 0 6 6 0 5 5 6 1 0 0 0 6 0 5 0 
10 9 9 0 0 1 0 0 18 9 9 0 0 0 0 0 0 9 9 9 0 0 0 16 0 0 9 9 0 0 1 0 
16 14 12 14 11 11 13 11 9 7 11 14 7 8 10 12 9 14 12 10 10 11 9 17 0 12 12 13 9 7 10 7 
17 15 11 14 13 20 14 25 14 13 13 31 8 15 14 16 8 21 21 25 20 20 11 14 21 22 24 21 21 15 23 37 
1 0 0 0 0 0 1 2 0 1 0 1 1 0 0 0 0 1 1 1 0 3 0 2 0 1 1 0 1 0 0 1 
4 0 0 0 0 0 0 0 0 0 0 0 0 0 0 0 0 1 0 0 1 0 0 0 0 0 0 0 0 1 0 0 
7 5 6 3 2 4 2 4 3 3 3 5 0 4 6 6 2 6 4 3 3 4 8 1 2 5 5 3 2 3 7 0 
1 0 1 2 0 0 0 0 0 0 0 0 1 0 0 1 0 0 0 0 0 0 0 0 0 0 0 0 1 0 1 0 
3 2 3 2 4 3 3 3 1 4 1 1 4 2 1 1 0 1 3 3 0 2 8 2 0 4 4 2 3 4 2 2 
28 7 1 0 0 6 0 0 0 12 12 1 1 0 9 8 0 7 7 1 0 8 8 6 12 12 1 1 7 6 0 14 
8 8 0 0 0 0 6 3 3 3 6 0 4 0 0 0 3 3 6 3 3 0 6 3 3 0 4 2 5 0 0 6 
4 0 0 0 0 0 0 0 2 1 0 2 0 0 0 0 0 2 0 0 2 0 1 0 0 0 0 0 0 0 0 0 
0 0 0 0 0 0 0 0 0 0 0 0 0 0 0 0 0 0 0 0 0 0 0 0 0 0 0 0 0 0 0 0 
4 0 0 0 3 1 1 0 1 0 1 0 0 0 0 0 0 0 0 0 0 0 0 2 0 0 0 0 0 0 0 0 
26 28 45 25 18 38 34 13 38 18 5 16 6 23 3 3 28 26 43 17 37 6 25 22 6 29 17 5 12 39 18 10 
16 6 13 11 8 9 12 10 15 10 16 15 10 7 18 17 13 17 11 13 4 19 15 7 9 7 13 6 17 9 3 25 
3 0 0 0 0 0 0 0 0 0 0 0 0 0 0 0 0 0 0 0 0 0 0 0 0 0 0 0 0 0 0 0 
12 6 0 10 0 11 1 0 4 1 6 0 2 2 2 0 0 0 1 0 1 1 0 2 3 7 7 5 2 2 0 0 
27 16 16 17 20 3 26 27 19 20 16 11 19 21 16 13 14 15 24 15 13 9 23 3 17 10 11 22 13 21 13 0 
9 1 0 0 0 8 14 0 0 0 8 0 0 8 14 0 7 0 0 0 8 8 0 0 0 8 20 16 0 0 21 14 
14 23 12 21 5 8 4 34 6 12 4 14 6 3 25 35 9 4 15 13 22 2 6 5 11 3 13 25 12 7 12 20 
0 0 0 0 0 0 0 0 0 0 0 0 0 0 0 0 0 0 0 0 0 0 0 0 0 0 0 0 0 0 0 0 
6 9 4 3 5 5 4 4 5 4 8 5 7 6 1 4 7 6 8 3 9 7 2 7 5 5 10 8 3 6 3 7 
0 0 0 0 0 0 0 0 0 0 0 0 0 0 0 0 0 0 0 0 0 0 0 0 0 0 0 0 0 0 0 0 
4 7 8 8 9 9 10 5 10 3 0 6 7 4 7 6 10 6 10 9 5 2 9 9 5 9 9 11 6 5 6 7 
8 5 0 0 2 2 0 0 0 1 0 0 0 0 0 0 0 0 0 0 2 0 4 3 0 0 0 4 3 0 4 0 
0 0 0 0 0 0 0 0 0 0 0 0 0 0 0 0 0 0 0 0 0 0 0 0 0 0 0 0 0 0 0 0 
3 0 0 0 0 1 2 1 0 0 0 0 0 0 2 0 0 0 0 0 0 0 0 1 0 1 1 0 0 2 1 0 
2 1 1 0 0 0 0 1 0 0 0 0 0 0 0 0 0 1 0 0 1 0 0 0 0 0 0 0 0 1 0 0 
2 0 2 3 2 0 0 0 4 2 4 0 4 4 6 0 2 3 2 2 6 6 2 2 4 4 2 2 0 6 2 2 
9 9 15 4 8 9 7 12 11 8 7 7 10 8 14 5 6 6 11 11 10 9 4 6 0 8 12 7 14 9 11 5 
9 2 8 6 4 8 3 6 6 9 15 9 3 6 15 4 7 3 6 4 12 15 13 12 6 3 14 4 12 0 9 3 
0 0 0 0 0 0 0 0 0 0 0 0 0 0 0 0 0 0 0 0 0 0 0 0 0 0 0 0 0 0 0 0 
19 15 13 16 13 20 15 11 11 18 12 8 26 21 16 13 17 12 17 17 12 5 9 3 10 8 15 8 21 7 11 25 
3 0 0 3 0 2 4 2 4 3 1 0 0 4 0 1 2 0 2 7 3 1 0 1 2 0 0 2 0 1 0 0 
11 12 4 4 5 3 4 4 7 6 11 10 5 6 4 3 5 3 3 8 10 11 10 12 1 3 5 2 12 10 7 6 
0 0 0 0 0 0 0 0 0 0 0 0 0 0 0 0 0 0 0 0 0 0 0 0 0 0 0 0 0 0 0 0 
1 0 1 0 0 0 0 0 0 1 0 0 0 0 0 0 0 0 0 0 0 0 0 0 0 0 0 0 0 1 0 0 
2 0 1 0 1 0 0 0 0 0 0 0 1 0 0 2 2 1 0 0 0 0 1 0 0 4 0 0 0 0 0 0 
10 5 5 5 5 9 2 7 1 1 4 4 3 8 0 0 6 3 5 5 6 4 2 7 3 5 4 5 4 3 4 0 
1 0 0 0 0 1 1 0 0 0 0 0 0 1 0 0 0 0 0 0 0 0 0 0 1 0 0 0 0 0 0 1 
0 0 0 0 0 0 0 0 0 0 0 0 0 0 0 0 0 0 0 0 0 0 0 0 0 0 0 0 0 0 0 0 
2 0 0 0 2 0 0 2 0 0 0 0 0 0 0 0 0 0 0 0 0 0 0 0 0 2 0 0 0 0 0 0 
12 0 7 0 0 0 7 0 0 7 0 0 0 0 0 10 6 0 0 0 0 6 0 0 6 7 6 0 0 0 0 0 
4 1 4 5 6 12 4 8 5 9 4 4 5 6 0 5 4 2 7 6 5 8 5 5 10 10 7 4 6 6 4 5 
5 0 1 5 0 5 0 9 1 2 5 1 0 6 0 4 4 0 5 2 1 0 5 1 1 2 0 0 6 0 1 1 
0 0 0 0 0 0 0 0 0 0 0 0 0 0 0 0 0 0 0 0 0 0 0 0 0 0 0 0 0 0 0 0 
17 22 35 29 21 56 22 14 14 26 25 44 21 23 17 1 28 16 31 16 39 60 15 39 22 18 37 43 29 42 28 16 
0 0 0 0 0 0 0 0 0 0 0 0 0 0 0 0 0 0 0 0 0 0 0 0 0 0 0 0 0 0 0 0 
1 0 0 0 0 0 0 0 0 0 0 0 0 0 0 0 0 0 0 1 0 0 0 0 0 0 0 0 0 0 0 0 
0 0 0 0 0 0 0 0 0 0 0 0 0 0 0 0 0 0 0 0 0 0 0 0 0 0 0 0 0 0 0 0 
0 0 0 0 0 0 0 0 0 0 0 0 0 0 0 0 0 0 0 0 0 0 0 0 0 0 0 0 0 0 0 0 
6 1 0 1 0 1 4 0 0 0 1 0 0 1 0 0 0 0 0 0 0 1 0 0 0 0 0 0 4 0 0 0 
5 3 1 2 2 1 2 1 3 0 4 1 2 0 3 2 3 3 2 4 3 2 3 0 3 4 3 6 2 0 1 0 
0 0 0 0 0 0 0 0 0 0 0 0 0 0 0 0 0 0 0 0 0 0 0 0 0 0 0 0 0 0 0 0 
0 0 0 0 0 0 0 0 0 0 0 0 0 0 0 0 0 0 0 0 0 0 0 0 0 0 0 0 0 0 0 0 
0 0 0 0 0 0 0 0 0 0 0 0 0 0 0 0 0 0 0 0 0 0 0 0 0 0 0 0 0 0 0 0 
6 8 2 2 4 6 2 2 0 0 0 2 0 10 3 0 2 8 2 4 4 0 2 4 4 2 2 2 4 6 2 0 
3 3 0 2 3 3 3 2 1 0 0 1 4 0 4 0 2 2 1 2 1 1 1 1 0 1 2 0 1 4 3 1 
0 0 0 0 0 0 0 0 0 0 0 0 0 0 0 0 0 0 0 0 0 0 0 0 0 0 0 0 0 0 0 0 
0 0 0 0 0 0 0 0 0 0 0 0 0 0 0 0 0 0 0 0 0 0 0 0 0 0 0 0 0 0 0 0 
0 0 0 0 0 0 0 0 0 0 0 0 0 0 0 0 0 0 0 0 0 0 0 0 0 0 0 0 0 0 0 0 
0 0 0 0 0 0 0 0 0 0 0 0 0 0 0 0 0 0 0 0 0 0 0 0 0 0 0 0 0 0 0 0 
95 86 119 89 88 54 36 97 104 90 70 111 87 96 58 140 90 48 135 103 80 80 62 64 40 87 76 80 122 89 178 64 
21 28 18 10 7 21 18 18 22 18 23 9 9 14 19 14 26 12 21 4 17 17 17 11 32 23 8 25 6 34 24 32 
0 0 0 0 0 0 0 0 0 0 0 0 0 0 0 0 0 0 0 0 0 0 0 0 0 0 0 0 0 0 0 0 
8 12 2 12 8 15 0 13 0 7 18 15 12 14 5 23 13 6 12 15 6 15 13 14 21 6 12 5 20 6 13 3 
3 2 3 4 2 4 2 0 1 2 3 5 4 1 3 4 1 8 3 3 1 4 1 1 0 1 4 1 3 3 3 0 
9 4 4 1 6 6 2 2 7 0 10 6 3 2 1 3 5 2 7 5 3 3 4 6 4 4 5 4 7 3 2 5 
13 12 10 6 5 5 12 10 5 9 8 7 8 7 6 5 11 10 10 7 6 6 12 7 10 11 3 9 7 5 11 14 
20 9 13 7 25 12 20 14 1 7 7 11 6 6 13 1 0 7 11 18 12 6 10 14 12 6 8 9 0 20 3 0 
16 10 16 12 14 8 11 9 24 13 15 10 8 13 17 10 9 14 9 16 9 13 13 12 0 14 10 6 17 15 10 11 
4 0 0 0 0 0 0 3 0 0 0 0 0 0 0 0 0 0 0 0 0 0 0 4 4 0 3 0 0 0 0 0 
13 7 7 10 6 12 18 10 6 9 17 6 1 3 8 4 5 16 8 15 15 8 1 13 2 7 5 9 14 13 4 5 
3 2 0 0 2 1 0 0 0 1 0 0 0 0 0 0 0 1 0 1 0 2 0 1 1 0 2 1 0 0 1 0 
22 10 11 19 8 13 10 9 8 23 5 9 9 7 8 10 11 10 13 7 10 20 9 5 9 6 12 11 10 9 6 2 
5 4 4 4 0 0 5 4 2 4 1 3 5 5 7 0 4 5 8 2 5 2 1 1 3 1 5 5 4 7 3 4 
3 0 0 9 3 4 6 3 3 7 2 6 3 0 7 4 0 0 0 12 0 3 4 0 0 3 6 6 3 3 3 3 
6 0 0 0 3 5 0 1 0 0 2 0 0 0 4 0 0 0 0 0 0 0 3 0 0 0 0 0 1 2 2 0 
8 8 19 11 9 3 2 9 2 6 2 8 10 3 7 7 4 1 13 6 7 7 5 10 11 5 1 1 2 7 16 4 
11 9 7 6 2 4 6 4 2 4 4 0 6 6 6 8 6 5 4 0 2 4 3 7 0 6 0 3 6 6 6 0 
3 2 3 2 1 1 1 1 1 0 3 4 2 2 2 2 1 4 1 1 1 0 2 4 1 0 1 0 0 1 2 1 
4 4 0 1 1 0 3 2 1 3 5 1 2 3 2 0 2 3 2 1 2 3 1 1 2 0 4 2 2 4 5 0 
2 2 0 0 3 10 0 0 2 14 1 6 0 0 5 5 6 1 6 11 4 0 8 8 2 2 5 0 4 4 4 2 
2 0 0 1 0 0 0 0 1 0 0 1 0 0 0 0 1 0 0 0 0 1 0 0 0 0 0 0 1 0 0 0 
4 4 6 3 1 3 1 4 2 3 0 4 4 3 1 3 0 1 2 3 1 4 2 3 0 2 1 1 0 3 0 2 
16 0 0 0 0 0 0 19 8 0 9 9 18 0 0 0 0 20 0 0 8 0 22 7 14 0 1 0 0 0 0 1 
31 11 30 3 0 0 3 12 2 32 33 20 21 9 11 31 12 1 18 31 2 11 18 20 41 13 22 10 11 21 30 11 
15 12 13 2 10 0 10 4 3 10 10 8 6 10 9 11 4 1 2 2 2 12 4 0 8 2 10 14 2 4 6 3 
1 0 0 0 0 0 0 0 0 0 0 0 0 0 0 0 0 0 0 0 0 0 0 0 0 0 0 0 0 0 0 0 
0 0 0 0 0 0 0 0 0 0 0 0 0 0 0 0 0 0 0 0 0 0 0 0 0 0 0 0 0 0 0 0 
0 0 0 0 0 0 0 0 0 0 0 0 0 0 0 0 0 0 0 0 0 0 0 0 0 0 0 0 0 0 0 0 
13 10 26 15 10 7 23 4 4 4 7 6 9 9 15 9 15 10 16 12 11 10 2 13 11 21 18 18 1 16 8 5 
6 8 4 3 2 3 7 5 3 4 2 9 11 5 3 7 2 2 1 2 3 4 6 2 1 2 2 4 6 5 2 3 
70 27 24 14 24 25 17 30 25 48 27 38 64 27 27 13 35 59 13 53 69 16 15 65 15 25 70 15 43 24 33 0 
7 0 0 3 2 0 1 1 1 0 2 1 1 3 1 3 1 0 3 0 1 2 2 1 1 4 1 0 0 2 4 3 
11 4 10 3 3 3 7 4 4 4 7 0 3 7 4 7 2 5 3 1 6 3 4 3 1 10 6 3 4 5 9 6 
0 0 0 0 0 0 0 0 0 0 0 0 0 0 0 0 0 0 0 0 0 0 0 0 0 0 0 0 0 0 0 0 
21 0 0 1 0 0 0 9 0 0 8 8 0 10 0 8 0 0 0 8 8 0 0 0 0 9 0 0 21 0 0 0 
19 12 9 18 11 13 10 8 11 7 10 13 13 15 5 13 9 5 15 21 7 11 5 10 15 3 15 15 6 3 17 6 
15 8 6 7 3 2 4 4 0 2 4 0 8 8 14 2 4 3 7 9 6 4 2 10 6 8 6 2 4 4 1 10 
2 0 0 1 1 0 0 0 0 0 0 0 1 0 0 1 1 0 0 0 1 2 3 2 1 0 1 1 0 0 0 0 
6 1 1 0 0 0 0 3 1 0 1 0 2 4 2 0 0 2 0 0 0 0 0 0 2 0 2 0 0 0 2 0 
1 0 0 1 0 0 0 0 0 0 0 0 0 0 0 0 0 0 0 0 0 0 0 0 0 0 0 0 0 0 0 0 
5 0 0 0 0 1 0 0 0 0 0 0 3 0 0 0 0 0 1 0 0 0 0 0 5 0 1 0 0 0 0 3 
29 6 1 0 1 0 7 8 8 0 9 0 16 2 15 3 1 23 6 9 9 2 0 1 7 0 8 8 0 16 11 2 
14 8 0 30 1 32 13 12 26 0 17 1 17 0 21 8 9 16 31 1 9 8 9 0 1 14 0 12 0 28 18 17 
1 0 0 0 0 0 0 0 0 0 0 0 0 0 0 0 0 0 0 0 0 0 0 0 0 1 0 0 0 0 0 0 
41 2 16 9 10 16 0 2 0 10 6 11 3 8 9 3 0 3 28 1 19 2 4 10 17 4 17 5 11 8 0 3 
17 16 8 9 0 2 2 0 0 2 15 1 0 0 0 1 0 0 0 1 0 7 0 2 2 2 1 0 8 9 0 0 
6 0 0 0 0 0 0 0 0 0 0 0 0 0 0 2 0 0 0 0 0 0 0 0 0 0 0 0 0 0 0 0 
5 2 1 0 1 5 2 0 1 0 1 0 3 0 1 5 1 0 0 4 1 2 0 4 2 4 0 2 2 7 1 0 
18 28 7 8 8 7 4 6 7 10 11 9 11 8 6 3 7 14 4 13 6 9 9 7 5 7 2 2 6 6 5 4 
0 0 0 0 0 0 0 0 0 0 0 0 0 0 0 0 0 0 0 0 0 0 0 0 0 0 0 0 0 0 0 0 
13 0 0 0 1 0 2 0 1 1 1 0 2 0 0 0 1 2 1 0 0 0 0 3 0 2 2 2 0 6 0 0 
6 4 2 1 2 2 1 1 1 2 1 1 0 1 3 1 0 4 0 0 2 3 1 1 0 3 2 4 2 2 1 0 
5 0 1 2 0 0 1 1 1 0 0 0 2 2 0 0 2 0 3 0 0 0 0 0 0 0 1 0 1 0 2 0 
3 0 0 1 0 0 1 2 0 0 0 0 0 0 0 0 0 0 1 0 1 1 0 0 2 0 0 0 0 0 0 0 
0 0 0 0 0 0 0 0 0 0 0 0 0 0 0 0 0 0 0 0 0 0 0 0 0 0 0 0 0 0 0 0 
0 0 0 0 0 0 0 0 0 0 0 0 0 0 0 0 0 0 0 0 0 0 0 0 0 0 0 0 0 0 0 0 
1 0 0 0 1 0 0 0 0 0 0 0 0 0 0 0 0 0 0 0 0 0 0 0 0 0 0 0 0 0 0 0 
38 56 32 30 0 26 38 39 19 22 23 35 21 12 51 20 1 10 15 37 10 24 18 38 20 22 28 25 31 30 17 25 
0 0 0 0 0 0 0 0 0 0 0 0 0 0 0 0 0 0 0 0 0 0 0 0 0 0 0 0 0 0 0 0 
2 0 0 0 0 0 1 0 0 0 0 0 0 0 0 0 0 0 0 0 0 0 1 0 0 0 1 0 0 0 1 0 
0 0 0 0 0 0 0 0 0 0 0 0 0 0 0 0 0 0 0 0 0 0 0 0 0 0 0 0 0 0 0 0 
6 6 7 0 2 7 4 6 4 4 2 3 4 1 2 4 2 6 2 3 2 10 5 2 5 4 3 3 5 2 7 2 
1 0 0 0 0 0 0 0 0 0 0 0 0 0 0 0 0 0 0 0 0 0 0 0 0 0 0 0 0 0 0 0 
1 0 0 1 0 0 0 0 0 0 0 0 0 0 0 0 0 0 0 0 1 0 0 0 0 0 0 0 0 0 0 0 
12 3 1 8 7 2 5 6 6 10 9 0 8 3 3 4 4 6 8 7 5 7 9 10 3 5 1 7 5 7 7 7 
13 6 17 14 13 21 4 14 11 2 7 21 3 6 3 1 2 10 7 0 6 14 5 17 1 2 18 6 13 14 12 3 
51 1 12 26 0 0 0 1 0 0 12 1 1 12 12 10 0 0 0 11 14 4 1 0 0 0 1 1 0 12 11 0 
0 0 0 0 0 0 0 0 0 0 0 0 0 0 0 0 0 0 0 0 0 0 0 0 0 0 0 0 0 0 0 0 
