53 27 51 46 39 44 48 38 35 27 67 15 0 0 0 0 0 0 0 0 0 0 0 0 0 0 0 0 0 0 0 0 
69 29 21 30 17 24 28 24 37 27 30 14 0 0 0 0 0 0 0 0 0 0 0 0 0 0 0 0 0 0 0 0 
27 6 18 19 16 19 13 22 15 11 7 3 0 0 0 0 0 0 0 0 0 0 0 0 0 0 0 0 0 0 0 0 
89 39 68 63 92 52 47 49 52 65 45 20 0 0 0 0 0 0 0 0 0 0 0 0 0 0 0 0 0 0 0 0 
42 30 30 44 47 45 34 24 26 29 32 21 0 0 0 0 0 0 0 0 0 0 0 0 0 0 0 0 0 0 0 0 
20 3 13 4 6 4 3 9 6 5 7 0 0 0 0 0 0 0 0 0 0 0 0 0 0 0 0 0 0 0 0 0 
25 15 12 8 19 11 23 12 9 19 4 16 0 0 0 0 0 0 0 0 0 0 0 0 0 0 0 0 0 0 0 0 
59 4 20 31 64 24 44 35 37 54 45 17 0 0 0 0 0 0 0 0 0 0 0 0 0 0 0 0 0 0 0 0 
102 46 57 40 70 55 49 64 40 73 78 11 0 0 0 0 0 0 0 0 0 0 0 0 0 0 0 0 0 0 0 0 
123 89 132 117 150 130 114 82 111 63 113 30 0 0 0 0 0 0 0 0 0 0 0 0 0 0 0 0 0 0 0 0 
37 23 24 21 23 17 29 23 14 35 36 4 0 0 0 0 0 0 0 0 0 0 0 0 0 0 0 0 0 0 0 0 
78 50 42 74 96 69 52 72 62 94 88 22 0 0 0 0 0 0 0 0 0 0 0 0 0 0 0 0 0 0 0 0 
92 61 48 34 39 51 46 62 42 36 21 6 0 0 0 0 0 0 0 0 0 0 0 0 0 0 0 0 0 0 0 0 
91 68 74 54 74 79 73 68 56 63 77 32 0 0 0 0 0 0 0 0 0 0 0 0 0 0 0 0 0 0 0 0 
28 21 20 14 18 16 26 17 28 18 16 6 0 0 0 0 0 0 0 0 0 0 0 0 0 0 0 0 0 0 0 0 
73 58 58 54 48 50 41 48 50 41 39 21 0 0 0 0 0 0 0 0 0 0 0 0 0 0 0 0 0 0 0 0 
56 46 44 81 58 45 41 32 36 46 72 28 0 0 0 0 0 0 0 0 0 0 0 0 0 0 0 0 0 0 0 0 
21 8 6 15 4 6 6 11 13 3 4 3 0 0 0 0 0 0 0 0 0 0 0 0 0 0 0 0 0 0 0 0 
85 81 48 59 75 47 69 45 51 63 37 18 0 0 0 0 0 0 0 0 0 0 0 0 0 0 0 0 0 0 0 0 
41 18 32 18 21 16 19 23 23 19 36 3 0 0 0 0 0 0 0 0 0 0 0 0 0 0 0 0 0 0 0 0 
79 90 43 53 64 38 73 45 58 33 52 11 0 0 0 0 0 0 0 0 0 0 0 0 0 0 0 0 0 0 0 0 
40 41 19 28 22 36 34 25 24 26 32 8 0 0 0 0 0 0 0 0 0 0 0 0 0 0 0 0 0 0 0 0 
26 14 17 17 16 13 15 24 12 12 11 3 0 0 0 0 0 0 0 0 0 0 0 0 0 0 0 0 0 0 0 0 
20 3 3 4 4 4 5 10 4 3 2 0 0 0 0 0 0 0 0 0 0 0 0 0 0 0 0 0 0 0 0 0 
85 55 62 68 55 34 45 70 43 76 57 23 0 0 0 0 0 0 0 0 0 0 0 0 0 0 0 0 0 0 0 0 
95 69 68 74 66 62 82 57 68 68 55 23 0 0 0 0 0 0 0 0 0 0 0 0 0 0 0 0 0 0 0 0 
50 32 45 43 55 37 55 39 43 55 47 6 0 0 0 0 0 0 0 0 0 0 0 0 0 0 0 0 0 0 0 0 
42 17 19 14 3 12 10 18 40 25 28 1 0 0 0 0 0 0 0 0 0 0 0 0 0 0 0 0 0 0 0 0 
58 12 35 42 12 25 41 21 32 5 48 8 0 0 0 0 0 0 0 0 0 0 0 0 0 0 0 0 0 0 0 0 
119 66 98 93 128 93 136 92 124 71 76 18 0 0 0 0 0 0 0 0 0 0 0 0 0 0 0 0 0 0 0 0 
333 341 237 276 303 264 308 252 268 245 248 93 0 0 0 0 0 0 0 0 0 0 0 0 0 0 0 0 0 0 0 0 
96 99 65 71 69 78 76 59 65 65 82 35 0 0 0 0 0 0 0 0 0 0 0 0 0 0 0 0 0 0 0 0 
21 4 6 2 14 8 5 7 3 11 10 1 0 0 0 0 0 0 0 0 0 0 0 0 0 0 0 0 0 0 0 0 
58 30 25 34 24 37 40 22 14 31 19 13 0 0 0 0 0 0 0 0 0 0 0 0 0 0 0 0 0 0 0 0 
88 80 55 71 93 65 64 51 66 46 76 24 0 0 0 0 0 0 0 0 0 0 0 0 0 0 0 0 0 0 0 0 
20 6 12 8 21 10 7 7 8 19 14 4 0 0 0 0 0 0 0 0 0 0 0 0 0 0 0 0 0 0 0 0 
35 11 19 26 11 14 21 21 25 15 16 3 0 0 0 0 0 0 0 0 0 0 0 0 0 0 0 0 0 0 0 0 
46 23 13 15 12 16 22 17 40 26 37 4 0 0 0 0 0 0 0 0 0 0 0 0 0 0 0 0 0 0 0 0 
41 29 12 16 18 21 24 19 26 14 14 4 0 0 0 0 0 0 0 0 0 0 0 0 0 0 0 0 0 0 0 0 
147 127 120 127 158 102 122 124 100 96 114 39 0 0 0 0 0 0 0 0 0 0 0 0 0 0 0 0 0 0 0 0 
27 19 14 9 11 17 17 13 15 13 8 2 0 0 0 0 0 0 0 0 0 0 0 0 0 0 0 0 0 0 0 0 
33 15 18 12 11 13 13 16 9 6 12 3 0 0 0 0 0 0 0 0 0 0 0 0 0 0 0 0 0 0 0 0 
115 93 103 136 117 118 93 64 88 66 117 41 0 0 0 0 0 0 0 0 0 0 0 0 0 0 0 0 0 0 0 0 
19 2 1 7 5 14 7 16 8 10 5 3 0 0 0 0 0 0 0 0 0 0 0 0 0 0 0 0 0 0 0 0 
12 5 8 10 9 5 5 6 1 8 4 3 0 0 0 0 0 0 0 0 0 0 0 0 0 0 0 0 0 0 0 0 
225 234 163 177 330 206 189 188 164 192 207 90 0 0 0 0 0 0 0 0 0 0 0 0 0 0 0 0 0 0 0 0 
15 4 8 6 11 4 21 23 16 12 6 0 0 0 0 0 0 0 0 0 0 0 0 0 0 0 0 0 0 0 0 0 
35 20 21 13 15 15 26 33 22 12 21 3 0 0 0 0 0 0 0 0 0 0 0 0 0 0 0 0 0 0 0 0 
74 72 51 63 49 43 66 47 33 34 50 12 0 0 0 0 0 0 0 0 0 0 0 0 0 0 0 0 0 0 0 0 
76 37 54 60 65 28 46 44 47 55 31 11 0 0 0 0 0 0 0 0 0 0 0 0 0 0 0 0 0 0 0 0 
131 80 78 87 128 74 66 63 66 105 69 20 0 0 0 0 0 0 0 0 0 0 0 0 0 0 0 0 0 0 0 0 
61 23 43 30 60 46 48 42 21 19 34 7 0 0 0 0 0 0 0 0 0 0 0 0 0 0 0 0 0 0 0 0 
26 19 17 15 8 15 19 8 8 12 10 5 0 0 0 0 0 0 0 0 0 0 0 0 0 0 0 0 0 0 0 0 
35 24 21 27 32 15 21 19 27 29 19 9 0 0 0 0 0 0 0 0 0 0 0 0 0 0 0 0 0 0 0 0 
80 84 57 60 100 53 53 68 50 48 54 19 0 0 0 0 0 0 0 0 0 0 0 0 0 0 0 0 0 0 0 0 
358 277 337 396 464 351 473 323 324 342 360 94 0 0 0 0 0 0 0 0 0 0 0 0 0 0 0 0 0 0 0 0 
18 3 9 11 9 6 15 19 14 11 9 7 0 0 0 0 0 0 0 0 0 0 0 0 0 0 0 0 0 0 0 0 
48 15 23 14 25 25 30 27 20 18 20 11 0 0 0 0 0 0 0 0 0 0 0 0 0 0 0 0 0 0 0 0 
85 100 80 70 105 93 80 59 60 73 96 19 0 0 0 0 0 0 0 0 0 0 0 0 0 0 0 0 0 0 0 0 
23 2 11 11 14 14 9 18 6 7 4 2 0 0 0 0 0 0 0 0 0 0 0 0 0 0 0 0 0 0 0 0 
20 3 5 9 13 9 6 9 2 9 7 3 0 0 0 0 0 0 0 0 0 0 0 0 0 0 0 0 0 0 0 0 
35 39 25 26 34 25 35 19 25 24 26 16 0 0 0 0 0 0 0 0 0 0 0 0 0 0 0 0 0 0 0 0 
124 52 63 84 78 66 58 67 75 45 49 30 0 0 0 0 0 0 0 0 0 0 0 0 0 0 0 0 0 0 0 0 
43 31 39 28 42 29 26 44 26 25 33 3 0 0 0 0 0 0 0 0 0 0 0 0 0 0 0 0 0 0 0 0 
36 9 16 7 38 7 18 14 16 18 23 3 0 0 0 0 0 0 0 0 0 0 0 0 0 0 0 0 0 0 0 0 
173 134 101 100 124 133 101 107 117 98 112 32 0 0 0 0 0 0 0 0 0 0 0 0 0 0 0 0 0 0 0 0 
21 19 3 8 8 6 7 26 12 14 13 1 0 0 0 0 0 0 0 0 0 0 0 0 0 0 0 0 0 0 0 0 
94 36 48 55 46 51 61 52 46 39 37 16 0 0 0 0 0 0 0 0 0 0 0 0 0 0 0 0 0 0 0 0 
73 56 58 71 40 56 35 47 69 30 59 11 0 0 0 0 0 0 0 0 0 0 0 0 0 0 0 0 0 0 0 0 
27 4 15 9 8 19 16 10 15 10 5 2 0 0 0 0 0 0 0 0 0 0 0 0 0 0 0 0 0 0 0 0 
87 45 63 36 61 50 54 69 69 46 53 11 0 0 0 0 0 0 0 0 0 0 0 0 0 0 0 0 0 0 0 0 
38 36 24 21 36 21 14 25 20 18 8 12 0 0 0 0 0 0 0 0 0 0 0 0 0 0 0 0 0 0 0 0 
37 27 27 26 17 18 11 5 12 21 32 13 0 0 0 0 0 0 0 0 0 0 0 0 0 0 0 0 0 0 0 0 
68 45 38 42 39 33 35 33 29 39 38 17 0 0 0 0 0 0 0 0 0 0 0 0 0 0 0 0 0 0 0 0 
69 53 52 47 38 46 46 41 51 35 36 13 0 0 0 0 0 0 0 0 0 0 0 0 0 0 0 0 0 0 0 0 
38 28 8 38 22 15 19 27 27 17 25 9 0 0 0 0 0 0 0 0 0 0 0 0 0 0 0 0 0 0 0 0 
143 84 89 102 80 86 89 85 84 100 80 27 0 0 0 0 0 0 0 0 0 0 0 0 0 0 0 0 0 0 0 0 
37 30 22 19 12 29 34 24 23 14 9 6 0 0 0 0 0 0 0 0 0 0 0 0 0 0 0 0 0 0 0 0 
14 14 14 11 4 13 11 15 5 3 3 2 0 0 0 0 0 0 0 0 0 0 0 0 0 0 0 0 0 0 0 0 
80 68 43 46 41 55 52 32 38 32 38 12 0 0 0 0 0 0 0 0 0 0 0 0 0 0 0 0 0 0 0 0 
71 50 39 35 67 50 40 47 43 41 33 23 0 0 0 0 0 0 0 0 0 0 0 0 0 0 0 0 0 0 0 0 
8 1 3 1 3 0 3 0 0 3 2 0 0 0 0 0 0 0 0 0 0 0 0 0 0 0 0 0 0 0 0 0 
89 48 30 56 56 39 60 36 51 38 54 12 0 0 0 0 0 0 0 0 0 0 0 0 0 0 0 0 0 0 0 0 
75 53 37 62 46 41 65 28 44 41 40 7 0 0 0 0 0 0 0 0 0 0 0 0 0 0 0 0 0 0 0 0 
65 40 27 26 27 43 38 35 47 38 34 7 0 0 0 0 0 0 0 0 0 0 0 0 0 0 0 0 0 0 0 0 
122 45 43 44 38 46 53 56 41 41 69 4 0 0 0 0 0 0 0 0 0 0 0 0 0 0 0 0 0 0 0 0 
37 11 19 23 16 28 16 16 14 9 25 5 0 0 0 0 0 0 0 0 0 0 0 0 0 0 0 0 0 0 0 0 
33 15 15 14 6 13 7 15 9 15 12 1 0 0 0 0 0 0 0 0 0 0 0 0 0 0 0 0 0 0 0 0 
139 109 97 106 127 96 119 110 106 90 91 23 0 0 0 0 0 0 0 0 0 0 0 0 0 0 0 0 0 0 0 0 
170 150 122 95 188 148 144 142 101 99 176 56 0 0 0 0 0 0 0 0 0 0 0 0 0 0 0 0 0 0 0 0 
51 37 39 32 28 33 26 37 36 33 19 4 0 0 0 0 0 0 0 0 0 0 0 0 0 0 0 0 0 0 0 0 
140 108 83 73 64 84 111 75 104 70 61 21 0 0 0 0 0 0 0 0 0 0 0 0 0 0 0 0 0 0 0 0 
74 72 52 39 51 64 49 46 30 68 50 31 0 0 0 0 0 0 0 0 0 0 0 0 0 0 0 0 0 0 0 0 
120 79 76 79 72 74 67 74 68 42 54 18 0 0 0 0 0 0 0 0 0 0 0 0 0 0 0 0 0 0 0 0 
18 18 10 15 24 17 13 17 21 19 12 3 0 0 0 0 0 0 0 0 0 0 0 0 0 0 0 0 0 0 0 0 
148 122 80 102 62 81 106 106 97 57 81 17 0 0 0 0 0 0 0 0 0 0 0 0 0 0 0 0 0 0 0 0 
71 42 45 52 76 42 54 33 43 57 48 21 0 0 0 0 0 0 0 0 0 0 0 0 0 0 0 0 0 0 0 0 
32 10 10 10 7 11 6 14 8 10 11 2 0 0 0 0 0 0 0 0 0 0 0 0 0 0 0 0 0 0 0 0 
72 53 53 62 46 45 58 53 38 68 53 21 0 0 0 0 0 0 0 0 0 0 0 0 0 0 0 0 0 0 0 0 
26 10 7 26 10 7 15 15 11 10 12 2 0 0 0 0 0 0 0 0 0 0 0 0 0 0 0 0 0 0 0 0 
213 124 112 134 123 122 113 114 106 137 106 40 0 0 0 0 0 0 0 0 0 0 0 0 0 0 0 0 0 0 0 0 
17 12 5 11 1 10 12 15 9 8 9 3 0 0 0 0 0 0 0 0 0 0 0 0 0 0 0 0 0 0 0 0 
80 60 53 47 38 50 62 47 47 53 54 14 0 0 0 0 0 0 0 0 0 0 0 0 0 0 0 0 0 0 0 0 
89 66 46 62 39 51 77 85 46 56 61 18 0 0 0 0 0 0 0 0 0 0 0 0 0 0 0 0 0 0 0 0 
30 16 21 10 21 6 22 17 14 16 14 3 0 0 0 0 0 0 0 0 0 0 0 0 0 0 0 0 0 0 0 0 
145 72 63 94 95 64 43 82 91 91 60 11 0 0 0 0 0 0 0 0 0 0 0 0 0 0 0 0 0 0 0 0 
215 95 117 148 196 111 181 115 154 150 129 32 0 0 0 0 0 0 0 0 0 0 0 0 0 0 0 0 0 0 0 0 
86 61 48 52 46 42 39 52 42 68 55 14 0 0 0 0 0 0 0 0 0 0 0 0 0 0 0 0 0 0 0 0 
66 44 51 47 33 41 42 40 36 30 57 9 0 0 0 0 0 0 0 0 0 0 0 0 0 0 0 0 0 0 0 0 
74 35 67 57 82 67 81 76 46 62 74 27 0 0 0 0 0 0 0 0 0 0 0 0 0 0 0 0 0 0 0 0 
91 50 41 64 44 55 56 56 63 64 50 40 0 0 0 0 0 0 0 0 0 0 0 0 0 0 0 0 0 0 0 0 
45 10 14 22 48 36 36 26 22 23 23 20 0 0 0 0 0 0 0 0 0 0 0 0 0 0 0 0 0 0 0 0 
270 222 241 281 316 215 282 207 224 189 238 72 0 0 0 0 0 0 0 0 0 0 0 0 0 0 0 0 0 0 0 0 
65 50 50 61 69 56 71 60 60 67 69 26 0 0 0 0 0 0 0 0 0 0 0 0 0 0 0 0 0 0 0 0 
21 2 20 22 21 10 24 11 16 15 7 7 0 0 0 0 0 0 0 0 0 0 0 0 0 0 0 0 0 0 0 0 
59 49 30 46 34 42 42 40 36 33 42 17 0 0 0 0 0 0 0 0 0 0 0 0 0 0 0 0 0 0 0 0 
53 34 24 32 21 17 37 39 24 51 59 15 0 0 0 0 0 0 0 0 0 0 0 0 0 0 0 0 0 0 0 0 
45 15 17 19 15 16 17 18 15 24 17 0 0 0 0 0 0 0 0 0 0 0 0 0 0 0 0 0 0 0 0 0 
72 44 43 19 12 22 31 27 26 28 22 5 0 0 0 0 0 0 0 0 0 0 0 0 0 0 0 0 0 0 0 0 
51 16 32 31 30 36 33 35 34 26 23 11 0 0 0 0 0 0 0 0 0 0 0 0 0 0 0 0 0 0 0 0 
231 181 174 188 211 196 163 184 171 143 154 57 0 0 0 0 0 0 0 0 0 0 0 0 0 0 0 0 0 0 0 0 
106 69 78 75 78 79 88 80 70 77 72 19 0 0 0 0 0 0 0 0 0 0 0 0 0 0 0 0 0 0 0 0 
32 23 15 14 22 16 15 18 16 5 9 11 0 0 0 0 0 0 0 0 0 0 0 0 0 0 0 0 0 0 0 0 
113 95 99 104 106 87 92 105 58 91 107 29 0 0 0 0 0 0 0 0 0 0 0 0 0 0 0 0 0 0 0 0 
24 18 20 5 10 12 13 7 16 12 8 3 0 0 0 0 0 0 0 0 0 0 0 0 0 0 0 0 0 0 0 0 
32 8 9 6 37 15 27 28 12 19 15 3 0 0 0 0 0 0 0 0 0 0 0 0 0 0 0 0 0 0 0 0 
370 217 263 226 356 253 252 233 197 277 246 80 0 0 0 0 0 0 0 0 0 0 0 0 0 0 0 0 0 0 0 0 
86 72 42 45 53 50 80 40 60 59 44 6 0 0 0 0 0 0 0 0 0 0 0 0 0 0 0 0 0 0 0 0 
69 53 51 58 52 36 53 32 54 37 43 0 0 0 0 0 0 0 0 0 0 0 0 0 0 0 0 0 0 0 0 0 
183 116 111 112 120 109 82 117 104 112 107 51 0 0 0 0 0 0 0 0 0 0 0 0 0 0 0 0 0 0 0 0 
77 76 58 86 54 64 37 61 66 33 62 10 0 0 0 0 0 0 0 0 0 0 0 0 0 0 0 0 0 0 0 0 
57 28 19 45 27 26 39 23 34 23 26 3 0 0 0 0 0 0 0 0 0 0 0 0 0 0 0 0 0 0 0 0 
42 12 13 24 21 25 21 16 28 27 14 2 0 0 0 0 0 0 0 0 0 0 0 0 0 0 0 0 0 0 0 0 
87 69 63 72 135 106 98 74 64 96 78 50 0 0 0 0 0 0 0 0 0 0 0 0 0 0 0 0 0 0 0 0 
144 114 105 73 76 111 124 88 118 106 77 26 0 0 0 0 0 0 0 0 0 0 0 0 0 0 0 0 0 0 0 0 
51 32 19 21 16 24 29 31 31 17 29 6 0 0 0 0 0 0 0 0 0 0 0 0 0 0 0 0 0 0 0 0 
63 37 48 44 30 48 33 22 50 33 38 14 0 0 0 0 0 0 0 0 0 0 0 0 0 0 0 0 0 0 0 0 
42 31 23 29 28 40 47 46 29 39 28 2 0 0 0 0 0 0 0 0 0 0 0 0 0 0 0 0 0 0 0 0 
81 49 39 33 59 36 43 47 43 38 54 24 0 0 0 0 0 0 0 0 0 0 0 0 0 0 0 0 0 0 0 0 
14 12 6 3 7 13 3 10 10 5 10 10 0 0 0 0 0 0 0 0 0 0 0 0 0 0 0 0 0 0 0 0 
251 146 194 185 209 254 216 205 184 209 181 83 0 0 0 0 0 0 0 0 0 0 0 0 0 0 0 0 0 0 0 0 
82 57 58 63 49 53 44 51 42 61 66 15 0 0 0 0 0 0 0 0 0 0 0 0 0 0 0 0 0 0 0 0 
77 72 42 56 55 51 56 71 48 62 56 16 0 0 0 0 0 0 0 0 0 0 0 0 0 0 0 0 0 0 0 0 
61 29 27 23 23 31 26 27 30 17 22 7 0 0 0 0 0 0 0 0 0 0 0 0 0 0 0 0 0 0 0 0 
33 24 18 18 38 22 23 25 22 15 21 9 0 0 0 0 0 0 0 0 0 0 0 0 0 0 0 0 0 0 0 0 
34 14 13 6 23 20 9 14 15 19 15 10 0 0 0 0 0 0 0 0 0 0 0 0 0 0 0 0 0 0 0 0 
78 46 84 51 88 60 57 60 55 33 66 15 0 0 0 0 0 0 0 0 0 0 0 0 0 0 0 0 0 0 0 0 
18 10 13 14 5 4 15 4 11 12 9 1 0 0 0 0 0 0 0 0 0 0 0 0 0 0 0 0 0 0 0 0 
41 21 13 17 5 21 13 13 12 24 14 5 0 0 0 0 0 0 0 0 0 0 0 0 0 0 0 0 0 0 0 0 
121 43 50 95 139 71 118 89 57 114 105 40 0 0 0 0 0 0 0 0 0 0 0 0 0 0 0 0 0 0 0 0 
155 43 94 96 154 125 165 126 60 149 161 34 0 0 0 0 0 0 0 0 0 0 0 0 0 0 0 0 0 0 0 0 
47 3 12 21 41 17 45 28 28 41 26 7 0 0 0 0 0 0 0 0 0 0 0 0 0 0 0 0 0 0 0 0 
56 20 23 42 31 28 23 37 35 32 24 6 0 0 0 0 0 0 0 0 0 0 0 0 0 0 0 0 0 0 0 0 
56 21 21 16 15 24 13 28 13 29 19 5 0 0 0 0 0 0 0 0 0 0 0 0 0 0 0 0 0 0 0 0 
45 23 34 26 20 21 17 26 22 29 28 3 0 0 0 0 0 0 0 0 0 0 0 0 0 0 0 0 0 0 0 0 
46 45 36 44 39 30 40 47 29 34 44 14 0 0 0 0 0 0 0 0 0 0 0 0 0 0 0 0 0 0 0 0 
35 19 35 16 38 31 20 25 22 23 21 4 0 0 0 0 0 0 0 0 0 0 0 0 0 0 0 0 0 0 0 0 
61 47 43 43 35 46 35 46 39 28 28 11 0 0 0 0 0 0 0 0 0 0 0 0 0 0 0 0 0 0 0 0 
19 10 3 6 5 6 5 7 7 5 6 3 0 0 0 0 0 0 0 0 0 0 0 0 0 0 0 0 0 0 0 0 
97 43 52 80 123 50 105 79 41 98 84 35 0 0 0 0 0 0 0 0 0 0 0 0 0 0 0 0 0 0 0 0 
89 59 41 43 73 60 48 48 62 42 71 11 0 0 0 0 0 0 0 0 0 0 0 0 0 0 0 0 0 0 0 0 
93 54 56 41 34 42 53 58 49 78 52 11 0 0 0 0 0 0 0 0 0 0 0 0 0 0 0 0 0 0 0 0 
45 48 47 34 30 17 26 26 25 36 30 5 0 0 0 0 0 0 0 0 0 0 0 0 0 0 0 0 0 0 0 0 
51 23 47 31 30 49 43 47 43 33 34 15 0 0 0 0 0 0 0 0 0 0 0 0 0 0 0 0 0 0 0 0 
76 61 59 74 35 46 67 47 38 53 41 2 0 0 0 0 0 0 0 0 0 0 0 0 0 0 0 0 0 0 0 0 
26 17 18 17 10 10 14 8 17 5 12 1 0 0 0 0 0 0 0 0 0 0 0 0 0 0 0 0 0 0 0 0 
60 56 53 31 31 51 45 26 51 38 28 17 0 0 0 0 0 0 0 0 0 0 0 0 0 0 0 0 0 0 0 0 
42 30 17 13 28 32 25 23 12 19 38 6 0 0 0 0 0 0 0 0 0 0 0 0 0 0 0 0 0 0 0 0 
106 128 53 90 76 73 106 79 92 87 60 21 0 0 0 0 0 0 0 0 0 0 0 0 0 0 0 0 0 0 0 0 
52 23 23 12 29 24 10 19 28 28 17 5 0 0 0 0 0 0 0 0 0 0 0 0 0 0 0 0 0 0 0 0 
75 50 49 74 126 104 109 73 30 65 91 32 0 0 0 0 0 0 0 0 0 0 0 0 0 0 0 0 0 0 0 0 
54 33 52 34 22 27 46 40 27 23 23 17 0 0 0 0 0 0 0 0 0 0 0 0 0 0 0 0 0 0 0 0 
43 20 37 20 40 24 26 17 27 26 34 8 0 0 0 0 0 0 0 0 0 0 0 0 0 0 0 0 0 0 0 0 
62 16 24 27 51 39 42 46 16 46 47 9 0 0 0 0 0 0 0 0 0 0 0 0 0 0 0 0 0 0 0 0 
96 50 93 80 114 71 75 67 67 88 72 22 0 0 0 0 0 0 0 0 0 0 0 0 0 0 0 0 0 0 0 0 
206 144 186 183 266 225 219 170 143 238 177 102 0 0 0 0 0 0 0 0 0 0 0 0 0 0 0 0 0 0 0 0 
60 23 42 30 27 37 32 28 34 28 16 9 0 0 0 0 0 0 0 0 0 0 0 0 0 0 0 0 0 0 0 0 
35 15 14 14 25 18 11 7 19 14 14 6 0 0 0 0 0 0 0 0 0 0 0 0 0 0 0 0 0 0 0 0 
23 20 13 15 12 19 11 12 6 9 21 4 0 0 0 0 0 0 0 0 0 0 0 0 0 0 0 0 0 0 0 0 
72 54 55 66 37 61 67 58 40 46 47 15 0 0 0 0 0 0 0 0 0 0 0 0 0 0 0 0 0 0 0 0 
17 5 10 13 5 8 14 7 16 7 7 6 0 0 0 0 0 0 0 0 0 0 0 0 0 0 0 0 0 0 0 0 
111 63 72 69 54 58 74 68 78 68 74 17 0 0 0 0 0 0 0 0 0 0 0 0 0 0 0 0 0 0 0 0 
90 56 79 65 50 54 68 54 58 46 40 35 0 0 0 0 0 0 0 0 0 0 0 0 0 0 0 0 0 0 0 0 
106 73 63 76 54 45 75 75 76 84 53 13 0 0 0 0 0 0 0 0 0 0 0 0 0 0 0 0 0 0 0 0 
54 42 45 27 26 44 37 29 20 49 31 18 0 0 0 0 0 0 0 0 0 0 0 0 0 0 0 0 0 0 0 0 
36 23 27 41 29 28 33 20 36 32 19 12 0 0 0 0 0 0 0 0 0 0 0 0 0 0 0 0 0 0 0 0 
40 54 38 33 12 22 42 29 23 22 12 4 0 0 0 0 0 0 0 0 0 0 0 0 0 0 0 0 0 0 0 0 
21 9 16 17 20 22 12 13 13 15 15 4 0 0 0 0 0 0 0 0 0 0 0 0 0 0 0 0 0 0 0 0 
21 4 7 17 9 5 15 17 12 7 5 3 0 0 0 0 0 0 0 0 0 0 0 0 0 0 0 0 0 0 0 0 
19 11 10 17 33 18 24 24 6 22 18 5 0 0 0 0 0 0 0 0 0 0 0 0 0 0 0 0 0 0 0 0 
104 59 48 72 113 73 86 67 52 66 44 23 0 0 0 0 0 0 0 0 0 0 0 0 0 0 0 0 0 0 0 0 
103 38 50 55 53 66 76 32 51 46 37 24 0 0 0 0 0 0 0 0 0 0 0 0 0 0 0 0 0 0 0 0 
36 11 16 30 18 14 21 11 20 16 14 0 0 0 0 0 0 0 0 0 0 0 0 0 0 0 0 0 0 0 0 0 
197 105 114 155 201 139 115 131 119 163 104 57 0 0 0 0 0 0 0 0 0 0 0 0 0 0 0 0 0 0 0 0 
32 8 28 31 36 11 21 4 14 29 10 0 0 0 0 0 0 0 0 0 0 0 0 0 0 0 0 0 0 0 0 0 
55 49 43 50 64 47 54 46 69 34 49 26 0 0 0 0 0 0 0 0 0 0 0 0 0 0 0 0 0 0 0 0 
87 44 53 66 65 51 80 44 57 27 42 29 0 0 0 0 0 0 0 0 0 0 0 0 0 0 0 0 0 0 0 0 
54 48 57 43 43 37 39 51 44 45 57 15 0 0 0 0 0 0 0 0 0 0 0 0 0 0 0 0 0 0 0 0 
47 25 58 42 55 40 41 60 42 23 70 8 0 0 0 0 0 0 0 0 0 0 0 0 0 0 0 0 0 0 0 0 
25 14 11 14 8 8 21 16 16 11 17 3 0 0 0 0 0 0 0 0 0 0 0 0 0 0 0 0 0 0 0 0 
50 21 26 15 16 8 23 21 17 19 23 11 0 0 0 0 0 0 0 0 0 0 0 0 0 0 0 0 0 0 0 0 
66 59 33 54 75 50 59 55 40 90 66 13 0 0 0 0 0 0 0 0 0 0 0 0 0 0 0 0 0 0 0 0 
28 26 15 16 7 9 20 21 14 18 14 2 0 0 0 0 0 0 0 0 0 0 0 0 0 0 0 0 0 0 0 0 
67 33 39 24 66 39 59 53 43 34 45 9 0 0 0 0 0 0 0 0 0 0 0 0 0 0 0 0 0 0 0 0 
94 42 93 87 153 90 79 65 66 75 77 30 0 0 0 0 0 0 0 0 0 0 0 0 0 0 0 0 0 0 0 0 
76 62 45 67 57 46 59 46 36 41 61 14 0 0 0 0 0 0 0 0 0 0 0 0 0 0 0 0 0 0 0 0 
65 60 60 47 40 56 38 39 61 43 33 32 0 0 0 0 0 0 0 0 0 0 0 0 0 0 0 0 0 0 0 0 
51 29 44 27 28 45 56 25 34 22 33 13 0 0 0 0 0 0 0 0 0 0 0 0 0 0 0 0 0 0 0 0 
110 77 86 82 66 80 76 81 86 81 61 34 0 0 0 0 0 0 0 0 0 0 0 0 0 0 0 0 0 0 0 0 
45 46 27 34 25 30 27 41 26 49 33 14 0 0 0 0 0 0 0 0 0 0 0 0 0 0 0 0 0 0 0 0 
105 78 62 80 44 67 37 67 61 54 65 27 0 0 0 0 0 0 0 0 0 0 0 0 0 0 0 0 0 0 0 0 
127 63 68 78 63 47 66 59 63 61 62 7 0 0 0 0 0 0 0 0 0 0 0 0 0 0 0 0 0 0 0 0 
93 52 46 84 53 39 67 58 69 38 62 18 0 0 0 0 0 0 0 0 0 0 0 0 0 0 0 0 0 0 0 0 
33 17 16 24 33 12 20 26 20 26 11 8 0 0 0 0 0 0 0 0 0 0 0 0 0 0 0 0 0 0 0 0 
41 6 12 17 26 12 21 23 22 14 17 5 0 0 0 0 0 0 0 0 0 0 0 0 0 0 0 0 0 0 0 0 
121 76 59 86 78 78 81 74 42 70 73 21 0 0 0 0 0 0 0 0 0 0 0 0 0 0 0 0 0 0 0 0 
75 33 47 37 42 45 41 45 32 24 41 12 0 0 0 0 0 0 0 0 0 0 0 0 0 0 0 0 0 0 0 0 
205 105 105 109 148 141 126 118 126 139 107 42 0 0 0 0 0 0 0 0 0 0 0 0 0 0 0 0 0 0 0 0 
78 35 39 35 54 39 34 17 25 43 40 20 0 0 0 0 0 0 0 0 0 0 0 0 0 0 0 0 0 0 0 0 
86 36 45 37 49 30 35 39 43 77 37 25 0 0 0 0 0 0 0 0 0 0 0 0 0 0 0 0 0 0 0 0 
17 2 1 4 16 13 12 10 4 14 7 5 0 0 0 0 0 0 0 0 0 0 0 0 0 0 0 0 0 0 0 0 
133 93 153 111 144 108 116 95 97 107 80 41 0 0 0 0 0 0 0 0 0 0 0 0 0 0 0 0 0 0 0 0 
34 15 18 20 19 10 25 8 12 11 18 0 0 0 0 0 0 0 0 0 0 0 0 0 0 0 0 0 0 0 0 0 
86 81 38 57 56 60 47 78 75 57 39 26 0 0 0 0 0 0 0 0 0 0 0 0 0 0 0 0 0 0 0 0 
73 34 52 42 35 39 41 45 31 38 47 23 0 0 0 0 0 0 0 0 0 0 0 0 0 0 0 0 0 0 0 0 
33 8 25 18 12 22 21 20 20 28 7 8 0 0 0 0 0 0 0 0 0 0 0 0 0 0 0 0 0 0 0 0 
75 50 60 66 105 88 102 59 68 92 83 27 0 0 0 0 0 0 0 0 0 0 0 0 0 0 0 0 0 0 0 0 
38 5 17 6 15 16 20 12 7 10 23 4 0 0 0 0 0 0 0 0 0 0 0 0 0 0 0 0 0 0 0 0 
55 35 29 34 27 34 29 30 52 40 38 15 0 0 0 0 0 0 0 0 0 0 0 0 0 0 0 0 0 0 0 0 
33 20 18 20 15 14 28 24 14 16 24 2 0 0 0 0 0 0 0 0 0 0 0 0 0 0 0 0 0 0 0 0 
103 159 91 146 139 135 69 103 132 98 54 33 0 0 0 0 0 0 0 0 0 0 0 0 0 0 0 0 0 0 0 0 
29 23 28 22 33 37 27 27 28 46 15 17 0 0 0 0 0 0 0 0 0 0 0 0 0 0 0 0 0 0 0 0 
52 51 18 36 38 36 19 33 24 27 27 24 0 0 0 0 0 0 0 0 0 0 0 0 0 0 0 0 0 0 0 0 
60 22 30 25 26 21 9 23 15 20 14 3 0 0 0 0 0 0 0 0 0 0 0 0 0 0 0 0 0 0 0 0 
48 42 25 41 26 21 39 26 31 38 33 14 0 0 0 0 0 0 0 0 0 0 0 0 0 0 0 0 0 0 0 0 
54 31 31 29 37 38 32 34 37 35 28 12 0 0 0 0 0 0 0 0 0 0 0 0 0 0 0 0 0 0 0 0 
54 39 52 53 46 53 58 33 33 42 61 9 0 0 0 0 0 0 0 0 0 0 0 0 0 0 0 0 0 0 0 0 
21 8 3 2 2 7 2 10 1 2 7 3 0 0 0 0 0 0 0 0 0 0 0 0 0 0 0 0 0 0 0 0 
35 25 26 28 29 11 24 11 16 17 22 0 0 0 0 0 0 0 0 0 0 0 0 0 0 0 0 0 0 0 0 0 
81 55 42 62 89 48 55 58 77 58 49 20 0 0 0 0 0 0 0 0 0 0 0 0 0 0 0 0 0 0 0 0 
27 14 29 17 12 22 9 27 18 19 11 4 0 0 0 0 0 0 0 0 0 0 0 0 0 0 0 0 0 0 0 0 
95 56 78 89 122 79 80 78 63 94 68 25 0 0 0 0 0 0 0 0 0 0 0 0 0 0 0 0 0 0 0 0 
124 79 90 99 117 95 98 109 84 93 85 11 0 0 0 0 0 0 0 0 0 0 0 0 0 0 0 0 0 0 0 0 
77 51 43 47 44 41 53 44 57 39 52 11 0 0 0 0 0 0 0 0 0 0 0 0 0 0 0 0 0 0 0 0 
19 6 7 11 8 17 13 20 11 8 8 2 0 0 0 0 0 0 0 0 0 0 0 0 0 0 0 0 0 0 0 0 
64 38 36 46 33 42 22 41 51 24 35 5 0 0 0 0 0 0 0 0 0 0 0 0 0 0 0 0 0 0 0 0 
14 5 7 6 0 2 8 5 7 4 5 0 0 0 0 0 0 0 0 0 0 0 0 0 0 0 0 0 0 0 0 0 
21 11 6 5 6 7 8 14 4 11 5 1 0 0 0 0 0 0 0 0 0 0 0 0 0 0 0 0 0 0 0 0 
37 15 14 8 10 18 25 24 13 12 12 5 0 0 0 0 0 0 0 0 0 0 0 0 0 0 0 0 0 0 0 0 
59 46 37 18 29 20 37 42 18 16 59 18 0 0 0 0 0 0 0 0 0 0 0 0 0 0 0 0 0 0 0 0 
