0 70 86 10 61 5 1 0 0 0 0 0 0 0 0 0 0 0 0 0 0 0 0 0 0 0 0 0 0 0 0 0 
4 18 17 17 134 1 0 0 0 0 0 0 0 0 0 0 0 0 0 0 0 0 0 0 0 0 0 0 0 0 0 0 
508 2492 2130 1759 934 1107 463 845 594 693 1016 699 362 126 243 60 29 0 0 0 0 0 0 0 0 0 0 0 0 0 0 0 
21 249 254 462 523 344 0 0 0 0 0 0 0 0 0 0 0 0 0 0 0 0 0 0 0 0 0 0 0 0 0 0 
186 727 564 392 397 186 365 303 415 349 159 193 214 132 60 1 290 11 0 0 0 0 0 0 0 0 0 0 0 0 0 0 
0 14 11 6 42 0 0 0 0 0 0 0 0 0 0 0 0 0 0 0 0 0 0 0 0 0 0 0 0 0 0 0 
0 200 79 32 112 9 11 7 2 146 2 1 0 0 22 0 0 0 0 0 0 0 0 0 0 0 0 0 0 0 0 0 
0 37 133 24 17 4 3 4 51 6 4 85 0 0 0 0 0 0 0 0 0 0 0 0 0 0 0 0 0 0 0 0 
0 145 56 19 10 11 140 6 0 2 1 51 0 0 0 0 0 0 0 0 0 0 0 0 0 0 0 0 0 0 0 0 
14 250 273 4 7 7 40 2 1 8 2 1 15 0 14 0 8 0 0 0 0 0 0 0 0 0 0 0 0 0 0 0 
0 0 0 0 0 0 0 0 0 0 0 0 0 0 0 0 0 0 0 0 0 0 0 0 0 0 0 0 0 0 0 0 
0 0 0 0 0 0 0 0 0 0 0 0 0 0 0 0 0 0 0 0 0 0 0 0 0 0 0 0 0 0 0 0 
0 14 11 6 42 0 0 0 0 0 0 0 0 0 0 0 0 0 0 0 0 0 0 0 0 0 0 0 0 0 0 0 
558 3123 2639 2055 1386 1361 1173 804 627 681 811 658 265 129 76 0 0 27 0 0 0 0 0 0 0 0 0 0 0 0 0 0 
0 0 0 0 0 0 0 0 0 0 0 0 0 0 0 0 0 0 0 0 0 0 0 0 0 0 0 0 0 0 0 0 
13 4 1 0 4 2 11 0 0 8 2 0 15 1 51 0 0 0 0 0 0 0 0 0 0 0 0 0 0 0 0 0 
6 0 1 0 0 1 3 0 0 8 0 0 0 1 51 0 0 0 0 0 0 0 0 0 0 0 0 0 0 0 0 0 
6 43 24 14 30 19 17 16 3 217 0 0 0 1 51 0 0 0 0 0 0 0 0 0 0 0 0 0 0 0 0 0 
0 0 0 0 0 0 0 0 0 0 0 0 0 0 0 0 0 0 0 0 0 0 0 0 0 0 0 0 0 0 0 0 
77 182 120 73 340 108 22 13 13 68 163 2 3 20 10 1 63 0 0 0 0 0 0 0 0 0 0 0 0 0 0 0 
6 43 24 14 30 19 17 16 3 217 0 0 0 1 51 0 0 0 0 0 0 0 0 0 0 0 0 0 0 0 0 0 
3 49 39 27 24 81 32 5 0 1 3 1 0 0 0 0 3 12 0 0 0 0 0 0 0 0 0 0 0 0 0 0 
126 527 307 133 592 139 33 60 17 208 264 4 5 81 57 2 120 0 0 0 0 0 0 0 0 0 0 0 0 0 0 0 
472 3095 2020 2408 1038 1234 942 919 864 1209 999 593 148 257 269 66 29 15 0 0 0 0 0 0 0 0 0 0 0 0 0 0 
12 70 57 43 131 46 0 0 0 0 0 0 0 0 0 0 0 0 0 0 0 0 0 0 0 0 0 0 0 0 0 0 
53 168 163 225 331 88 51 25 379 6 11 20 43 34 2 0 0 0 0 0 0 0 0 0 0 0 0 0 0 0 0 0 
273 1253 1111 720 834 274 142 80 259 636 45 4 5 62 51 0 0 0 0 0 0 0 0 0 0 0 0 0 0 0 0 0 
19 2621 1191 857 1032 431 132 313 52 266 3 1 0 2 3 0 0 0 0 0 0 0 0 0 0 0 0 0 0 0 0 0 
4 4516 3126 1973 1803 820 760 415 186 376 41 13 29 48 6 0 0 0 0 0 0 0 0 0 0 0 0 0 0 0 0 0 
67 67 57 38 181 28 24 12 3 47 163 2 2 21 59 0 59 0 0 0 0 0 0 0 0 0 0 0 0 0 0 0 
37 111 108 59 111 18 24 16 10 83 144 92 41 36 4 0 211 11 0 0 0 0 0 0 0 0 0 0 0 0 0 0 
82 87 123 64 208 23 40 14 24 78 22 101 45 38 1 0 28 20 0 0 0 0 0 0 0 0 0 0 0 0 0 0 
32 1 6 8 12 10 4 32 2 7 90 1 0 0 0 0 3 12 0 0 0 0 0 0 0 0 0 0 0 0 0 0 
0 0 0 0 0 0 0 0 0 0 0 0 0 0 0 0 0 0 0 0 0 0 0 0 0 0 0 0 0 0 0 0 
51 1056 64 51 24 46 11 47 15 11 390 17 145 0 1 0 3 9 0 0 0 0 0 0 0 0 0 0 0 0 0 0 
6 61 62 26 83 0 1 2 0 0 0 0 0 2 0 0 6 0 0 0 0 0 0 0 0 0 0 0 0 0 0 0 
3962 8500 5405 3232 3040 2185 992 1458 348 413 930 943 158 25 9 17 6 0 0 0 0 0 0 0 0 0 0 0 0 0 0 0 
2178 8005 5762 4167 4239 2620 1034 939 660 403 510 416 27 9 23 0 8 3 0 0 0 0 0 0 0 0 0 0 0 0 0 0 
0 10299 8240 5478 3830 2792 1893 2066 753 607 964 560 156 37 43 18 27 0 0 0 0 0 0 0 0 0 0 0 0 0 0 0 
475 9953 5823 3906 1677 1073 564 283 279 233 252 561 91 36 0 1 0 3 0 0 0 0 0 0 0 0 0 0 0 0 0 0 
1413 4143 2205 1207 1217 633 864 484 107 486 224 162 125 28 4 0 3 3 0 0 0 0 0 0 0 0 0 0 0 0 0 0 
634 3725 3457 2379 2394 1402 661 574 303 866 39 52 20 287 98 0 0 0 0 0 0 0 0 0 0 0 0 0 0 0 0 0 
342 688 540 646 603 143 114 53 464 232 8 12 4 21 2 0 6 0 0 0 0 0 0 0 0 0 0 0 0 0 0 0 
485 2009 1328 1201 773 447 344 309 19 467 12 12 13 72 86 0 13 0 0 0 0 0 0 0 0 0 0 0 0 0 0 0 
3524 6354 5658 4288 4269 2480 1849 1107 1010 1046 489 651 67 292 137 0 3 23 0 0 0 0 0 0 0 0 0 0 0 0 0 0 
2864 3312 2803 1774 2374 1505 1074 1077 235 825 108 289 47 20 91 0 0 0 0 0 0 0 0 0 0 0 0 0 0 0 0 0 
2776 5480 5208 4029 3385 2202 1182 401 458 327 152 523 64 281 132 2 29 0 0 0 0 0 0 0 0 0 0 0 0 0 0 0 
2894 2741 3626 2112 1949 1819 1470 920 447 252 684 531 37 49 222 161 0 0 0 0 0 0 0 0 0 0 0 0 0 0 0 0 
157 1699 683 572 489 117 510 255 11 289 11 208 0 2 3 0 0 0 0 0 0 0 0 0 0 0 0 0 0 0 0 0 
78 253 168 31 47 11 23 6 0 110 0 0 1 0 0 0 0 0 0 0 0 0 0 0 0 0 0 0 0 0 0 0 
315 802 858 430 433 183 42 23 137 326 13 94 2 0 5 0 4 33 0 0 0 0 0 0 0 0 0 0 0 0 0 0 
531 3226 1528 1244 833 593 450 399 285 406 18 34 16 264 1 1 37 0 0 0 0 0 0 0 0 0 0 0 0 0 0 0 
10 3 0 0 5 2 3 4 0 12 119 0 0 0 0 0 0 0 0 0 0 0 0 0 0 0 0 0 0 0 0 0 
3248 8094 5947 5044 3187 1858 1592 764 1120 1223 221 516 169 376 124 0 4 0 0 0 0 0 0 0 0 0 0 0 0 0 0 0 
2817 3988 3224 2377 1829 667 762 305 176 495 95 489 7 11 74 0 5 0 0 0 0 0 0 0 0 0 0 0 0 0 0 0 
2086 4856 2457 775 878 652 292 427 713 75 220 35 274 135 8 0 0 0 0 0 0 0 0 0 0 0 0 0 0 0 0 0 
254 1102 975 492 495 222 501 280 78 190 12 28 10 310 2 0 0 0 0 0 0 0 0 0 0 0 0 0 0 0 0 0 
1698 2855 2781 1412 1712 456 368 154 265 885 47 20 11 97 66 0 40 0 0 0 0 0 0 0 0 0 0 0 0 0 0 0 
2195 2649 2827 2237 1959 876 512 245 408 345 49 36 24 8 0 0 4 0 0 0 0 0 0 0 0 0 0 0 0 0 0 0 
967 2043 1783 1901 1239 622 112 563 109 244 60 19 10 47 0 0 0 0 0 0 0 0 0 0 0 0 0 0 0 0 0 0 
65 573 427 521 73 40 44 57 17 309 0 5 0 0 0 0 0 0 0 0 0 0 0 0 0 0 0 0 0 0 0 0 
1110 1688 1591 1509 843 888 458 197 655 722 302 20 0 11 0 0 0 0 0 0 0 0 0 0 0 0 0 0 0 0 0 0 
0 115 16 8 44 0 17 0 0 0 0 1 0 0 0 0 0 0 0 0 0 0 0 0 0 0 0 0 0 0 0 0 
4144 5571 4604 2963 1606 1009 860 701 319 693 1244 1443 481 153 85 0 4 76 0 0 0 0 0 0 0 0 0 0 0 0 0 0 
995 1234 1117 439 587 226 222 89 123 191 39 24 7 4 3 0 4 42 0 0 0 0 0 0 0 0 0 0 0 0 0 0 
517 1752 1551 1193 1196 1016 719 438 40 234 38 97 4 23 22 0 4 0 0 0 0 0 0 0 0 0 0 0 0 0 0 0 
1334 1900 1790 769 889 849 177 565 254 166 142 19 172 62 0 2 2 0 0 0 0 0 0 0 0 0 0 0 0 0 0 0 
3444 5612 5189 4266 2862 1531 1351 1379 1242 906 886 666 324 63 50 0 7 0 0 0 0 0 0 0 0 0 0 0 0 0 0 0 
6714 9987 9224 7030 3811 3221 2135 2011 1459 538 1217 827 173 97 37 23 54 0 0 0 0 0 0 0 0 0 0 0 0 0 0 0 
0 1100 1066 359 443 101 233 51 124 250 15 24 25 5 8 0 3 0 0 0 0 0 0 0 0 0 0 0 0 0 0 0 
7420 7273 6629 3882 1665 1574 867 1252 1292 566 1189 1240 1132 834 0 1 0 0 0 0 0 0 0 0 0 0 0 0 0 0 0 0 
682 1881 1692 1249 1744 1214 506 175 132 622 83 27 3 1 30 9 36 0 0 0 0 0 0 0 0 0 0 0 0 0 0 0 
2364 5386 3344 2024 1768 997 786 730 790 599 334 17 97 102 6 0 0 0 0 0 0 0 0 0 0 0 0 0 0 0 0 0 
2411 8071 5130 3435 2455 1493 1178 530 893 448 232 421 108 387 59 0 3 72 0 0 0 0 0 0 0 0 0 0 0 0 0 0 
163 466 431 120 301 155 43 60 2 20 31 69 1 2 0 0 0 0 0 0 0 0 0 0 0 0 0 0 0 0 0 0 
883 2981 1979 1779 1053 808 990 1116 982 693 496 481 452 68 70 5 61 3 0 0 0 0 0 0 0 0 0 0 0 0 0 0 
49 200 34 56 82 16 4 1 4 110 3 1 0 3 0 0 0 0 0 0 0 0 0 0 0 0 0 0 0 0 0 0 
2136 4432 4477 3735 2623 1905 1491 615 418 339 87 91 24 30 31 0 4 0 0 0 0 0 0 0 0 0 0 0 0 0 0 0 
885 1328 1123 719 843 542 868 455 456 100 16 232 29 270 1 0 0 0 0 0 0 0 0 0 0 0 0 0 0 0 0 0 
4 28 23 9 11 4 1 45 0 0 0 0 0 0 0 0 0 0 0 0 0 0 0 0 0 0 0 0 0 0 0 0 
11 387 196 125 150 20 21 5 6 56 4 2 1 0 0 0 0 0 0 0 0 0 0 0 0 0 0 0 0 0 0 0 
0 13 19 6 6 4 4 3 1 142 0 0 0 0 3 0 0 0 0 0 0 0 0 0 0 0 0 0 0 0 0 0 
1195 8182 4105 2333 1264 901 1175 911 412 282 235 832 151 332 81 0 0 0 0 0 0 0 0 0 0 0 0 0 0 0 0 0 
651 2762 1229 165 300 254 68 261 232 127 134 3 77 49 7 0 0 0 0 0 0 0 0 0 0 0 0 0 0 0 0 0 
948 3846 2312 1394 1180 1102 1047 629 33 236 46 317 8 61 96 1 0 0 0 0 0 0 0 0 0 0 0 0 0 0 0 0 
1397 1940 2381 1934 929 691 380 694 88 105 136 48 71 0 0 0 0 0 0 0 0 0 0 0 0 0 0 0 0 0 0 0 
1500 4153 3350 2717 2062 1093 1187 663 515 360 55 270 9 49 8 4 0 0 0 0 0 0 0 0 0 0 0 0 0 0 0 0 
4456 12115 7689 4760 3260 2609 1498 1826 1602 358 913 376 571 253 51 0 6 0 0 0 0 0 0 0 0 0 0 0 0 0 0 0 
396 2036 1298 1130 833 282 293 426 289 39 20 8 1 3 30 1 4 0 0 0 0 0 0 0 0 0 0 0 0 0 0 0 
382 454 371 240 337 230 328 276 7 300 4 3 1 6 34 0 0 0 0 0 0 0 0 0 0 0 0 0 0 0 0 0 
1402 5336 2826 1442 914 293 592 473 208 75 268 475 280 62 2 0 0 2 0 0 0 0 0 0 0 0 0 0 0 0 0 0 
565 1761 1669 1427 1359 866 547 193 58 154 162 312 3 51 0 0 0 0 0 0 0 0 0 0 0 0 0 0 0 0 0 0 
2204 3603 3632 3178 2430 1433 861 1375 358 205 59 417 6 55 17 0 0 3 0 0 0 0 0 0 0 0 0 0 0 0 0 0 
562 4049 4138 3174 2824 1294 894 758 789 326 340 184 53 36 2 10 44 0 0 0 0 0 0 0 0 0 0 0 0 0 0 0 
0 8113 5623 4554 2238 2016 1068 1470 1048 213 1001 501 339 41 3 1 0 0 0 0 0 0 0 0 0 0 0 0 0 0 0 0 
0 20 15 2 2 31 0 0 0 0 0 0 0 0 0 0 0 0 0 0 0 0 0 0 0 0 0 0 0 0 0 0 
1845 6819 4399 2474 2022 769 454 864 1132 781 381 404 158 52 0 0 0 0 0 0 0 0 0 0 0 0 0 0 0 0 0 0 
10409 9804 10859 8129 4948 3553 2331 1546 1018 1335 1737 547 35 69 22 0 0 0 0 0 0 0 0 0 0 0 0 0 0 0 0 0 
1214 1381 1370 607 879 322 401 179 366 772 79 395 0 3 0 0 0 0 0 0 0 0 0 0 0 0 0 0 0 0 0 0 
344 631 624 774 412 145 51 39 36 112 57 5 0 1 50 0 0 0 0 0 0 0 0 0 0 0 0 0 0 0 0 0 
666 1957 1002 503 203 44 45 155 181 130 16 3 16 12 0 0 44 0 0 0 0 0 0 0 0 0 0 0 0 0 0 0 
693 3213 997 520 193 107 83 153 102 36 156 125 21 269 1 0 0 0 0 0 0 0 0 0 0 0 0 0 0 0 0 0 
825 2211 2480 2151 1282 914 633 123 341 189 137 136 35 23 2 0 1 0 0 0 0 0 0 0 0 0 0 0 0 0 0 0 
649 2432 2305 1564 1262 567 300 597 279 462 96 9 0 1 34 0 0 0 0 0 0 0 0 0 0 0 0 0 0 0 0 0 
0 0 0 0 0 0 0 0 0 0 0 0 0 0 0 0 0 0 0 0 0 0 0 0 0 0 0 0 0 0 0 0 
0 0 0 0 0 0 0 0 0 0 0 0 0 0 0 0 0 0 0 0 0 0 0 0 0 0 0 0 0 0 0 0 
3488 5021 4435 3636 1341 1223 788 1519 148 366 1829 1670 461 13 28 0 1 0 0 0 0 0 0 0 0 0 0 0 0 0 0 0 
1583 4197 3293 2799 1561 1106 797 1006 1068 417 414 146 38 4 3 12 3 0 0 0 0 0 0 0 0 0 0 0 0 0 0 0 
120 480 512 630 317 36 31 6 4 9 3 0 0 1 2 0 0 0 0 0 0 0 0 0 0 0 0 0 0 0 0 0 
727 1313 1559 1951 552 410 642 603 39 25 111 148 28 52 126 55 36 0 0 0 0 0 0 0 0 0 0 0 0 0 0 0 
426 1556 1871 1727 730 399 342 346 27 58 463 65 164 3 11 13 0 0 0 0 0 0 0 0 0 0 0 0 0 0 0 0 
274 441 237 140 115 354 53 33 67 8 0 1 0 0 0 0 0 0 0 0 0 0 0 0 0 0 0 0 0 0 0 0 
2866 6987 4482 2256 1716 1337 586 949 974 223 393 509 411 122 23 2 0 0 0 0 0 0 0 0 0 0 0 0 0 0 0 0 
756 1302 1132 1054 561 398 410 119 576 479 132 548 251 49 10 0 0 0 0 0 0 0 0 0 0 0 0 0 0 0 0 0 
1651 8443 5503 3488 1960 1498 1059 832 1200 271 469 292 138 160 23 2 0 0 0 0 0 0 0 0 0 0 0 0 0 0 0 0 
160 1376 1556 1010 671 238 371 320 578 186 169 6 29 3 2 0 0 0 0 0 0 0 0 0 0 0 0 0 0 0 0 0 
5146 9694 7622 5128 2427 2418 1180 759 791 413 963 571 361 166 7 12 3 9 0 0 0 0 0 0 0 0 0 0 0 0 0 0 
1135 6924 4374 4058 1367 942 998 1167 1891 347 339 480 131 143 45 0 6 0 0 0 0 0 0 0 0 0 0 0 0 0 0 0 
104 310 280 131 261 139 136 4 3 5 12 0 0 0 1 0 0 0 0 0 0 0 0 0 0 0 0 0 0 0 0 0 
571 1392 1321 749 286 271 196 40 39 331 42 229 15 12 76 0 0 0 0 0 0 0 0 0 0 0 0 0 0 0 0 0 
6139 10913 7983 5377 2676 1887 1683 1421 1232 978 1094 1023 427 233 65 1 4 0 0 0 0 0 0 0 0 0 0 0 0 0 0 0 
2241 5939 3282 2180 1241 875 369 777 1069 462 390 288 122 45 6 6 0 0 0 0 0 0 0 0 0 0 0 0 0 0 0 0 
1742 3794 3771 2788 1782 1107 612 719 635 940 403 209 111 33 46 0 0 0 0 0 0 0 0 0 0 0 0 0 0 0 0 0 
345 622 354 177 388 280 221 16 13 178 12 248 0 6 56 0 0 0 0 0 0 0 0 0 0 0 0 0 0 0 0 0 
0 421 259 462 326 208 87 36 369 2 1 0 0 0 0 0 5 0 0 0 0 0 0 0 0 0 0 0 0 0 0 0 
2660 3889 4184 3607 1662 1197 797 263 529 617 254 447 9 263 13 0 0 0 0 0 0 0 0 0 0 0 0 0 0 0 0 0 
1079 1809 1814 1632 1034 364 265 107 65 234 67 275 10 10 58 0 0 0 0 0 0 0 0 0 0 0 0 0 0 0 0 0 
3521 7779 3835 1412 1260 633 404 514 1164 85 294 178 402 281 3 0 0 0 0 0 0 0 0 0 0 0 0 0 0 0 0 0 
26 57 71 62 40 262 3 0 0 1 6 0 0 0 0 0 0 0 0 0 0 0 0 0 0 0 0 0 0 0 0 0 
0 14 11 6 42 0 0 0 0 0 0 0 0 0 0 0 0 0 0 0 0 0 0 0 0 0 0 0 0 0 0 0 
1838 2377 2024 1973 2274 750 768 385 496 349 48 342 22 281 55 0 9 0 0 0 0 0 0 0 0 0 0 0 0 0 0 0 
1121 1440 2186 1606 561 799 774 576 1445 376 293 180 82 322 24 0 0 0 0 0 0 0 0 0 0 0 0 0 0 0 0 0 
3605 7905 7269 6643 2914 2737 2268 2384 2672 1013 392 377 176 691 48 1 0 0 0 0 0 0 0 0 0 0 0 0 0 0 0 0 
610 1043 538 422 551 192 80 62 57 189 70 125 31 0 0 0 0 0 0 0 0 0 0 0 0 0 0 0 0 0 0 0 
740 1942 2046 1902 1228 493 251 214 284 502 48 84 5 12 36 0 0 0 0 0 0 0 0 0 0 0 0 0 0 0 0 0 
1012 1321 1420 1122 1117 976 669 386 294 361 30 54 21 42 35 0 0 0 0 0 0 0 0 0 0 0 0 0 0 0 0 0 
8449 5216 5808 4552 2891 2620 1787 994 2589 656 588 540 242 413 139 3 16 25 0 0 0 0 0 0 0 0 0 0 0 0 0 0 
3048 2555 2776 2190 1155 918 966 694 1743 389 69 165 49 334 22 0 3 4 0 0 0 0 0 0 0 0 0 0 0 0 0 0 
688 1260 1330 1299 1248 843 483 276 12 34 17 220 0 29 39 0 7 0 0 0 0 0 0 0 0 0 0 0 0 0 0 0 
349 960 664 727 247 310 135 96 42 98 146 225 4 0 0 0 3 0 0 0 0 0 0 0 0 0 0 0 0 0 0 0 
769 4810 3080 1884 863 716 839 935 867 735 66 37 66 610 7 0 3 8 0 0 0 0 0 0 0 0 0 0 0 0 0 0 
130 181 218 231 103 62 119 47 269 190 1 60 1 20 0 0 0 0 0 0 0 0 0 0 0 0 0 0 0 0 0 0 
770 1049 1873 940 190 231 102 119 30 587 549 518 262 0 3 0 0 0 0 0 0 0 0 0 0 0 0 0 0 0 0 0 
4578 4226 3160 1909 2579 1334 1345 620 539 818 241 695 201 45 148 0 0 0 0 0 0 0 0 0 0 0 0 0 0 0 0 0 
58 820 608 302 321 353 495 289 66 25 15 216 4 42 22 0 0 0 0 0 0 0 0 0 0 0 0 0 0 0 0 0 
278 1920 1872 2108 1063 757 769 324 127 198 58 226 22 317 91 3 1 0 0 0 0 0 0 0 0 0 0 0 0 0 0 0 
8343 13016 8827 5243 2324 2614 1166 1434 1336 406 1884 1251 409 239 38 41 0 2 0 0 0 0 0 0 0 0 0 0 0 0 0 0 
340 476 482 247 528 377 470 405 12 257 133 2 0 22 0 0 0 0 0 0 0 0 0 0 0 0 0 0 0 0 0 0 
422 811 701 258 715 235 115 30 49 371 21 89 1 0 4 0 0 0 0 0 0 0 0 0 0 0 0 0 0 0 0 0 
3077 5648 2496 1261 789 363 527 522 341 84 250 390 310 167 3 0 0 0 0 0 0 0 0 0 0 0 0 0 0 0 0 0 
3513 6071 5479 4770 2674 2256 1617 1509 648 507 893 497 85 323 64 2 35 5 0 0 0 0 0 0 0 0 0 0 0 0 0 0 
4 0 2 0 2 0 0 0 0 0 0 0 0 0 0 0 0 0 0 0 0 0 0 0 0 0 0 0 0 0 0 0 
174 351 331 337 134 305 339 305 19 80 52 63 165 0 11 0 0 0 0 0 0 0 0 0 0 0 0 0 0 0 0 0 
482 1926 2045 1431 1009 1530 792 413 257 171 470 17 2 46 7 13 0 0 0 0 0 0 0 0 0 0 0 0 0 0 0 0 
2997 4190 4344 3577 2099 2057 1433 869 532 432 631 962 313 275 20 33 19 7 0 0 0 0 0 0 0 0 0 0 0 0 0 0 
0 14 11 6 42 0 0 0 0 0 0 0 0 0 0 0 0 0 0 0 0 0 0 0 0 0 0 0 0 0 0 0 
1553 8296 3549 2354 748 732 460 506 1238 317 210 312 165 372 2 0 0 0 0 0 0 0 0 0 0 0 0 0 0 0 0 0 
4101 10126 5317 2997 1192 1290 720 1182 655 93 935 480 234 130 15 21 0 0 0 0 0 0 0 0 0 0 0 0 0 0 0 0 
494 2629 2977 1963 1350 875 459 585 146 173 538 9 5 6 6 0 3 0 0 0 0 0 0 0 0 0 0 0 0 0 0 0 
1750 3431 2993 2301 1748 731 478 250 174 501 128 468 13 3 37 0 0 0 0 0 0 0 0 0 0 0 0 0 0 0 0 0 
638 1343 913 655 649 277 355 103 487 657 19 225 5 11 0 0 0 0 0 0 0 0 0 0 0 0 0 0 0 0 0 0 
156 456 285 159 89 131 131 544 19 6 17 6 1 2 5 2 0 0 0 0 0 0 0 0 0 0 0 0 0 0 0 0 
564 832 722 927 483 227 448 352 366 298 27 21 22 273 3 0 0 0 0 0 0 0 0 0 0 0 0 0 0 0 0 0 
1 3365 3523 2465 1940 1414 1031 613 579 344 226 235 8 30 90 21 0 0 0 0 0 0 0 0 0 0 0 0 0 0 0 0 
280 227 226 119 113 94 16 113 51 14 8 4 7 0 0 0 0 0 0 0 0 0 0 0 0 0 0 0 0 0 0 0 
335 629 619 515 765 445 191 53 94 184 8 12 0 22 0 0 0 0 0 0 0 0 0 0 0 0 0 0 0 0 0 0 
0 50 64 57 167 0 0 0 0 0 0 0 0 0 0 0 0 0 0 0 0 0 0 0 0 0 0 0 0 0 0 0 
1274 4551 1933 1147 603 483 631 549 722 318 151 225 253 415 4 0 0 0 0 0 0 0 0 0 0 0 0 0 0 0 0 0 
1685 5423 3331 2745 1216 1276 702 365 1007 113 354 632 306 111 6 0 0 0 0 0 0 0 0 0 0 0 0 0 0 0 0 0 
378 786 680 482 523 499 238 48 7 64 13 8 8 26 25 1 0 0 0 0 0 0 0 0 0 0 0 0 0 0 0 0 
558 3958 2824 2773 1150 659 631 366 94 202 49 34 13 37 91 0 0 0 0 0 0 0 0 0 0 0 0 0 0 0 0 0 
5387 4248 4551 3294 2072 1689 1786 1172 283 1204 407 242 18 66 306 172 3 0 0 0 0 0 0 0 0 0 0 0 0 0 0 0 
2275 6975 4696 2359 2117 1033 1006 666 1342 267 197 310 212 405 43 0 0 0 0 0 0 0 0 0 0 0 0 0 0 0 0 0 
401 5636 2033 1147 859 783 315 570 395 21 203 152 73 0 2 0 2 36 0 0 0 0 0 0 0 0 0 0 0 0 0 0 
173 614 898 1188 226 114 283 26 24 17 68 142 6 0 0 0 0 0 0 0 0 0 0 0 0 0 0 0 0 0 0 0 
13 1183 298 386 52 58 259 235 1 8 1 0 0 2 28 0 0 0 0 0 0 0 0 0 0 0 0 0 0 0 0 0 
3933 7339 4899 3650 1527 2075 1234 1468 1910 536 997 681 633 222 73 2 2 30 0 0 0 0 0 0 0 0 0 0 0 0 0 0 
3187 11006 5449 3175 1681 1121 679 1109 858 266 488 766 422 157 0 0 5 0 0 0 0 0 0 0 0 0 0 0 0 0 0 0 
1045 1599 1665 1338 1170 834 415 299 52 605 315 15 3 7 0 0 0 0 0 0 0 0 0 0 0 0 0 0 0 0 0 0 
469 953 790 663 467 291 146 39 25 508 12 228 3 348 57 0 0 0 0 0 0 0 0 0 0 0 0 0 0 0 0 0 
924 2507 1289 692 568 432 658 430 463 205 29 22 21 376 59 0 4 24 0 0 0 0 0 0 0 0 0 0 0 0 0 0 
0 230 241 80 281 3 1 5 5 6 10 86 0 0 0 0 1 1 0 0 0 0 0 0 0 0 0 0 0 0 0 0 
432 3233 1914 1919 775 402 148 800 651 47 627 89 20 3 4 0 0 0 0 0 0 0 0 0 0 0 0 0 0 0 0 0 
1620 4274 2211 2035 984 785 681 898 969 87 573 301 72 13 45 0 16 0 0 0 0 0 0 0 0 0 0 0 0 0 0 0 
1038 1372 1666 1380 925 1158 587 413 33 18 544 156 12 24 0 0 0 0 0 0 0 0 0 0 0 0 0 0 0 0 0 0 
7347 7672 6602 5273 2617 2669 2057 1011 2268 618 715 774 281 478 180 0 7 36 0 0 0 0 0 0 0 0 0 0 0 0 0 0 
275 1314 1132 1774 502 244 116 662 421 26 550 128 11 0 0 0 0 0 0 0 0 0 0 0 0 0 0 0 0 0 0 0 
283 801 818 566 597 300 475 336 239 158 25 24 2 25 4 19 0 0 0 0 0 0 0 0 0 0 0 0 0 0 0 0 
405 698 1028 686 239 168 550 36 46 262 30 213 1 14 38 0 0 0 0 0 0 0 0 0 0 0 0 0 0 0 0 0 
2556 4461 4064 3055 2222 1221 832 403 885 945 501 499 106 376 4 9 38 0 0 0 0 0 0 0 0 0 0 0 0 0 0 0 
711 1643 1961 2335 1019 535 275 634 289 264 646 231 246 2 1 9 38 0 0 0 0 0 0 0 0 0 0 0 0 0 0 0 
4614 8033 5414 3482 2163 1122 618 569 1550 636 345 397 380 256 7 0 0 0 0 0 0 0 0 0 0 0 0 0 0 0 0 0 
1448 2513 2699 2279 1762 824 861 954 342 1010 422 250 26 6 56 0 1 14 0 0 0 0 0 0 0 0 0 0 0 0 0 0 
1341 1353 1414 1168 718 1235 1003 397 27 57 180 339 93 38 87 20 0 0 0 0 0 0 0 0 0 0 0 0 0 0 0 0 
1423 3040 3154 3292 984 792 732 280 1245 858 197 569 28 107 40 0 0 0 0 0 0 0 0 0 0 0 0 0 0 0 0 0 
811 1707 2294 1728 811 785 452 326 495 397 731 486 56 405 97 0 1 0 0 0 0 0 0 0 0 0 0 0 0 0 0 0 
1182 2575 2359 1570 220 555 405 321 71 512 918 1411 309 76 18 0 2 0 0 0 0 0 0 0 0 0 0 0 0 0 0 0 
4 25 42 11 16 8 2 6 3 53 4 0 0 0 2 0 0 0 0 0 0 0 0 0 0 0 0 0 0 0 0 0 
177 54 104 73 92 59 170 42 21 17 226 91 3 37 4 0 1 2 0 0 0 0 0 0 0 0 0 0 0 0 0 0 
1883 7587 2742 1703 989 498 261 790 398 269 297 463 143 32 0 0 5 0 0 0 0 0 0 0 0 0 0 0 0 0 0 0 
2552 6241 5438 4647 2432 2358 1280 609 729 458 514 142 41 51 12 0 2 0 0 0 0 0 0 0 0 0 0 0 0 0 0 0 
3823 4920 5324 4485 2305 2543 1892 1179 2069 763 225 467 128 629 80 0 3 16 0 0 0 0 0 0 0 0 0 0 0 0 0 0 
1862 2927 3875 2776 1909 1365 906 649 691 214 586 139 7 6 6 2 0 0 0 0 0 0 0 0 0 0 0 0 0 0 0 0 
876 4372 1562 636 161 235 110 226 231 35 108 153 186 136 75 3 0 0 0 0 0 0 0 0 0 0 0 0 0 0 0 0 
1920 2280 1511 560 1099 708 642 127 47 320 50 659 3 274 119 0 0 0 0 0 0 0 0 0 0 0 0 0 0 0 0 0 
0 46 64 53 33 252 0 0 0 0 0 0 0 0 0 0 0 0 0 0 0 0 0 0 0 0 0 0 0 0 0 0 
0 456 538 614 105 195 111 43 282 170 4 3 5 2 0 0 0 0 0 0 0 0 0 0 0 0 0 0 0 0 0 0 
90 393 33 19 115 4 9 0 4 2 0 0 0 3 0 0 0 0 0 0 0 0 0 0 0 0 0 0 0 0 0 0 
7612 10346 7892 5855 3530 2907 1341 1234 1137 663 796 1025 446 295 53 7 5 15 0 0 0 0 0 0 0 0 0 0 0 0 0 0 
1054 2573 1938 1315 1424 1119 1290 947 738 274 140 657 32 355 93 0 0 0 0 0 0 0 0 0 0 0 0 0 0 0 0 0 
543 2422 2530 2433 1567 1404 1040 471 664 452 78 428 71 326 3 0 0 0 0 0 0 0 0 0 0 0 0 0 0 0 0 0 
5 7271 4626 3679 2057 1878 1381 829 1909 589 351 631 114 391 14 0 6 0 0 0 0 0 0 0 0 0 0 0 0 0 0 0 
1200 7331 3361 1134 763 517 337 492 1051 157 141 267 128 188 5 0 0 0 0 0 0 0 0 0 0 0 0 0 0 0 0 0 
1243 2538 3113 2449 1316 1159 833 1276 530 86 845 248 121 28 8 16 0 0 0 0 0 0 0 0 0 0 0 0 0 0 0 0 
161 813 921 1252 683 119 45 7 1 3 4 4 0 0 1 0 0 0 0 0 0 0 0 0 0 0 0 0 0 0 0 0 
1563 2882 2997 2616 1518 759 525 703 823 534 481 14 19 63 46 0 0 0 0 0 0 0 0 0 0 0 0 0 0 0 0 0 
0 14 11 6 42 0 0 0 0 0 0 0 0 0 0 0 0 0 0 0 0 0 0 0 0 0 0 0 0 0 0 0 
43 3 0 1 2 2 27 0 0 0 0 0 0 0 0 0 0 0 0 0 0 0 0 0 0 0 0 0 0 0 0 0 
85 1821 698 1237 130 273 44 3 3 2 16 10 1 0 0 0 0 0 0 0 0 0 0 0 0 0 0 0 0 0 0 0 
1005 4398 1755 881 303 357 262 226 394 36 192 222 361 274 0 0 0 0 0 0 0 0 0 0 0 0 0 0 0 0 0 0 
1101 2662 3519 3519 1451 1497 1128 826 135 238 362 304 64 327 59 0 8 0 0 0 0 0 0 0 0 0 0 0 0 0 0 0 
4595 8442 7795 6251 2260 1898 1206 1077 1172 1053 1853 2656 491 66 21 17 6 0 0 0 0 0 0 0 0 0 0 0 0 0 0 0 
3609 6326 5382 4710 1767 2324 1385 1472 1795 523 1175 512 332 169 114 2 3 0 0 0 0 0 0 0 0 0 0 0 0 0 0 0 
765 5081 2376 1883 971 865 463 848 326 42 475 150 117 320 1 0 0 0 0 0 0 0 0 0 0 0 0 0 0 0 0 0 
3727 5905 5421 4341 3762 2113 1686 1161 1679 711 496 304 117 271 10 0 7 0 0 0 0 0 0 0 0 0 0 0 0 0 0 0 
1829 3593 3078 2255 1222 929 808 996 1167 135 167 29 124 32 2 5 0 0 0 0 0 0 0 0 0 0 0 0 0 0 0 0 
1816 3972 4488 3035 1788 2169 879 1095 259 109 921 529 97 34 5 4 0 0 0 0 0 0 0 0 0 0 0 0 0 0 0 0 
2225 5584 4429 3446 1886 1885 1644 739 1923 627 513 487 164 319 32 9 40 0 0 0 0 0 0 0 0 0 0 0 0 0 0 0 
1262 2129 2326 1810 1103 938 1215 502 98 62 149 128 20 47 224 69 0 0 0 0 0 0 0 0 0 0 0 0 0 0 0 0 
7053 6552 6066 4106 2152 2329 2113 1654 265 190 1249 750 182 68 301 203 0 0 0 0 0 0 0 0 0 0 0 0 0 0 0 0 
414 1204 729 590 469 268 229 141 424 528 13 2 0 0 0 0 0 0 0 0 0 0 0 0 0 0 0 0 0 0 0 0 
496 4305 3659 3240 1551 1167 623 685 717 199 589 237 82 19 2 4 0 0 0 0 0 0 0 0 0 0 0 0 0 0 0 0 
400 1813 1948 1359 1697 621 462 132 52 419 31 136 1 6 1 2 0 0 0 0 0 0 0 0 0 0 0 0 0 0 0 0 
994 2932 1406 1631 1069 322 208 406 151 660 175 8 0 2 3 4 0 0 0 0 0 0 0 0 0 0 0 0 0 0 0 0 
472 4000 1872 1452 657 424 442 492 642 192 141 231 110 63 2 0 0 0 0 0 0 0 0 0 0 0 0 0 0 0 0 0 
3220 6903 7074 5619 2714 2388 1140 1865 350 257 1900 927 142 57 6 1 0 0 0 0 0 0 0 0 0 0 0 0 0 0 0 0 
1955 4745 5309 4970 2229 1449 1040 865 479 186 789 418 95 13 3 1 30 0 0 0 0 0 0 0 0 0 0 0 0 0 0 0 
306 2024 2026 2108 515 431 234 95 594 52 157 131 79 143 0 0 2 0 0 0 0 0 0 0 0 0 0 0 0 0 0 0 
1403 3173 3611 3280 1113 1055 1086 983 1390 399 666 283 77 91 0 4 0 0 0 0 0 0 0 0 0 0 0 0 0 0 0 0 
5183 7715 8104 5938 3294 3188 1953 2472 1197 584 2177 840 218 26 4 0 0 0 0 0 0 0 0 0 0 0 0 0 0 0 0 0 
3930 7212 8005 6349 3400 3603 1689 2825 1089 670 1374 833 180 77 22 1 5 0 0 0 0 0 0 0 0 0 0 0 0 0 0 0 
107 538 642 878 618 106 171 28 9 16 20 9 0 0 0 0 0 0 0 0 0 0 0 0 0 0 0 0 0 0 0 0 
902 2705 2516 2951 1208 904 754 379 265 51 144 28 62 38 51 0 8 0 0 0 0 0 0 0 0 0 0 0 0 0 0 0 
2265 3302 3893 3377 2042 902 632 895 468 1013 92 95 10 17 23 0 0 0 0 0 0 0 0 0 0 0 0 0 0 0 0 0 
2655 5203 6526 5451 2578 1831 1646 1209 1037 933 785 43 53 79 29 13 1 0 0 0 0 0 0 0 0 0 0 0 0 0 0 0 
2128 3415 4312 3389 2393 1390 1019 1109 777 532 266 158 23 34 30 28 0 0 0 0 0 0 0 0 0 0 0 0 0 0 0 0 
2055 4422 4336 3065 1665 1429 788 752 627 396 441 133 36 40 53 1 4 0 0 0 0 0 0 0 0 0 0 0 0 0 0 0 
196 515 499 370 321 164 101 60 452 33 24 2 0 0 0 0 0 0 0 0 0 0 0 0 0 0 0 0 0 0 0 0 
299 1495 1262 1894 520 532 237 492 970 54 128 135 29 3 3 1 1 0 0 0 0 0 0 0 0 0 0 0 0 0 0 0 
1781 8481 6079 5021 2641 2473 1576 2949 1458 404 438 255 86 61 57 1 2 0 0 0 0 0 0 0 0 0 0 0 0 0 0 0 
699 2284 1593 736 713 955 241 148 135 56 750 178 57 48 2 0 0 0 0 0 0 0 0 0 0 0 0 0 0 0 0 0 
743 1589 1889 2152 1008 678 592 179 446 295 60 57 23 306 2 0 0 0 0 0 0 0 0 0 0 0 0 0 0 0 0 0 
1898 7981 4303 2870 1725 1221 608 1321 271 85 1146 492 202 126 0 0 0 0 0 0 0 0 0 0 0 0 0 0 0 0 0 0 
526 1272 1582 1358 707 653 316 1212 35 49 993 462 32 0 0 0 0 0 0 0 0 0 0 0 0 0 0 0 0 0 0 0 
1903 4744 5369 3866 2375 1904 1175 1697 159 126 1462 747 131 52 6 17 0 0 0 0 0 0 0 0 0 0 0 0 0 0 0 0 
1685 4230 3452 2609 1104 953 469 1111 863 119 1306 668 102 3 8 0 0 0 0 0 0 0 0 0 0 0 0 0 0 0 0 0 
924 2135 2609 2555 1120 1084 424 987 557 66 1014 21 42 34 44 0 5 0 0 0 0 0 0 0 0 0 0 0 0 0 0 0 
391 1168 1252 991 798 930 379 333 170 34 608 101 7 5 6 0 0 0 0 0 0 0 0 0 0 0 0 0 0 0 0 0 
3991 4796 5796 4579 2272 2181 1417 1896 911 554 1107 875 114 14 45 17 16 0 0 0 0 0 0 0 0 0 0 0 0 0 0 0 
1171 5422 4237 3570 1764 1487 733 1206 603 116 707 489 246 77 10 13 2 0 0 0 0 0 0 0 0 0 0 0 0 0 0 0 
4052 8268 7620 5198 2984 2988 1539 1980 385 182 1689 778 141 39 19 19 2 0 0 0 0 0 0 0 0 0 0 0 0 0 0 0 
1071 2037 2026 1983 1151 858 510 1188 67 46 1081 410 68 9 5 0 6 0 0 0 0 0 0 0 0 0 0 0 0 0 0 0 
1941 6136 3916 2487 1266 1086 982 751 1898 359 385 280 202 484 15 0 0 0 0 0 0 0 0 0 0 0 0 0 0 0 0 0 
3831 7631 5249 4406 1626 2014 1364 1900 1185 404 1574 742 201 196 206 78 0 0 0 0 0 0 0 0 0 0 0 0 0 0 0 0 
1698 3834 4491 3038 1928 1727 575 860 182 203 1352 419 89 3 3 0 1 0 0 0 0 0 0 0 0 0 0 0 0 0 0 0 
3630 6062 5855 4609 1921 2138 961 1502 769 295 1252 676 283 62 49 14 2 0 0 0 0 0 0 0 0 0 0 0 0 0 0 0 
1019 2610 3071 3392 864 1582 774 596 1338 554 806 498 107 149 3 0 0 0 0 0 0 0 0 0 0 0 0 0 0 0 0 0 
90 1267 1007 900 536 717 270 1084 145 40 237 160 11 0 0 0 0 0 0 0 0 0 0 0 0 0 0 0 0 0 0 0 
308 1744 1825 1296 791 458 173 387 163 126 153 82 30 4 5 0 0 0 0 0 0 0 0 0 0 0 0 0 0 0 0 0 
2220 4439 5339 4567 2558 1886 1151 1697 540 146 1440 579 133 46 17 35 0 0 0 0 0 0 0 0 0 0 0 0 0 0 0 0 
626 1454 1752 1900 629 359 200 256 442 309 324 100 0 2 0 0 0 0 0 0 0 0 0 0 0 0 0 0 0 0 0 0 
2832 3805 2385 2041 1099 1021 749 979 847 329 342 46 127 9 23 3 11 87 0 0 0 0 0 0 0 0 0 0 0 0 0 0 
600 1319 1009 1562 865 530 477 843 1096 124 109 140 34 8 7 0 13 0 0 0 0 0 0 0 0 0 0 0 0 0 0 0 
732 2300 871 1343 800 472 341 948 1131 213 51 222 12 1 4 1 5 0 0 0 0 0 0 0 0 0 0 0 0 0 0 0 
2634 5389 3658 2679 1767 1097 510 301 461 323 461 304 65 65 0 2 5 0 0 0 0 0 0 0 0 0 0 0 0 0 0 0 
2867 4402 5949 4265 2071 2411 909 1705 223 171 1660 760 90 9 35 0 0 0 0 0 0 0 0 0 0 0 0 0 0 0 0 0 
390 593 897 519 272 412 225 173 19 86 418 306 0 4 2 0 0 0 0 0 0 0 0 0 0 0 0 0 0 0 0 0 
1967 3822 3719 3287 1277 1072 926 855 104 79 990 453 142 85 12 13 36 96 0 0 0 0 0 0 0 0 0 0 0 0 0 0 
1608 5517 3267 2754 1626 1005 1164 782 752 194 826 46 43 29 2 0 0 0 0 0 0 0 0 0 0 0 0 0 0 0 0 0 
1383 5071 2737 1764 1349 686 569 1261 286 59 668 412 77 48 1 5 0 0 0 0 0 0 0 0 0 0 0 0 0 0 0 0 
1494 3830 2298 1482 1229 1157 319 676 1245 77 324 148 155 109 4 1 5 3 0 0 0 0 0 0 0 0 0 0 0 0 0 0 
2467 9320 5861 4448 2478 1488 1085 545 1256 387 377 437 314 99 16 0 5 6 0 0 0 0 0 0 0 0 0 0 0 0 0 0 
2462 7425 5853 4589 1789 1622 796 1247 406 210 968 455 128 42 1 0 2 0 0 0 0 0 0 0 0 0 0 0 0 0 0 0 
4629 5572 4982 3477 1843 2324 1032 1102 249 223 1172 788 391 87 65 81 104 0 0 0 0 0 0 0 0 0 0 0 0 0 0 0 
456 3697 1584 1320 422 414 597 633 75 20 65 134 77 84 4 0 0 0 0 0 0 0 0 0 0 0 0 0 0 0 0 0 
760 2201 2391 1686 1269 955 577 417 55 234 506 12 14 23 23 1 0 0 0 0 0 0 0 0 0 0 0 0 0 0 0 0 
2160 5426 5139 4452 2276 2135 1247 1025 2066 662 359 788 156 323 44 0 0 0 0 0 0 0 0 0 0 0 0 0 0 0 0 0 
2271 5554 3177 2395 1296 1480 431 901 634 89 752 460 173 100 12 2 0 0 0 0 0 0 0 0 0 0 0 0 0 0 0 0 
1549 3863 4140 3311 1306 1357 619 1078 590 94 736 367 117 48 0 0 0 0 0 0 0 0 0 0 0 0 0 0 0 0 0 0 
1094 1732 2469 1231 626 546 331 690 85 110 912 573 84 8 58 1 0 0 0 0 0 0 0 0 0 0 0 0 0 0 0 0 
2938 5390 4468 3031 1482 2154 1106 1246 1288 297 1001 745 230 75 12 0 0 8 0 0 0 0 0 0 0 0 0 0 0 0 0 0 
837 1671 1544 1557 886 1020 447 567 1078 82 206 281 49 3 0 0 7 0 0 0 0 0 0 0 0 0 0 0 0 0 0 0 
2802 5204 4039 3117 1593 2131 1249 1296 1821 465 856 886 243 374 29 0 0 0 0 0 0 0 0 0 0 0 0 0 0 0 0 0 
2572 6663 4570 2807 1257 1098 590 942 522 393 851 1037 181 60 1 1 0 0 0 0 0 0 0 0 0 0 0 0 0 0 0 0 
3792 5857 4946 3890 1696 1885 874 1635 260 157 857 595 172 117 25 35 16 97 0 0 0 0 0 0 0 0 0 0 0 0 0 0 
939 3231 2001 1969 1536 1169 771 552 1371 327 199 367 91 8 3 10 36 1 0 0 0 0 0 0 0 0 0 0 0 0 0 0 
4253 10116 4561 2620 976 1077 490 1136 475 129 916 1094 342 165 3 0 0 0 0 0 0 0 0 0 0 0 0 0 0 0 0 0 
1185 4342 3254 2819 1571 1396 379 114 217 44 175 156 111 43 3 0 0 0 0 0 0 0 0 0 0 0 0 0 0 0 0 0 
1790 2468 2347 2670 1445 1295 994 1066 1795 456 229 498 88 314 10 1 6 0 0 0 0 0 0 0 0 0 0 0 0 0 0 0 
583 1848 1256 1481 976 745 913 1056 1101 493 236 130 32 22 3 4 7 0 0 0 0 0 0 0 0 0 0 0 0 0 0 0 
274 361 405 332 304 470 315 277 51 26 113 248 69 0 0 0 0 0 0 0 0 0 0 0 0 0 0 0 0 0 0 0 
911 2165 2548 2253 1104 908 884 566 948 572 759 448 86 317 28 0 0 0 0 0 0 0 0 0 0 0 0 0 0 0 0 0 
500 2100 2143 2174 723 381 478 142 831 415 90 91 30 59 0 0 0 0 0 0 0 0 0 0 0 0 0 0 0 0 0 0 
439 754 872 936 259 399 576 832 69 27 451 162 2 2 1 0 6 0 0 0 0 0 0 0 0 0 0 0 0 0 0 0 
103 496 654 765 365 168 380 553 28 14 23 3 0 22 0 0 1 0 0 0 0 0 0 0 0 0 0 0 0 0 0 0 
743 2930 2041 1692 1473 574 718 1019 1220 654 134 15 27 50 2 0 1 0 0 0 0 0 0 0 0 0 0 0 0 0 0 0 
2398 6476 4071 3010 1312 1059 707 1438 414 97 1306 590 160 96 47 83 108 0 0 0 0 0 0 0 0 0 0 0 0 0 0 0 
1387 5027 3557 3182 1711 1566 674 1289 1539 450 830 566 190 318 55 0 2 0 0 0 0 0 0 0 0 0 0 0 0 0 0 0 
211 1077 916 843 658 464 53 34 35 25 96 135 23 0 5 0 0 0 0 0 0 0 0 0 0 0 0 0 0 0 0 0 
28 260 275 269 259 152 311 294 20 120 391 0 0 0 2 0 0 0 0 0 0 0 0 0 0 0 0 0 0 0 0 0 
1897 3438 4206 3389 1621 1294 719 1785 157 93 852 413 94 6 19 23 20 17 0 0 0 0 0 0 0 0 0 0 0 0 0 0 
366 3852 1819 1521 855 543 227 1479 585 78 530 136 47 8 34 0 8 1 0 0 0 0 0 0 0 0 0 0 0 0 0 0 
1563 3481 3693 3224 1599 1510 569 891 422 270 914 574 248 5 7 0 0 0 0 0 0 0 0 0 0 0 0 0 0 0 0 0 
309 1514 1251 966 509 328 293 411 644 297 72 9 3 7 0 1 0 0 0 0 0 0 0 0 0 0 0 0 0 0 0 0 
44 663 638 949 498 237 221 397 485 40 68 125 22 0 0 0 0 0 0 0 0 0 0 0 0 0 0 0 0 0 0 0 
704 3200 2422 2404 868 662 416 292 782 311 220 139 44 55 0 0 0 0 0 0 0 0 0 0 0 0 0 0 0 0 0 0 
567 1623 1730 1602 602 562 532 414 110 52 112 124 32 5 0 0 0 0 0 0 0 0 0 0 0 0 0 0 0 0 0 0 
536 1409 1496 1482 289 447 288 698 413 208 654 260 43 3 0 0 0 0 0 0 0 0 0 0 0 0 0 0 0 0 0 0 
284 1691 741 745 197 301 228 641 16 35 541 263 28 0 6 16 0 0 0 0 0 0 0 0 0 0 0 0 0 0 0 0 
4603 8440 6097 5142 2350 2475 1640 1493 2153 530 957 629 279 158 37 0 2 1 0 0 0 0 0 0 0 0 0 0 0 0 0 0 
796 1801 2171 2751 505 968 1182 854 1825 415 288 423 62 316 22 0 3 0 0 0 0 0 0 0 0 0 0 0 0 0 0 0 
1394 3786 2514 866 1177 551 451 304 1135 450 171 104 128 24 1 0 0 0 0 0 0 0 0 0 0 0 0 0 0 0 0 0 
1512 5287 3577 2624 1477 1195 656 1280 365 286 619 296 95 10 13 16 0 0 0 0 0 0 0 0 0 0 0 0 0 0 0 0 
2763 3270 3430 2368 521 888 542 1010 152 920 1545 2594 510 45 95 0 2 3 0 0 0 0 0 0 0 0 0 0 0 0 0 0 
0 471 562 200 154 96 294 926 0 0 20 2 2 0 0 0 0 0 0 0 0 0 0 0 0 0 0 0 0 0 0 0 
1012 3600 1527 846 972 359 340 264 657 265 55 54 16 1 0 0 5 0 0 0 0 0 0 0 0 0 0 0 0 0 0 0 
5567 10683 6552 3871 2649 1837 1235 1051 915 474 939 595 324 259 8 0 0 0 0 0 0 0 0 0 0 0 0 0 0 0 0 0 
831 2514 1464 1465 541 702 133 100 193 307 77 108 31 41 0 0 0 0 0 0 0 0 0 0 0 0 0 0 0 0 0 0 
651 1437 1953 2228 1059 1192 106 36 23 16 65 11 1 3 0 0 0 0 0 0 0 0 0 0 0 0 0 0 0 0 0 0 
3170 4909 5007 3149 1990 2379 1272 1324 861 573 653 470 84 113 39 0 4 0 0 0 0 0 0 0 0 0 0 0 0 0 0 0 
205 1217 1069 1441 353 461 204 629 252 289 410 17 11 11 0 0 0 0 0 0 0 0 0 0 0 0 0 0 0 0 0 0 
924 2434 2344 2366 1203 471 429 725 479 450 501 13 15 27 43 0 0 0 0 0 0 0 0 0 0 0 0 0 0 0 0 0 
1385 3585 4506 3604 1614 1363 933 1363 474 93 925 325 83 3 2 13 0 0 0 0 0 0 0 0 0 0 0 0 0 0 0 0 
1584 2925 2519 2794 1835 1239 794 973 1398 637 370 118 50 276 11 0 1 0 0 0 0 0 0 0 0 0 0 0 0 0 0 0 
491 878 979 882 859 256 120 117 36 61 56 217 4 8 43 0 0 0 0 0 0 0 0 0 0 0 0 0 0 0 0 0 
492 1117 1281 1097 698 636 427 204 98 141 996 287 31 30 3 2 0 0 0 0 0 0 0 0 0 0 0 0 0 0 0 0 
2153 5288 4969 4303 2015 1936 1002 788 228 178 880 395 59 18 143 69 1 0 0 0 0 0 0 0 0 0 0 0 0 0 0 0 
2943 4712 4468 3408 1835 1243 1104 852 250 704 324 402 43 43 81 19 0 0 0 0 0 0 0 0 0 0 0 0 0 0 0 0 
4485 6669 5310 3811 2776 1356 1079 1379 1809 838 312 145 92 347 1 1 0 0 0 0 0 0 0 0 0 0 0 0 0 0 0 0 
1319 3187 3465 3285 1456 1345 958 609 1343 445 260 390 116 339 4 6 0 1 0 0 0 0 0 0 0 0 0 0 0 0 0 0 
1256 4915 3187 3039 1681 983 1057 961 1234 228 1188 437 37 2 2 0 5 0 0 0 0 0 0 0 0 0 0 0 0 0 0 0 
105 641 290 402 42 139 24 71 9 8 496 3 0 2 0 0 0 0 0 0 0 0 0 0 0 0 0 0 0 0 0 0 
2337 5672 5002 4022 1876 1804 1208 912 2036 552 751 388 227 235 5 0 0 0 0 0 0 0 0 0 0 0 0 0 0 0 0 0 
1530 5390 3968 3665 1968 1124 975 680 989 602 378 116 40 85 1 10 39 0 0 0 0 0 0 0 0 0 0 0 0 0 0 0 
1184 1724 2359 1810 982 781 544 890 51 33 118 118 15 0 1 0 0 0 0 0 0 0 0 0 0 0 0 0 0 0 0 0 
782 2705 1330 1259 224 249 303 569 572 173 49 138 29 8 0 0 5 0 0 0 0 0 0 0 0 0 0 0 0 0 0 0 
1809 2943 2763 2269 1060 637 432 429 704 255 148 130 41 0 1 0 0 0 0 0 0 0 0 0 0 0 0 0 0 0 0 0 
2354 2957 3652 3019 1622 1011 747 264 492 394 293 18 36 23 31 0 0 0 0 0 0 0 0 0 0 0 0 0 0 0 0 0 
64 94 124 64 252 1 1 0 1 41 2 0 197 2 52 0 0 0 0 0 0 0 0 0 0 0 0 0 0 0 0 0 
157 675 510 655 227 90 34 23 72 3 9 4 1 0 0 0 0 0 0 0 0 0 0 0 0 0 0 0 0 0 0 0 
1716 2968 3161 3000 1476 1204 1124 1019 592 199 623 22 4 34 12 4 0 0 0 0 0 0 0 0 0 0 0 0 0 0 0 0 
480 721 1063 1180 384 361 493 311 70 35 254 14 16 22 0 0 0 0 0 0 0 0 0 0 0 0 0 0 0 0 0 0 
947 1748 2082 1933 781 562 400 773 199 85 880 486 116 33 6 5 8 46 0 0 0 0 0 0 0 0 0 0 0 0 0 0 
1292 1670 2328 1949 422 567 792 584 376 456 1183 1468 267 70 2 0 0 0 0 0 0 0 0 0 0 0 0 0 0 0 0 0 
454 1157 1034 1360 292 373 198 80 528 34 77 51 42 129 1 0 0 0 0 0 0 0 0 0 0 0 0 0 0 0 0 0 
301 529 700 540 272 291 127 374 434 59 22 23 1 7 46 0 0 4 0 0 0 0 0 0 0 0 0 0 0 0 0 0 
1059 1423 1829 1871 822 1002 744 559 1423 308 185 231 97 364 7 0 0 0 0 0 0 0 0 0 0 0 0 0 0 0 0 0 
2793 3350 3675 3229 1420 1050 716 442 552 938 300 18 8 13 22 1 0 0 0 0 0 0 0 0 0 0 0 0 0 0 0 0 
2213 1831 2566 2365 881 655 706 284 791 244 104 5 28 50 6 0 0 0 0 0 0 0 0 0 0 0 0 0 0 0 0 0 
692 2301 2882 2389 721 786 517 709 95 38 725 134 32 2 11 9 0 0 0 0 0 0 0 0 0 0 0 0 0 0 0 0 
402 370 697 424 228 241 413 346 93 33 235 183 0 3 0 0 0 0 0 0 0 0 0 0 0 0 0 0 0 0 0 0 
1760 5051 3464 2276 1172 1068 858 500 1843 378 293 158 74 397 40 0 0 3 0 0 0 0 0 0 0 0 0 0 0 0 0 0 
1141 2685 1496 763 531 341 178 288 256 274 471 18 86 78 1 1 0 0 0 0 0 0 0 0 0 0 0 0 0 0 0 0 
731 3870 2249 2112 519 750 425 166 1192 306 116 17 11 12 0 2 0 0 0 0 0 0 0 0 0 0 0 0 0 0 0 0 
203 521 479 595 107 81 163 44 265 182 14 3 1 10 6 0 0 0 0 0 0 0 0 0 0 0 0 0 0 0 0 0 
669 996 1121 1445 393 369 342 657 63 150 73 18 2 31 165 47 0 0 0 0 0 0 0 0 0 0 0 0 0 0 0 0 
230 644 824 1019 400 545 219 31 96 21 36 18 5 263 0 0 0 0 0 0 0 0 0 0 0 0 0 0 0 0 0 0 
5856 10955 6634 4685 2664 2523 1632 1262 2345 800 805 702 555 276 100 2 4 46 0 0 0 0 0 0 0 0 0 0 0 0 0 0 
1124 4880 1316 645 319 161 217 124 396 39 117 144 336 111 0 1 0 0 0 0 0 0 0 0 0 0 0 0 0 0 0 0 
52 1347 177 81 52 114 170 55 12 20 32 16 0 23 0 0 0 0 0 0 0 0 0 0 0 0 0 0 0 0 0 0 
369 352 388 467 129 243 433 327 58 26 8 6 3 0 11 0 1 0 0 0 0 0 0 0 0 0 0 0 0 0 0 0 
327 431 462 447 562 195 162 375 33 13 10 3 1 0 3 0 0 0 0 0 0 0 0 0 0 0 0 0 0 0 0 0 
1655 2843 3318 3094 1210 1354 336 1237 170 89 1101 290 8 1 0 0 0 0 0 0 0 0 0 0 0 0 0 0 0 0 0 0 
162 536 538 1056 394 157 156 34 387 7 24 3 1 3 4 0 0 0 0 0 0 0 0 0 0 0 0 0 0 0 0 0 
202 2317 1098 699 372 307 340 76 55 26 76 130 64 55 0 0 0 0 0 0 0 0 0 0 0 0 0 0 0 0 0 0 
290 447 350 425 357 109 92 408 39 21 19 2 4 0 3 1 0 8 0 0 0 0 0 0 0 0 0 0 0 0 0 0 
834 2153 2749 1996 1040 997 720 932 54 26 123 136 45 22 0 0 0 0 0 0 0 0 0 0 0 0 0 0 0 0 0 0 
369 1027 1022 1658 189 303 413 109 428 68 63 6 0 44 0 0 0 0 0 0 0 0 0 0 0 0 0 0 0 0 0 0 
179 621 581 479 534 172 310 346 522 191 29 2 5 0 0 0 0 0 0 0 0 0 0 0 0 0 0 0 0 0 0 0 
333 790 815 1046 179 434 72 41 99 32 88 8 13 5 0 0 0 0 0 0 0 0 0 0 0 0 0 0 0 0 0 0 
276 337 228 252 122 148 360 641 58 129 12 2 3 0 0 0 0 0 0 0 0 0 0 0 0 0 0 0 0 0 0 0 
716 1762 1854 1623 1381 929 430 179 628 540 9 49 11 289 33 0 0 0 0 0 0 0 0 0 0 0 0 0 0 0 0 0 
86 507 516 434 182 94 138 42 243 276 9 2 2 2 0 0 0 0 0 0 0 0 0 0 0 0 0 0 0 0 0 0 
229 1083 1248 1078 756 209 217 67 361 273 97 15 9 53 0 0 0 0 0 0 0 0 0 0 0 0 0 0 0 0 0 0 
587 1788 2055 1657 963 396 440 949 470 36 463 277 23 10 28 0 2 0 0 0 0 0 0 0 0 0 0 0 0 0 0 0 
1492 2882 3706 3549 1307 2028 1071 1540 2084 528 823 653 134 40 41 0 0 0 0 0 0 0 0 0 0 0 0 0 0 0 0 0 
1682 6834 1863 990 330 382 329 295 416 52 182 326 368 192 4 0 0 0 0 0 0 0 0 0 0 0 0 0 0 0 0 0 
172 2459 529 127 167 67 29 40 56 14 33 8 30 5 1 0 0 0 0 0 0 0 0 0 0 0 0 0 0 0 0 0 
44 396 278 266 100 134 71 58 301 11 27 15 65 49 0 0 0 0 0 0 0 0 0 0 0 0 0 0 0 0 0 0 
977 3860 2645 2890 915 1022 766 1054 1070 428 529 134 36 51 10 0 0 0 0 0 0 0 0 0 0 0 0 0 0 0 0 0 
1826 3221 3187 3307 1194 1671 1048 690 1453 616 273 447 55 285 17 0 4 0 0 0 0 0 0 0 0 0 0 0 0 0 0 0 
543 3540 2828 2756 1437 786 438 195 927 184 85 13 29 48 15 0 0 0 0 0 0 0 0 0 0 0 0 0 0 0 0 0 
379 1367 988 924 519 320 455 402 549 34 77 10 78 94 15 1 1 0 0 0 0 0 0 0 0 0 0 0 0 0 0 0 
2188 3268 3693 3188 1939 1167 1386 1364 1014 334 96 21 23 22 5 0 0 0 0 0 0 0 0 0 0 0 0 0 0 0 0 0 
197 451 936 783 351 106 193 35 176 13 4 2 7 0 2 0 0 0 0 0 0 0 0 0 0 0 0 0 0 0 0 0 
240 409 303 173 197 170 89 38 12 264 21 214 0 1 1 0 0 0 0 0 0 0 0 0 0 0 0 0 0 0 0 0 
582 1652 1578 839 1156 607 338 209 342 401 178 372 63 44 1 0 0 0 0 0 0 0 0 0 0 0 0 0 0 0 0 0 
1921 4677 2068 1353 674 477 236 792 121 107 380 641 127 63 2 0 0 0 0 0 0 0 0 0 0 0 0 0 0 0 0 0 
1787 6975 2676 1983 1288 708 507 891 1279 319 475 323 57 293 49 0 5 0 0 0 0 0 0 0 0 0 0 0 0 0 0 0 
638 1231 1570 1610 369 620 650 179 142 67 574 281 15 30 0 0 0 0 0 0 0 0 0 0 0 0 0 0 0 0 0 0 
347 1931 781 690 556 266 82 32 193 2 9 3 11 5 0 0 0 0 0 0 0 0 0 0 0 0 0 0 0 0 0 0 
3716 7385 6262 5175 3415 1801 1705 1135 2593 1032 694 200 167 333 12 15 1 0 0 0 0 0 0 0 0 0 0 0 0 0 0 0 
2096 4787 4173 3200 2374 1275 916 762 963 567 697 183 46 41 4 9 37 1 0 0 0 0 0 0 0 0 0 0 0 0 0 0 
180 934 973 1349 758 345 200 94 390 8 18 8 10 1 2 0 0 0 0 0 0 0 0 0 0 0 0 0 0 0 0 0 
646 1290 1655 1923 655 440 233 581 42 48 184 208 4 0 0 0 0 0 0 0 0 0 0 0 0 0 0 0 0 0 0 0 
35 610 570 453 289 388 34 473 0 25 4 0 1 0 0 0 0 0 0 0 0 0 0 0 0 0 0 0 0 0 0 0 
636 3368 1799 1835 743 619 457 470 432 35 158 300 88 61 3 3 0 0 0 0 0 0 0 0 0 0 0 0 0 0 0 0 
2633 3830 4296 3473 2338 2063 1076 1095 1060 444 321 509 185 22 80 0 2 0 0 0 0 0 0 0 0 0 0 0 0 0 0 0 
1279 2568 4061 3129 1805 856 978 1402 553 283 314 83 8 2 5 13 0 0 0 0 0 0 0 0 0 0 0 0 0 0 0 0 
754 1305 1709 1148 815 785 428 949 212 58 398 406 87 36 1 1 0 0 0 0 0 0 0 0 0 0 0 0 0 0 0 0 
397 655 881 1013 234 306 323 368 142 26 130 107 41 25 30 0 0 1 0 0 0 0 0 0 0 0 0 0 0 0 0 0 
6574 5620 6383 5698 1975 2679 1581 1696 2158 1100 1486 1831 465 387 38 0 24 0 0 0 0 0 0 0 0 0 0 0 0 0 0 0 
950 1622 1996 1663 1380 804 529 579 848 175 38 101 18 323 12 0 0 0 0 0 0 0 0 0 0 0 0 0 0 0 0 0 
0 230 304 200 154 96 294 926 0 0 20 2 2 0 0 0 0 0 0 0 0 0 0 0 0 0 0 0 0 0 0 0 
1332 2206 1563 1184 1039 611 877 866 287 430 38 707 32 11 97 0 0 0 0 0 0 0 0 0 0 0 0 0 0 0 0 0 
864 1093 1541 1513 464 868 649 914 782 227 136 178 36 313 1 0 0 0 0 0 0 0 0 0 0 0 0 0 0 0 0 0 
29 648 385 440 535 414 57 304 372 2 5 1 1 0 6 0 6 0 0 0 0 0 0 0 0 0 0 0 0 0 0 0 
47 405 409 95 73 196 59 280 3 9 4 2 0 0 1 0 0 0 0 0 0 0 0 0 0 0 0 0 0 0 0 0 
710 2596 1031 1235 539 214 157 474 654 69 33 18 4 4 5 0 0 0 0 0 0 0 0 0 0 0 0 0 0 0 0 0 
665 3334 1863 1911 613 780 725 799 907 455 147 173 63 59 5 9 36 3 0 0 0 0 0 0 0 0 0 0 0 0 0 0 
49 265 325 180 71 102 42 40 14 44 231 215 0 0 0 0 0 0 0 0 0 0 0 0 0 0 0 0 0 0 0 0 
1142 1845 2481 1771 985 1047 202 620 74 98 777 459 26 0 1 0 1 0 0 0 0 0 0 0 0 0 0 0 0 0 0 0 
480 2681 944 600 340 239 227 76 427 26 30 13 16 1 0 0 2 0 0 0 0 0 0 0 0 0 0 0 0 0 0 0 
0 50 99 46 24 41 20 18 29 28 22 133 0 0 0 0 0 0 0 0 0 0 0 0 0 0 0 0 0 0 0 0 
0 41 95 40 19 39 16 13 9 22 22 133 0 0 0 0 0 0 0 0 0 0 0 0 0 0 0 0 0 0 0 0 
4463 4478 4931 4417 1944 2319 1256 1454 1441 407 540 513 223 83 5 0 0 1 0 0 0 0 0 0 0 0 0 0 0 0 0 0 
1463 5022 3446 2543 1064 1338 572 948 491 89 689 383 124 11 13 0 0 0 0 0 0 0 0 0 0 0 0 0 0 0 0 0 
6 332 312 375 58 67 41 479 11 7 32 132 0 0 0 0 0 0 0 0 0 0 0 0 0 0 0 0 0 0 0 0 
0 50 28 10 6 8 0 14 0 0 0 0 0 0 0 0 0 0 0 0 0 0 0 0 0 0 0 0 0 0 0 0 
853 1013 1081 1066 292 284 180 541 546 23 137 1 6 38 1 1 0 0 0 0 0 0 0 0 0 0 0 0 0 0 0 0 
859 1539 1194 1376 726 500 257 841 1061 195 109 161 52 47 12 0 6 0 0 0 0 0 0 0 0 0 0 0 0 0 0 0 
543 1340 1587 1802 967 522 480 599 580 734 18 144 8 316 2 0 0 0 0 0 0 0 0 0 0 0 0 0 0 0 0 0 
505 1515 1490 916 946 601 210 185 551 235 143 4 41 106 0 0 0 0 0 0 0 0 0 0 0 0 0 0 0 0 0 0 
137 1248 1069 1068 1166 715 603 318 460 456 4 43 7 551 1 0 0 0 0 0 0 0 0 0 0 0 0 0 0 0 0 0 
505 964 719 424 750 470 549 275 72 312 30 293 29 288 22 0 0 0 0 0 0 0 0 0 0 0 0 0 0 0 0 0 
368 1525 1557 1366 1113 453 244 197 89 469 21 75 20 54 0 0 4 0 0 0 0 0 0 0 0 0 0 0 0 0 0 0 
501 1240 761 471 687 582 745 514 30 222 21 307 5 283 0 0 0 0 0 0 0 0 0 0 0 0 0 0 0 0 0 0 
1159 1951 1618 1269 1555 992 542 894 130 421 84 311 31 30 8 0 0 0 0 0 0 0 0 0 0 0 0 0 0 0 0 0 
798 1051 849 472 1103 344 153 128 43 226 14 13 0 6 6 0 0 5 0 0 0 0 0 0 0 0 0 0 0 0 0 0 
1586 2889 3182 2932 1866 1539 1101 720 548 466 23 81 8 5 49 0 69 0 0 0 0 0 0 0 0 0 0 0 0 0 0 0 
795 1322 1220 731 695 308 327 82 21 57 33 317 11 64 111 0 0 0 0 0 0 0 0 0 0 0 0 0 0 0 0 0 
390 1121 1110 701 1451 731 433 312 15 143 40 58 0 0 0 0 4 0 0 0 0 0 0 0 0 0 0 0 0 0 0 0 
2193 2982 2853 2617 1881 1231 755 658 253 505 459 34 13 66 61 15 0 0 0 0 0 0 0 0 0 0 0 0 0 0 0 0 
1337 2274 1507 1431 1026 596 493 448 329 292 64 238 33 311 22 0 1 20 0 0 0 0 0 0 0 0 0 0 0 0 0 0 
1706 3388 3684 3551 2191 1736 1026 621 694 423 546 314 49 22 3 0 0 3 0 0 0 0 0 0 0 0 0 0 0 0 0 0 
1107 3312 2717 3578 1172 967 674 256 535 618 547 16 15 45 1 0 0 6 0 0 0 0 0 0 0 0 0 0 0 0 0 0 
2851 3825 3671 3337 1794 1452 1653 1158 1483 842 213 205 100 154 79 0 19 0 0 0 0 0 0 0 0 0 0 0 0 0 0 0 
373 927 658 578 550 524 428 117 780 294 17 223 0 26 1 0 0 0 0 0 0 0 0 0 0 0 0 0 0 0 0 0 
537 1193 1401 1692 956 496 588 100 340 238 68 126 55 9 3 0 0 0 0 0 0 0 0 0 0 0 0 0 0 0 0 0 
308 791 786 521 824 631 590 451 236 228 17 60 1 27 18 19 0 0 0 0 0 0 0 0 0 0 0 0 0 0 0 0 
189 543 455 233 286 204 302 308 5 120 7 2 3 30 7 15 0 0 0 0 0 0 0 0 0 0 0 0 0 0 0 0 
152 108 202 85 45 63 31 20 30 11 8 5 5 2 0 0 0 0 0 0 0 0 0 0 0 0 0 0 0 0 0 0 
1406 1501 1437 897 1489 692 577 159 113 233 22 303 0 5 4 0 0 0 0 0 0 0 0 0 0 0 0 0 0 0 0 0 
625 4416 3357 3721 1870 1034 750 803 637 191 647 352 69 56 0 9 36 0 0 0 0 0 0 0 0 0 0 0 0 0 0 0 
43 214 231 125 319 305 220 268 1 0 6 4 0 25 1 0 0 0 0 0 0 0 0 0 0 0 0 0 0 0 0 0 
396 1143 1049 1188 1455 509 110 118 17 42 127 270 2 0 0 0 3 0 0 0 0 0 0 0 0 0 0 0 0 0 0 0 
1935 1966 2281 2064 1428 1274 860 776 794 389 360 464 63 13 85 0 1 0 0 0 0 0 0 0 0 0 0 0 0 0 0 0 
2767 4140 3879 3104 2386 1559 1364 705 1186 1222 304 784 262 380 115 0 0 0 0 0 0 0 0 0 0 0 0 0 0 0 0 0 
543 1283 1534 1431 945 537 309 604 454 341 415 103 19 304 23 9 36 0 0 0 0 0 0 0 0 0 0 0 0 0 0 0 
1817 2089 1756 1123 1786 771 800 382 146 318 102 694 8 319 105 0 14 0 0 0 0 0 0 0 0 0 0 0 0 0 0 0 
1447 2028 2124 1769 2080 956 976 515 959 237 35 156 42 317 48 0 1 7 0 0 0 0 0 0 0 0 0 0 0 0 0 0 
2032 2529 2747 2520 1463 1705 1297 751 1507 417 162 446 57 321 77 0 0 0 0 0 0 0 0 0 0 0 0 0 0 0 0 0 
4692 8157 5505 4881 2595 1989 1948 2096 2465 928 706 128 56 347 15 0 4 0 0 0 0 0 0 0 0 0 0 0 0 0 0 0 
298 357 501 600 264 186 51 103 130 10 535 8 5 0 0 0 0 0 0 0 0 0 0 0 0 0 0 0 0 0 0 0 
2648 1948 2304 1623 1537 647 583 459 262 457 54 37 17 278 27 0 5 3 0 0 0 0 0 0 0 0 0 0 0 0 0 0 
436 625 901 857 239 490 393 364 310 40 176 175 245 25 11 2 0 0 0 0 0 0 0 0 0 0 0 0 0 0 0 0 
246 1206 1615 1457 862 625 281 153 19 323 161 126 1 22 6 0 0 0 0 0 0 0 0 0 0 0 0 0 0 0 0 0 
525 1372 1540 1414 683 390 213 150 436 28 54 25 14 0 0 0 0 0 0 0 0 0 0 0 0 0 0 0 0 0 0 0 
932 2590 1591 1811 1312 679 844 531 451 224 37 228 66 69 3 0 0 0 0 0 0 0 0 0 0 0 0 0 0 0 0 0 
2829 2703 2309 1467 1069 782 658 544 83 855 167 318 168 96 70 0 0 0 0 0 0 0 0 0 0 0 0 0 0 0 0 0 
803 824 730 396 415 304 399 808 8 597 396 3 1 81 81 0 0 0 0 0 0 0 0 0 0 0 0 0 0 0 0 0 
325 840 840 877 564 621 204 174 12 352 12 4 0 0 0 0 0 0 0 0 0 0 0 0 0 0 0 0 0 0 0 0 
296 293 353 146 430 159 56 61 18 161 67 6 2 0 4 0 0 0 0 0 0 0 0 0 0 0 0 0 0 0 0 0 
507 1099 1271 987 632 586 74 68 47 136 108 14 2 0 0 0 0 0 0 0 0 0 0 0 0 0 0 0 0 0 0 0 
1955 3667 3485 2799 2517 1504 1408 1432 1060 414 841 882 46 48 90 5 23 0 0 0 0 0 0 0 0 0 0 0 0 0 0 0 
681 465 687 431 369 304 362 327 31 181 15 77 31 64 84 13 0 0 0 0 0 0 0 0 0 0 0 0 0 0 0 0 
40 225 168 81 423 58 41 35 5 215 4 0 0 0 0 0 0 0 0 0 0 0 0 0 0 0 0 0 0 0 0 0 
0 106 98 54 368 10 14 0 0 0 0 0 0 0 0 0 0 0 0 0 0 0 0 0 0 0 0 0 0 0 0 0 
0 80 83 45 200 76 20 0 0 0 0 0 0 0 0 0 0 0 0 0 0 0 0 0 0 0 0 0 0 0 0 0 
610 878 646 363 784 507 417 751 76 12 23 7 0 23 8 0 0 0 0 0 0 0 0 0 0 0 0 0 0 0 0 0 
955 743 948 695 515 206 104 39 107 222 26 5 2 5 9 0 0 0 0 0 0 0 0 0 0 0 0 0 0 0 0 0 
0 14 11 6 42 0 0 0 0 0 0 0 0 0 0 0 0 0 0 0 0 0 0 0 0 0 0 0 0 0 0 0 
0 27 31 17 165 0 0 0 0 0 0 0 0 0 0 0 0 0 0 0 0 0 0 0 0 0 0 0 0 0 0 0 
11 367 140 220 2 2 2 16 135 1 2 8 55 86 0 0 0 0 0 0 0 0 0 0 0 0 0 0 0 0 0 0 
295 1384 125 231 6 3 2 11 69 2 2 3 248 123 0 0 0 0 0 0 0 0 0 0 0 0 0 0 0 0 0 0 
202 336 106 226 5 1 2 10 47 1 2 3 211 111 0 0 0 0 0 0 0 0 0 0 0 0 0 0 0 0 0 0 
19 451 129 250 0 2 2 18 63 4 10 13 88 47 0 0 0 0 0 0 0 0 0 0 0 0 0 0 0 0 0 0 
0 1157 10 6 0 0 0 9 30 0 1 1 35 20 0 0 0 0 0 0 0 0 0 0 0 0 0 0 0 0 0 0 
177 1379 135 260 0 2 2 20 132 4 9 14 85 98 0 0 0 0 0 0 0 0 0 0 0 0 0 0 0 0 0 0 
11 436 206 449 0 2 2 20 108 4 10 12 59 25 0 0 0 0 0 0 0 0 0 0 0 0 0 0 0 0 0 0 
9 86 11 8 0 0 0 6 99 0 0 0 20 35 0 0 0 0 0 0 0 0 0 0 0 0 0 0 0 0 0 0 
264 1495 155 270 5 3 4 28 228 5 12 14 226 125 0 0 0 0 0 0 0 0 0 0 0 0 0 0 0 0 0 0 
461 2246 549 463 18 9 7 64 466 3 75 10 276 57 0 0 0 0 0 0 0 0 0 0 0 0 0 0 0 0 0 0 
0 30 7 2 0 0 0 6 85 0 0 0 0 0 0 0 0 0 0 0 0 0 0 0 0 0 0 0 0 0 0 0 
193 1298 111 218 5 1 2 15 141 1 2 2 203 95 10 0 0 0 0 0 0 0 0 0 0 0 0 0 0 0 0 0 
78 117 23 16 0 0 0 8 115 0 0 1 51 45 0 0 0 0 0 0 0 0 0 0 0 0 0 0 0 0 0 0 
106 109 57 53 12 8 8 17 220 13 26 48 108 17 3 0 0 0 0 0 0 0 0 0 0 0 0 0 0 0 0 0 
205 1347 114 220 8 4 6 17 42 2 4 4 163 99 0 0 0 0 0 0 0 0 0 0 0 0 0 0 0 0 0 0 
36 62 2 12 4 2 2 4 6 2 2 2 10 68 0 0 0 0 0 0 0 0 0 0 0 0 0 0 0 0 0 0 
48 64 2 12 4 2 2 4 10 2 2 2 10 66 0 0 0 0 0 0 0 0 0 0 0 0 0 0 0 0 0 0 
