82 14 0 46 52 0 0 0 53 0 0 88 0 16 31 48 30 0 0 43 8 0 0 0 0 0 0 4 0 0 0 0 
27 0 0 0 0 0 0 0 0 2 7 1 1 0 0 0 0 0 0 0 8 0 0 0 0 0 0 4 0 0 0 0 
101 0 0 1 0 0 0 0 0 0 0 1 0 0 0 37 0 0 3 20 36 0 0 0 0 0 0 4 0 0 0 0 
53 0 5 0 0 0 0 36 26 0 0 0 0 0 0 32 7 0 40 0 59 0 0 0 0 0 0 4 0 0 0 0 
41 0 0 0 18 0 0 0 0 0 0 14 0 9 25 0 28 0 0 8 8 0 0 0 0 0 0 4 0 0 0 0 
59 0 0 0 0 0 0 0 0 0 0 0 0 0 1 0 8 0 0 0 2 0 0 3 0 0 0 4 0 0 0 0 
24 0 0 0 0 0 0 0 0 0 0 0 0 0 0 0 0 0 0 0 0 0 0 0 0 0 0 3 0 0 0 0 
80 0 0 0 0 0 0 0 0 0 0 0 0 0 0 0 0 0 0 0 0 0 0 6 0 0 0 6 0 0 0 0 
68 0 0 0 0 0 0 0 0 0 0 0 0 0 0 0 0 0 0 0 0 0 0 6 0 0 0 6 0 0 0 0 
66 0 4 0 0 0 0 0 0 0 0 0 0 0 0 0 0 0 0 0 0 0 0 6 0 0 0 6 0 0 0 0 
20 0 4 0 0 0 0 0 0 0 0 0 0 0 0 0 0 0 0 0 0 0 0 3 0 0 0 3 0 0 0 0 
129 0 80 0 0 0 0 0 0 0 0 0 92 0 0 0 0 0 0 0 0 0 0 0 0 0 0 0 0 0 0 0 
83 0 48 0 0 0 0 0 0 0 0 0 38 0 0 0 0 0 0 0 0 0 0 0 0 0 0 0 0 0 0 0 
83 0 51 0 0 0 0 0 0 0 0 0 56 0 0 0 0 0 0 0 0 0 0 0 0 0 0 0 0 0 0 0 
101 0 76 0 0 0 0 0 0 0 0 0 45 0 0 0 0 0 0 0 0 0 0 4 0 0 0 0 0 0 0 0 
97 0 56 0 0 0 0 0 0 0 0 0 55 0 0 0 0 0 0 0 0 0 0 4 0 0 0 0 0 0 0 0 
111 0 85 0 0 0 0 0 0 0 0 0 51 0 0 0 0 0 0 0 0 0 0 6 0 0 0 0 0 0 0 0 
119 0 58 0 0 0 0 0 0 0 0 0 43 0 0 0 0 0 0 0 0 0 0 8 0 0 0 0 0 0 0 0 
126 0 50 0 0 0 0 0 0 0 0 0 53 0 0 0 0 0 0 0 0 0 0 10 0 0 0 0 0 0 0 0 
136 0 27 0 0 0 0 0 0 0 0 0 24 0 0 0 0 0 0 0 16 0 0 0 0 0 0 2 0 0 0 0 
154 0 29 0 0 0 0 0 0 0 0 0 38 0 0 0 0 0 0 0 18 0 0 0 0 0 0 2 0 0 0 0 
224 0 0 0 0 0 0 0 0 0 0 0 0 0 0 0 0 0 0 0 0 0 0 0 0 0 0 0 0 0 0 0 
161 0 28 0 0 0 0 0 0 0 0 0 38 0 0 0 0 0 0 0 18 0 0 0 0 0 0 2 0 0 0 0 
145 0 28 0 0 0 0 0 0 0 0 0 43 0 0 0 0 0 0 0 17 0 0 0 0 0 0 2 0 0 0 0 
236 0 8 0 0 0 0 0 0 0 0 0 22 0 0 0 0 0 0 0 0 0 0 0 0 0 0 0 0 0 0 0 
148 0 29 0 0 0 0 0 0 0 0 0 43 0 0 0 0 0 0 0 18 0 0 0 0 0 0 2 0 0 0 0 
181 0 41 0 0 0 0 0 0 0 0 0 56 0 0 0 0 0 0 0 0 0 0 0 0 0 0 0 0 0 0 0 
146 0 26 0 0 0 0 0 0 0 0 0 37 0 0 0 0 0 0 0 17 0 0 0 0 0 0 2 0 0 0 0 
163 0 28 0 0 0 0 0 0 0 0 0 62 0 0 0 0 0 0 0 18 0 0 0 0 0 0 2 0 0 0 0 
209 0 0 0 0 0 0 0 0 0 0 0 19 0 0 0 0 0 0 0 0 0 0 0 0 0 0 0 0 0 0 0 
146 0 28 0 0 0 0 0 0 0 0 0 43 0 0 0 0 0 0 0 17 0 0 0 0 0 0 2 0 0 0 0 
139 0 18 0 0 0 0 0 0 0 0 0 0 0 0 0 0 0 0 0 0 0 0 3 0 0 0 3 0 0 0 0 
44 0 4 0 0 0 0 0 0 0 0 0 0 0 0 0 0 0 0 0 0 0 0 6 0 0 0 3 0 0 0 0 
46 0 8 0 0 0 0 0 0 0 0 0 0 0 0 0 0 0 0 0 0 0 0 3 0 0 0 6 0 0 0 0 
52 0 0 0 0 0 0 0 0 0 0 0 0 0 0 0 0 0 0 0 0 0 0 3 0 0 0 3 0 0 0 0 
83 0 6 0 0 0 0 0 0 0 0 0 0 0 0 0 0 0 0 0 0 0 0 6 0 0 0 6 0 0 0 0 
68 0 28 0 0 0 0 0 0 0 0 0 0 0 0 0 0 0 0 0 0 0 0 12 0 0 0 12 0 0 0 0 
98 0 4 0 0 0 0 0 0 0 0 0 0 0 0 0 0 0 0 0 0 0 0 12 0 0 0 12 0 0 0 0 
99 0 4 0 0 0 0 0 0 0 0 0 0 0 0 0 0 0 0 0 0 0 0 12 0 0 0 12 0 0 0 0 
55 0 16 0 0 0 0 0 0 0 0 0 0 0 0 0 0 0 0 0 0 0 0 12 0 0 0 12 0 0 0 0 
50 0 4 0 0 0 0 0 0 0 0 0 0 0 0 0 0 0 0 0 0 0 0 9 0 0 0 6 0 0 0 0 
42 0 0 0 0 0 0 0 0 0 0 0 0 0 0 0 0 0 0 0 0 0 0 4 0 0 0 0 0 0 0 0 
143 0 2 0 0 0 0 0 0 0 0 0 0 0 0 0 0 0 0 0 0 0 0 10 0 0 0 0 0 0 0 0 
132 0 0 0 0 0 0 0 0 0 0 0 0 0 0 0 0 0 0 0 0 0 0 14 0 0 0 0 0 0 0 0 
208 0 0 0 0 0 0 0 0 0 0 0 0 0 0 0 0 0 0 0 0 0 0 4 0 0 0 8 0 0 0 0 
212 0 0 0 0 0 0 0 0 0 0 0 0 0 0 0 0 0 0 0 0 0 0 0 0 0 0 8 0 0 0 0 
26 0 4 0 0 0 0 0 0 0 0 0 0 0 0 0 0 0 0 0 0 0 0 0 0 0 0 3 0 0 0 0 
50 0 0 0 0 0 0 0 0 0 0 0 2 0 0 0 0 0 0 0 0 0 0 3 0 0 0 3 0 0 0 0 
47 0 0 0 0 0 0 0 0 0 0 0 114 0 0 0 0 0 0 0 0 0 0 6 0 0 0 3 0 0 0 0 
39 0 14 0 0 0 0 0 0 0 0 0 57 0 0 0 0 0 0 0 0 0 0 3 0 0 0 3 0 0 0 0 
56 0 42 0 0 0 0 0 0 0 0 0 57 0 0 0 0 0 0 0 0 0 0 3 0 0 0 6 0 0 0 0 
56 0 55 0 0 0 0 0 0 0 0 0 57 0 0 0 0 0 0 0 0 0 0 3 0 0 0 3 0 0 0 0 
97 0 76 0 0 0 0 0 0 0 0 0 2 0 0 0 0 0 0 0 0 0 0 0 0 0 0 0 0 0 0 0 
93 0 72 0 0 0 0 0 0 0 0 0 2 0 0 0 0 0 0 0 0 0 0 0 0 0 0 0 0 0 0 0 
150 0 108 0 0 0 0 0 0 0 0 0 513 0 0 0 0 0 0 0 0 0 0 10 0 0 0 0 0 0 0 0 
86 0 14 0 0 0 0 0 0 0 0 0 286 0 0 0 0 0 0 0 0 0 0 6 0 0 0 4 0 0 0 0 
115 0 0 0 0 0 0 0 0 0 0 0 154 0 0 0 0 0 0 0 0 0 0 4 0 0 0 4 0 0 0 0 
105 0 7 0 0 0 0 0 0 0 0 0 161 0 0 0 0 0 0 0 0 0 0 4 0 0 0 4 0 0 0 0 
108 0 6 0 0 0 0 0 0 0 0 0 216 0 0 0 0 0 0 0 0 0 0 8 0 0 0 4 0 0 0 0 
97 0 0 0 0 0 0 0 0 0 0 0 79 0 0 0 0 0 0 0 0 0 0 0 0 0 0 4 0 0 0 0 
104 0 7 0 0 0 0 0 0 0 0 0 262 0 0 0 0 0 0 0 0 0 0 8 0 0 0 8 0 0 0 0 
104 0 0 0 0 0 0 0 0 0 0 0 175 0 0 0 0 0 0 0 0 0 0 4 0 0 0 4 0 0 0 0 
