49 60 56 48 50 50 65 36 59 36 49 41 50 63 76 78 89 91 80 81 62 37 58 60 45 50 61 70 67 65 46 65 
55 30 38 21 18 17 14 18 24 15 6 16 8 8 11 10 6 12 16 14 40 12 22 1 20 10 26 14 15 8 16 4 
45 32 35 30 29 8 24 27 2 30 18 8 15 31 30 11 4 18 12 4 22 37 6 4 30 19 34 5 34 19 30 10 
56 15 15 27 16 26 16 11 31 14 23 25 8 24 13 18 13 46 9 20 9 8 25 28 10 14 28 12 25 26 28 26 
95 127 60 88 72 62 71 130 43 140 82 114 83 96 58 56 187 73 136 122 79 50 84 70 57 83 33 77 68 66 84 102 
104 103 96 94 105 74 70 72 102 95 100 66 113 102 65 68 80 76 86 78 122 102 101 97 123 114 92 102 117 84 73 86 
103 42 43 38 73 37 48 34 28 86 65 22 38 33 79 57 73 52 52 41 79 72 68 26 41 17 51 62 24 53 47 51 
128 124 118 125 97 70 126 103 110 95 122 119 111 116 113 113 83 126 133 100 132 127 135 124 118 85 129 95 112 145 122 121 
25 10 33 2 18 5 1 23 16 9 21 22 4 41 14 3 28 25 28 15 0 27 18 40 1 25 19 17 7 11 8 37 
67 62 79 32 42 35 53 61 68 47 55 65 44 54 49 55 49 60 55 42 60 53 57 45 59 43 43 78 63 49 16 52 
186 145 179 172 158 143 145 139 200 155 141 201 144 164 124 166 177 179 208 110 175 156 163 144 152 176 153 144 175 193 135 115 
46 49 49 52 61 63 52 47 55 65 55 44 49 54 50 3 59 62 56 61 48 53 48 61 54 70 52 42 42 73 64 56 
32 20 15 7 11 26 14 10 32 20 14 9 15 20 23 25 10 22 13 28 25 19 26 20 23 17 9 9 21 1 16 22 
15 12 0 3 2 0 2 15 13 1 2 11 0 13 1 0 2 14 12 12 2 3 2 13 13 13 2 30 11 1 16 1 
116 105 138 105 100 65 47 121 120 113 89 134 104 114 66 173 110 59 161 121 99 101 75 75 46 106 88 94 145 104 183 77 
77 49 40 59 43 54 33 41 47 39 43 43 43 46 35 30 67 51 58 36 85 31 44 51 48 38 27 45 43 63 77 56 
24 11 30 14 26 19 18 20 20 19 26 24 30 13 18 16 14 30 14 20 24 16 14 17 16 18 24 18 6 27 16 11 
244 222 156 180 220 170 202 235 309 232 233 172 192 214 214 223 158 208 262 252 210 225 206 198 177 233 171 212 334 202 211 172 
32 1 7 2 6 2 10 0 9 16 0 0 0 10 1 2 3 0 4 21 7 8 1 3 12 19 3 11 1 8 1 4 
90 31 37 38 18 22 29 60 41 36 41 53 27 27 43 2 61 14 57 35 34 23 26 33 69 37 55 63 35 55 39 56 
9 1 3 6 6 3 3 1 6 6 4 1 3 4 5 5 3 2 6 3 4 5 6 1 8 4 4 3 3 8 3 3 
63 30 24 43 17 30 11 32 6 38 28 27 36 34 8 48 21 37 21 5 36 31 12 27 23 18 29 34 44 21 21 74 
141 84 72 108 60 78 56 58 87 100 80 72 70 68 75 70 89 93 66 90 67 89 106 75 87 88 80 75 32 128 82 69 
35 21 16 18 20 17 21 28 20 24 22 13 17 22 20 28 32 17 15 16 28 22 29 21 16 28 22 14 21 19 25 12 
49 9 12 12 12 17 18 19 18 6 13 3 16 18 17 27 25 24 10 11 7 9 17 8 15 21 6 18 14 14 10 11 
29 14 7 8 24 13 18 5 12 4 28 26 13 8 11 3 30 14 7 9 10 38 5 11 27 29 6 6 9 4 21 20 
54 30 34 39 39 41 35 37 63 48 32 45 42 31 79 34 28 62 10 22 39 32 30 30 28 40 71 42 19 31 58 47 
142 79 84 127 78 101 87 74 118 110 108 89 105 75 64 75 43 87 104 88 100 66 92 62 83 81 74 62 63 74 93 72 
38 16 21 31 16 27 21 14 27 24 36 29 37 34 27 21 28 21 28 14 28 22 22 31 41 16 21 28 18 28 23 35 
95 94 71 72 98 92 99 128 70 33 104 80 74 102 111 55 54 85 71 102 46 81 82 68 86 81 116 92 142 100 69 83 
18 5 2 7 0 7 5 6 1 2 5 4 3 8 3 5 2 11 6 0 1 0 0 6 8 1 7 10 5 8 1 2 
90 34 53 59 60 42 56 80 36 94 69 68 45 91 56 47 44 46 43 52 56 36 61 47 72 65 31 65 42 49 63 68 
26 11 20 12 12 8 14 11 9 25 7 10 14 8 7 9 24 6 12 2 3 29 5 18 15 28 16 4 12 22 23 20 
145 162 130 142 156 81 193 72 79 94 149 94 93 162 113 93 108 142 166 115 124 122 73 70 154 114 149 79 114 101 113 118 
204 207 170 191 170 153 184 179 160 177 176 184 167 146 144 187 157 173 191 219 183 241 154 167 202 255 207 186 131 172 243 135 
44 16 3 31 19 27 41 12 19 26 12 25 33 12 2 18 19 21 6 3 0 28 5 3 31 9 8 40 16 15 3 3 
149 85 152 157 132 94 185 148 122 67 123 81 123 141 134 127 136 193 88 180 177 138 107 133 97 79 95 117 105 109 136 151 
99 68 32 56 66 76 59 53 41 62 71 52 51 89 69 57 55 63 72 66 64 69 57 68 55 70 65 60 64 70 52 53 
48 37 95 12 50 26 27 35 42 23 32 23 49 39 39 30 23 45 32 33 29 31 39 58 65 46 16 33 13 23 36 6 
195 106 110 112 107 163 128 87 37 129 130 100 109 127 134 117 129 105 69 148 124 115 96 129 92 148 117 129 142 137 118 118 
32 20 39 30 23 18 30 14 22 22 25 19 23 27 43 22 24 18 23 29 25 44 26 30 19 20 30 25 12 31 43 32 
13 0 0 0 0 0 0 3 0 0 0 0 0 0 6 3 0 3 0 0 0 0 0 0 0 0 0 1 0 0 0 0 
136 133 142 146 94 84 109 120 159 102 148 127 148 124 98 152 99 139 109 119 143 132 143 126 131 82 135 120 132 119 151 107 
44 13 31 7 15 13 19 53 19 16 17 20 26 20 16 24 13 28 28 22 22 10 12 10 21 27 23 29 27 33 30 11 
91 74 72 85 72 79 33 120 74 60 19 67 96 45 117 28 36 24 56 48 55 43 89 66 32 44 106 72 69 80 69 65 
42 0 5 2 2 5 5 3 1 9 1 13 17 6 5 1 0 12 12 8 1 1 9 3 25 2 2 2 12 14 9 5 
144 160 125 153 81 81 107 65 89 112 111 106 159 100 74 105 48 156 137 99 108 118 71 123 140 97 103 139 131 80 93 78 
15 9 4 4 9 6 2 3 5 4 2 4 0 10 9 8 5 11 8 7 6 5 13 4 5 5 7 3 5 6 6 3 
108 95 68 114 109 155 90 79 93 112 149 132 56 93 71 141 89 155 119 86 87 95 103 114 30 111 90 85 110 63 105 66 
218 153 144 186 133 165 163 151 213 173 197 101 131 149 149 115 84 185 123 111 148 174 141 157 160 142 147 129 102 191 154 159 
32 25 22 13 25 15 23 9 16 18 3 8 31 23 22 9 10 14 26 18 36 16 25 24 10 23 29 16 18 18 8 16 
37 37 38 36 30 51 10 32 42 36 23 28 55 35 16 68 23 9 35 31 38 32 36 46 24 22 24 40 28 31 23 49 
61 34 34 27 15 35 34 14 31 17 30 9 17 31 19 24 41 47 32 49 43 16 12 29 33 33 44 27 42 33 23 46 
46 48 27 19 20 16 21 24 22 25 16 22 19 20 22 13 22 19 23 29 6 26 32 29 15 9 16 18 21 29 29 22 
39 10 58 23 38 13 20 41 21 9 13 13 40 42 11 13 32 13 49 24 19 27 27 9 24 29 38 5 23 29 13 30 
88 48 47 49 53 41 63 64 50 58 81 44 55 31 65 53 38 68 31 69 77 56 24 42 51 43 46 39 30 61 64 47 
31 29 34 28 27 31 35 17 26 33 9 33 17 25 18 25 29 22 29 41 20 27 34 32 22 33 28 18 29 30 31 21 
15 19 10 19 17 10 13 18 19 18 12 8 9 6 8 9 14 14 14 11 6 13 17 9 12 6 10 19 9 22 23 16 
166 209 160 180 184 97 205 104 92 103 142 133 139 173 99 120 151 180 192 192 129 152 96 110 176 168 201 108 127 108 132 127 
77 66 66 69 65 53 79 62 66 60 77 72 13 80 60 74 72 71 69 81 74 53 73 70 65 68 66 51 66 59 62 56 
214 143 153 162 139 102 157 203 141 159 154 145 122 122 158 155 106 107 131 134 155 116 162 166 166 97 158 122 131 140 184 118 
30 16 18 21 25 22 18 19 10 20 18 15 19 18 20 25 30 28 17 21 17 26 13 27 22 17 14 12 29 28 12 18 
28 7 12 15 16 6 15 19 2 7 7 13 14 9 11 3 15 13 6 11 9 15 5 18 25 15 9 13 15 16 22 9 
27 11 4 11 5 10 12 20 11 22 15 20 15 12 7 11 17 7 6 9 16 14 28 8 10 11 6 20 23 18 11 10 
13 7 6 7 10 7 8 4 12 11 7 14 8 6 12 6 9 9 8 7 7 11 8 13 4 9 7 3 6 8 9 2 
41 58 47 21 40 43 40 39 38 53 70 43 39 34 16 52 51 46 40 22 56 43 22 42 47 39 53 41 40 31 20 44 
9 3 6 3 3 11 1 5 5 4 0 2 2 12 7 2 3 5 4 2 2 2 11 8 5 3 1 1 5 4 6 8 
10 3 2 4 4 6 4 5 5 5 10 0 5 4 3 5 6 4 0 7 1 1 4 2 1 7 2 3 3 3 2 4 
8 6 6 4 2 3 3 5 2 4 3 7 5 6 5 5 0 5 2 5 6 5 3 7 5 2 2 4 1 5 4 0 
52 7 20 40 19 35 28 15 16 30 25 9 18 14 31 17 8 18 16 7 32 18 18 39 30 7 10 17 39 13 14 14 
42 22 20 22 41 85 97 31 21 31 21 47 30 0 41 11 31 42 20 84 50 22 1 31 20 30 31 48 21 42 21 20 
82 46 49 62 54 64 44 56 66 59 44 84 70 56 23 54 56 51 79 76 52 73 49 62 53 56 55 47 72 61 53 30 
77 54 48 18 44 48 38 52 29 40 26 25 61 32 49 54 40 57 33 21 41 30 33 29 38 39 34 53 32 66 58 44 
72 50 59 71 77 66 57 64 60 71 60 58 64 59 66 0 64 70 60 73 54 63 55 67 76 73 68 55 55 85 78 60 
47 21 12 9 12 21 13 34 31 16 3 22 35 7 36 13 30 35 31 22 26 17 19 17 31 26 59 6 39 10 28 13 
56 22 25 20 28 20 25 30 37 22 22 18 13 11 15 28 17 33 18 31 21 10 13 25 15 14 16 21 9 27 19 17 
131 106 146 102 104 64 45 113 120 115 87 141 99 112 65 190 106 59 158 121 94 98 71 75 46 104 89 91 138 105 187 75 
54 25 20 57 45 26 16 16 47 22 28 16 12 35 53 17 34 42 59 16 16 45 36 10 11 29 15 26 30 55 34 38 
15 5 2 7 1 1 6 7 13 3 10 11 2 3 1 15 2 31 18 1 9 1 5 5 3 5 0 2 11 7 2 2 
83 43 68 67 81 59 42 46 53 35 73 56 36 58 46 48 83 51 83 87 57 49 40 78 121 54 67 39 42 64 65 33 
60 40 30 32 30 12 22 11 8 21 34 20 28 48 18 24 15 34 14 29 3 30 30 23 13 7 14 16 21 45 57 19 
62 33 32 47 41 11 24 42 48 43 36 47 25 17 30 28 23 30 41 35 41 49 42 32 43 47 42 58 33 52 39 47 
29 10 13 6 13 16 12 9 8 9 12 9 10 29 18 7 6 10 13 10 16 7 9 12 11 13 10 9 13 20 8 8 
29 8 17 17 13 18 10 16 14 4 18 10 9 10 6 8 10 15 16 13 15 14 16 14 12 14 15 9 4 10 14 12 
18 7 10 4 6 9 2 5 7 4 6 6 3 10 7 6 7 8 6 10 5 7 12 3 5 9 5 3 4 4 11 2 
150 176 214 210 166 124 167 191 131 223 114 147 173 181 114 184 236 187 167 152 151 150 149 167 192 125 161 175 172 136 191 281 
101 64 132 117 61 86 109 100 82 83 110 77 49 98 68 50 77 55 55 104 63 81 59 88 90 74 85 56 86 62 62 60 
137 94 97 119 76 115 92 69 112 94 59 120 90 103 158 85 139 138 96 132 126 113 113 145 163 106 100 85 111 102 85 124 
96 93 81 87 73 63 56 65 80 102 78 46 67 81 79 76 71 39 63 85 54 70 72 57 71 50 61 80 90 102 72 53 
32 44 30 38 45 44 35 26 37 40 39 31 32 32 32 37 35 34 42 32 33 25 28 28 30 42 37 35 21 27 37 17 
106 133 97 80 102 67 53 108 90 72 63 103 102 115 80 86 95 91 118 45 85 86 75 79 96 73 76 86 95 96 70 89 
6 3 2 5 2 3 1 0 1 0 1 1 4 1 3 4 0 1 2 1 1 1 4 1 1 4 2 1 0 4 1 1 
42 31 44 29 24 39 26 30 28 32 35 29 32 38 36 30 26 35 33 31 20 34 31 39 27 9 27 36 30 35 30 31 
429 285 393 311 342 286 365 423 349 368 357 312 308 288 342 342 321 346 340 325 390 324 421 322 438 341 302 285 329 326 307 332 
73 49 55 45 42 37 58 52 38 59 41 29 59 43 39 48 36 51 49 3 49 38 54 53 44 47 36 43 55 61 48 57 
92 105 91 124 88 86 80 114 105 121 116 102 90 63 91 82 74 112 79 77 68 91 75 86 87 50 101 115 97 96 103 56 
52 43 26 33 9 23 15 51 14 28 23 33 21 39 30 23 9 22 23 27 9 6 26 26 14 16 8 27 14 7 27 10 
157 78 60 70 130 75 74 63 78 109 93 77 87 96 76 127 102 115 83 82 139 82 116 109 87 116 82 86 60 89 86 100 
340 385 266 262 291 291 278 452 322 325 267 373 400 383 269 237 274 396 289 327 320 246 265 344 269 325 317 262 262 252 386 283 
101 84 102 80 113 60 114 85 60 152 94 89 76 80 69 128 90 137 115 66 107 117 55 95 92 81 88 90 71 88 75 67 
13 0 6 0 5 1 0 11 0 0 0 0 7 1 6 1 6 0 1 0 0 1 0 0 6 0 12 0 5 0 1 2 
19 8 4 13 17 15 5 4 8 7 4 7 9 7 12 15 7 9 5 15 8 7 3 6 5 12 10 12 2 6 23 11 
39 11 9 7 2 11 11 3 7 20 7 7 8 11 5 10 7 4 4 9 7 4 9 9 12 14 4 4 11 11 24 10 
14 5 5 4 5 3 9 4 6 8 6 9 1 6 3 5 0 8 5 5 5 4 5 1 0 4 2 3 2 3 3 5 
5 1 3 3 1 0 0 1 1 5 0 0 1 0 0 2 0 0 0 3 0 0 2 0 0 1 1 1 0 1 2 0 
82 64 80 56 65 29 57 68 47 66 60 68 57 75 82 47 55 48 48 54 62 70 81 64 53 50 38 74 71 48 52 54 
21 7 4 14 3 5 17 5 2 7 8 3 5 8 3 17 3 6 23 5 5 4 6 7 24 14 14 1 14 2 6 4 
50 20 30 30 35 24 18 39 49 40 25 32 37 33 55 27 33 37 37 32 22 31 55 38 51 30 14 21 39 31 35 24 
21 18 0 15 12 15 26 13 21 13 0 18 0 49 20 20 18 26 48 13 12 0 14 22 18 0 2 13 24 31 26 0 
226 300 301 296 285 211 267 297 222 323 227 259 259 284 192 270 352 283 271 281 295 231 213 265 331 240 222 284 259 195 311 376 
40 64 20 23 21 37 13 20 6 13 14 30 10 45 35 31 24 23 22 22 13 21 14 24 32 14 30 10 26 36 41 30 
61 52 40 33 19 36 43 47 54 38 26 30 45 20 26 32 37 48 37 53 45 34 29 18 31 27 55 32 57 33 29 28 
20 8 4 3 2 2 7 6 3 3 8 1 4 3 4 1 2 5 2 2 3 7 2 11 4 3 9 1 5 5 5 7 
59 50 80 71 52 81 46 26 80 72 55 68 57 63 47 51 71 84 60 38 51 71 64 64 54 62 40 59 55 52 61 35 
33 22 34 24 45 30 33 28 21 28 37 32 39 28 28 32 31 28 24 27 44 25 17 26 32 31 31 34 22 40 40 35 
57 64 63 36 69 85 27 48 49 37 47 58 83 38 42 45 72 61 38 31 74 58 71 40 45 38 67 36 80 33 68 49 
74 62 87 68 71 56 68 55 55 63 67 82 57 70 57 53 64 74 81 35 50 99 94 76 40 74 56 65 68 81 72 50 
17 3 10 14 18 2 8 19 4 1 6 12 11 12 8 2 4 8 7 12 8 6 8 6 22 4 14 19 16 12 9 0 
28 15 21 13 15 20 15 16 16 13 9 19 11 9 16 17 9 25 13 18 13 7 16 22 10 24 14 19 8 4 14 11 
19 12 15 13 7 12 6 12 4 21 17 15 28 26 13 12 12 21 11 25 10 14 20 8 28 14 24 20 15 15 11 10 
82 51 67 63 51 48 27 45 46 58 62 60 48 65 31 40 80 60 36 26 65 55 55 53 54 62 57 32 79 41 69 64 
8 5 12 0 7 1 0 6 7 6 19 15 12 1 1 12 1 5 9 7 0 1 6 14 0 6 0 7 1 1 5 7 
61 35 52 21 55 22 31 33 25 24 20 33 21 39 37 29 18 37 37 28 36 31 38 34 19 45 33 44 12 29 34 31 
231 160 199 146 201 226 176 151 162 169 99 120 198 211 176 166 160 197 175 199 170 125 193 148 113 148 195 173 184 117 191 126 
34 38 7 33 33 24 22 24 23 16 23 17 20 7 13 18 18 20 33 21 62 18 47 7 34 5 29 26 28 21 8 10 
39 16 13 4 7 17 3 13 13 13 19 9 17 6 18 13 11 19 11 9 18 16 14 14 13 37 15 2 7 9 25 15 
1 0 0 0 1 1 1 0 0 1 0 0 0 0 1 0 1 0 1 0 1 2 3 1 1 0 1 0 0 1 0 0 
18 1 6 3 7 2 7 0 0 10 2 3 6 12 1 1 1 0 1 10 0 2 8 0 7 2 3 10 15 6 2 1 
47 26 27 13 32 25 25 35 40 38 28 37 21 38 33 17 22 47 16 26 33 22 32 29 24 49 28 40 25 28 30 24 
112 30 29 103 91 82 96 94 76 107 86 66 51 85 62 88 118 63 98 90 56 77 73 103 74 114 107 108 98 76 53 78 
50 26 21 51 41 25 10 17 30 7 22 13 33 26 17 45 39 17 25 27 17 27 43 13 39 22 32 22 27 34 33 34 
31 3 8 8 17 8 5 2 13 5 7 12 12 11 9 2 12 13 12 4 9 7 10 6 11 6 3 5 9 6 6 3 
68 37 41 40 40 38 42 36 29 37 38 22 40 40 19 43 33 27 38 23 34 22 18 36 37 43 42 32 30 30 23 35 
57 54 46 44 36 50 46 41 41 45 50 58 11 47 38 42 46 42 49 38 43 38 41 36 44 47 54 38 55 46 43 34 
133 80 104 83 88 85 93 81 88 83 103 94 74 75 104 70 82 84 79 108 27 90 80 72 75 98 80 89 65 96 86 132 
76 50 50 40 49 13 60 40 26 48 49 66 41 60 69 49 45 32 41 44 46 42 45 42 50 48 28 46 47 34 49 49 
79 40 37 25 61 24 30 56 37 28 45 48 17 45 22 20 51 50 38 33 19 58 47 40 58 52 35 39 46 39 42 39 
50 48 4 1 24 4 4 18 2 1 49 2 17 16 2 39 8 34 18 8 1 5 23 36 19 12 3 18 20 25 9 19 
45 28 12 29 33 47 75 64 37 48 36 41 43 56 36 36 9 32 28 47 38 38 36 49 58 45 13 46 18 29 72 2 
21 18 25 21 12 16 20 17 24 31 13 15 8 13 19 21 9 19 21 21 22 21 16 3 20 15 17 17 14 14 19 12 
89 72 56 59 37 27 38 57 23 53 77 38 66 22 98 40 60 43 36 71 39 44 33 37 53 43 61 38 20 46 43 47 
126 69 81 81 102 132 74 59 65 62 57 44 88 81 75 69 79 91 91 116 70 53 91 59 49 56 81 75 89 46 89 53 
34 25 45 24 25 32 13 29 32 8 27 33 8 26 35 42 11 19 8 30 39 4 36 22 16 6 16 19 22 23 28 6 
240 108 243 210 230 204 198 211 242 209 197 211 197 202 192 198 196 235 220 213 191 254 240 201 224 234 249 229 171 237 163 135 
5 3 1 6 2 5 0 4 4 1 3 4 2 8 2 4 5 3 3 4 3 6 2 3 3 2 0 5 1 4 2 1 
174 121 117 126 143 146 138 77 101 132 124 134 147 74 97 108 91 93 73 104 157 284 134 85 72 198 101 106 76 181 193 118 
9 0 1 5 0 2 0 1 0 1 0 3 0 0 0 0 1 1 0 0 0 1 1 3 3 3 1 3 0 0 0 0 
46 13 22 22 36 17 15 28 14 10 12 31 16 13 25 10 13 17 11 27 12 16 16 20 28 16 35 17 21 24 32 14 
17 4 8 2 6 12 4 4 2 3 8 6 4 4 6 4 6 6 8 7 8 6 6 10 2 4 7 4 4 2 0 1 
65 23 24 17 31 69 32 28 25 32 42 40 16 18 29 73 50 47 62 22 35 33 28 51 46 36 43 72 15 33 43 35 
19 6 8 9 8 10 10 10 18 13 11 11 9 14 18 8 16 3 11 8 6 11 17 4 6 8 16 14 9 18 9 6 
158 106 156 97 226 126 154 77 173 150 78 143 126 105 119 132 114 103 187 131 158 148 110 67 173 132 100 148 109 109 160 89 
48 18 21 29 41 16 26 27 18 18 14 35 21 34 18 15 27 21 15 13 17 23 19 31 39 13 33 34 40 28 30 10 
138 125 193 137 100 93 113 111 109 170 78 119 99 107 139 137 159 104 132 120 111 134 129 85 102 74 157 96 146 120 134 103 
27 3 3 12 13 3 2 3 10 8 3 7 3 7 5 7 10 4 5 5 7 1 5 1 0 2 6 3 11 8 3 8 
64 51 41 69 52 17 55 68 39 36 54 34 45 56 33 42 47 37 35 36 44 30 44 57 39 52 36 54 30 50 50 37 
45 18 20 6 28 37 29 26 27 27 34 20 20 28 19 35 24 28 16 27 21 13 31 33 20 17 27 17 22 18 20 18 
71 14 34 25 31 31 39 27 46 43 55 15 26 13 44 26 49 71 28 41 18 35 57 24 13 72 18 39 23 63 31 16 
39 42 12 22 40 27 43 30 23 36 22 33 48 19 35 36 35 34 26 15 19 28 39 31 42 29 14 28 41 29 26 34 
87 102 72 24 58 51 54 87 37 91 116 74 63 31 81 102 110 53 120 64 37 68 81 86 40 35 47 48 65 18 50 69 
31 2 35 13 0 9 18 0 10 21 0 42 30 14 24 15 26 9 9 0 4 9 37 0 20 13 33 21 10 18 9 9 
84 90 74 83 70 53 53 63 74 101 75 44 60 76 72 73 66 37 53 83 50 68 72 54 64 48 59 78 87 97 65 54 
29 19 21 12 17 24 15 11 5 17 31 13 25 35 22 13 14 15 16 8 18 21 3 14 13 13 19 7 21 13 11 27 
99 115 79 81 111 108 75 52 103 96 96 83 121 99 99 94 106 117 114 82 122 70 85 111 93 130 99 97 100 114 96 66 
47 11 0 4 4 14 0 19 5 1 15 22 17 12 5 0 13 4 26 18 13 13 12 17 12 3 38 15 4 12 17 16 
136 131 157 140 135 121 141 111 191 183 150 153 130 154 170 126 141 134 120 140 148 104 103 170 124 140 85 155 141 84 185 143 
86 46 50 70 50 92 70 87 108 89 36 55 47 105 37 88 109 61 65 91 97 55 64 84 79 74 49 83 73 68 70 75 
168 192 111 130 149 188 125 168 142 138 195 170 190 169 149 158 149 175 182 152 199 157 163 176 146 176 162 170 167 80 215 78 
46 27 28 31 12 21 30 22 38 37 22 22 31 20 1 36 25 28 21 27 27 23 22 17 39 22 22 33 20 29 23 11 
118 77 87 103 94 57 55 87 83 89 75 72 82 95 88 100 57 90 101 28 72 86 83 66 86 71 55 54 68 68 73 87 
107 55 75 85 96 96 66 103 91 110 36 76 35 68 56 68 89 96 60 70 56 112 71 47 78 65 57 87 45 92 74 52 
106 56 106 74 117 98 106 79 87 77 64 65 108 57 86 63 88 82 105 79 81 76 101 107 113 82 73 106 65 111 102 82 
46 15 34 0 9 20 21 25 3 23 32 2 19 26 18 27 8 24 17 8 1 15 18 3 16 3 16 33 62 8 13 14 
23 18 25 23 14 24 14 16 15 20 23 15 17 21 21 18 15 23 15 22 15 24 16 29 19 0 16 26 14 24 19 22 
56 48 31 35 26 38 39 35 54 31 51 70 27 37 45 49 34 39 39 48 40 42 48 45 40 49 49 29 23 42 50 59 
59 43 38 44 37 49 44 39 9 50 41 39 52 38 40 43 43 53 37 58 45 39 50 52 33 66 45 52 47 47 55 50 
141 87 104 105 106 99 86 87 118 105 110 117 96 96 74 107 88 104 89 108 47 90 117 102 101 99 98 104 101 117 108 113 
116 85 106 84 83 104 102 84 100 120 91 99 92 122 100 88 94 97 84 91 42 94 104 118 86 104 74 79 85 91 107 92 
13 4 5 4 8 5 0 4 3 5 4 2 6 4 5 5 11 7 5 5 4 6 7 5 9 7 7 2 8 9 6 5 
55 37 35 36 46 13 36 43 26 34 25 49 49 54 38 60 26 26 49 31 20 40 21 28 35 48 37 36 47 46 36 60 
66 47 26 51 44 68 39 26 37 87 26 42 45 65 41 39 41 53 47 33 63 45 61 46 32 62 68 19 109 42 27 38 
96 39 31 50 23 22 33 66 62 23 31 38 23 33 15 30 30 57 27 41 21 27 19 20 27 19 24 50 54 46 15 51 
23 6 1 5 7 14 2 7 4 11 5 10 6 7 10 5 8 8 7 12 4 11 11 4 8 3 1 10 8 9 12 4 
91 60 69 49 78 67 65 79 46 52 68 46 61 48 43 51 61 35 56 58 75 55 72 72 78 55 67 78 47 49 43 59 
8 8 8 17 1 8 4 10 4 10 4 6 4 7 10 9 5 6 16 17 1 26 5 13 3 9 0 12 16 8 12 9 
58 10 13 36 15 12 28 6 19 19 27 19 14 11 15 18 12 18 12 16 60 16 7 10 9 4 45 38 17 38 14 15 
12 5 2 3 5 6 7 4 5 1 4 7 4 4 4 7 5 4 4 5 4 5 1 9 10 9 5 8 2 3 9 5 
89 79 103 107 83 77 62 60 114 76 93 129 75 72 69 100 97 93 121 94 98 90 98 71 81 103 85 88 113 105 57 55 
94 76 79 61 58 80 83 72 87 94 90 82 22 104 66 97 80 75 71 89 106 58 98 63 84 69 76 63 93 100 83 69 
17 24 18 24 26 25 16 15 24 17 32 24 16 32 16 32 21 16 2 9 26 12 26 40 24 16 50 35 41 9 21 10 
17 4 5 6 14 10 7 1 5 10 9 4 4 15 6 9 10 11 8 4 8 10 9 8 8 10 7 7 12 0 10 9 
6 3 6 8 7 5 5 3 3 4 8 3 4 9 1 5 3 12 3 3 2 9 3 3 3 7 4 7 3 2 9 0 
104 56 73 98 88 83 81 97 79 89 79 78 95 72 69 71 102 90 91 78 13 55 58 67 64 106 57 76 54 64 118 78 
93 35 36 10 34 56 37 37 22 42 49 17 34 26 36 32 44 38 27 21 28 10 26 31 57 42 51 44 43 42 37 30 
87 60 47 49 60 76 64 57 61 73 50 74 53 63 67 31 60 64 55 69 60 57 79 60 61 64 48 54 47 76 73 51 
136 143 117 115 128 78 113 127 167 106 85 144 122 93 132 97 101 103 134 131 125 78 102 108 127 163 104 132 106 99 155 168 
91 72 69 65 63 72 70 77 61 105 73 71 58 67 83 93 102 81 97 74 57 77 74 84 77 97 84 71 34 56 105 81 
22 9 16 3 1 39 12 24 3 21 36 6 9 17 34 14 18 7 17 3 11 24 14 14 18 16 13 20 11 4 7 4 
17 9 6 3 7 10 4 6 10 11 3 5 2 0 0 2 5 1 10 6 7 3 12 2 11 2 2 7 4 4 2 0 
28 29 29 36 19 28 33 24 23 24 27 25 31 20 3 32 27 30 23 25 30 24 22 18 24 33 22 32 24 33 21 16 
15 4 11 5 6 13 10 9 11 11 10 9 11 15 8 9 5 5 9 16 14 9 12 8 5 16 11 11 10 15 13 8 
215 145 217 221 206 224 197 207 195 223 172 137 164 264 207 212 144 187 271 209 164 191 157 233 185 230 176 223 228 233 230 167 
39 19 27 24 11 4 21 30 34 12 28 34 15 21 31 23 15 26 21 22 16 33 7 22 19 13 17 35 24 24 24 28 
75 45 47 27 53 40 25 4 47 21 42 33 44 41 54 39 15 41 55 51 55 43 38 53 60 33 42 40 42 23 36 49 
180 234 172 138 127 167 193 238 154 201 199 214 264 228 170 92 180 242 170 199 192 181 176 165 166 156 186 147 106 154 226 160 
52 43 41 50 45 55 45 16 43 92 88 63 63 72 53 42 31 54 46 88 43 50 32 75 39 56 57 44 56 86 29 20 
211 157 170 96 113 136 124 106 104 112 101 80 108 91 149 136 123 108 107 149 118 84 108 74 76 83 123 144 122 45 108 84 
35 34 22 28 29 20 11 22 13 23 21 23 37 19 31 28 16 30 21 28 13 31 37 27 16 30 27 22 23 59 21 32 
86 68 17 76 47 44 49 59 68 33 75 86 55 11 47 47 32 77 24 45 60 58 51 4 61 40 32 34 51 38 50 45 
58 11 26 27 25 23 11 23 13 16 13 25 26 25 20 19 17 16 20 36 16 27 20 9 23 17 29 17 13 25 12 30 
3 0 0 0 0 0 0 0 0 0 0 0 0 0 0 0 0 0 0 0 0 0 0 0 1 0 0 0 0 0 0 0 
42 45 11 38 8 14 13 23 6 10 10 15 10 23 36 7 15 18 15 14 21 12 25 17 27 32 13 16 17 44 17 15 
93 30 115 93 60 110 90 118 121 54 48 38 80 73 68 53 60 107 92 98 137 47 129 68 75 91 130 60 78 119 85 114 
49 63 58 29 52 26 92 30 51 40 52 73 44 26 59 43 57 73 60 37 27 60 65 34 61 38 10 60 78 41 68 59 
105 50 63 83 45 58 36 42 55 45 45 68 53 53 64 64 54 58 56 58 46 50 57 62 52 69 47 52 67 71 37 52 
210 155 138 143 164 144 158 186 141 91 194 152 133 145 165 108 102 167 137 145 124 162 135 112 160 142 178 149 171 160 139 153 
26 21 13 13 14 15 10 12 20 6 4 10 6 6 3 5 12 3 8 5 5 10 11 18 21 7 6 8 8 20 6 4 
104 109 85 77 83 65 75 86 90 106 89 83 66 85 84 88 71 73 76 112 65 87 74 85 66 66 89 99 103 95 77 82 
207 139 163 124 114 227 170 182 173 180 268 124 154 178 201 161 132 248 145 106 128 177 239 220 197 246 211 216 138 132 238 169 
137 147 141 147 113 146 103 131 92 156 120 164 115 91 120 150 126 170 146 73 135 151 158 142 140 126 110 138 107 141 94 102 
46 34 58 36 29 48 47 23 54 28 22 31 16 30 21 20 41 43 54 30 41 25 40 31 15 36 30 11 29 48 21 35 
144 90 84 101 87 85 125 114 97 102 100 78 74 120 103 66 62 63 99 67 70 65 97 34 94 77 93 133 75 99 94 76 
71 86 69 76 63 62 54 102 71 64 76 67 13 61 84 100 77 72 77 72 102 49 54 68 89 60 79 83 62 78 81 73 
49 41 45 37 46 12 44 43 33 45 37 43 37 44 54 32 37 31 36 42 43 33 54 47 36 46 28 47 43 36 35 42 
47 38 26 24 38 38 29 43 44 44 42 34 40 35 64 30 31 35 43 44 52 55 41 48 36 32 53 42 56 39 42 26 
60 80 80 95 85 90 90 85 80 75 94 68 93 89 77 78 77 70 82 80 87 67 63 67 70 60 68 67 89 75 67 92 
13 5 7 5 6 9 2 7 1 2 4 4 4 8 0 2 8 4 5 5 6 4 3 7 3 9 4 5 4 4 4 0 
34 22 26 28 19 22 25 19 16 29 15 21 20 22 15 33 26 27 25 19 18 28 19 19 24 31 21 0 25 26 27 17 
231 150 245 214 204 235 212 276 231 212 260 239 183 173 204 192 244 205 225 196 270 215 210 216 234 200 200 197 174 212 223 171 
1 0 0 0 0 0 0 0 0 0 0 0 0 0 0 0 0 0 0 1 0 0 0 0 0 0 0 0 0 0 0 0 
110 48 111 94 109 92 89 92 102 96 92 92 101 94 94 102 83 100 87 107 91 118 118 101 111 126 108 105 92 104 60 57 
9 11 2 4 7 9 5 4 1 0 0 3 4 10 7 0 4 10 3 6 5 1 3 5 4 3 4 2 5 10 5 1 
118 114 148 118 114 79 54 125 137 121 101 148 112 122 76 178 126 67 169 138 109 104 83 88 63 114 111 105 153 118 194 75 
59 70 42 51 29 61 36 53 42 57 69 48 47 29 46 57 65 48 60 48 50 58 48 49 78 52 41 64 45 68 74 65 
238 244 235 212 235 184 215 235 237 217 184 254 193 181 222 184 182 230 234 190 216 188 227 212 220 250 177 221 179 225 223 230 
42 19 18 29 16 26 28 22 14 33 22 15 10 10 16 14 16 27 21 23 25 30 10 23 16 13 22 21 24 22 11 7 
22 12 23 24 15 12 13 17 7 17 7 17 18 8 25 11 8 6 21 20 12 12 13 11 14 9 12 12 10 19 24 11 
20 17 10 9 7 15 10 7 6 21 13 11 10 11 15 15 15 13 13 13 9 7 14 20 5 8 10 5 12 15 17 3 
80 45 64 30 31 27 37 63 41 70 74 67 72 42 40 60 41 61 62 34 41 51 76 69 74 46 44 45 41 58 64 30 
16 12 13 2 10 0 10 4 3 10 10 8 6 10 9 11 4 1 2 2 2 12 4 0 8 2 10 14 2 4 6 3 
96 45 54 35 38 35 48 40 33 56 38 54 85 44 46 32 53 71 33 67 84 32 25 81 28 52 91 37 50 47 47 11 
51 16 19 22 14 16 17 21 15 11 25 21 16 32 9 28 11 10 18 30 21 14 9 13 16 22 21 18 31 8 26 12 
24 9 7 9 4 2 4 7 1 2 5 0 11 12 16 3 5 5 7 9 7 6 5 12 9 8 9 3 4 4 3 10 
143 67 72 104 65 130 106 90 55 89 103 78 135 85 118 90 93 137 115 116 100 76 89 109 75 120 96 116 81 148 105 112 
69 20 25 18 11 23 4 2 1 12 22 12 6 8 10 11 1 3 28 6 20 11 4 16 21 10 18 7 21 24 1 3 
37 32 9 9 11 9 7 7 9 13 13 10 13 9 9 4 8 20 5 13 8 12 10 11 5 12 6 8 8 14 6 4 
8 0 1 3 0 0 2 3 1 0 0 0 2 2 0 0 2 0 4 0 1 1 0 0 2 0 1 0 1 0 2 0 
140 152 115 103 111 144 127 127 106 107 126 129 115 91 149 120 100 112 117 154 121 132 131 141 133 116 117 137 151 80 134 61 
8 6 7 1 2 7 4 6 4 4 2 3 4 1 2 4 2 6 2 3 3 10 5 2 5 4 3 3 5 2 7 2 
309 221 220 245 225 248 183 216 234 208 246 237 198 202 214 229 190 225 246 245 215 272 244 255 227 233 222 231 192 200 266 139 
