260 0 421 0 205 168 0 0 0 0 0 0 0 0 0 0 422 0 0 0 0 0 0 0 0 0 0 0 0 0 0 0 
359 0 872 0 26 302 0 0 0 0 0 0 0 0 0 0 423 0 0 0 0 0 0 0 0 0 0 0 0 0 0 0 
384 0 972 0 40 299 0 0 0 0 0 0 0 0 0 0 226 0 0 0 0 0 0 0 0 0 0 0 0 0 0 0 
342 0 714 0 10 361 0 0 0 0 0 0 0 0 0 64 357 0 0 0 0 0 0 0 0 0 0 0 0 0 0 0 
558 233 518 231 11 139 261 0 0 0 0 0 0 0 0 424 72 0 0 0 0 0 0 0 0 0 0 0 0 0 0 0 
577 649 352 612 59 48 160 2 107 0 0 0 0 0 0 69 47 200 0 0 0 0 0 0 0 0 0 0 0 0 0 0 
463 748 17 609 112 14 0 37 255 0 0 0 0 0 0 0 10 245 0 0 0 0 0 0 0 0 0 0 0 0 0 0 
599 906 15 704 56 0 0 248 98 0 0 0 0 0 0 0 3 328 44 0 0 0 0 0 0 0 0 0 0 0 0 0 
807 601 206 859 106 117 0 114 4 0 0 0 0 0 0 0 310 223 48 0 0 0 0 0 0 0 0 0 0 0 0 0 
661 1127 15 638 18 10 0 333 0 0 0 0 0 0 0 0 9 321 95 0 0 0 0 0 0 0 0 0 0 0 0 0 
578 1012 35 655 2 0 0 330 0 0 0 0 0 0 0 0 0 157 288 0 0 0 0 0 0 0 0 0 0 0 0 0 
837 578 501 722 24 170 10 161 0 0 0 0 0 0 0 116 12 46 30 0 0 0 0 0 0 0 0 0 0 0 0 0 
1028 682 985 0 67 423 6 0 0 0 0 0 0 0 0 194 225 0 0 0 0 0 0 0 0 0 0 0 0 0 0 0 
796 891 884 0 80 67 0 0 0 0 0 0 0 0 0 1 3 123 0 129 6 125 2 0 0 0 0 0 0 0 0 0 
1178 1311 635 0 151 105 0 0 0 0 0 0 0 0 0 0 40 273 0 39 6 174 4 0 1 0 0 0 0 0 0 0 
