42 0 0 3 2 1 2 1 0 2 1 1 0 3 0 0 0 0 2 1 0 1 0 1 0 0 0 0 0 0 0 0 
43 0 0 4 1 1 3 0 0 3 1 0 0 0 0 1 2 1 0 2 1 1 0 0 0 0 0 0 0 0 0 0 
43 0 0 2 3 1 1 2 0 1 1 2 0 0 3 1 1 1 0 0 1 0 0 1 0 0 0 0 0 0 0 0 
42 1 2 3 1 1 2 0 0 2 1 0 1 2 1 1 0 0 0 0 0 1 0 3 0 0 0 0 0 0 0 0 
42 1 2 3 1 1 2 0 0 2 1 0 1 0 1 0 2 1 0 0 2 2 0 0 0 0 0 0 0 0 0 0 
41 2 4 2 1 1 0 1 0 1 0 1 2 1 0 0 0 0 4 1 2 0 0 0 0 0 0 0 0 0 0 0 
43 1 2 1 2 0 2 1 0 1 1 1 1 0 1 1 0 3 0 2 0 1 0 0 0 0 0 0 0 0 0 0 
43 1 2 1 2 0 2 1 0 0 2 1 1 0 0 2 1 2 0 0 0 1 0 2 0 0 0 0 0 0 0 0 
43 0 0 3 2 1 2 1 0 0 2 2 0 2 1 1 0 1 0 3 0 0 0 0 0 0 0 0 0 0 0 0 
43 0 0 3 2 1 2 1 0 0 2 2 0 0 0 4 1 0 0 0 2 1 0 0 0 0 0 0 0 0 0 0 
43 0 0 3 2 1 2 1 0 0 2 2 0 0 1 1 3 0 0 0 2 0 0 1 0 0 0 0 0 0 0 0 
41 2 2 4 1 1 1 0 0 0 1 1 2 1 1 1 0 1 0 0 1 3 0 0 0 0 0 0 0 0 0 0 
42 1 1 4 1 1 1 1 0 0 1 2 1 1 0 1 1 2 0 0 0 0 0 3 0 0 0 0 0 0 0 0 
42 1 1 4 1 1 1 1 0 0 1 2 1 2 2 0 1 0 0 2 1 0 0 0 0 0 0 0 0 0 0 0 
42 2 2 2 2 0 1 1 0 0 1 1 2 0 1 4 0 0 0 1 0 1 0 1 0 0 0 0 0 0 0 0 
43 0 0 3 2 1 1 2 0 0 2 0 2 2 0 0 1 0 1 0 0 3 0 1 0 0 0 0 0 0 0 0 
42 0 0 4 1 1 2 1 0 0 1 0 3 0 1 2 2 1 1 1 0 0 0 0 0 0 0 0 0 0 0 0 
42 0 0 2 3 1 0 3 0 0 3 0 1 0 1 1 0 1 0 1 3 0 0 1 0 0 0 0 0 0 0 0 
43 1 1 2 2 0 1 2 0 0 2 0 2 1 0 1 0 3 1 0 1 1 0 0 0 0 0 0 0 0 0 0 
41 1 1 5 1 2 0 1 0 0 1 0 3 2 1 1 1 0 2 0 0 1 0 0 0 0 0 0 0 0 0 0 
42 2 2 3 1 0 1 1 0 0 1 0 3 1 3 0 1 1 1 0 1 0 0 0 0 0 0 0 0 0 0 0 
42 1 1 4 1 1 1 1 0 0 1 0 3 0 0 0 1 0 0 2 1 1 0 3 0 0 0 0 0 0 0 0 
43 1 1 1 3 0 0 3 0 1 2 0 1 1 0 1 0 0 1 2 0 0 0 3 0 0 0 0 0 0 0 0 
41 0 0 2 3 1 2 1 0 0 1 0 3 1 3 1 0 0 0 1 0 1 0 1 0 0 0 0 0 0 0 0 
43 0 0 2 3 1 1 2 0 1 1 0 2 0 0 2 3 0 1 1 1 0 0 0 0 0 0 0 0 0 0 0 
43 0 0 2 3 1 1 2 0 1 1 0 2 0 0 3 1 0 0 0 3 1 0 0 0 0 0 0 0 0 0 0 
41 2 2 4 1 1 0 1 0 1 0 0 3 4 1 2 0 0 0 0 0 0 0 1 0 0 0 0 0 0 0 0 
42 1 1 3 2 1 1 1 0 0 1 0 3 0 1 2 1 0 3 0 0 0 0 1 0 0 0 0 0 0 0 0 
42 1 1 3 2 1 1 1 0 1 0 0 3 0 0 2 0 0 1 0 2 2 0 1 0 0 0 0 0 0 0 0 
42 2 2 2 2 0 0 2 0 1 1 0 2 0 1 0 1 0 0 4 0 2 0 0 0 0 0 0 0 0 0 0 
42 0 0 1 3 0 3 1 0 1 2 1 0 3 0 0 0 1 1 0 0 2 0 1 0 0 0 0 0 0 0 0 
44 0 0 1 3 0 1 3 0 0 3 1 0 2 0 0 0 2 1 0 0 2 0 1 0 0 0 0 0 0 0 0 
44 0 0 1 3 0 2 2 0 1 1 0 2 1 0 0 0 0 1 0 0 2 0 4 0 0 0 0 0 0 0 0 
45 1 0 1 2 0 2 1 0 2 3 0 0 1 0 0 0 1 1 0 0 2 0 1 0 0 0 0 0 0 0 0 
45 1 0 1 2 0 1 2 0 2 3 0 0 1 0 0 0 1 1 0 0 0 0 3 0 0 0 0 0 0 0 0 
46 2 0 0 2 0 1 1 0 0 6 0 0 2 0 0 0 0 0 0 0 2 0 0 0 0 0 0 0 0 0 0 
45 1 0 1 2 0 2 1 0 0 0 2 3 1 0 0 0 0 1 0 0 2 0 2 0 0 0 0 0 0 0 0 
44 1 0 3 1 1 1 1 0 0 1 3 1 2 1 0 0 1 0 2 0 0 0 0 0 0 0 0 0 0 0 0 
43 0 0 3 2 1 2 1 0 0 2 0 2 1 1 1 3 0 0 2 0 0 0 0 0 0 0 0 0 0 0 0 
43 0 0 3 2 1 2 1 0 0 1 0 3 2 4 1 0 0 0 1 0 0 0 0 0 0 0 0 0 0 0 0 
43 0 0 3 2 1 2 1 0 0 0 1 3 4 2 1 0 0 0 1 0 0 0 0 0 0 0 0 0 0 0 0 
43 2 2 2 1 1 1 0 0 0 2 0 4 2 0 1 1 0 0 0 0 0 0 0 0 0 0 0 0 0 0 0 
43 1 1 3 1 1 2 0 0 0 0 2 3 1 2 1 1 0 0 1 0 0 0 0 0 0 0 0 0 0 0 0 
44 1 1 1 2 0 1 2 0 0 2 2 1 1 2 0 0 0 0 3 0 0 0 0 0 0 0 0 0 0 0 0 
44 2 2 0 2 0 1 1 0 0 4 0 2 0 0 1 1 0 0 2 0 0 0 0 0 0 0 0 0 0 0 0 
42 0 0 4 1 1 3 0 0 2 1 0 1 0 0 2 0 2 1 3 0 0 0 0 0 0 0 0 0 0 0 0 
41 0 0 4 2 2 1 1 0 0 1 0 3 0 0 3 2 0 2 1 0 0 0 0 0 0 0 0 0 0 0 0 
44 0 0 1 3 0 2 2 0 2 0 0 2 0 0 1 1 4 0 2 0 0 0 0 0 0 0 0 0 0 0 0 
43 1 0 4 1 1 2 0 0 1 0 0 4 0 0 3 1 1 1 0 0 0 0 0 0 0 0 0 0 0 0 0 
43 1 0 4 1 1 2 0 0 1 0 0 4 0 0 1 1 3 1 0 0 0 0 0 0 0 0 0 0 0 0 0 
43 2 0 4 1 1 0 1 0 3 1 0 2 0 0 0 0 1 1 2 0 0 0 0 0 0 0 0 0 0 0 0 
44 1 0 2 2 0 2 1 0 3 1 0 1 0 0 1 1 1 0 3 0 0 0 0 0 0 0 0 0 0 0 0 
43 1 0 4 1 1 1 1 0 2 2 0 1 0 0 1 2 0 0 1 1 1 0 0 0 0 0 0 0 0 0 0 
43 0 0 3 2 1 1 2 0 0 1 3 0 0 0 5 1 0 0 0 1 1 0 0 0 0 0 0 0 0 0 0 
43 0 0 2 3 1 0 3 0 1 1 1 1 0 0 3 0 0 0 0 3 2 0 0 0 0 0 0 0 0 0 0 
44 0 0 2 2 0 2 2 0 1 2 0 1 0 0 3 0 0 0 0 3 2 0 0 0 0 0 0 0 0 0 0 
43 2 0 4 1 1 0 1 0 2 1 3 0 0 0 2 0 0 0 0 0 2 0 0 0 0 0 0 0 0 0 0 
43 1 0 4 1 1 1 1 0 4 1 0 0 0 0 1 2 0 0 0 1 2 0 0 0 0 0 0 0 0 0 0 
43 1 0 4 1 1 1 1 0 2 0 1 2 0 0 1 0 0 0 0 3 2 0 0 0 0 0 0 0 0 0 0 
44 2 0 2 2 0 0 2 0 0 0 4 2 0 0 3 1 0 0 0 0 0 0 0 0 0 0 0 0 0 0 0 
43 0 0 2 3 1 2 1 0 1 2 1 0 0 3 0 1 1 0 0 2 0 0 1 0 0 0 0 0 0 0 0 
43 0 0 2 3 1 0 3 0 0 2 2 0 0 2 0 2 1 0 0 2 0 0 1 0 0 0 0 0 0 0 0 
43 0 0 2 3 1 1 2 0 1 0 1 2 0 1 0 0 1 0 0 2 0 0 4 0 0 0 0 0 0 0 0 
43 1 0 3 2 1 1 1 0 2 3 0 0 0 1 0 1 1 0 0 2 0 0 1 0 0 0 0 0 0 0 0 
43 1 0 3 2 1 0 2 0 2 1 2 0 0 1 0 1 1 0 0 0 0 0 3 0 0 0 0 0 0 0 0 
44 2 0 2 2 0 1 1 0 0 4 2 0 0 2 0 0 0 0 0 2 0 0 0 0 0 0 0 0 0 0 0 
43 1 0 3 2 1 1 1 0 0 0 2 3 0 1 0 0 1 0 0 2 0 0 2 0 0 0 0 0 0 0 0 
44 1 0 2 2 0 2 1 0 0 0 2 3 2 2 1 1 0 0 0 0 0 0 0 0 0 0 0 0 0 0 0 
44 0 0 1 3 0 2 2 0 1 0 1 2 1 0 1 0 4 0 2 0 0 0 0 0 0 0 0 0 0 0 0 
44 0 0 1 3 0 1 3 0 2 0 1 1 0 1 2 0 0 0 0 1 3 0 1 0 0 0 0 0 0 0 0 
44 0 0 0 4 0 2 2 0 0 0 2 2 0 0 2 0 2 0 0 1 1 0 2 0 0 0 0 0 0 0 0 
44 2 2 1 1 0 1 1 0 1 0 0 3 1 4 2 0 0 0 0 0 0 0 1 0 0 0 0 0 0 0 0 
44 1 1 1 2 0 2 1 0 0 0 1 3 1 0 1 1 4 0 0 0 0 0 1 0 0 0 0 0 0 0 0 
44 1 1 1 2 0 2 1 0 1 0 0 3 0 0 0 2 1 0 0 2 2 0 1 0 0 0 0 0 0 0 0 
44 2 2 0 2 0 0 2 0 1 0 1 2 1 0 0 0 1 0 4 2 0 0 0 0 0 0 0 0 0 0 0 
43 1 1 3 1 0 3 0 0 0 2 0 2 1 0 2 1 1 0 0 3 0 0 0 0 0 0 0 0 0 0 0 
43 1 1 1 3 0 1 2 0 0 2 0 2 1 0 2 1 2 0 0 2 0 0 0 0 0 0 0 0 0 0 0 
43 2 1 3 1 0 2 0 0 1 0 0 4 1 0 3 1 1 0 0 0 0 0 1 0 0 0 0 0 0 0 0 
44 1 0 2 2 0 2 1 0 1 4 0 0 0 0 2 1 0 0 0 3 0 0 1 0 0 0 0 0 0 0 0 
43 3 1 3 1 0 0 1 0 2 3 0 1 1 0 1 0 1 0 0 1 0 0 2 0 0 0 0 0 0 0 0 
43 2 1 5 1 0 2 0 0 1 1 0 1 3 0 1 1 1 0 0 0 0 0 1 0 0 0 0 0 0 0 0 
43 2 1 5 1 0 1 1 0 1 0 0 2 3 0 1 0 0 0 0 2 0 0 1 0 0 0 0 0 0 0 0 
43 0 0 4 3 1 2 1 0 0 1 1 0 2 0 1 1 1 0 0 1 2 0 0 0 0 0 0 0 0 0 0 
41 2 2 4 1 1 0 1 0 0 1 0 3 0 2 1 0 0 3 0 0 2 0 0 0 0 0 0 0 0 0 0 
44 1 0 2 2 1 1 1 0 1 3 0 1 0 0 1 0 1 2 0 0 2 0 1 0 0 0 0 0 0 0 0 
43 1 0 3 2 1 1 1 0 1 0 2 2 0 0 3 0 1 0 0 0 2 0 1 0 0 0 0 0 0 0 0 
44 2 1 1 2 0 1 1 0 1 0 2 2 0 1 3 0 1 0 0 0 1 0 1 0 0 0 0 0 0 0 0 
44 3 2 3 0 1 0 0 0 1 1 0 2 0 3 2 0 0 1 0 0 0 0 1 0 0 0 0 0 0 0 0 
43 3 1 4 1 0 1 0 0 2 0 1 2 0 2 0 0 1 0 0 0 1 0 2 0 0 0 0 0 0 0 0 
44 0 0 5 3 1 1 2 0 0 0 0 0 0 4 1 0 1 0 0 0 2 0 0 0 0 0 0 0 0 0 0 
42 1 2 3 1 1 1 1 0 3 0 0 1 2 1 1 0 0 0 0 0 0 0 4 0 0 0 0 0 0 0 0 
42 1 1 4 1 1 1 1 0 2 0 0 2 4 1 1 0 0 0 0 0 0 0 2 0 0 0 0 0 0 0 0 
44 2 1 3 0 1 1 0 0 1 2 0 3 2 2 0 0 0 0 0 0 0 0 2 0 0 0 0 0 0 0 0 
43 1 0 4 1 1 1 1 0 3 1 0 1 1 3 0 0 0 0 0 0 0 0 3 0 0 0 0 0 0 0 0 
43 3 2 2 1 0 0 1 0 2 1 0 2 1 2 2 0 0 0 0 0 0 0 2 0 0 0 0 0 0 0 0 
45 2 1 4 0 1 1 0 0 1 1 0 1 1 2 3 0 0 0 0 0 0 0 1 0 0 0 0 0 0 0 0 
43 2 4 2 1 0 1 1 0 0 1 0 2 1 0 3 0 0 0 0 0 0 0 3 0 0 0 0 0 0 0 0 
43 0 1 5 1 2 1 1 0 0 1 1 0 0 1 2 1 1 0 0 0 0 0 3 0 0 0 0 0 0 0 0 
41 2 2 4 1 1 0 1 0 0 1 0 3 0 0 2 1 0 3 0 0 0 0 2 0 0 0 0 0 0 0 0 
44 1 0 3 1 1 1 1 0 0 4 0 1 0 0 0 1 1 2 0 0 0 0 3 0 0 0 0 0 0 0 0 
43 1 0 4 1 1 1 1 0 0 1 2 2 0 0 0 1 3 0 0 0 0 0 3 0 0 0 0 0 0 0 0 
44 2 1 2 1 0 1 1 0 0 1 2 2 0 0 1 0 4 0 0 0 0 0 2 0 0 0 0 0 0 0 0 
44 3 2 3 0 1 0 0 0 0 2 0 2 0 0 2 2 1 1 0 0 0 0 1 0 0 0 0 0 0 0 0 
43 3 1 5 0 0 1 0 0 0 2 1 2 0 0 1 1 1 0 0 0 0 0 3 0 0 0 0 0 0 0 0 
44 0 0 6 2 1 1 2 0 0 0 0 0 0 0 0 5 1 0 0 0 0 0 2 0 0 0 0 0 0 0 0 
42 1 2 2 2 1 1 1 0 1 2 0 1 2 0 0 1 1 0 0 0 4 0 0 0 0 0 0 0 0 0 0 
42 1 1 3 2 1 1 1 0 0 2 0 2 4 0 0 1 1 0 0 0 2 0 0 0 0 0 0 0 0 0 0 
44 2 1 2 1 1 1 0 0 0 3 0 3 2 0 0 2 0 0 0 0 0 0 2 0 0 0 0 0 0 0 0 
43 1 0 3 2 1 1 1 0 3 1 0 1 1 0 0 3 0 0 0 0 2 0 1 0 0 0 0 0 0 0 0 
43 3 2 2 1 0 0 1 0 2 1 0 2 1 0 0 2 2 0 0 0 1 0 1 0 0 0 0 0 0 0 0 
45 2 1 3 1 1 1 0 0 0 2 0 1 1 0 0 4 1 0 0 0 0 0 1 0 0 0 0 0 0 0 0 
43 2 4 1 2 0 1 1 0 0 1 0 2 1 0 0 2 1 0 0 0 2 0 1 0 0 0 0 0 0 0 0 
44 0 1 3 2 1 2 1 0 1 1 0 0 0 1 0 4 0 0 0 2 1 0 0 0 0 0 0 0 0 0 0 
42 2 3 2 1 0 1 1 0 0 1 0 3 0 3 0 1 0 2 0 2 0 0 0 0 0 0 0 0 0 0 0 
43 1 1 2 2 0 2 1 0 1 0 0 3 0 2 0 4 0 1 0 1 0 0 0 0 0 0 0 0 0 0 0 
44 1 1 1 2 0 2 1 0 2 0 1 2 0 1 0 3 0 0 0 2 0 0 1 0 0 0 0 0 0 0 0 
44 2 0 2 2 0 1 1 0 1 3 2 0 0 2 0 0 0 0 0 2 0 0 2 0 0 0 0 0 0 0 0 
42 3 2 4 1 0 1 0 0 1 0 1 2 0 2 0 1 1 2 0 0 0 0 1 0 0 0 0 0 0 0 0 
43 3 3 3 0 0 1 0 0 0 1 2 2 0 0 0 1 1 1 0 1 0 0 2 0 0 0 0 0 0 0 0 
44 0 2 3 3 0 2 2 0 0 0 0 0 0 1 0 1 4 0 0 2 0 0 0 0 0 0 0 0 0 0 0 
42 1 1 4 1 1 2 0 0 0 0 0 4 0 0 0 0 0 0 1 1 2 0 4 0 0 0 0 0 0 0 0 
42 1 1 4 1 1 2 0 0 0 0 0 4 0 0 0 0 0 0 1 1 4 0 2 0 0 0 0 0 0 0 0 
44 2 0 4 0 1 1 0 0 0 0 2 4 0 0 0 0 0 0 0 2 2 0 2 0 0 0 0 0 0 0 0 
43 1 0 4 1 1 2 0 0 0 0 1 4 0 0 0 0 0 0 0 3 1 0 3 0 0 0 0 0 0 0 0 
45 3 2 0 1 0 1 0 0 0 0 1 4 0 0 0 0 0 0 2 3 0 0 2 0 0 0 0 0 0 0 0 
43 2 1 6 0 1 1 0 0 0 0 1 2 0 0 0 0 0 0 3 1 2 0 1 0 0 0 0 0 0 0 0 
43 2 1 5 1 1 1 0 0 0 0 1 2 0 0 0 0 0 0 3 1 0 0 3 0 0 0 0 0 0 0 0 
43 0 0 5 2 1 2 1 0 1 0 1 0 1 0 0 0 0 2 3 0 1 0 1 0 0 0 0 0 0 0 0 
41 2 3 3 1 1 0 1 0 0 0 2 2 3 0 0 0 1 1 1 2 0 0 0 0 0 0 0 0 0 0 0 
44 1 0 2 2 1 0 2 0 0 0 4 1 3 0 0 0 1 1 1 0 0 0 1 0 0 0 0 0 0 0 0 
43 1 1 2 2 1 0 2 0 2 0 2 1 1 0 0 0 1 1 3 0 0 0 1 0 0 0 0 0 0 0 0 
44 2 1 1 2 0 0 2 0 2 0 1 2 1 0 0 0 1 0 3 1 0 0 1 0 0 0 0 0 0 0 0 
42 3 3 3 1 0 0 1 0 1 0 0 3 2 0 0 0 0 1 0 3 0 0 1 0 0 0 0 0 0 0 0 
45 3 3 0 1 0 0 1 0 0 0 2 3 0 0 0 0 1 0 1 2 0 0 2 0 0 0 0 0 0 0 0 
44 0 1 5 2 2 0 2 0 0 0 0 0 1 0 0 0 1 0 2 4 0 0 0 0 0 0 0 0 0 0 0 
43 1 2 2 1 0 2 1 0 1 1 1 1 0 2 0 0 3 0 2 0 1 0 0 0 0 0 0 0 0 0 0 
43 1 1 1 3 0 0 3 0 1 1 1 1 0 3 0 2 0 0 2 0 1 0 0 0 0 0 0 0 0 0 0 
43 2 2 2 1 0 1 1 0 0 3 0 2 0 2 0 0 0 0 3 0 1 0 1 0 0 0 0 0 0 0 0 
44 1 0 2 2 0 1 2 0 3 0 1 1 0 1 0 1 2 0 2 0 0 0 1 0 0 0 0 0 0 0 0 
43 3 1 3 1 0 0 1 0 1 0 2 3 0 2 0 1 0 0 0 0 1 0 2 0 0 0 0 0 0 0 0 
43 2 4 1 2 0 0 2 0 0 1 0 2 0 1 0 1 1 0 0 0 3 0 1 0 0 0 0 0 0 0 0 
43 2 1 5 1 0 1 1 0 0 0 1 2 0 1 0 0 0 0 2 0 3 0 1 0 0 0 0 0 0 0 0 
44 0 1 2 3 0 2 2 0 0 1 1 0 0 0 2 2 0 0 2 0 2 0 0 0 0 0 0 0 0 0 0 
42 2 3 1 2 0 1 1 0 0 1 1 2 0 0 2 3 0 0 1 0 0 0 2 0 0 0 0 0 0 0 0 
43 1 1 1 3 0 1 2 0 0 3 0 1 0 0 1 2 0 0 4 0 0 0 1 0 0 0 0 0 0 0 0 
44 1 1 0 3 0 1 2 0 0 4 0 1 0 0 2 1 0 0 3 0 0 0 1 0 0 0 0 0 0 0 0 
44 2 0 2 2 0 0 2 0 0 1 3 2 0 0 2 2 0 0 0 0 0 0 2 0 0 0 0 0 0 0 0 
42 3 5 1 1 0 0 1 0 0 1 0 3 0 0 2 1 0 0 0 0 0 0 4 0 0 0 0 0 0 0 0 
43 3 1 4 1 0 0 1 0 0 1 1 3 0 0 0 1 0 0 1 0 0 0 4 0 0 0 0 0 0 0 0 
44 0 1 3 4 0 2 2 0 0 0 0 0 0 0 1 1 0 0 2 0 0 0 4 0 0 0 0 0 0 0 0 
44 0 0 6 2 1 2 1 0 0 0 0 0 3 1 2 1 0 0 0 1 0 0 0 0 0 0 0 0 0 0 0 
44 0 0 6 2 1 2 1 0 0 0 0 0 1 3 2 0 1 0 0 0 1 0 0 0 0 0 0 0 0 0 0 
44 0 1 5 2 1 1 2 0 0 0 0 0 0 0 1 4 1 0 0 0 0 0 2 0 0 0 0 0 0 0 0 
44 0 1 4 3 1 2 1 0 0 0 0 0 1 1 0 4 1 0 0 0 1 0 0 0 0 0 0 0 0 0 0 
44 0 1 6 1 1 2 1 0 0 0 0 0 0 0 0 1 2 0 2 2 1 0 0 0 0 0 0 0 0 0 0 
44 0 1 4 3 1 1 2 0 0 0 0 0 1 0 0 0 1 0 2 3 0 0 1 0 0 0 0 0 0 0 0 
44 0 2 3 3 0 1 3 0 0 0 0 0 0 1 1 1 0 0 1 0 3 0 1 0 0 0 0 0 0 0 0 
44 0 0 3 3 0 2 2 0 1 1 0 0 2 0 0 1 0 0 1 0 0 0 3 0 0 0 0 0 0 0 0 
43 0 0 3 1 1 2 1 1 2 1 1 0 1 0 1 0 1 2 3 0 0 0 0 0 0 0 0 0 0 0 0 
42 0 0 5 0 1 3 0 1 3 0 1 0 0 1 1 3 0 0 0 1 0 0 1 0 0 0 0 0 0 0 0 
43 0 0 3 1 1 2 1 1 2 1 1 0 1 3 0 0 1 0 0 1 0 0 2 0 0 0 0 0 0 0 0 
41 2 4 2 1 0 1 1 0 1 1 0 2 1 0 1 1 1 0 0 0 0 0 1 0 0 0 0 0 0 0 0 
43 1 2 1 1 1 1 1 1 1 1 1 1 1 1 0 1 0 2 0 3 0 0 0 0 0 0 0 0 0 0 0 
42 1 2 3 0 1 2 0 1 2 0 1 1 0 1 0 0 2 2 2 1 0 0 0 0 0 0 0 0 0 0 0 
42 2 4 0 1 1 0 1 1 0 1 1 2 0 0 3 1 1 0 1 0 0 0 1 0 0 0 0 0 0 0 0 
43 0 0 3 2 0 2 2 0 0 2 2 0 2 0 0 0 3 0 1 0 0 0 1 0 0 0 0 0 0 0 0 
43 0 0 4 1 0 3 1 0 0 3 1 0 1 2 1 0 0 0 2 1 0 0 0 0 0 0 0 0 0 0 0 
43 0 0 2 3 0 1 3 0 0 1 3 0 1 1 1 3 0 0 0 1 0 0 1 0 0 0 0 0 0 0 0 
43 1 1 2 2 0 1 2 0 0 3 0 1 1 1 0 1 1 0 0 3 0 0 0 0 0 0 0 0 0 0 0 
41 1 1 6 0 0 3 0 0 0 1 2 1 1 1 0 1 1 0 0 0 0 0 2 0 0 0 0 0 0 0 0 
41 2 2 4 1 0 1 1 0 0 0 2 2 3 0 1 0 1 0 1 1 0 0 1 0 0 0 0 0 0 0 0 
43 1 1 2 2 0 1 2 0 0 2 1 1 3 0 1 1 0 0 2 0 0 0 0 0 0 0 0 0 0 0 0 
43 1 1 1 2 1 0 2 1 0 2 1 1 1 1 2 0 0 1 0 0 0 0 1 0 0 0 0 0 0 0 0 
43 0 0 4 0 1 3 0 1 0 1 0 3 2 0 0 3 0 1 0 0 0 0 1 0 0 0 0 0 0 0 0 
43 0 0 3 1 1 2 1 1 0 2 0 2 0 3 0 0 2 2 0 1 0 0 0 0 0 0 0 0 0 0 0 
43 0 0 3 1 1 2 1 1 0 2 0 2 1 1 0 0 2 0 0 3 0 0 1 0 0 0 0 0 0 0 0 
41 2 2 4 0 1 1 0 1 0 1 0 3 2 1 0 0 1 3 0 0 0 0 0 0 0 0 0 0 0 0 0 
42 1 1 4 1 0 2 1 0 0 1 0 3 4 0 0 2 1 0 0 0 0 0 0 0 0 0 0 0 0 0 0 
42 1 1 4 1 0 2 1 0 0 1 0 3 2 0 0 0 0 1 0 2 0 0 2 0 0 0 0 0 0 0 0 
42 2 2 2 1 1 0 1 1 0 2 0 2 0 1 0 1 0 4 0 0 0 0 2 0 0 0 0 0 0 0 0 
43 0 0 2 2 1 1 2 1 1 1 0 2 2 1 0 0 0 1 0 0 0 3 0 0 0 0 0 0 0 0 0 
43 0 0 2 2 1 1 2 1 0 1 0 3 0 2 2 2 0 2 0 0 0 0 0 0 0 0 0 0 0 0 0 
43 0 0 2 2 1 1 2 1 2 1 0 1 0 0 2 1 0 1 0 3 0 0 0 0 0 0 0 0 0 0 0 
43 1 1 1 2 1 0 2 1 1 1 0 2 2 0 3 1 0 0 0 1 0 1 0 0 0 0 0 0 0 0 0 
41 1 1 5 0 1 2 0 1 0 1 0 3 2 1 1 1 0 2 0 0 0 1 0 0 0 0 0 0 0 0 0 
42 2 2 2 2 0 0 2 0 1 0 0 3 0 1 4 0 0 2 0 1 0 0 0 0 0 0 0 0 0 0 0 
42 1 1 3 1 1 1 1 1 0 1 0 3 0 1 0 0 0 2 0 1 0 1 0 0 0 0 0 0 0 0 0 
43 1 1 2 2 0 1 2 0 2 1 0 1 2 0 0 1 0 2 0 0 1 0 1 0 0 0 0 0 0 0 0 
44 0 0 1 2 1 1 2 1 0 2 2 1 1 0 0 0 3 1 0 0 1 0 1 0 0 0 0 0 0 0 0 
44 0 0 1 2 1 1 2 1 1 2 0 3 0 0 0 0 0 1 0 0 0 1 1 0 0 0 0 0 0 0 0 
44 0 0 0 2 2 0 2 2 0 3 0 1 0 0 0 0 1 2 0 0 0 2 0 0 0 0 0 0 0 0 0 
46 2 0 1 1 0 1 1 0 4 2 0 1 1 0 0 0 0 0 0 0 0 1 1 0 0 0 0 0 0 0 0 
45 1 0 1 1 1 1 1 1 0 5 0 0 1 0 0 0 1 1 0 0 0 1 1 0 0 0 0 0 0 0 0 
45 1 0 1 2 0 1 2 0 0 3 0 2 1 0 0 0 0 0 0 0 0 1 1 0 0 0 0 0 0 0 0 
46 2 0 0 1 1 0 1 1 0 0 4 2 2 0 0 0 1 1 0 0 0 0 0 0 0 0 0 0 0 0 0 
42 0 0 5 1 0 3 1 0 0 2 1 3 1 0 1 1 0 0 3 0 0 0 0 0 0 0 0 0 0 0 0 
43 0 0 3 1 1 2 1 1 0 1 0 4 1 2 1 2 0 1 0 0 0 0 0 0 0 0 0 0 0 0 0 
44 0 0 1 1 2 1 1 2 0 1 1 2 4 1 1 0 0 2 0 0 0 0 0 0 0 0 0 0 0 0 0 
42 1 1 5 0 0 3 0 0 0 1 0 5 3 1 0 1 0 0 0 0 0 0 0 0 0 0 0 0 0 0 0 
44 1 1 1 2 0 1 2 0 0 1 0 4 2 1 2 1 0 0 0 0 0 0 0 0 0 0 0 0 0 0 0 
43 2 2 2 0 1 1 0 1 0 0 4 2 2 0 0 0 0 1 1 0 0 0 0 0 0 0 0 0 0 0 0 
44 1 1 1 1 1 1 1 1 0 4 0 1 1 1 1 0 0 1 2 0 0 0 0 0 0 0 0 0 0 0 0 
43 1 1 3 0 1 2 0 1 2 2 0 1 0 0 0 1 1 2 2 0 0 0 0 0 0 0 0 0 0 0 0 
43 0 0 3 2 0 2 2 0 0 2 0 2 0 3 1 0 1 2 1 0 0 0 0 0 0 0 0 0 0 0 0 
43 0 0 2 3 0 1 3 0 1 0 0 3 0 0 2 3 1 2 0 0 0 0 0 0 0 0 0 0 0 0 0 
44 0 0 2 2 0 2 2 0 1 0 0 3 0 1 1 1 4 1 0 0 0 0 0 0 0 0 0 0 0 0 0 
43 2 0 4 1 0 1 1 0 2 0 0 4 0 1 1 0 1 1 0 0 0 0 0 0 0 0 0 0 0 0 0 
42 1 0 6 0 0 3 0 0 1 1 0 3 0 0 0 1 2 2 1 0 0 0 0 0 0 0 0 0 0 0 0 
44 1 0 2 2 0 1 2 0 4 0 0 1 0 0 0 1 2 2 1 0 0 0 0 0 0 0 0 0 0 0 0 
44 2 0 2 2 0 0 2 0 1 3 0 2 0 1 1 0 0 1 1 0 0 0 0 0 0 0 0 0 0 0 0 
43 0 0 4 0 1 3 0 1 2 1 1 0 0 1 1 3 0 0 0 2 1 0 0 0 0 0 0 0 0 0 0 
43 0 0 2 2 1 1 2 1 1 1 2 0 0 2 3 0 0 0 0 2 1 0 0 0 0 0 0 0 0 0 0 
43 0 0 3 1 1 2 1 1 1 0 1 2 0 0 2 0 0 0 0 2 0 0 0 0 0 0 0 0 0 0 0 
43 1 0 4 0 1 2 0 1 1 3 1 0 0 2 1 0 0 0 0 2 0 0 0 0 0 0 0 0 0 0 0 
43 1 0 3 1 1 1 1 1 3 0 2 0 0 0 2 1 0 0 0 0 0 0 0 0 0 0 0 0 0 0 0 
44 2 0 3 1 0 1 1 0 4 1 1 0 0 0 1 1 0 0 0 2 0 0 0 0 0 0 0 0 0 0 0 
43 1 0 4 0 1 2 0 1 0 0 2 3 0 0 1 1 0 0 0 2 0 0 0 0 0 0 0 0 0 0 0 
43 1 0 3 2 0 1 2 0 1 1 2 1 0 3 1 0 0 0 0 1 0 0 1 0 0 0 0 0 0 0 0 
43 0 0 2 2 1 1 2 1 0 1 3 0 1 1 0 3 1 0 0 1 0 0 1 0 0 0 0 0 0 0 0 
43 0 0 2 2 1 1 2 1 1 2 0 1 2 0 0 0 1 0 0 3 0 1 1 0 0 0 0 0 0 0 0 
44 0 0 0 2 2 0 2 2 0 2 1 1 0 0 0 1 2 0 0 3 0 2 0 0 0 0 0 0 0 0 0 
43 2 0 4 1 0 1 1 0 4 2 0 0 1 1 0 0 0 0 0 0 0 1 1 0 0 0 0 0 0 0 0 
43 1 0 3 1 1 1 1 1 0 2 3 0 0 1 0 1 1 0 0 1 0 1 1 0 0 0 0 0 0 0 0 
43 1 0 3 2 0 1 2 0 0 2 1 2 1 0 0 0 0 0 0 3 0 1 1 0 0 0 0 0 0 0 0 
44 2 0 2 1 1 0 1 1 0 0 4 2 1 1 0 1 1 0 0 0 0 0 0 0 0 0 0 0 0 0 0 
44 0 0 1 2 1 1 2 1 0 0 1 3 4 0 2 0 1 1 0 0 0 0 0 0 0 0 0 0 0 0 0 
44 0 0 1 2 1 1 2 1 2 0 1 1 0 0 2 0 3 1 0 0 0 0 0 0 0 0 0 0 0 0 0 
44 0 0 1 2 1 1 2 1 1 0 1 2 1 0 0 0 1 0 0 2 0 3 0 0 0 0 0 0 0 0 0 
44 1 1 1 1 1 1 1 1 0 0 1 3 3 0 3 0 1 0 0 0 0 0 0 0 0 0 0 0 0 0 0 
44 1 1 1 1 1 1 1 1 1 0 1 2 2 0 1 0 3 0 0 0 0 2 0 0 0 0 0 0 0 0 0 
44 2 2 0 2 0 0 2 0 1 0 0 3 1 0 4 0 2 0 0 0 0 0 0 0 0 0 0 0 0 0 0 
44 1 1 1 1 1 1 1 1 0 0 1 3 1 0 0 0 0 2 0 3 0 1 0 0 0 0 0 0 0 0 0 
44 1 1 1 2 0 1 2 0 1 2 0 1 0 1 0 1 1 2 0 3 0 0 0 0 0 0 0 0 0 0 0 
42 2 2 3 0 1 1 0 1 0 1 0 5 0 1 0 0 3 0 0 2 0 0 0 0 0 0 0 0 0 0 0 
43 1 1 2 1 1 1 1 1 0 1 0 4 0 1 3 1 1 0 0 1 0 0 0 0 0 0 0 0 0 0 0 
44 1 0 2 1 1 1 1 1 1 2 0 2 0 1 2 1 0 0 0 2 0 0 0 0 0 0 0 0 0 0 0 
44 2 0 2 1 1 0 1 1 2 4 0 0 0 0 0 1 1 0 0 2 0 0 0 0 0 0 0 0 0 0 0 
42 3 2 5 0 0 1 0 0 1 1 0 3 2 1 1 0 1 0 0 0 0 0 0 0 0 0 0 0 0 0 0 
43 3 1 4 1 0 0 1 0 2 1 0 2 2 0 0 1 0 0 0 1 0 0 0 0 0 0 0 0 0 0 0 
44 0 0 5 1 2 1 1 2 0 0 0 0 4 1 0 1 0 0 0 2 0 0 0 0 0 0 0 0 0 0 0 
42 1 1 3 1 1 1 1 1 0 2 1 1 1 1 0 0 1 1 0 0 0 0 0 0 0 0 0 0 0 0 0 
42 1 1 3 1 1 1 1 1 0 2 0 2 1 1 0 0 1 3 0 0 0 0 0 0 0 0 0 0 0 0 0 
44 2 0 3 1 0 1 1 0 2 1 0 3 0 1 1 0 1 1 0 0 0 0 2 0 0 0 0 0 0 0 0 
43 1 0 3 1 1 1 1 1 1 0 3 1 0 1 2 0 1 0 0 0 0 0 1 0 0 0 0 0 0 0 0 
45 3 2 0 0 1 0 0 1 1 1 1 2 2 0 3 0 0 0 0 0 0 0 1 0 0 0 0 0 0 0 0 
43 2 1 5 1 0 1 1 0 1 0 1 1 1 3 0 0 1 1 0 0 0 0 1 0 0 0 0 0 0 0 0 
43 2 1 5 0 1 1 0 1 1 0 0 2 1 3 0 0 0 0 0 0 0 0 1 0 0 0 0 0 0 0 0 
43 0 0 5 1 1 2 1 1 2 0 0 0 1 3 0 0 1 0 0 0 0 0 2 0 0 0 0 0 0 0 0 
41 2 3 3 1 0 1 1 0 1 0 0 3 3 1 2 0 0 0 0 0 0 1 1 0 0 0 0 0 0 0 0 
44 1 0 3 1 0 2 1 0 3 1 0 1 3 1 0 0 0 0 0 0 0 1 2 0 0 0 0 0 0 0 0 
