7824 996 1424 1470 1888 2342 943 1169 2647 1921 1593 1524 1301 3287 3972 4059 2302 4352 10668 7480 8713 9473 18359 7784 2201 1061 383 1262 1375 940 636 0 
9858 4115 4108 5976 7024 14820 5339 5076 6818 7387 5629 4344 4390 12509 14190 16452 10969 11497 19287 31419 32512 37371 40372 35008 12527 4256 2478 9962 8522 5621 4195 0 
847 553 363 154 379 751 165 492 578 1072 139 239 78 363 376 687 811 427 2863 1779 1885 1040 13235 4563 1306 568 20 390 314 97 2619 0 
26009 4760 3903 10396 9762 14791 10445 7121 8337 7153 7501 3082 4451 9196 16248 24987 14902 15152 30630 31171 35189 39950 84295 46929 17940 6909 2244 6830 9499 3974 4053 0 
29827 10157 8531 14100 16848 25538 13377 11427 14243 17292 13012 8001 8375 23546 27011 42117 26519 26565 50629 68778 67034 79356 137388 80502 37709 12098 7497 17676 20083 8739 5150 0 
1710 454 230 423 739 319 7936 448 255 267 749 187 185 276 348 918 364 188 535 598 1219 627 5185 526 1620 230 260 190 360 270 336 0 
3081 263 188 365 334 999 532 185 100 6867 4428 199 156 627 782 327 405 764 860 639 710 772 1979 836 376 2558 285 1367 796 2122 450 0 
3779 1018 526 823 787 1548 430 834 500 8542 5388 345 812 2024 1190 1446 1308 575 1965 2838 2913 2635 4310 2822 897 866 240 1203 505 1975 754 0 
6180 1095 1328 2844 2262 6549 1937 721 2134 3189 2631 1207 1209 1847 2951 4571 1848 1491 2534 3901 3336 4371 11691 7099 1634 1514 578 2987 1077 1320 695 0 
4971 990 1172 1465 2123 4619 1810 985 1133 2800 3002 1953 1709 4414 3531 2559 1758 2316 3989 3957 3562 3988 12581 7186 1612 1036 1209 6123 2927 1506 2908 0 
3633 1287 1447 972 1064 3522 945 889 1122 3504 4847 993 1457 7613 4368 2691 4437 20365 4239 4094 5960 7752 14922 6553 3896 2860 899 2718 1455 3004 963 0 
3676 1464 1155 2150 2083 6023 1957 985 1743 4473 3584 1717 1577 6474 4907 3959 2110 1478 4155 6720 7274 6358 12138 12580 2783 2121 681 1667 1444 2628 1359 0 
57103 10646 12448 22043 17327 42910 17466 19560 17191 15821 18502 16890 16845 55032 39663 56532 31014 38898 57332 90239 101644 99519 224381 111390 43232 10563 5637 15348 16891 14155 6620 0 
924 140 434 149 187 123 175 100 96 2095 4038 61 52 120 377 259 336 78 270 473 465 346 2104 442 511 303 66 774 515 498 673 0 
4909 782 1116 1276 1192 3546 2264 1309 5337 11552 5488 3237 1969 6807 5284 1938 2485 2836 1706 3208 3143 3513 7721 3746 1865 2314 2252 5721 1541 4557 1462 0 
