104 90 94 69 68 67 79 54 83 51 55 57 58 71 87 88 95 103 96 95 102 49 80 61 65 60 87 84 82 73 62 69 
101 47 50 57 45 34 40 38 33 44 41 33 23 55 43 29 17 64 21 24 31 45 31 32 40 33 62 17 59 45 58 36 
190 220 143 167 167 126 133 187 133 221 175 169 184 183 112 113 258 141 210 186 182 140 185 160 166 180 114 167 165 133 140 176 
151 77 62 71 103 66 92 58 41 109 81 41 68 74 106 73 93 76 91 57 111 107 103 54 65 54 83 86 55 97 66 78 
92 72 112 34 60 40 54 84 84 56 76 87 48 95 63 58 77 85 83 57 60 80 75 85 60 68 62 95 70 60 24 89 
54 21 20 22 26 34 53 17 39 43 22 21 15 34 16 22 25 32 22 18 29 26 18 30 27 31 27 15 13 29 28 24 
47 32 15 10 13 26 16 25 45 21 16 20 15 33 24 25 12 36 25 40 27 22 28 33 36 30 11 39 32 2 32 23 
139 107 131 112 104 73 48 122 112 109 83 138 107 113 61 152 118 61 158 112 118 98 76 75 47 104 82 97 147 117 204 76 
68 33 59 33 38 45 44 47 33 69 56 44 54 43 32 55 44 49 60 48 50 41 59 39 57 35 41 38 44 53 41 39 
122 32 44 40 24 24 39 60 50 52 41 53 27 37 44 4 64 14 61 56 41 31 27 36 81 56 58 74 36 63 40 60 
72 31 27 49 23 33 14 33 12 44 32 28 39 38 13 53 24 39 27 8 40 36 18 28 31 22 33 37 47 29 24 77 
120 62 45 70 37 60 32 45 51 76 45 36 42 48 59 63 90 61 44 73 49 67 93 61 57 78 60 56 53 104 63 42 
78 23 19 20 36 30 36 24 30 10 41 29 29 26 28 30 55 38 17 20 17 47 22 19 42 50 12 24 23 18 31 31 
120 59 64 102 64 92 64 57 107 92 70 73 89 53 96 61 40 87 59 64 83 43 67 42 54 60 89 58 69 43 99 65 
113 82 68 85 81 93 96 106 75 43 108 85 91 111 104 56 66 84 69 88 60 91 80 77 109 71 97 94 120 100 81 88 
74 10 18 37 25 49 29 49 14 55 37 35 18 59 14 26 19 32 23 19 21 5 20 19 49 30 20 43 13 28 40 35 
154 152 137 134 153 79 186 76 80 110 140 90 97 153 109 88 121 131 160 100 116 138 69 80 150 128 148 68 114 123 125 124 
103 55 39 82 63 59 116 53 43 54 52 44 91 24 38 49 44 62 43 37 53 109 40 17 78 96 69 65 31 71 71 19 
174 91 146 151 131 99 171 160 124 78 134 81 115 155 129 123 127 181 97 171 172 140 102 140 97 88 94 113 108 116 130 151 
135 65 119 35 74 93 64 39 52 40 72 40 56 68 81 50 64 59 42 66 71 66 43 70 87 86 43 54 55 43 57 34 
31 8 23 17 8 4 16 17 10 14 14 8 12 14 34 12 8 11 13 22 10 18 10 18 10 9 13 18 4 23 24 14 
100 57 74 61 42 56 46 94 81 46 59 47 93 69 28 79 49 65 43 57 65 50 55 40 58 61 61 78 78 51 78 24 
133 74 77 87 74 84 38 123 75 69 20 80 113 51 122 29 36 36 68 56 56 44 98 69 57 46 108 74 81 94 78 70 
159 169 129 157 90 87 109 68 94 116 113 110 159 110 83 113 53 167 145 106 114 123 84 127 145 102 110 142 136 86 99 81 
239 170 138 210 167 256 175 156 215 212 247 172 112 165 149 178 111 254 174 137 157 195 172 207 115 172 173 149 183 169 200 152 
69 62 60 49 55 66 33 41 58 54 26 36 86 58 38 77 33 23 61 49 74 48 61 70 34 45 53 56 46 49 31 65 
88 62 43 29 19 39 38 28 45 21 37 12 23 34 23 29 48 51 41 64 49 23 29 38 38 35 46 30 46 48 31 52 
88 21 70 43 59 36 48 78 49 35 60 29 57 47 39 39 37 42 56 50 62 45 39 22 39 40 54 12 26 56 43 54 
46 48 44 47 44 41 48 35 45 51 21 41 26 31 26 34 43 36 43 52 26 40 51 41 34 39 38 37 38 52 54 37 
174 200 154 172 183 96 203 104 96 103 139 129 142 171 98 119 159 178 188 196 129 145 101 118 164 160 196 101 125 114 124 124 
66 20 33 47 35 31 32 49 15 42 36 35 32 32 26 42 36 38 20 40 32 33 23 47 48 23 23 17 44 37 28 29 
55 18 16 26 21 16 27 39 13 29 22 33 29 21 18 14 32 20 12 20 25 29 33 26 35 26 15 33 38 34 33 19 
54 65 53 28 50 50 48 43 50 64 77 57 47 40 28 58 60 55 48 29 63 54 30 55 51 48 60 44 46 39 29 46 
19 6 8 7 7 17 5 10 10 9 10 2 7 16 10 7 9 9 4 9 3 3 15 10 6 10 3 4 8 7 8 12 
60 13 26 44 21 38 31 20 18 34 28 16 23 20 36 22 8 23 18 12 38 23 21 46 35 9 12 21 40 18 18 14 
93 29 34 53 63 116 109 54 44 48 33 88 56 24 64 33 57 64 62 121 59 53 16 48 34 57 43 67 44 69 35 25 
111 57 58 37 62 56 47 69 40 48 33 43 78 42 65 54 45 66 37 33 49 40 40 35 61 43 52 67 45 79 72 48 
103 43 37 29 40 41 38 64 68 38 25 40 48 18 51 41 47 68 49 53 47 27 32 42 46 40 75 27 48 37 47 30 
173 118 149 145 138 80 53 113 152 122 100 142 99 134 110 180 125 92 196 120 96 132 98 74 51 121 91 105 150 148 221 102 
98 48 70 74 82 60 48 53 66 38 83 67 38 61 47 63 85 82 101 88 66 50 45 83 124 59 67 41 53 71 67 35 
87 31 26 46 39 11 14 22 35 31 41 34 29 37 18 35 4 27 26 36 33 44 45 17 27 29 20 48 19 67 57 33 
58 18 30 23 26 34 22 25 22 13 30 19 19 39 24 15 16 25 29 23 31 21 25 26 23 27 25 18 17 30 22 20 
72 31 25 31 17 17 13 23 15 41 20 19 25 26 15 31 15 30 12 33 14 26 36 12 15 15 23 25 19 22 34 18 
58 35 37 48 14 38 52 23 28 37 23 25 41 23 51 28 56 39 28 50 45 25 28 47 55 37 39 36 33 25 34 44 
64 37 34 58 34 44 18 23 47 36 31 18 27 26 31 24 24 20 49 31 24 21 26 33 33 27 27 28 28 38 44 22 
58 87 42 42 53 30 19 46 37 30 36 47 47 53 43 42 40 37 54 46 35 46 30 37 51 32 35 44 44 40 21 54 
76 45 57 29 49 37 44 29 33 58 14 42 35 29 65 33 12 61 54 64 55 66 111 31 99 34 61 32 67 21 48 43 
82 69 44 72 46 47 36 77 51 65 64 61 59 39 46 45 41 60 50 55 48 39 38 76 44 24 73 73 56 62 65 37 
165 91 58 63 98 62 42 91 58 105 84 75 72 96 68 111 82 99 73 81 116 53 106 103 67 94 58 74 74 54 70 86 
193 136 131 108 173 117 154 142 96 178 120 145 152 156 93 176 142 177 175 102 156 161 108 139 132 129 160 131 115 124 123 131 
32 8 10 13 22 16 5 15 8 7 4 7 16 8 18 16 13 9 6 15 8 8 3 6 11 12 22 12 7 6 24 13 
53 16 14 11 7 14 20 7 13 28 13 16 9 17 8 15 7 12 9 14 12 8 14 10 12 18 6 7 13 14 27 15 
37 19 29 16 18 18 15 17 13 17 11 15 19 17 24 11 15 12 9 14 8 22 24 18 12 15 12 26 25 8 22 7 
61 27 22 31 30 21 28 27 39 29 19 21 29 25 38 35 23 26 48 29 16 21 38 32 57 27 24 14 37 17 29 19 
52 26 4 29 31 23 37 27 30 23 15 21 10 57 33 25 30 34 59 23 29 5 24 37 32 8 7 22 35 37 35 10 
101 116 60 56 40 73 56 67 60 51 40 60 55 65 61 63 61 71 59 75 58 55 43 42 63 41 85 42 83 69 70 58 
58 40 55 43 24 57 33 32 64 45 46 49 32 52 28 33 53 62 35 27 26 55 47 54 35 46 28 41 40 38 44 28 
58 46 57 20 59 76 23 32 19 29 31 46 85 29 23 34 59 38 18 24 72 45 54 34 26 30 49 36 61 26 86 47 
50 23 53 46 44 20 29 46 19 21 30 50 28 39 22 16 24 33 36 40 13 44 52 31 34 36 33 42 47 51 28 16 
47 27 36 26 22 32 21 28 20 34 26 34 39 35 29 29 21 46 24 43 23 21 36 30 38 38 38 39 23 19 25 21 
90 56 79 63 58 49 27 51 53 64 81 75 60 66 32 52 81 65 45 33 65 56 61 67 54 68 57 39 80 42 74 71 
112 57 91 43 90 52 65 70 59 71 37 69 75 92 65 59 54 84 90 65 68 52 89 72 40 87 76 69 58 88 81 53 
73 54 20 37 40 41 25 37 36 29 42 26 37 13 31 31 29 39 44 30 80 34 61 21 47 42 44 28 35 30 33 25 
19 1 6 3 8 3 8 0 0 11 2 3 6 12 2 1 2 0 2 10 1 4 11 1 8 2 4 10 15 7 2 1 
110 11 16 77 55 51 72 58 44 91 54 58 27 53 30 44 97 51 30 68 34 37 41 74 54 107 69 75 68 57 31 43 
81 29 29 59 58 33 15 19 43 12 29 25 45 37 26 47 51 30 37 31 26 34 53 19 50 28 35 27 36 40 39 37 
69 35 42 25 27 29 37 38 24 30 33 32 33 34 15 36 31 24 37 41 27 21 23 29 36 48 42 30 27 28 25 19 
117 59 57 50 54 51 74 38 39 35 64 71 35 41 82 49 55 42 52 64 37 58 33 23 45 55 49 54 41 50 50 98 
113 66 23 10 69 28 19 53 26 17 74 36 23 50 12 50 40 62 41 27 9 47 58 58 58 46 16 46 48 48 33 41 
66 46 37 50 45 63 95 81 61 79 49 56 51 69 55 57 18 51 49 68 60 59 52 52 78 60 30 63 32 43 91 14 
100 45 32 59 36 61 22 47 9 37 71 26 60 13 78 24 64 36 52 81 25 23 41 28 35 29 48 25 24 45 44 33 
84 43 71 65 46 68 32 60 73 37 48 67 33 49 63 61 45 71 45 55 58 42 64 40 39 21 54 52 43 58 64 33 
179 124 118 132 145 151 138 81 105 133 127 138 149 82 99 112 96 96 76 108 160 290 136 88 75 200 101 111 77 185 195 119 
55 13 23 27 36 19 15 29 14 11 12 34 16 13 25 10 14 18 11 27 12 17 17 23 31 19 36 20 21 24 32 14 
82 27 32 19 37 81 36 32 27 35 50 46 20 22 35 77 56 53 70 29 43 39 34 61 48 40 50 76 19 35 43 36 
167 99 147 96 212 122 149 81 173 149 80 141 123 109 123 128 117 96 181 126 148 142 115 65 163 125 103 162 109 115 154 85 
163 127 203 147 125 100 130 129 114 178 84 140 110 120 147 141 173 112 136 133 119 141 135 100 127 79 177 113 166 133 152 103 
77 34 28 59 47 20 41 57 37 31 37 30 36 53 21 41 42 28 28 28 34 17 38 36 24 38 30 41 27 39 37 27 
86 11 24 18 31 29 43 21 44 41 56 14 31 17 42 27 51 63 20 44 16 22 58 16 11 63 16 30 11 63 27 8 
115 129 77 29 82 69 79 103 48 109 126 94 95 40 99 122 126 71 135 71 47 82 103 101 62 50 61 61 85 28 60 87 
61 21 57 47 12 29 24 13 35 45 19 49 44 33 42 28 38 17 34 21 19 26 60 22 40 29 48 43 30 42 36 25 
40 29 33 14 21 34 18 18 15 27 43 19 37 41 36 20 26 28 34 15 38 25 14 28 22 22 25 16 28 15 20 33 
74 45 25 26 21 24 17 26 38 31 45 44 41 30 33 18 34 33 40 34 30 35 20 44 21 27 54 40 20 37 53 48 
122 121 50 103 65 134 81 141 128 111 108 115 130 166 73 126 126 112 120 99 145 81 86 120 82 133 105 106 100 72 146 102 
90 30 32 60 44 17 25 25 45 62 47 15 27 33 49 58 3 35 36 30 24 46 35 24 57 26 14 16 17 8 28 51 
114 41 49 68 105 83 46 101 86 82 16 42 37 47 74 57 80 88 51 55 45 89 53 30 58 32 58 63 31 85 67 36 
46 15 34 0 9 20 21 25 3 23 32 2 19 26 18 27 8 24 17 8 1 15 18 3 16 3 16 33 62 8 13 14 
48 45 22 21 22 25 27 32 43 22 38 50 19 25 25 37 19 34 20 34 28 35 37 32 27 40 37 33 18 25 38 43 
89 51 43 51 48 56 41 40 58 50 53 64 37 59 54 54 47 47 49 45 50 48 65 48 46 40 57 53 65 58 51 60 
68 41 40 40 54 18 36 47 29 39 29 51 55 58 43 65 37 33 54 36 24 46 28 33 44 55 44 38 55 55 42 65 
130 60 32 68 38 62 44 69 72 77 37 51 44 57 34 43 42 80 50 64 62 38 47 36 32 57 64 52 125 63 21 66 
102 51 53 38 64 67 49 71 50 44 49 43 46 34 38 36 47 25 45 52 56 47 64 50 64 32 51 60 39 46 39 48 
66 18 21 53 16 20 32 16 23 29 31 25 18 18 25 27 17 24 28 33 61 42 12 23 12 13 45 50 33 46 26 24 
15 7 3 3 5 9 8 4 6 5 4 9 7 4 5 8 5 4 5 7 5 6 3 9 11 11 5 9 4 3 9 5 
59 46 38 28 33 61 39 32 57 60 58 44 38 71 32 68 48 35 18 38 69 23 65 49 50 23 72 55 78 56 45 34 
23 7 11 14 21 15 12 4 8 14 17 7 8 24 7 14 13 23 11 7 10 19 12 11 11 17 11 14 15 2 19 9 
139 49 49 64 74 92 71 88 49 76 77 43 79 44 59 59 101 79 76 44 41 22 33 41 72 93 67 71 60 55 94 60 
38 16 12 13 14 23 3 4 14 19 5 28 13 20 19 5 9 13 13 26 10 10 12 13 19 18 7 9 13 12 17 13 
69 51 57 28 23 75 35 78 30 94 77 42 31 45 79 68 91 50 81 49 36 66 52 66 61 75 65 52 45 18 69 61 
25 13 9 8 15 17 12 8 11 13 8 8 6 1 3 4 8 3 13 6 13 5 13 4 13 13 4 11 8 8 5 5 
72 38 64 65 82 113 96 64 76 64 66 47 84 87 75 46 54 51 59 88 70 76 60 100 70 78 58 42 65 77 87 61 
114 64 74 51 64 44 46 34 81 33 70 67 59 62 85 62 30 67 76 73 71 76 45 75 79 46 59 75 66 47 60 77 
59 43 46 51 45 63 45 16 43 92 93 63 64 72 53 42 31 54 46 88 43 56 37 76 40 56 58 45 56 86 30 25 
144 104 100 49 41 46 56 56 45 59 68 49 56 21 95 80 64 47 54 79 62 45 55 33 36 48 62 78 63 50 43 48 
144 79 43 103 72 67 60 82 81 49 88 111 81 36 67 66 49 93 44 81 76 85 71 13 84 57 61 51 64 63 62 75 
45 45 11 38 8 14 13 23 6 10 10 15 10 23 36 7 15 18 15 14 21 12 25 17 28 32 13 16 17 44 17 15 
131 78 166 105 96 127 164 134 160 76 88 98 108 89 110 80 98 164 141 127 155 93 177 86 116 115 140 105 135 141 137 157 
189 93 87 93 89 103 99 117 71 37 109 96 78 99 107 66 66 110 78 97 71 114 77 75 103 97 105 102 140 109 85 123 
76 59 46 41 39 47 38 48 61 35 37 56 26 34 33 33 29 47 56 55 35 46 36 71 43 41 51 51 44 42 45 48 
56 22 11 7 6 13 12 12 9 24 22 10 11 6 16 16 5 21 21 11 9 17 31 14 17 22 15 8 19 14 10 23 
97 57 74 63 49 70 88 50 77 49 52 42 37 61 53 33 62 58 79 45 63 43 63 36 35 61 68 54 44 71 55 49 
35 44 24 32 21 25 20 44 21 20 12 25 20 13 35 45 26 16 33 25 38 11 21 25 21 18 33 48 24 20 26 34 
55 39 43 36 32 42 33 36 43 46 50 34 48 49 55 26 39 28 41 49 54 47 38 36 23 26 48 25 59 34 40 41 
28 5 14 5 8 10 10 9 1 9 4 4 4 9 0 12 14 4 5 5 6 10 3 7 10 18 10 5 4 4 4 1 
27 23 40 39 27 73 26 31 20 37 34 49 26 35 17 10 36 18 43 25 45 68 25 45 33 30 44 47 41 48 33 22 
20 15 3 7 9 11 11 5 4 0 5 4 6 11 10 2 7 13 5 10 8 4 6 5 7 7 7 8 11 10 6 1 
127 128 142 115 105 94 56 128 127 117 114 140 112 125 85 181 130 74 171 125 104 116 93 90 93 117 100 111 151 132 218 99 
100 54 61 55 66 57 73 57 51 62 62 49 35 38 53 33 41 60 58 69 55 58 49 62 42 48 48 49 55 65 37 37 
42 29 33 33 22 27 23 24 13 38 20 28 28 19 40 26 23 19 34 33 21 19 27 31 19 17 22 17 22 34 41 14 
69 27 49 9 11 3 14 39 16 45 52 42 49 22 21 45 17 23 22 36 13 28 46 30 63 17 34 25 14 28 36 17 
147 61 73 57 52 51 65 61 48 67 63 75 101 76 55 60 64 81 51 97 105 46 34 94 44 74 112 55 81 55 73 23 
73 23 8 39 6 35 24 27 35 2 31 1 47 14 52 14 15 44 45 19 25 16 14 13 22 23 18 23 4 48 32 32 
106 52 34 27 22 32 11 9 10 25 35 22 19 17 19 15 9 23 33 19 28 23 14 27 26 22 24 15 29 38 7 7 
49 56 33 33 1 26 41 42 20 22 23 35 23 14 51 20 3 10 19 37 11 25 19 38 22 22 30 25 32 30 20 25 
84 16 37 49 22 30 13 27 21 16 30 25 16 22 20 19 8 22 17 21 28 35 20 29 9 11 23 17 23 35 37 12 
