1425 1185 1232 1153 1101 945 1039 1070 1184 1203 1117 1199 1049 1219 1011 1068 1273 1198 1371 1115 1225 1124 1156 1094 1051 1116 1119 1111 1021 1186 1202 1095 
1523 1047 1133 1205 1130 1096 1146 1250 1266 1246 1341 1164 1161 1192 1191 1117 1056 1222 1195 1208 1005 1129 1140 1111 1213 1226 1049 1176 1184 1208 1185 1146 
1806 1510 1525 1532 1362 1302 1483 1356 1253 1290 1421 1287 1484 1402 1360 1331 1245 1529 1385 1462 1355 1519 1213 1378 1397 1386 1464 1419 1258 1376 1501 1264 
2225 1950 1757 1915 1848 1746 1985 1791 1721 1784 1907 1715 1618 1881 1732 1751 1546 1925 1874 1822 1681 1690 1804 1783 1798 1665 1816 1672 1601 1703 1750 1756 
1346 1033 1121 1124 1172 1189 1080 1101 1090 1139 1128 1184 1104 1074 1125 1073 1005 1125 1238 1107 1139 1094 916 1122 1124 1103 1123 1083 1199 1201 1207 1039 
1892 1679 1712 1793 1631 1517 1652 1756 1623 1768 1591 1559 1550 1691 1591 1611 1685 1711 1625 1478 1602 1618 1698 1677 1833 1401 1544 1551 1586 1648 1628 1708 
2059 1923 1653 1771 1769 1630 1765 2000 1729 1947 1583 1806 1765 1946 1635 1750 1908 1951 1778 1827 1745 1573 1660 1851 1783 1659 1655 1687 1610 1564 1948 1787 
1037 887 1038 854 974 988 834 783 875 878 846 895 984 957 789 867 881 1028 877 852 964 871 978 831 836 849 942 893 940 826 939 781 
1985 1396 1461 1590 1655 1609 1559 1590 1545 1564 1659 1552 1472 1636 1530 1518 1485 1618 1565 1495 1420 1548 1634 1565 1479 1604 1540 1550 1429 1500 1577 1452 
1402 1057 1034 987 1206 1045 1118 931 1028 1155 1044 1102 994 922 1054 1103 1139 991 1122 1022 1028 1142 964 968 1021 1064 1026 1053 997 1062 1161 915 
1626 1298 1329 1306 1320 1420 1129 1327 1441 1485 1349 1336 1418 1445 1324 1405 1316 1390 1363 1312 1353 1295 1270 1401 1249 1346 1255 1433 1346 1272 1471 1212 
1241 908 908 984 945 944 907 864 949 981 945 1011 830 1001 850 970 849 965 958 917 802 842 974 914 937 921 946 923 988 956 894 891 
1818 1520 1305 1386 1396 1504 1474 1510 1455 1552 1482 1437 1483 1508 1500 1327 1300 1515 1551 1559 1352 1372 1371 1372 1370 1528 1467 1486 1333 1406 1610 1348 
2063 1744 1743 1716 1543 1681 1775 1717 1742 1583 1792 1692 1495 1596 1775 1476 1501 1862 1691 1575 1550 1579 1760 1497 1677 1681 1707 1750 1577 1757 1653 1642 
1549 1346 1475 1402 1355 1360 1209 1502 1424 1438 1493 1465 1379 1336 1351 1441 1400 1390 1545 1411 1434 1449 1391 1401 1392 1383 1250 1346 1174 1423 1534 1150 
