574 0 0 0 0 0 0 0 0 0 0 0 0 0 0 0 0 0 0 0 0 0 0 0 126 0 0 0 0 0 0 0 
437 63 0 0 0 0 0 0 0 0 0 0 0 0 0 0 0 0 0 0 0 0 0 0 56 0 0 0 0 0 0 0 
633 239 0 0 20 0 0 0 0 0 0 0 0 0 0 0 0 0 0 0 0 0 0 0 77 0 0 0 0 0 0 0 
662 451 7 0 35 0 0 0 0 0 0 0 0 0 0 0 0 0 0 0 0 0 0 0 70 0 0 0 0 0 0 0 
562 654 45 16 0 0 0 0 0 0 0 0 0 0 0 0 0 0 0 0 0 9 0 0 81 0 0 0 0 0 0 0 
420 536 13 0 0 0 0 0 0 0 0 0 0 0 0 0 0 0 0 0 0 13 0 0 72 0 0 0 0 0 0 0 
597 654 49 0 0 0 0 0 0 0 0 0 0 0 0 0 0 0 0 0 0 69 14 0 38 0 0 0 0 0 0 0 
516 537 38 20 0 0 0 0 0 0 0 0 0 0 0 0 0 0 0 0 7 0 0 0 63 0 0 0 0 0 0 0 
543 320 224 0 0 0 0 0 0 0 0 0 0 0 0 0 0 0 0 0 57 0 0 0 38 0 0 0 0 0 0 0 
507 622 9 12 0 0 0 0 0 0 0 0 0 0 0 0 0 0 0 0 0 54 53 0 20 0 0 0 0 0 0 0 
501 448 0 0 0 0 0 0 0 0 0 0 0 0 0 0 0 0 0 0 0 35 27 0 0 0 0 0 0 0 0 0 
440 337 96 0 0 0 0 0 0 0 0 0 0 0 0 0 0 0 7 0 0 37 9 0 0 0 0 0 0 0 0 0 
610 321 300 0 0 0 0 0 0 0 0 0 0 0 0 0 0 0 42 0 0 17 15 0 10 0 0 0 0 0 0 0 
720 414 208 69 12 0 0 0 0 0 0 0 0 0 0 0 0 0 10 14 0 63 0 0 0 0 0 0 0 0 0 0 
519 546 59 31 0 0 0 0 0 0 0 0 0 0 0 0 0 0 0 0 0 59 0 0 0 0 0 0 0 0 0 0 
640 571 122 20 0 0 0 23 0 0 0 0 0 0 0 10 12 0 0 0 0 52 0 0 13 0 0 0 0 0 0 0 
692 355 172 27 141 0 0 0 0 0 0 0 0 0 0 0 11 0 23 0 0 49 0 0 50 0 0 0 0 0 0 0 
643 409 199 11 58 0 0 0 0 0 0 0 0 0 0 0 0 0 13 0 0 34 0 0 7 0 0 0 0 0 0 0 
681 349 218 33 0 0 0 0 0 0 10 0 0 0 0 11 0 0 7 0 0 61 0 0 0 0 0 0 0 0 0 0 
887 499 119 55 136 23 0 0 0 0 0 8 0 0 0 15 0 0 10 0 0 21 0 0 28 0 0 0 0 0 0 0 
667 593 141 16 87 0 0 0 0 0 0 0 0 0 0 0 0 0 0 0 0 59 0 0 14 0 0 0 0 0 0 0 
557 504 279 13 22 0 0 0 0 0 0 0 0 0 0 0 0 0 0 0 0 73 0 0 7 0 0 0 0 0 0 0 
710 343 467 31 0 20 0 0 0 0 0 0 0 0 0 14 0 0 0 0 0 83 0 0 0 0 0 0 0 0 0 0 
648 201 440 124 0 0 0 0 0 0 10 0 0 0 0 12 0 0 0 0 0 71 0 0 0 0 0 0 0 0 0 0 
625 211 620 13 0 0 0 0 0 0 0 0 0 0 0 0 0 0 0 0 37 69 0 0 0 0 0 0 0 0 0 0 
681 163 507 0 0 0 0 0 0 0 0 0 0 0 0 0 0 0 0 0 39 47 13 0 0 0 0 0 0 0 0 0 
680 77 409 0 0 0 0 0 0 0 0 0 0 0 0 0 0 0 0 12 38 0 0 0 0 0 0 0 0 0 0 0 
637 86 356 0 0 0 0 0 0 0 0 0 0 0 0 0 0 0 0 0 21 0 0 0 0 0 0 0 0 0 0 0 
670 137 535 0 0 0 0 0 0 0 0 0 0 0 0 0 0 0 0 0 83 17 0 0 0 0 0 0 0 0 0 0 
636 128 358 36 0 0 0 0 0 0 0 0 0 0 0 0 0 0 0 0 28 7 0 0 10 0 0 0 0 0 0 0 
801 251 351 83 67 0 0 0 0 0 0 0 19 0 0 0 0 0 0 0 29 0 0 0 10 0 0 0 0 0 0 0 
969 165 187 34 0 0 0 0 0 0 0 0 0 0 0 0 0 0 0 0 19 0 0 0 362 0 0 0 0 0 0 0 
616 49 191 0 0 0 0 0 0 0 0 0 0 0 0 0 0 0 0 0 25 7 0 0 0 0 0 0 0 0 0 0 
518 90 281 0 0 0 0 0 0 0 0 0 0 0 0 0 0 0 0 0 22 20 0 0 0 0 0 0 0 0 0 0 
717 56 472 0 0 0 0 0 0 0 0 0 0 0 0 0 0 0 0 11 14 17 0 0 0 0 0 0 0 0 0 0 
697 76 496 0 0 0 0 0 0 0 0 0 0 0 0 0 0 0 0 16 14 35 0 0 0 0 0 0 0 0 0 0 
714 59 568 16 0 0 0 0 0 0 0 0 0 0 0 0 0 0 0 0 17 38 0 0 0 0 0 0 0 0 0 0 
749 211 380 52 0 0 0 0 0 0 0 0 0 0 0 0 0 0 0 13 20 14 0 0 0 0 0 0 0 0 0 0 
776 317 199 115 0 0 0 0 0 0 0 0 0 0 0 0 0 0 0 0 0 21 0 0 0 0 0 0 0 0 0 0 
751 296 387 140 0 0 0 0 0 0 0 0 0 0 0 0 0 0 10 48 0 42 0 0 0 0 0 0 0 0 0 0 
846 314 235 212 0 0 0 0 0 0 0 0 0 0 0 0 0 0 23 13 0 21 13 0 0 0 0 0 0 0 0 0 
560 180 181 81 0 0 0 0 0 0 0 0 0 0 0 0 0 0 7 16 0 7 0 0 0 0 0 0 0 0 0 0 
755 260 322 12 0 0 0 0 0 0 0 0 0 0 0 0 0 0 30 0 0 10 0 0 0 0 0 0 0 0 0 0 
625 74 218 0 0 0 0 0 0 0 0 0 0 0 0 0 0 0 20 12 0 0 0 0 0 0 0 0 0 0 0 0 
733 145 328 0 0 0 0 0 0 0 0 0 0 0 0 0 0 0 24 0 0 0 0 0 0 0 0 0 0 0 0 0 
885 178 496 0 0 0 0 0 0 0 0 0 0 0 0 0 0 0 63 0 0 0 0 0 0 0 0 0 0 0 0 0 
630 204 254 0 0 0 0 0 0 0 0 0 0 0 0 0 0 0 20 0 0 0 0 0 0 0 0 0 0 0 0 0 
602 116 332 68 0 0 0 0 0 0 0 0 0 0 0 0 0 0 28 0 0 0 0 0 0 0 0 0 0 0 0 0 
691 75 470 57 0 0 0 0 0 0 0 0 0 0 0 0 0 0 42 0 0 14 0 0 0 0 0 0 0 0 0 0 
660 169 250 0 0 0 0 0 0 0 0 0 0 0 0 0 0 0 31 0 0 0 0 0 0 0 0 0 0 0 0 0 
732 24 356 0 0 0 0 0 0 0 0 0 0 0 0 0 0 0 35 0 0 0 0 0 174 0 0 0 0 0 0 0 
578 41 298 0 0 0 0 0 0 0 0 0 0 0 0 0 0 0 21 0 0 0 0 0 0 0 0 0 0 0 0 0 
747 198 460 0 0 0 0 0 0 0 0 0 0 0 0 0 0 0 49 0 0 0 0 0 0 0 0 0 0 0 0 0 
735 138 265 0 0 0 0 0 0 0 0 0 0 0 0 0 0 0 31 0 0 0 0 0 0 0 0 0 0 0 0 0 
713 122 429 16 0 0 0 0 0 0 0 0 0 0 0 0 0 0 49 0 0 0 0 0 0 0 0 0 0 0 0 0 
709 228 210 0 0 0 0 0 0 0 0 0 0 0 0 0 0 0 14 0 0 0 0 0 0 0 0 0 0 0 0 0 
844 182 524 145 0 0 0 0 0 0 0 0 0 0 0 0 0 0 52 0 0 21 0 0 0 0 0 0 0 0 0 0 
796 113 377 166 0 0 0 0 0 0 0 0 0 0 0 0 0 0 14 0 0 14 0 0 0 0 0 0 0 0 0 0 
725 46 409 272 0 0 0 0 0 0 0 0 0 0 0 0 0 0 14 0 0 35 0 0 0 0 0 0 0 0 0 0 
785 106 476 31 0 0 0 0 0 0 0 0 0 0 0 0 0 0 55 0 0 7 0 0 0 0 0 0 0 0 0 0 
725 87 418 0 0 0 0 0 0 0 0 0 0 0 0 0 0 0 48 0 0 11 0 0 0 0 0 0 0 0 0 0 
637 59 353 24 0 0 0 0 0 0 0 0 0 0 0 0 0 0 24 0 0 13 0 0 0 0 0 0 0 0 0 0 
