170 1 2 12 7 4 8 3 0 8 4 3 1 5 4 3 3 2 2 3 2 3 0 5 0 0 0 0 0 0 0 0 
169 5 10 7 6 2 6 3 0 4 4 3 5 1 2 3 3 6 4 3 4 4 0 2 0 0 0 0 0 0 0 0 
170 2 2 13 7 4 7 3 0 0 7 7 2 3 3 7 4 2 0 3 5 4 0 1 0 0 0 0 0 0 0 0 
169 4 4 13 6 3 4 5 0 0 5 5 6 5 3 5 3 2 1 3 1 4 0 5 0 0 0 0 0 0 0 0 
170 2 2 13 7 4 3 7 0 0 7 0 9 3 3 5 3 5 4 2 4 2 0 1 0 0 0 0 0 0 0 0 
170 4 4 10 8 2 4 6 0 1 5 0 10 3 6 2 2 1 2 5 2 2 0 7 0 0 0 0 0 0 0 0 
169 3 3 11 9 4 3 6 0 3 3 0 10 4 2 9 5 0 4 1 4 1 0 2 0 0 0 0 0 0 0 0 
172 3 3 7 10 1 5 7 0 3 6 2 5 5 1 2 1 3 3 4 2 8 0 3 0 0 0 0 0 0 0 0 
180 4 0 3 9 0 6 6 0 5 13 0 2 5 0 0 0 2 3 0 0 6 0 8 0 0 0 0 0 0 0 0 
175 2 0 10 7 3 7 4 0 0 4 5 9 6 6 2 3 1 1 5 0 2 0 2 0 0 0 0 0 0 0 0 
173 4 4 9 6 3 6 3 0 0 4 5 11 8 6 3 2 0 0 5 0 0 0 0 0 0 0 0 0 0 0 0 
173 2 2 9 8 3 7 4 0 4 6 0 8 0 0 7 4 6 3 8 0 0 0 0 0 0 0 0 0 0 0 0 
173 5 0 14 5 3 6 2 0 8 2 0 11 0 0 5 3 6 3 5 0 0 0 0 0 0 0 0 0 0 0 0 
173 1 0 11 8 3 4 8 0 4 6 4 3 0 0 12 3 0 0 1 8 6 0 0 0 0 0 0 0 0 0 0 
173 6 0 14 5 3 2 5 0 8 2 8 4 0 0 7 3 0 0 0 4 6 0 0 0 0 0 0 0 0 0 0 
172 1 0 9 11 4 4 7 0 4 7 4 2 0 7 0 4 4 0 0 8 0 0 7 0 0 0 0 0 0 0 0 
174 5 0 10 8 2 4 5 0 2 5 8 6 2 6 1 2 2 0 0 4 0 0 5 0 0 0 0 0 0 0 0 
176 2 2 3 11 0 6 8 0 4 0 4 8 2 5 7 0 6 0 2 2 4 0 4 0 0 0 0 0 0 0 0 
175 5 5 5 7 0 7 4 0 2 2 2 10 3 0 3 4 7 0 4 7 2 0 2 0 0 0 0 0 0 0 0 
173 7 3 9 7 0 5 4 0 4 9 0 7 3 0 8 3 4 0 0 6 0 0 4 0 0 0 0 0 0 0 0 
170 6 4 18 6 2 5 3 0 2 3 1 6 8 2 4 2 2 3 0 3 4 0 2 0 0 0 0 0 0 0 0 
175 7 3 9 6 3 3 3 0 4 4 4 7 0 4 9 0 3 3 0 0 5 0 4 0 0 0 0 0 0 0 0 
171 5 4 16 6 3 4 4 0 7 0 1 5 6 8 3 0 2 0 0 0 3 0 8 0 0 0 0 0 0 0 0 
175 8 4 13 2 3 3 2 0 7 5 0 7 5 9 5 0 0 0 0 0 0 0 8 0 0 0 0 0 0 0 0 
171 5 7 14 4 4 3 4 0 0 7 1 6 1 1 7 3 2 5 0 0 0 0 11 0 0 0 0 0 0 0 0 
174 9 4 14 2 2 3 2 0 0 6 5 8 0 0 4 4 9 1 0 0 0 0 9 0 0 0 0 0 0 0 0 
172 4 4 13 7 4 4 4 0 1 7 0 6 8 0 0 9 3 0 0 0 6 0 4 0 0 0 0 0 0 0 0 
174 8 7 9 6 2 3 3 0 5 5 0 6 4 0 0 11 4 0 0 0 5 0 4 0 0 0 0 0 0 0 0 
173 4 6 8 7 1 7 4 0 4 2 1 8 0 7 0 12 0 3 0 7 1 0 1 0 0 0 0 0 0 0 0 
173 8 7 12 6 0 5 3 0 2 4 5 4 0 5 0 3 6 3 0 5 0 0 5 0 0 0 0 0 0 0 0 
171 5 2 16 3 4 7 0 0 0 0 3 16 0 0 0 0 0 0 2 7 9 0 11 0 0 0 0 0 0 0 0 
174 7 4 16 4 3 5 1 0 1 0 4 8 1 0 0 0 0 2 11 5 3 0 7 0 0 0 0 0 0 0 0 
172 6 5 8 7 3 0 7 0 4 0 9 6 8 0 0 0 4 3 8 3 0 0 3 0 0 0 0 0 0 0 0 
174 7 9 10 5 2 2 5 0 2 1 3 7 3 2 0 0 5 1 5 9 1 0 3 0 0 0 0 0 0 0 0 
173 7 4 8 7 0 2 7 0 5 4 4 7 0 8 0 4 2 0 7 0 3 0 4 0 0 0 0 0 0 0 0 
172 6 9 9 8 0 4 6 0 0 3 3 6 0 2 4 6 1 0 5 0 8 0 4 0 0 0 0 0 0 0 0 
173 7 7 4 9 0 2 7 0 0 9 3 7 0 0 7 6 0 0 7 0 0 0 8 0 0 0 0 0 0 0 0 
175 3 2 19 9 2 6 5 0 0 1 1 3 4 4 5 3 1 0 3 1 1 0 8 0 0 0 0 0 0 0 0 
176 0 4 19 9 4 6 6 0 0 0 0 0 2 1 1 9 5 0 4 5 2 0 3 0 0 0 0 0 0 0 0 
173 0 2 14 7 2 8 6 2 6 2 2 0 3 2 3 5 1 2 5 1 3 0 5 0 0 0 0 0 0 0 0 
169 4 8 9 3 3 6 3 3 6 3 3 4 3 5 1 2 4 4 2 5 0 0 3 0 0 0 0 0 0 0 0 
171 2 4 9 7 1 6 7 1 0 7 7 2 4 3 5 4 4 0 4 2 0 0 3 0 0 0 0 0 0 0 0 
168 5 5 14 5 0 6 5 0 0 6 5 5 8 2 2 3 3 0 3 4 0 0 3 0 0 0 0 0 0 0 0 
172 1 1 11 4 4 7 4 4 0 7 1 8 4 5 2 3 4 4 0 4 0 0 3 0 0 0 0 0 0 0 0 
167 6 6 14 3 2 5 3 2 0 5 0 11 8 2 0 3 2 8 0 2 0 0 4 0 0 0 0 0 0 0 0 
172 1 1 7 8 4 3 8 4 4 4 0 8 4 3 7 4 0 4 0 4 0 4 0 0 0 0 0 0 0 0 0 
168 5 5 12 5 2 4 5 2 3 3 0 10 4 3 5 2 0 8 0 2 1 2 1 0 0 0 0 0 0 0 0 
178 2 0 3 7 4 3 7 4 5 9 2 6 2 0 0 0 4 4 0 0 1 4 3 0 0 0 0 0 0 0 0 
178 4 0 7 5 2 5 5 2 0 10 5 7 5 0 1 1 2 2 3 0 0 2 2 0 0 0 0 0 0 0 0 
173 2 2 10 4 3 7 4 3 0 4 1 15 10 5 4 4 0 3 0 0 0 0 0 0 0 0 0 0 0 0 0 
173 4 4 9 3 3 6 3 3 2 8 4 6 3 4 2 1 2 6 6 0 0 0 0 0 0 0 0 0 0 0 0 
172 3 0 14 6 0 7 6 0 5 1 0 13 0 2 4 5 8 6 1 0 0 0 0 0 0 0 0 0 0 0 0 
174 3 0 10 6 2 5 6 2 8 5 3 3 0 4 5 4 2 3 2 4 2 0 0 0 0 0 0 0 0 0 0 
173 4 0 13 3 3 6 3 3 9 4 5 2 0 2 6 2 0 0 0 6 0 0 0 0 0 0 0 0 0 0 0 
172 2 0 11 6 3 5 6 3 2 4 7 5 3 4 2 4 2 0 0 7 0 1 3 0 0 0 0 0 0 0 0 
173 4 0 10 6 3 3 6 3 4 8 5 3 2 2 0 2 3 0 0 7 0 5 3 0 0 0 0 0 0 0 0 
176 2 0 5 7 4 3 7 4 3 0 7 8 6 1 4 1 6 2 0 2 0 3 0 0 0 0 0 0 0 0 0 
176 5 5 3 5 3 3 5 3 2 0 3 11 7 0 8 0 6 2 0 3 0 3 0 0 0 0 0 0 0 0 0 
173 5 4 8 4 3 4 4 3 2 6 0 12 0 4 5 3 5 2 0 8 0 0 0 0 0 0 0 0 0 0 0 
173 8 3 16 3 3 2 3 3 5 6 0 5 8 2 1 3 2 0 0 5 0 0 0 0 0 0 0 0 0 0 0 
171 5 2 12 4 3 4 4 3 3 5 4 7 2 4 3 0 4 5 0 0 0 0 3 0 0 0 0 0 0 0 0 
174 7 4 15 2 3 4 2 3 5 1 2 5 5 9 3 0 2 1 0 0 0 0 5 0 0 0 0 0 0 0 0 
