3688 1362 7 21 6 7 2 5 12 8 12 12 24 10 15 14 375 0 3 1 0 0 0 0 1 0 0 0 2 87 0 0 
6433 618 229 139 219 1 106 0 0 0 0 0 0 0 0 0 0 0 0 0 0 0 0 0 0 0 0 0 0 0 0 0 
8891 1481 618 229 13 9 10 0 3 736 11 0 0 0 0 0 0 2 0 0 0 0 0 0 0 0 0 0 0 0 0 0 
11201 4586 3280 2062 1367 2035 946 1530 1470 535 1048 1115 989 1720 917 710 1242 2515 4 0 0 0 0 0 0 0 3 0 91 2 47 0 
6087 1883 1805 1478 293 403 74 142 75 23 248 90 37 15 0 0 188 112 0 0 0 0 0 0 0 0 0 0 0 0 0 0 
776 1022 900 1552 0 0 0 0 0 4 0 0 0 0 0 0 16 0 0 0 0 0 0 0 0 0 0 0 0 0 0 0 
207 78 106 14 0 0 0 0 0 5 0 0 0 0 0 0 19 0 0 0 0 0 0 0 0 0 0 0 0 0 0 0 
2457 765 284 347 25 15 12 104 0 6 7 272 0 0 0 0 306 3 0 0 0 0 0 0 0 0 0 0 0 0 0 0 
28 0 0 0 0 0 0 0 0 0 0 0 0 0 0 0 781 0 0 0 0 0 0 0 0 0 0 0 0 0 0 0 
751 250 322 31 5 1 2 0 0 0 0 21 0 0 0 0 58 18 0 0 0 0 0 0 0 0 0 0 0 0 0 0 
6115 177 438 280 124 238 6 35 14 28 57 14 48 1 32 0 42 139 12 0 0 19 0 0 0 0 0 0 0 0 0 0 
7754 158 134 25 82 2 0 21 2 0 0 1 7 0 0 0 19 30 0 0 0 0 0 0 0 0 0 0 0 0 0 0 
8798 3325 1003 1120 1141 1241 711 1026 1617 553 1089 1527 1477 1216 1257 985 1049 608 8 0 1 1 0 0 10 47 0 0 18 0 0 0 
364 118 166 42 0 2 1 1 1 13 41 35 3 39 59 0 0 19 0 0 0 0 0 0 0 0 0 0 0 0 0 0 
106 18 0 0 0 0 0 0 0 0 0 0 0 0 0 0 0 0 0 0 0 0 0 0 0 0 0 0 0 0 0 0 
0 0 0 0 0 0 0 0 0 0 0 0 0 0 0 0 0 0 0 0 0 0 0 0 0 0 0 0 0 0 0 0 
0 0 0 0 0 0 0 0 0 0 0 0 0 0 0 0 0 0 0 0 0 0 0 0 0 0 0 0 0 0 0 0 
3 0 0 0 0 0 0 0 0 0 0 0 0 0 0 0 0 0 0 0 0 0 0 0 0 0 0 0 0 0 0 0 
3941 817 32 53 36 35 8 27 48 32 51 69 41 40 60 57 29 1 0 0 0 0 0 0 0 0 0 0 0 0 0 0 
5 1 0 14 8 0 0 0 0 0 0 0 0 0 0 0 0 0 0 0 0 0 0 0 0 0 0 0 0 0 0 0 
3651 1251 1186 1685 266 361 168 362 145 428 669 163 49 104 105 2 354 1185 153 69 426 313 280 5 136 131 153 292 342 330 174 0 
14 0 1 0 0 33 0 0 0 0 0 0 0 0 0 0 0 0 0 0 0 0 0 0 0 0 0 0 0 0 0 0 
807 310 31 0 0 0 6 5 1 0 4 23 0 0 1 184 8 0 0 0 0 0 0 0 0 0 0 0 0 0 0 0 
7718 678 6094 142 1335 925 17 2611 1526 188 382 93 83 246 0 0 1696 0 0 0 0 0 0 0 0 0 0 0 0 0 0 0 
8735 1993 1347 462 209 795 41 512 548 42 254 72 0 80 0 1 0 1 0 0 2 0 0 0 0 0 0 0 6 5 40 0 
7707 2672 2770 766 1028 772 247 2302 469 110 450 140 240 1672 0 12 401 35 0 9 48 4 3 1 9 60 1 96 191 278 0 0 
0 0 0 0 0 0 0 0 0 0 0 0 0 0 0 0 0 0 0 0 0 0 0 0 0 0 0 0 0 0 0 0 
1103 1110 231 61 41 1292 33 20 136 5 362 236 90 84 0 6 8 0 0 0 0 0 0 0 0 0 0 0 0 0 0 0 
1181 230 250 10 2 110 0 3 0 2 181 5 0 1 0 0 26 165 0 0 0 0 0 0 0 0 0 0 0 0 0 0 
937 32 27 8 1 4 0 0 0 0 4 0 0 0 0 0 20 29 0 0 0 0 0 0 0 0 0 0 0 0 0 0 
1865 821 506 832 229 176 37 56 23 0 107 31 47 43 10 0 109 85 0 0 0 0 0 0 0 0 0 0 0 0 0 0 
