43132 6963 5451 370 1930 11 4 0 0 0 0 0 0 0 0 0 0 0 0 0 0 0 0 0 0 0 0 0 0 0 0 0 
237721 40012 23898 8962 4942 1455 594 696 30 135 0 0 0 7 0 0 0 0 0 0 0 0 0 0 0 0 0 0 0 0 0 0 
232730 57796 18139 5780 3994 935 161 109 82 311 17 3 0 0 3 0 0 0 0 0 0 0 0 0 0 0 0 0 0 0 0 0 
202437 64062 29652 6484 769 692 130 365 24 103 0 0 0 0 0 0 0 0 0 0 0 0 0 0 0 0 0 0 0 0 0 0 
190149 52499 25469 12978 3518 2527 1921 759 2107 217 240 615 37 1 0 0 0 0 0 0 0 0 0 0 0 0 0 0 0 0 0 0 
170062 47114 19706 8842 2273 2206 1184 326 281 277 470 412 98 60 0 2 0 0 0 0 0 0 0 0 0 0 0 0 0 0 0 0 
199410 50314 26402 9490 1992 2314 1647 872 573 416 1395 1069 146 4 0 0 0 0 0 0 0 0 0 0 0 0 0 0 0 0 0 0 
253946 44480 34427 13603 5253 4796 3894 470 313 397 197 13 18 0 0 0 0 0 0 0 0 0 0 0 0 0 0 0 0 0 0 0 
239205 53089 29938 12388 5101 4341 1529 2820 416 155 824 279 18 0 0 0 0 0 0 0 0 0 0 0 0 0 0 0 0 0 0 0 
171813 38321 22793 9033 2380 3181 1192 1261 870 213 950 391 18 13 0 0 0 0 0 0 0 0 0 0 0 0 0 0 0 0 0 0 
181481 51330 26339 10160 4018 2171 1475 709 565 609 1011 503 502 5 14 0 0 0 0 0 0 0 0 0 0 0 0 0 0 0 0 0 
106773 28559 15309 6437 2333 1706 979 1063 1170 420 428 155 139 7 0 0 0 0 0 0 0 0 0 0 0 0 0 0 0 0 0 0 
158398 36855 17814 8625 3510 2744 1380 737 1844 338 706 118 143 13 0 0 0 0 0 0 0 0 0 0 0 0 0 0 0 0 0 0 
128551 25304 12922 6414 3214 2790 819 225 181 166 65 69 28 301 52 0 8 0 0 0 0 0 0 0 0 0 0 0 0 0 0 0 
126499 29300 15746 6770 4888 2740 1247 886 279 1927 50 93 35 62 55 0 0 0 0 0 0 0 0 0 0 0 0 0 0 0 0 0 
