59 0 0 0 0 0 0 0 0 0 18 0 0 3 22 0 0 0 5 48 0 0 0 6 0 3 6 0 0 2 0 2 
55 0 0 0 0 0 0 0 0 0 24 0 9 25 0 6 0 0 15 56 0 0 0 3 2 12 0 0 0 2 0 7 
50 0 0 22 0 0 6 0 0 0 23 0 30 0 1 0 3 0 3 48 4 1 0 8 12 1 0 3 0 0 3 0 
37 0 0 12 0 0 0 0 0 0 28 0 0 6 5 7 0 0 6 37 2 0 0 8 2 1 2 2 0 6 2 3 
32 0 2 23 0 0 3 0 0 0 33 5 0 0 4 0 0 0 4 32 6 0 0 17 2 2 0 0 0 5 0 0 
33 0 0 1 0 0 0 0 19 0 27 0 9 0 0 0 0 2 5 38 0 0 2 9 6 0 0 0 0 5 0 6 
38 0 0 0 0 0 0 0 20 0 12 0 14 0 17 2 0 0 9 41 0 0 5 6 2 1 6 0 0 0 1 5 
40 0 0 0 0 0 0 0 16 0 0 0 3 28 9 0 0 0 10 42 0 0 4 0 1 8 1 0 0 0 5 5 
34 4 0 0 0 0 0 4 0 0 0 0 15 14 8 6 11 0 13 36 0 0 0 0 2 6 3 2 0 0 7 8 
32 0 6 0 0 0 0 27 0 0 0 0 0 24 0 0 4 0 3 34 0 0 11 0 0 11 6 0 0 0 2 0 
32 0 4 0 0 0 0 19 0 28 0 0 6 7 0 4 0 0 0 34 0 0 3 16 2 3 2 0 0 2 2 0 
32 0 4 0 0 0 0 3 0 13 0 0 0 24 14 2 0 0 9 34 0 0 0 4 0 13 4 0 0 0 4 5 
33 0 0 0 0 8 0 0 0 0 0 6 11 8 14 2 13 0 9 32 0 2 0 0 5 8 3 6 0 0 7 1 
32 0 0 0 0 12 0 0 0 8 0 22 1 0 6 3 0 0 12 40 0 3 2 1 7 2 1 0 0 0 5 5 
35 0 0 0 0 1 0 6 0 0 0 11 0 0 12 17 0 2 15 35 0 0 3 0 0 8 4 0 1 0 6 5 
34 0 0 0 0 0 0 11 0 2 0 0 0 9 0 9 6 10 2 27 0 0 3 1 0 2 6 0 2 0 3 2 
34 0 0 0 0 14 0 0 0 4 0 0 0 0 15 6 4 0 0 37 0 6 2 0 0 2 9 0 2 0 0 2 
28 0 0 0 0 10 4 0 0 0 0 4 0 1 15 8 0 4 15 35 0 2 0 2 0 3 5 0 1 0 6 7 
34 0 9 0 0 2 24 0 0 0 0 2 0 7 0 3 0 14 0 36 0 7 0 0 4 0 4 0 13 0 0 0 
32 0 14 0 0 0 33 0 0 0 0 0 0 7 6 13 0 2 1 35 0 13 0 0 2 2 9 0 0 0 2 1 
34 0 11 0 0 0 5 28 0 8 0 0 0 5 0 1 0 11 0 34 0 2 11 3 0 4 1 0 9 0 0 0 
32 0 4 0 0 0 0 2 0 26 9 0 0 0 0 19 0 0 0 32 0 0 0 19 0 0 13 0 0 0 0 0 
33 0 16 0 0 0 0 0 0 0 12 0 0 0 0 21 4 0 13 33 5 0 0 2 0 0 10 2 0 0 3 10 
32 4 38 4 0 0 0 0 0 0 0 0 0 0 0 4 33 0 0 32 12 0 0 0 0 0 0 20 0 0 0 0 
34 4 11 7 0 0 0 0 0 0 0 0 28 0 0 6 0 0 6 35 3 0 0 0 18 0 2 0 0 0 4 3 
32 4 2 0 0 0 7 0 4 0 0 9 2 16 0 20 0 0 7 34 0 2 2 2 0 9 7 0 0 0 4 4 
32 4 0 0 0 0 22 14 0 5 0 0 0 5 9 0 0 15 3 34 0 5 7 0 0 5 0 0 7 1 0 5 
34 0 0 0 0 0 12 0 0 20 14 0 0 4 0 0 0 6 0 34 0 3 14 8 0 0 2 0 0 2 0 1 
32 0 0 0 0 0 15 0 0 30 0 0 0 0 5 11 4 4 5 32 0 2 13 0 0 2 4 3 0 1 0 7 
34 0 0 0 0 0 8 0 0 14 0 0 0 0 0 31 4 0 0 37 0 2 6 0 0 0 17 1 0 0 0 4 
34 0 0 0 0 0 0 14 0 2 0 0 6 15 0 19 11 2 9 32 0 0 2 0 2 5 10 7 1 0 5 0 
35 0 0 0 0 0 0 18 0 0 0 0 0 10 0 4 4 14 0 29 0 0 5 0 0 4 0 5 7 0 1 2 
56 0 0 0 0 0 25 0 0 4 0 0 0 0 34 14 0 0 10 49 0 4 1 0 0 10 4 0 0 0 0 8 
55 0 0 0 0 0 15 0 0 4 0 0 32 0 0 8 0 17 11 50 0 2 1 0 11 0 2 0 8 0 2 1 
50 0 0 0 0 0 4 18 0 0 0 0 29 0 25 24 3 0 6 51 0 0 0 0 8 3 15 0 0 0 0 4 
38 0 0 2 5 0 0 5 8 0 5 0 36 2 0 1 1 0 8 42 0 0 6 2 6 2 1 0 0 0 7 4 
34 0 0 0 12 0 0 0 8 0 5 15 29 0 0 3 1 0 4 32 2 0 2 0 19 0 1 2 0 0 6 0 
36 0 0 0 15 0 0 0 5 0 0 5 23 5 0 0 2 9 0 36 4 0 0 0 12 2 0 1 0 3 5 1 
33 4 0 0 15 0 0 4 0 0 0 31 0 0 12 4 0 0 7 35 5 0 0 0 12 4 2 0 0 0 6 0 
33 0 0 0 15 0 0 5 0 0 0 6 0 0 26 8 5 0 6 33 2 0 0 0 1 13 5 0 0 0 0 10 
34 0 0 0 6 0 0 18 0 0 0 10 0 0 15 13 1 0 9 32 3 4 0 4 0 6 7 0 0 0 2 6 
34 0 0 0 15 0 0 27 0 0 0 0 0 0 8 0 4 6 0 34 7 2 12 0 0 5 0 2 2 0 0 0 
32 0 0 2 32 0 0 32 0 0 0 0 0 0 0 0 0 0 0 32 11 13 8 0 0 0 0 0 0 0 0 0 
34 0 0 0 14 1 0 36 0 0 0 9 2 0 0 3 0 1 0 34 2 17 0 4 2 0 0 2 1 0 2 0 
34 0 0 0 14 20 0 8 0 0 0 0 0 14 0 7 5 0 2 34 4 5 0 0 2 4 5 0 0 0 4 6 
36 0 0 0 4 29 0 13 0 9 0 0 0 0 3 3 3 1 1 34 0 19 4 0 0 0 3 1 0 0 0 3 
35 0 0 0 0 6 0 23 0 0 0 0 0 28 13 0 7 1 3 32 0 4 3 0 6 4 6 2 0 0 0 7 
35 0 0 0 0 0 0 7 0 0 0 0 0 9 5 3 6 7 2 30 0 0 2 0 0 2 7 0 0 0 3 2 
37 0 0 0 0 23 0 0 0 0 0 0 14 0 18 4 0 0 0 34 0 4 0 0 6 0 18 0 0 0 0 2 
32 0 0 0 0 23 0 0 0 0 0 0 9 0 13 8 0 0 12 34 0 11 0 0 0 0 10 0 0 0 3 6 
33 0 0 0 0 23 0 4 0 0 0 0 7 0 3 35 0 0 5 33 0 6 0 0 2 0 15 0 0 0 0 8 
33 0 0 2 3 16 0 0 0 4 0 0 21 0 0 18 4 2 0 33 1 3 2 0 12 0 9 2 0 0 0 2 
32 0 0 8 0 2 0 0 0 0 0 19 3 27 3 5 0 0 5 32 0 1 0 6 12 10 0 0 0 0 1 2 
32 0 0 2 0 0 0 8 0 0 0 12 6 31 0 11 0 0 8 32 0 0 0 6 12 0 6 0 0 0 8 0 
32 0 0 5 0 0 0 11 0 0 0 7 0 29 15 0 0 0 0 32 0 0 0 0 16 5 6 0 0 0 4 1 
32 0 0 3 0 0 0 0 0 0 0 9 0 19 17 0 0 0 0 32 0 0 0 2 0 30 0 0 0 0 0 0 
32 0 0 4 0 0 0 0 0 0 21 0 0 37 0 0 0 0 2 32 0 0 0 6 0 24 1 0 0 0 1 0 
32 0 0 0 0 0 0 0 4 0 20 0 7 8 16 4 0 0 0 34 0 0 2 9 2 14 1 0 0 0 0 2 
34 3 0 2 0 0 0 0 0 0 30 0 0 0 7 17 0 0 15 36 0 0 0 11 0 3 6 0 0 4 0 5 
32 0 0 2 0 0 0 0 2 0 29 0 0 4 13 7 0 0 17 33 1 0 0 10 0 7 2 0 0 9 0 3 
32 0 0 9 0 0 0 0 0 2 15 9 13 0 0 2 0 0 15 32 3 0 0 6 10 0 2 0 0 10 1 0 
33 0 0 2 0 0 9 0 0 0 0 28 10 0 6 0 0 0 2 35 0 0 0 0 24 1 0 0 0 0 1 3 
