0 45 13 14 17 15 12 12 15 20 10 19 20 9 27 15 14 15 17 17 17 34 26 24 27 24 27 52 0 0 0 0 
0 30 29 30 27 19 19 20 24 20 25 29 21 17 24 31 14 27 30 34 34 34 39 28 31 46 26 52 0 0 0 0 
0 55 34 32 36 21 30 33 27 35 29 33 31 24 42 29 39 22 30 30 44 47 41 32 55 36 46 71 0 0 0 0 
0 91 95 65 62 47 49 62 44 39 45 84 51 50 46 62 30 69 59 66 68 87 62 57 72 69 84 87 0 0 0 0 
0 103 94 88 84 78 88 76 63 55 72 46 40 43 54 64 66 56 29 57 65 66 65 45 56 66 43 46 0 0 0 0 
0 86 122 85 76 73 89 83 83 55 95 57 35 52 73 69 88 66 50 68 91 56 80 51 67 104 49 66 0 0 0 0 
0 51 39 49 42 49 61 55 36 45 75 30 30 19 40 36 49 50 41 28 50 37 37 50 47 63 29 39 0 0 0 0 
0 67 97 63 47 33 65 47 41 44 42 54 26 51 66 36 61 34 40 40 68 43 40 36 58 61 46 30 0 0 0 0 
0 40 42 37 28 33 27 22 27 39 41 25 21 25 20 18 30 22 29 35 41 42 48 58 45 70 48 38 0 0 0 0 
0 75 69 28 34 41 26 31 40 33 26 18 30 40 25 38 54 36 26 28 67 39 55 46 47 76 50 49 0 0 0 0 
0 52 15 24 17 9 7 13 4 18 10 21 17 21 35 10 12 4 27 10 2 31 38 5 27 6 19 141 0 0 0 0 
0 79 72 63 58 45 56 42 55 40 61 59 33 30 56 71 34 62 40 61 54 77 53 66 37 76 44 43 0 0 0 0 
0 33 21 15 11 8 18 12 9 19 13 16 10 11 12 14 14 10 5 12 26 21 16 14 16 9 14 11 0 0 0 0 
0 64 72 37 37 21 30 34 35 31 26 23 18 29 22 20 37 19 30 29 53 38 44 25 46 47 43 31 0 0 0 0 
0 133 99 55 43 58 48 53 26 64 51 40 35 61 50 31 44 26 35 40 28 33 46 12 43 27 25 58 0 0 0 0 
0 32 17 22 19 15 12 12 10 28 8 23 17 18 19 12 18 4 18 19 9 25 54 24 38 33 23 89 0 0 0 0 
0 102 76 36 46 36 23 33 40 53 41 26 27 40 28 25 50 30 38 36 83 57 71 52 59 91 65 54 0 0 0 0 
0 114 103 38 42 50 48 55 40 64 56 43 44 57 45 32 48 26 38 34 66 53 49 27 52 49 45 46 0 0 0 0 
0 51 34 11 20 15 14 20 10 23 24 22 22 29 24 7 20 10 16 14 11 18 26 4 21 9 8 63 0 0 0 0 
0 92 76 46 69 49 42 23 33 40 17 35 28 29 42 19 10 23 20 23 20 32 30 29 18 24 18 22 0 0 0 0 
0 48 64 26 26 23 29 27 23 45 31 36 19 38 31 18 27 14 10 24 22 21 24 10 20 29 29 20 0 0 0 0 
0 90 74 44 63 59 65 61 74 51 47 31 36 31 41 43 46 47 20 41 48 61 55 48 49 81 36 37 0 0 0 0 
0 71 113 84 41 36 71 70 50 45 46 53 19 42 84 35 84 41 43 59 89 53 52 28 72 66 51 61 0 0 0 0 
0 30 26 18 12 23 20 16 18 34 26 17 11 14 6 16 15 9 22 15 22 21 18 27 27 53 26 23 0 0 0 0 
0 52 64 64 29 32 32 19 24 14 8 32 9 31 37 17 11 26 22 21 25 35 21 8 17 22 28 33 0 0 0 0 
0 52 25 31 16 22 13 29 15 27 19 25 12 17 19 23 19 26 15 47 16 35 21 58 18 27 33 6 0 0 0 0 
0 38 34 31 22 23 17 14 25 30 18 22 10 15 21 14 19 8 20 28 29 32 45 26 36 41 51 40 0 0 0 0 
0 151 124 24 49 39 39 46 69 41 68 39 54 50 47 55 73 39 42 60 104 60 81 42 89 72 83 87 0 0 0 0 
0 233 163 95 121 86 64 67 61 79 55 64 35 45 46 26 39 30 30 40 34 54 45 24 35 23 34 29 0 0 0 0 
0 77 68 42 48 51 48 49 49 45 15 17 36 29 30 33 32 33 29 27 35 43 31 47 37 66 28 23 0 0 0 0 
0 20 13 23 10 14 7 14 14 9 11 22 11 23 16 19 13 11 16 12 16 33 16 20 30 38 22 17 0 0 0 0 
0 62 53 62 41 39 22 40 23 43 41 33 23 49 33 22 41 45 28 42 34 40 35 46 38 56 58 26 0 0 0 0 
0 69 63 28 40 23 27 37 33 40 42 23 38 42 26 22 27 22 15 41 23 33 27 18 30 21 21 20 0 0 0 0 
0 37 23 8 10 14 6 6 20 5 16 8 20 10 16 21 27 19 20 19 32 24 29 41 33 62 25 42 0 0 0 0 
0 46 41 43 39 21 26 33 29 17 31 21 32 42 41 31 33 37 29 32 26 73 37 30 50 32 32 24 0 0 0 0 
0 29 36 21 17 23 14 17 18 14 30 17 25 18 26 22 15 26 27 19 19 37 35 47 45 51 43 35 0 0 0 0 
0 36 24 27 30 20 30 11 13 20 23 28 44 14 20 27 7 22 25 11 19 50 28 39 16 25 25 17 0 0 0 0 
0 21 20 21 18 16 25 11 16 12 18 20 20 28 20 27 20 28 38 20 31 34 57 40 38 50 43 45 0 0 0 0 
0 62 47 50 49 34 43 18 24 11 36 43 25 36 34 42 17 42 48 37 39 57 31 31 31 56 43 50 0 0 0 0 
0 53 28 114 41 61 24 59 13 34 29 23 12 7 31 28 23 37 19 10 13 22 55 14 24 43 22 13 0 0 0 0 
0 74 69 32 42 47 49 32 15 35 40 36 29 30 53 21 38 18 15 24 18 33 30 12 27 29 40 10 0 0 0 0 
0 74 65 51 50 36 48 50 41 49 26 54 26 57 56 26 40 26 30 35 45 65 34 43 41 43 46 45 0 0 0 0 
0 95 67 79 42 26 61 31 17 34 26 39 29 65 30 18 31 25 51 25 47 54 65 53 60 66 43 100 0 0 0 0 
0 70 49 31 40 23 33 21 32 23 36 22 25 29 38 15 34 27 27 19 40 50 31 21 37 41 37 33 0 0 0 0 
0 31 50 95 64 22 62 38 24 24 25 37 22 42 35 37 52 30 82 21 52 45 30 60 46 45 45 39 0 0 0 0 
0 53 59 38 44 32 39 27 31 49 20 36 28 41 20 23 33 22 26 33 31 38 38 43 48 61 42 43 0 0 0 0 
0 44 42 29 35 31 25 27 28 36 31 24 15 44 18 27 37 24 30 46 60 46 47 35 40 36 48 43 0 0 0 0 
0 50 35 22 51 39 14 26 32 23 33 14 29 15 15 37 27 20 11 38 17 16 16 46 26 31 57 14 0 0 0 0 
0 39 23 8 10 12 8 3 18 3 11 9 13 15 12 18 19 15 25 19 34 25 35 45 36 59 28 45 0 0 0 0 
0 36 13 39 17 21 10 19 24 8 14 9 9 14 18 31 13 17 15 16 19 23 23 17 10 20 8 21 0 0 0 0 
0 34 12 4 3 8 6 5 3 9 3 6 5 6 11 4 7 5 6 11 6 6 7 8 7 14 3 11 0 0 0 0 
0 37 48 70 58 20 47 68 5 25 4 20 25 33 23 33 55 13 64 6 15 30 26 69 17 24 38 25 0 0 0 0 
0 46 54 46 36 14 45 24 26 25 16 51 29 38 21 24 29 27 40 30 38 32 33 31 37 39 24 48 0 0 0 0 
0 40 45 22 51 18 25 30 21 58 26 13 20 26 12 16 49 22 26 45 40 49 49 38 21 30 31 45 0 0 0 0 
0 49 29 27 30 27 20 14 20 27 37 22 10 18 16 23 23 21 30 35 12 22 23 23 43 39 41 36 0 0 0 0 
0 39 23 25 64 12 23 77 44 19 17 22 21 42 32 17 39 22 38 9 7 43 34 42 9 37 30 16 0 0 0 0 
0 51 72 48 56 19 52 47 26 24 12 92 23 52 19 45 41 30 54 25 30 40 39 52 25 31 39 39 0 0 0 0 
0 51 45 30 31 37 25 11 20 14 19 11 11 15 13 24 16 24 13 21 26 53 29 44 27 47 28 18 0 0 0 0 
0 48 22 24 34 4 19 50 35 12 14 29 13 31 17 30 22 12 17 7 9 28 31 12 5 23 14 7 0 0 0 0 
0 48 39 42 31 26 34 33 20 14 6 34 18 20 22 35 11 19 11 12 27 18 29 12 18 18 18 14 0 0 0 0 
0 60 53 42 40 31 26 21 18 44 17 21 24 34 36 24 17 21 23 28 26 26 25 26 29 32 26 22 0 0 0 0 
0 34 7 6 29 7 16 27 10 9 12 13 14 15 29 10 18 22 23 9 18 20 5 14 25 10 4 32 0 0 0 0 
0 67 64 48 57 30 26 20 24 16 21 36 10 13 30 17 15 20 21 29 30 36 15 8 10 17 29 19 0 0 0 0 
0 147 112 65 87 53 45 46 46 47 39 43 26 28 46 26 35 19 29 37 49 38 49 14 43 29 41 47 0 0 0 0 
0 82 75 42 67 38 21 44 51 28 32 39 21 40 31 42 20 16 34 24 24 55 46 27 39 35 28 53 0 0 0 0 
0 51 44 53 34 47 28 31 29 41 28 35 30 26 38 47 48 37 27 53 36 38 37 50 46 44 66 42 0 0 0 0 
0 76 111 49 52 53 25 42 39 64 57 42 54 62 54 80 27 63 29 61 48 62 58 76 67 53 87 43 0 0 0 0 
0 39 23 21 24 20 34 13 24 14 60 17 46 35 37 22 29 25 39 30 39 48 61 63 35 37 32 35 0 0 0 0 
0 57 53 33 40 28 26 24 32 24 29 34 32 17 45 25 16 26 28 29 42 38 41 32 54 42 50 45 0 0 0 0 
0 42 39 18 50 33 39 27 19 20 40 40 30 13 33 20 21 20 21 16 27 34 32 13 25 26 35 22 0 0 0 0 
0 93 75 76 41 29 89 33 19 31 33 57 33 69 48 25 41 40 54 44 58 70 69 46 55 66 56 84 0 0 0 0 
0 65 21 10 47 3 25 34 14 10 13 15 31 34 53 12 24 22 36 14 34 40 30 9 50 24 26 18 0 0 0 0 
0 47 31 12 28 13 19 19 27 24 26 27 18 25 11 25 29 20 23 21 31 16 39 32 27 45 33 30 0 0 0 0 
0 49 32 38 40 16 27 23 20 33 14 42 28 49 30 19 23 11 14 24 21 30 35 24 17 25 19 19 0 0 0 0 
0 18 12 2 4 5 8 2 3 15 1 7 4 11 5 4 8 12 2 7 2 12 10 7 5 9 6 10 0 0 0 0 
0 33 28 16 13 10 22 12 10 8 14 15 29 26 22 12 23 14 12 20 23 28 17 12 32 32 19 32 0 0 0 0 
0 53 36 14 49 20 17 21 20 37 34 12 13 11 10 16 47 19 35 43 49 46 22 13 42 44 50 32 0 0 0 0 
0 55 15 18 21 4 5 15 8 11 28 8 10 16 19 6 16 15 16 15 8 17 9 7 11 30 15 10 0 0 0 0 
0 35 21 33 64 24 36 54 12 35 6 31 25 35 31 32 44 13 37 16 13 54 52 77 30 56 52 32 0 0 0 0 
0 25 23 20 17 10 12 22 12 14 10 19 14 5 9 12 16 30 11 5 24 18 23 17 10 21 12 11 0 0 0 0 
0 84 46 46 21 21 25 19 16 18 23 26 14 23 34 5 18 10 15 5 51 28 18 8 30 22 27 15 0 0 0 0 
0 63 74 51 57 29 26 45 47 41 27 32 27 45 41 49 31 30 40 39 37 47 52 47 50 46 39 65 0 0 0 0 
0 74 107 56 39 46 16 39 27 66 57 45 35 49 37 54 30 48 24 51 46 46 41 48 57 47 67 35 0 0 0 0 
0 8 0 0 0 1 3 1 8 1 3 5 3 5 0 8 5 4 16 1 8 11 9 9 6 6 2 6 0 0 0 0 
0 68 64 49 41 39 51 19 14 31 31 24 35 32 49 35 30 30 40 41 46 38 44 65 35 52 72 42 0 0 0 0 
0 13 14 5 7 4 8 9 0 6 2 4 7 13 6 8 5 5 4 3 5 1 23 3 10 5 5 8 0 0 0 0 
0 9 14 21 6 4 9 13 6 12 13 5 13 10 7 7 8 4 28 4 15 12 6 22 12 10 6 18 0 0 0 0 
0 82 38 32 47 42 34 40 28 43 35 25 15 25 29 21 36 23 27 26 14 27 36 27 25 39 44 17 0 0 0 0 
0 58 45 39 59 24 18 61 49 18 24 36 17 47 37 39 30 18 37 23 23 75 32 35 36 17 33 23 0 0 0 0 
0 24 9 4 7 11 9 4 5 5 2 4 3 1 6 3 6 4 5 6 5 8 4 2 6 6 1 3 0 0 0 0 
0 5 12 18 7 1 8 13 3 18 5 4 3 10 4 6 7 3 18 6 7 11 4 14 10 14 8 7 0 0 0 0 
0 52 29 23 16 23 15 18 23 25 32 14 6 16 25 15 17 23 16 7 7 15 22 7 29 37 43 16 0 0 0 0 
0 35 67 44 25 14 29 41 41 28 14 9 13 19 27 17 24 16 19 19 28 17 13 10 26 15 12 3 0 0 0 0 
0 50 55 47 19 30 23 16 27 25 8 31 14 20 39 18 13 23 23 30 31 29 36 20 21 34 33 73 0 0 0 0 
0 183 138 100 95 75 44 27 47 52 31 38 20 28 35 22 18 7 20 18 32 37 43 37 26 37 34 17 0 0 0 0 
0 14 12 11 7 5 2 0 2 12 4 10 0 6 9 6 15 9 7 10 5 8 3 0 3 5 7 2 0 0 0 0 
0 32 17 16 18 10 11 12 19 12 12 18 14 14 22 26 24 17 35 16 22 16 33 17 23 29 36 42 0 0 0 0 
0 40 83 45 27 38 22 40 35 47 54 43 38 69 35 68 32 52 29 46 48 59 66 59 57 52 67 43 0 0 0 0 
3 43 45 62 25 42 17 36 12 33 21 25 18 23 24 38 20 43 35 27 30 36 36 29 33 50 39 34 0 0 0 0 
0 36 54 40 18 39 27 28 22 30 22 24 25 46 59 12 33 22 13 7 12 28 14 22 12 12 8 6 0 0 0 0 
0 42 25 13 20 8 12 4 10 27 6 10 12 24 9 6 20 15 8 4 22 14 14 15 30 77 29 10 0 0 0 0 
0 86 52 49 58 52 48 40 57 37 44 38 26 38 48 29 49 33 33 44 54 68 43 36 55 52 52 74 0 0 0 0 
0 21 37 21 35 18 21 17 24 33 24 33 16 63 30 20 38 38 53 16 41 26 23 49 33 36 58 36 0 0 0 0 
0 29 34 4 10 23 20 7 3 1 3 2 4 2 21 6 12 4 8 9 16 6 10 4 12 13 15 14 0 0 0 0 
0 59 38 25 61 46 16 37 30 21 25 11 21 4 16 33 24 17 9 34 13 8 25 38 19 31 67 19 0 0 0 0 
0 6 14 3 20 20 15 10 65 3 26 8 11 15 26 34 16 8 28 14 29 15 46 42 27 32 40 39 0 0 0 0 
0 17 17 6 37 21 22 27 33 7 19 36 16 22 20 21 26 8 15 7 15 18 18 33 15 14 13 18 0 0 0 0 
0 21 22 11 40 10 15 8 9 9 22 28 5 23 10 3 15 15 50 12 12 13 12 22 35 15 29 32 0 0 0 0 
0 9 19 11 61 27 49 79 4 18 3 39 32 41 18 34 70 12 45 4 7 51 37 87 24 41 50 40 0 0 0 0 
0 41 34 21 42 32 29 6 11 11 9 17 7 10 14 26 4 16 13 16 3 12 6 14 8 15 16 14 0 0 0 0 
0 72 59 30 47 17 16 24 19 14 18 29 9 23 32 18 11 16 13 26 33 27 7 7 9 11 22 15 0 0 0 0 
0 136 80 69 116 63 29 24 31 37 21 24 19 41 25 21 11 15 20 39 26 23 43 12 29 35 19 34 0 0 0 0 
0 40 37 39 30 46 19 22 25 33 29 18 30 15 34 25 44 32 17 38 24 34 33 67 53 51 61 40 0 0 0 0 
0 80 60 33 52 21 26 19 40 35 37 31 27 41 55 25 46 27 35 41 60 60 48 39 79 72 58 54 0 0 0 0 
0 54 35 28 39 13 26 40 30 42 11 19 15 31 18 16 13 25 24 25 61 31 44 40 45 41 33 36 0 0 0 0 
0 43 37 42 47 19 25 23 31 21 10 24 32 29 22 16 34 9 12 23 23 26 34 11 17 15 29 14 0 0 0 0 
0 106 42 41 33 10 29 26 14 15 23 18 32 30 11 22 29 22 9 34 10 47 21 12 22 31 24 31 0 0 0 0 
0 67 53 58 22 24 29 54 21 25 33 13 16 26 18 7 16 27 17 22 72 42 32 21 36 35 21 27 0 0 0 0 
0 42 48 53 18 33 18 11 35 28 18 10 11 43 15 39 3 29 24 39 10 13 48 27 11 46 8 36 0 0 0 0 
0 71 92 29 25 31 20 30 34 70 48 32 28 52 20 63 17 39 27 41 38 25 42 49 40 29 55 42 0 0 0 0 
0 45 32 32 25 29 5 8 21 19 22 8 30 11 18 25 22 16 39 35 25 21 49 41 17 14 27 12 0 0 0 0 
0 71 57 28 30 22 39 35 29 29 34 20 37 38 32 28 33 18 13 15 33 16 27 15 30 27 17 35 0 0 0 0 
0 21 43 32 35 21 23 37 27 18 17 24 26 16 23 29 10 26 24 13 21 18 19 30 23 27 15 37 0 0 0 0 
0 19 30 19 23 8 19 21 36 24 5 5 8 16 13 7 9 10 9 9 6 17 9 8 13 30 44 40 0 0 0 0 
0 95 78 73 73 43 21 31 34 29 15 16 22 19 17 20 14 11 12 11 16 18 26 8 17 8 9 6 0 0 0 0 
