115 116 120 110 100 104 137 36 123 103 117 110 112 133 142 134 147 165 148 149 120 97 122 125 110 114 131 149 119 130 109 125 
280 267 294 246 246 238 123 138 267 242 213 260 231 241 249 245 252 234 255 221 282 238 285 228 234 213 268 233 254 240 237 217 
45 32 35 30 29 8 24 27 2 30 18 8 15 31 30 11 4 18 12 4 22 37 6 4 30 19 34 5 34 19 30 10 
182 128 151 144 140 156 169 99 155 128 133 135 118 160 121 155 126 171 100 128 133 123 159 131 112 130 147 130 156 168 163 26 
396 462 410 441 393 389 314 468 409 508 417 475 396 432 385 396 523 418 496 312 409 377 433 416 370 424 390 406 325 410 430 425 
559 547 571 530 543 513 459 429 527 531 540 482 541 461 496 510 387 531 521 515 570 546 563 512 512 560 539 519 572 519 523 360 
103 42 43 38 73 37 48 34 28 86 65 22 38 33 79 57 73 52 52 41 79 72 68 26 41 17 51 62 24 53 47 51 
467 450 485 421 434 380 464 431 446 435 433 465 453 410 419 442 409 469 429 446 447 376 440 339 454 427 441 417 419 348 431 409 
205 163 219 189 203 170 194 205 205 200 215 226 203 240 189 179 206 219 233 198 177 226 201 231 166 111 220 164 111 215 211 220 
328 325 368 276 329 306 328 341 337 320 310 326 317 321 292 310 181 330 310 153 324 319 352 308 325 286 294 315 314 302 260 306 
445 413 445 433 438 402 395 403 472 415 396 467 424 427 245 414 318 428 487 361 450 406 435 403 408 423 398 392 431 448 398 381 
46 49 49 52 61 63 52 47 55 65 55 44 49 54 50 3 59 62 56 61 48 53 48 61 54 70 52 42 42 73 64 56 
230 225 240 227 228 235 221 221 241 225 250 242 265 256 248 128 222 254 234 257 253 243 249 243 236 123 228 212 243 263 226 229 
15 12 0 3 2 0 2 15 13 1 2 11 0 13 1 0 2 14 12 12 2 3 2 13 13 13 2 30 11 1 16 1 
210 218 230 207 203 162 147 232 224 207 221 244 210 220 66 302 233 174 266 222 214 210 189 156 130 206 212 191 250 213 292 177 
77 49 40 59 43 54 33 41 47 39 43 43 43 46 35 30 67 51 58 36 85 31 44 51 48 38 27 45 43 63 77 56 
24 82 110 86 97 90 83 94 95 95 122 98 101 86 99 101 81 104 85 97 101 84 71 103 96 92 91 79 78 95 77 80 
331 303 265 253 295 245 288 324 396 309 326 245 277 286 291 297 245 295 348 336 210 295 284 283 263 312 260 297 406 290 284 249 
156 110 126 106 112 100 119 0 121 118 100 115 105 124 112 105 124 98 117 119 114 114 121 103 104 109 114 110 106 106 96 92 
274 206 255 223 199 210 115 242 239 226 234 254 200 213 227 174 249 201 247 227 155 160 204 221 263 215 251 265 208 242 232 226 
9 1 3 6 6 3 3 1 6 6 4 1 3 4 5 5 3 2 6 3 4 5 6 1 8 4 4 3 3 8 3 3 
125 96 91 115 84 100 86 99 56 114 104 97 97 102 69 121 75 115 99 83 116 99 75 96 82 86 29 96 100 80 99 128 
241 165 171 201 167 165 156 149 191 203 192 181 190 182 181 173 178 208 177 192 180 200 209 181 179 88 180 154 136 252 196 175 
97 87 83 90 87 87 96 95 70 100 98 83 78 90 81 101 86 95 93 94 108 90 92 90 75 96 22 76 77 78 103 66 
49 9 12 12 12 17 18 19 18 6 13 3 16 18 17 27 25 24 10 11 7 9 17 8 15 21 6 18 14 14 10 11 
29 14 7 8 24 13 18 5 12 4 28 26 13 8 11 3 30 14 7 9 10 38 5 11 27 29 6 6 9 4 21 20 
248 224 227 238 221 254 221 241 250 272 236 151 222 227 252 232 254 230 208 222 239 263 233 231 145 235 275 255 201 232 277 230 
302 337 302 346 337 344 324 301 359 361 364 326 357 276 307 312 301 325 333 318 336 289 347 280 326 315 317 302 163 312 338 305 
38 16 21 31 16 27 21 14 27 24 36 29 37 34 27 21 28 21 28 14 28 22 22 31 41 16 21 28 18 28 23 35 
221 207 207 189 222 222 252 216 194 147 214 190 184 238 219 192 167 210 162 210 170 196 216 171 188 197 235 210 273 242 204 83 
90 5 74 86 75 61 75 73 75 74 83 102 91 88 85 82 74 78 78 67 72 82 92 85 83 80 91 78 73 78 87 78 
355 140 319 274 309 280 301 324 272 326 285 317 301 330 323 265 272 262 269 279 288 266 305 291 303 320 285 328 262 176 304 282 
129 11 124 134 132 109 111 122 122 135 128 119 128 106 118 110 137 96 121 109 107 125 109 119 102 118 128 111 111 142 134 115 
318 355 287 337 311 245 397 226 251 251 332 268 266 340 275 244 265 329 337 266 284 322 241 223 243 259 313 253 193 263 275 284 
353 363 346 341 329 319 346 343 306 334 312 347 319 287 278 336 317 330 333 387 356 303 236 311 364 427 357 337 259 311 399 275 
164 113 132 136 116 117 149 109 121 160 104 129 133 102 94 129 132 125 113 90 102 122 95 88 134 107 115 146 110 120 3 100 
275 210 277 277 261 242 327 148 241 191 257 210 248 274 270 252 248 304 230 327 298 255 237 250 239 228 198 255 218 247 253 269 
99 68 32 56 66 76 59 53 41 62 71 52 51 89 69 57 55 63 72 66 64 69 57 68 55 70 65 60 64 70 52 53 
48 37 95 12 50 26 27 35 42 23 32 23 49 39 39 30 23 45 32 33 29 31 39 58 65 46 16 33 13 23 36 6 
195 106 110 112 107 163 128 87 37 129 130 100 109 127 134 117 129 105 69 148 124 115 96 129 92 148 117 129 142 137 118 118 
32 20 39 30 23 18 30 14 22 22 25 19 23 27 43 22 24 18 23 29 25 44 26 30 19 20 30 25 12 31 43 32 
13 0 0 0 0 0 0 3 0 0 0 0 0 0 6 3 0 3 0 0 0 0 0 0 0 0 0 1 0 0 0 0 
359 378 387 350 302 292 321 329 387 357 369 341 382 223 316 380 326 376 329 361 352 380 367 217 351 310 349 331 364 334 395 309 
44 13 31 7 15 13 19 53 19 16 17 20 26 20 16 24 13 28 28 22 22 10 12 10 21 27 23 29 27 33 30 11 
296 320 340 344 299 339 255 380 301 287 268 328 369 167 357 155 288 275 282 307 287 273 337 308 266 264 343 322 317 360 275 279 
105 67 69 61 75 87 5 69 62 78 72 64 79 51 61 73 73 79 71 78 68 62 77 82 103 76 73 64 85 72 78 73 
391 392 361 355 306 306 342 300 297 334 353 318 404 301 286 316 274 377 361 331 240 320 299 339 379 301 333 378 203 295 304 284 
15 9 4 4 9 6 2 3 5 4 2 4 0 10 9 8 5 11 8 7 6 5 13 4 5 5 7 3 5 6 6 3 
205 206 150 190 199 259 183 185 186 211 233 247 133 185 166 229 89 244 211 165 172 198 214 207 115 185 195 180 199 147 200 164 
408 321 287 365 290 344 364 294 389 316 374 259 283 333 316 272 163 367 304 279 305 346 296 321 313 300 304 301 187 351 301 314 
257 262 278 238 253 236 132 129 259 245 210 252 254 256 260 244 256 236 265 225 278 242 288 251 224 226 271 235 257 250 229 229 
243 231 240 230 234 263 107 257 245 218 222 236 253 225 234 164 210 175 237 238 262 246 230 252 222 243 213 236 235 230 217 245 
260 238 200 226 193 220 219 199 218 205 218 197 211 215 83 204 247 245 236 246 245 191 215 150 228 225 230 217 225 236 217 235 
46 48 27 19 20 16 21 24 22 25 16 22 19 20 22 13 22 19 23 29 6 26 32 29 15 9 16 18 21 29 29 22 
167 110 164 129 166 141 20 146 127 123 104 107 160 157 120 137 136 107 170 130 122 128 150 125 129 126 156 101 140 135 141 128 
181 134 135 141 152 127 134 150 125 148 166 142 132 114 151 135 115 161 120 144 77 145 100 124 137 125 135 113 116 133 176 133 
120 122 135 122 131 132 35 130 122 136 109 138 114 123 118 121 121 99 135 147 113 138 125 130 125 138 112 95 132 126 122 112 
15 19 10 19 17 10 13 18 19 18 12 8 9 6 8 9 14 14 14 11 6 13 17 9 12 6 10 19 9 22 23 16 
411 450 387 426 385 316 474 265 236 324 389 366 363 425 350 337 376 462 428 437 348 393 328 354 429 396 421 382 273 326 361 349 
189 175 206 193 181 170 79 180 190 181 215 192 116 210 186 213 197 187 218 221 198 167 177 189 182 198 183 168 176 164 193 159 
429 365 334 367 386 288 393 474 378 375 389 324 309 377 374 354 332 281 344 321 348 295 401 379 380 252 345 319 363 302 320 372 
253 235 244 232 247 236 246 211 200 219 231 230 212 222 237 222 131 238 240 244 228 149 242 254 224 225 206 197 270 210 190 205 
28 7 12 15 16 6 15 19 2 7 7 13 14 9 11 3 15 13 6 11 9 15 5 18 25 15 9 13 15 16 22 9 
27 11 4 11 5 10 12 20 11 22 15 20 15 12 7 11 17 7 6 9 16 14 28 8 10 11 6 20 23 18 11 10 
250 243 233 245 231 244 255 243 269 245 252 254 225 230 261 141 226 240 244 108 269 233 237 255 217 267 237 263 233 241 243 228 
41 58 47 21 40 43 40 39 38 53 70 43 39 34 16 52 51 46 40 22 56 43 22 42 47 39 53 41 40 31 20 44 
9 3 6 3 3 11 1 5 5 4 0 2 2 12 7 2 3 5 4 2 2 2 11 8 5 3 1 1 5 4 6 8 
10 74 82 76 75 77 69 79 80 81 106 74 76 77 84 90 73 78 71 84 78 69 61 88 81 81 69 64 75 71 63 73 
8 6 6 4 2 3 3 5 2 4 3 7 5 6 5 5 0 5 2 5 6 5 3 7 5 2 2 4 1 5 4 0 
152 76 88 123 100 128 114 90 112 106 107 90 90 102 114 93 8 100 103 87 108 91 87 121 94 91 90 103 124 93 78 89 
42 22 20 22 41 85 97 31 21 31 21 47 30 0 41 11 31 42 20 84 50 22 1 31 20 30 31 48 21 42 21 20 
240 195 209 223 220 242 225 207 225 224 205 245 239 224 189 156 217 216 244 162 225 244 242 241 221 203 220 203 255 222 248 213 
166 140 136 106 119 127 120 145 29 127 110 112 143 118 150 134 128 165 107 110 121 112 115 126 137 129 107 162 126 139 141 126 
143 98 124 138 139 132 113 119 128 141 124 126 141 122 131 66 135 70 126 136 125 126 124 122 138 137 148 125 127 163 139 151 
233 219 206 211 210 219 205 234 233 220 211 22 227 235 224 207 224 215 245 204 228 251 233 219 265 222 263 240 227 228 276 201 
182 135 161 137 152 150 178 118 161 136 132 128 123 147 123 165 130 158 109 139 145 125 147 128 117 130 135 139 140 169 154 17 
225 219 238 204 207 161 145 224 224 209 219 251 205 218 65 319 229 174 263 222 209 207 185 156 130 204 213 188 243 214 296 175 
116 68 63 127 108 87 77 74 99 87 92 91 77 89 123 74 34 105 127 60 71 105 94 51 82 92 78 82 82 119 90 91 
89 94 83 76 90 83 88 80 98 82 98 96 71 96 91 105 80 106 96 87 92 90 5 77 77 89 86 90 109 98 89 84 
282 262 290 292 274 295 239 270 244 259 297 286 250 262 244 149 335 246 284 323 271 276 256 295 242 257 288 259 248 294 256 223 
201 160 140 168 160 116 154 133 118 153 154 158 147 48 129 123 133 140 151 123 118 161 161 153 155 103 132 143 149 188 190 137 
280 254 283 265 275 243 267 142 264 268 277 261 230 233 259 241 232 240 282 182 244 262 265 244 300 301 249 296 243 293 263 256 
241 90 232 206 242 268 226 224 210 226 211 230 234 264 247 217 219 222 222 134 255 207 261 237 223 264 234 238 236 232 260 252 
245 220 228 230 213 234 278 172 218 185 223 197 199 242 198 226 202 240 201 209 220 228 236 199 203 204 211 213 135 232 232 92 
118 88 109 97 113 96 102 96 111 107 118 115 123 124 113 109 96 123 117 112 118 118 115 109 97 9 105 82 108 128 125 108 
347 394 429 407 375 311 378 425 352 453 333 358 374 379 314 388 448 391 363 361 340 353 359 253 410 268 343 370 397 348 404 505 
201 153 132 220 159 170 217 196 175 171 219 168 124 190 144 127 170 136 133 195 148 175 145 178 191 157 184 124 177 141 144 148 
137 165 177 191 147 186 157 143 187 170 155 194 161 176 239 170 206 212 167 209 203 181 170 231 243 180 167 146 183 170 146 193 
96 93 81 87 73 63 56 65 80 102 78 46 67 81 79 76 71 39 63 85 54 70 72 57 71 50 61 80 90 102 72 53 
32 44 30 38 45 44 35 26 37 40 39 31 32 32 32 37 35 34 42 32 33 25 28 28 30 42 37 35 21 27 37 17 
333 362 344 308 353 294 286 350 332 300 293 233 346 369 295 313 192 298 355 247 321 326 319 318 343 289 300 328 328 322 324 313 
6 3 2 5 2 3 1 0 1 0 1 1 4 1 3 4 0 1 2 1 1 1 4 1 1 4 2 1 0 4 1 1 
42 31 44 29 24 39 26 30 28 32 35 29 32 38 36 30 26 35 33 31 20 34 31 39 27 9 27 36 30 35 30 31 
429 285 393 311 342 286 365 423 349 368 357 312 308 288 342 342 321 346 340 325 390 324 421 322 438 341 302 285 329 326 307 332 
159 128 122 125 116 113 135 125 107 144 41 107 133 116 117 136 120 142 126 66 122 113 136 132 109 121 102 124 125 127 128 119 
197 218 200 217 181 180 173 196 201 236 209 176 201 63 190 187 189 221 188 185 159 209 177 177 178 135 208 212 197 191 216 143 
132 115 113 127 87 101 108 142 99 116 105 128 100 124 99 96 98 101 117 108 73 94 106 111 87 102 109 95 14 87 116 87 
352 259 208 241 306 249 252 225 236 194 193 261 251 267 263 321 274 309 250 233 303 248 301 284 253 292 250 264 233 265 255 258 
458 517 402 373 406 405 397 579 454 465 395 513 523 482 388 360 386 524 400 461 438 376 387 344 398 468 424 376 394 372 517 398 
101 84 102 80 113 60 114 85 60 152 94 89 76 80 69 128 90 137 115 66 107 117 55 95 92 81 88 90 71 88 75 67 
113 81 105 93 112 88 100 102 104 103 112 109 127 115 112 104 95 115 112 102 113 112 103 106 98 0 112 79 109 124 115 108 
238 259 212 249 248 243 218 237 243 235 265 253 247 236 12 262 271 256 259 256 263 243 252 208 215 241 257 232 224 253 265 247 
114 88 84 85 72 94 90 98 88 105 73 78 95 92 80 88 92 95 72 104 7 87 86 95 85 98 86 89 90 90 114 80 
14 5 5 4 5 3 9 4 6 8 6 9 1 6 3 5 0 8 5 5 5 4 5 1 0 4 2 3 2 3 3 5 
5 1 3 3 1 0 0 1 1 5 0 0 1 0 0 2 0 0 0 3 0 0 2 0 0 1 1 1 0 1 2 0 
449 249 443 413 350 392 390 423 415 383 397 406 383 410 427 338 438 366 352 426 441 394 483 412 369 442 354 446 363 353 436 404 
249 196 110 223 229 217 125 206 201 209 208 188 200 215 188 218 200 181 222 202 193 199 215 213 230 194 231 165 222 187 216 190 
144 126 121 110 138 120 103 124 134 131 99 116 124 118 152 115 134 124 143 126 107 31 150 135 144 108 83 92 133 97 109 102 
21 18 0 15 12 15 26 13 21 13 0 18 0 49 20 20 18 26 48 13 12 0 14 22 18 0 2 13 24 31 26 0 
558 625 618 596 637 533 613 645 523 656 552 568 593 602 487 584 699 601 576 613 607 436 533 573 675 475 527 611 431 497 615 706 
114 153 101 92 110 119 95 93 91 92 102 115 79 138 125 121 102 98 100 108 96 110 14 96 106 98 116 98 124 127 128 112 
164 52 144 155 139 137 140 158 167 148 147 139 159 118 137 133 150 138 146 160 149 130 133 119 118 117 167 139 156 153 140 123 
171 183 175 169 172 166 65 156 163 172 169 168 175 176 108 170 146 171 185 165 176 162 154 166 157 198 177 153 158 160 166 154 
59 50 80 71 52 81 46 26 80 72 55 68 57 63 47 51 71 84 60 38 51 71 64 64 54 62 40 59 55 52 61 35 
33 93 114 96 116 101 98 102 96 104 133 106 110 101 109 117 98 102 95 104 121 93 74 112 112 105 98 95 94 108 101 104 
159 186 172 158 192 199 141 147 171 142 159 185 195 150 161 147 72 165 161 142 180 168 183 134 156 141 185 143 197 122 170 158 
152 149 167 144 166 159 159 144 139 135 143 156 167 165 148 155 145 171 157 117 142 173 173 168 119 74 138 151 155 172 160 126 
17 3 10 14 18 2 8 19 4 1 6 12 11 12 8 2 4 8 7 12 8 6 8 6 22 4 14 19 16 12 9 0 
154 128 157 130 139 150 168 104 140 127 119 129 121 145 124 154 122 150 104 126 137 122 150 125 112 140 133 137 139 146 149 11 
19 12 15 13 7 12 6 12 4 21 17 15 28 26 13 12 12 21 11 25 10 14 20 8 28 14 24 20 15 15 11 10 
399 329 374 365 327 306 338 332 342 382 327 370 326 215 292 304 366 341 338 273 348 345 338 268 369 332 347 321 359 351 252 335 
8 5 12 0 7 1 0 6 7 6 19 15 12 1 1 12 1 5 9 7 0 1 6 14 0 6 0 7 1 1 5 7 
61 35 52 21 55 22 31 33 25 24 20 33 21 39 37 29 18 37 37 28 36 31 38 34 19 45 33 44 12 29 34 31 
297 216 263 208 251 280 248 151 226 236 167 189 260 281 242 222 218 271 243 267 228 185 257 213 178 212 265 252 236 182 254 186 
158 147 126 137 139 122 131 24 135 118 123 132 125 121 124 121 139 118 146 119 169 124 167 107 126 95 140 125 133 119 103 98 
39 16 13 4 7 17 3 13 13 13 19 9 17 6 18 13 11 19 11 9 18 16 14 14 13 37 15 2 7 9 25 15 
1 107 91 90 110 94 89 81 120 107 107 98 92 72 109 100 120 104 92 82 105 93 108 88 91 109 103 86 100 112 107 104 
18 1 6 3 7 2 7 0 0 10 2 3 6 12 1 1 1 0 1 10 0 2 8 0 7 2 3 10 15 6 2 1 
167 161 153 151 153 151 175 162 190 193 174 174 137 170 164 152 144 189 156 26 164 141 158 163 142 191 153 181 148 158 161 145 
174 96 96 175 158 152 171 161 126 183 162 136 112 153 123 161 172 141 176 168 136 145 136 172 133 182 107 170 154 135 131 132 
152 148 130 173 164 139 124 116 152 112 134 140 145 138 136 147 39 121 148 138 123 137 155 107 150 125 150 129 144 123 135 143 
31 3 8 8 17 8 5 2 13 5 7 12 12 11 9 2 12 13 12 4 9 7 10 6 11 6 3 5 9 6 6 3 
147 125 146 128 120 141 146 113 116 122 132 118 148 148 112 145 116 129 121 116 129 102 105 122 37 124 123 126 111 100 112 123 
57 54 46 44 36 50 46 41 41 45 50 58 11 47 38 42 46 42 49 38 43 38 41 36 44 47 54 38 55 46 43 34 
313 241 191 280 264 247 294 268 266 259 294 280 228 252 249 220 264 244 251 280 176 272 246 247 249 267 280 225 156 255 257 297 
213 50 196 155 184 154 191 178 149 178 167 208 174 194 228 157 167 141 164 168 190 153 188 162 176 214 166 193 171 161 196 182 
171 136 163 123 166 108 131 156 134 129 152 133 97 128 115 108 148 149 137 33 101 154 140 135 173 157 139 139 143 142 149 130 
150 117 72 84 105 97 90 93 98 77 131 83 89 104 85 115 8 116 105 88 77 78 92 118 83 96 83 104 105 105 73 94 
120 108 85 114 127 158 158 141 116 135 117 120 134 157 106 138 100 135 114 47 133 127 145 154 144 130 99 128 117 114 177 113 
248 238 246 239 224 278 252 121 229 277 247 250 217 228 234 247 250 208 254 277 242 252 242 220 162 261 222 251 215 244 231 219 
164 152 129 144 131 138 121 134 102 140 158 117 157 123 168 142 151 146 122 71 134 133 142 142 139 128 147 120 119 131 148 158 
199 138 153 153 175 212 74 158 156 151 147 123 178 164 157 161 173 171 167 203 138 136 174 144 126 136 160 148 167 123 176 127 
117 94 132 100 97 99 111 103 112 86 107 115 86 93 131 42 81 81 87 116 117 86 120 96 98 68 95 93 106 99 118 78 
343 108 347 332 350 305 295 322 355 319 318 320 311 300 303 299 309 325 329 320 295 350 344 302 311 324 361 336 270 357 274 230 
5 3 1 6 2 5 0 4 4 1 3 4 2 8 2 4 5 3 3 4 3 6 2 3 3 2 0 5 1 4 2 1 
230 189 182 191 194 213 195 146 156 191 175 198 203 125 152 161 143 142 133 163 221 346 134 138 132 260 162 165 125 237 265 166 
9 0 1 5 0 2 0 1 0 1 0 3 0 0 0 0 1 1 0 0 0 1 1 3 3 3 1 3 0 0 0 0 
164 145 158 133 151 131 134 155 146 150 140 171 139 112 144 133 125 145 122 161 130 146 138 20 157 159 142 131 153 144 163 129 
141 113 127 106 112 110 113 4 114 105 108 121 109 118 117 107 127 104 121 105 115 112 126 110 94 94 118 103 109 100 95 89 
393 271 363 370 365 390 372 348 384 412 402 360 357 248 370 414 400 388 420 237 361 366 360 377 342 353 387 417 337 378 398 338 
19 6 8 9 8 10 10 10 18 13 11 11 9 14 18 8 16 3 11 8 6 11 17 4 6 8 16 14 9 18 9 6 
232 195 237 166 315 208 236 150 258 229 166 228 195 198 209 222 192 178 265 217 241 237 110 139 247 216 186 236 207 200 247 171 
176 124 141 129 155 113 140 133 131 120 112 142 144 139 126 125 133 128 118 116 105 142 120 155 144 102 149 150 136 28 124 91 
344 333 398 328 276 301 296 297 291 407 271 299 294 189 317 343 403 291 332 337 301 366 327 276 193 256 366 289 334 307 342 279 
27 3 3 12 13 3 2 3 10 8 3 7 3 7 5 7 10 4 5 5 7 1 5 1 0 2 6 3 11 8 3 8 
188 160 160 173 158 115 164 68 151 138 154 149 150 170 144 145 168 135 148 134 151 136 164 157 131 142 147 153 135 148 145 125 
145 107 20 109 126 121 137 122 120 115 143 111 95 120 95 112 117 109 94 118 106 107 117 123 121 100 126 85 113 97 102 106 
244 192 240 219 198 223 226 167 232 235 248 221 231 83 231 209 236 279 212 241 193 212 249 214 191 250 206 244 205 270 204 189 
39 42 12 22 40 27 43 30 23 36 22 33 48 19 35 36 35 34 26 15 19 28 39 31 42 29 14 28 41 29 26 34 
307 321 299 221 285 277 292 260 246 296 300 268 260 252 286 327 324 265 317 266 246 183 310 286 235 229 235 237 290 226 259 147 
170 148 201 164 152 164 189 137 155 169 145 196 205 179 168 189 171 170 153 144 157 151 124 157 76 160 173 176 168 149 165 153 
84 90 74 83 70 53 53 63 74 101 75 44 60 76 72 73 66 37 53 83 50 68 72 54 64 48 59 78 87 97 65 54 
129 88 89 95 98 117 101 86 101 93 113 94 97 123 105 89 14 97 103 88 94 94 72 96 77 97 99 93 106 93 75 102 
99 115 79 81 111 108 75 52 103 96 96 83 121 99 99 94 106 117 114 82 122 70 85 111 93 130 99 97 100 114 96 66 
47 11 0 4 4 14 0 19 5 1 15 22 17 12 5 0 13 4 26 18 13 13 12 17 12 3 38 15 4 12 17 16 
233 225 266 252 241 234 141 204 302 296 250 281 218 268 277 224 242 234 224 248 269 171 203 273 232 239 192 272 242 183 305 236 
358 311 337 341 324 372 177 402 409 383 339 344 377 401 327 391 443 335 364 403 356 337 356 381 353 362 207 361 339 337 379 335 
168 192 111 130 149 188 125 168 142 138 195 170 190 169 149 158 149 175 182 152 199 157 163 176 146 176 162 170 167 80 215 78 
46 27 28 31 12 21 30 22 38 37 22 22 31 20 1 36 25 28 21 27 27 23 22 17 39 22 22 33 20 29 23 11 
207 170 188 197 198 158 55 200 179 192 175 177 179 193 188 196 149 167 207 134 165 197 174 164 189 176 139 131 171 164 164 178 
361 280 306 311 353 372 208 208 316 348 261 299 280 316 301 317 305 301 323 323 280 330 324 280 325 311 278 321 275 336 319 268 
211 169 215 167 210 192 199 161 183 192 157 139 219 57 185 168 203 191 214 187 172 194 203 198 204 167 180 203 165 206 215 169 
46 15 34 0 9 20 21 25 3 23 32 2 19 26 18 27 8 24 17 8 1 15 18 3 16 3 16 33 62 8 13 14 
23 18 25 23 14 24 14 16 15 20 23 15 17 21 21 18 15 23 15 22 15 24 16 29 19 0 16 26 14 24 19 22 
56 48 31 35 26 38 39 35 54 31 51 70 27 37 45 49 34 39 39 48 40 42 48 45 40 49 49 29 23 42 50 59 
59 43 38 44 37 49 44 39 9 50 41 39 52 38 40 43 43 53 37 58 45 39 50 52 33 66 45 52 47 47 55 50 
261 184 233 210 203 189 194 184 220 239 202 221 196 186 166 218 201 208 196 195 149 184 207 187 204 197 205 210 195 222 108 210 
217 213 243 205 205 227 102 204 231 245 198 228 210 241 227 220 219 221 210 200 177 214 247 245 208 217 205 199 219 225 233 217 
105 100 131 102 113 89 101 104 100 106 111 87 86 87 98 93 108 106 104 5 86 102 100 100 124 112 111 102 105 112 113 96 
117 80 78 106 109 74 97 101 78 99 89 124 114 108 108 117 26 89 117 75 75 100 79 69 106 111 100 92 99 110 92 113 
261 281 254 252 269 287 124 231 253 303 207 255 250 269 265 259 267 264 279 236 283 165 299 270 247 253 268 210 337 242 227 241 
224 145 151 150 137 119 147 172 175 125 129 145 146 138 123 140 136 164 130 144 109 146 120 144 132 108 140 166 150 46 109 132 
113 105 76 101 83 100 117 75 84 78 100 87 86 103 94 86 87 108 101 100 85 110 97 86 97 77 78 96 8 89 95 84 
408 349 384 347 390 351 370 270 363 359 384 270 382 390 354 354 368 338 387 349 396 389 402 379 379 243 380 373 350 380 376 347 
136 108 114 123 129 136 4 115 110 124 95 100 124 122 119 133 109 100 137 123 104 127 128 129 108 106 118 108 133 114 140 107 
58 10 13 36 15 12 28 6 19 19 27 19 14 11 15 18 12 18 12 16 60 16 7 10 9 4 45 38 17 38 14 15 
246 245 199 228 235 235 221 215 225 135 233 249 226 225 113 231 234 239 243 233 235 223 239 226 237 240 230 228 222 251 231 237 
214 217 219 241 211 208 175 182 245 210 222 265 207 195 69 218 238 225 270 234 238 217 233 192 207 232 208 211 230 243 190 191 
94 76 79 61 58 80 83 72 87 94 90 82 22 104 66 97 80 75 71 89 106 58 98 63 84 69 76 63 93 100 83 69 
110 110 106 116 125 111 87 101 99 107 117 122 93 115 102 114 98 109 91 84 26 101 102 122 110 98 139 109 127 81 133 96 
17 4 5 6 14 10 7 1 5 10 9 4 4 15 6 9 10 11 8 4 8 10 9 8 8 10 7 7 12 0 10 9 
6 3 6 8 7 5 5 3 3 4 8 3 4 9 1 5 3 12 3 3 2 9 3 3 3 7 4 7 3 2 9 0 
104 56 73 98 88 83 81 97 79 89 79 78 95 72 69 71 102 90 91 78 13 55 58 67 64 106 57 76 54 64 118 78 
330 124 182 228 267 281 276 271 238 260 276 250 242 252 271 217 259 228 228 236 257 215 255 241 284 291 288 259 258 248 266 251 
292 306 315 308 287 336 286 317 288 300 299 335 326 185 307 158 312 315 281 328 292 287 327 302 295 284 285 304 295 356 279 265 
273 143 263 230 263 219 244 265 290 236 203 286 255 227 291 205 223 212 257 255 269 189 245 228 253 329 242 279 230 226 302 301 
147 133 137 126 112 136 141 145 145 163 126 139 117 127 141 147 157 152 155 140 123 142 136 84 147 173 149 127 92 118 155 137 
114 105 142 101 106 123 113 124 100 122 143 91 89 100 127 102 115 106 116 3 93 120 107 109 133 121 117 120 108 107 114 95 
95 85 61 65 78 75 69 67 85 70 74 68 66 68 53 76 77 73 76 71 68 64 82 63 11 64 74 77 64 72 76 58 
28 29 29 36 19 28 33 24 23 24 27 25 31 20 3 32 27 30 23 25 30 24 22 18 24 33 22 32 24 33 21 16 
15 4 11 5 6 13 10 9 11 11 10 9 11 15 8 9 5 5 9 16 14 9 12 8 5 16 11 11 10 15 13 8 
302 234 217 337 304 310 294 305 278 305 274 224 262 351 298 293 236 282 374 298 273 290 245 320 294 323 282 318 329 329 334 239 
239 130 213 222 221 209 211 247 240 221 233 258 206 211 237 212 128 205 222 208 205 232 222 216 191 177 234 237 212 228 230 221 
75 45 47 27 53 40 25 4 47 21 42 33 44 41 54 39 15 41 55 51 55 43 38 53 60 33 42 40 42 23 36 49 
180 234 172 138 127 167 193 238 154 201 199 214 264 228 170 92 180 242 170 199 192 181 176 165 166 156 186 147 106 154 226 160 
52 43 41 50 45 55 45 16 43 92 88 63 63 72 53 42 31 54 46 88 43 50 32 75 39 56 57 44 56 86 29 20 
211 157 170 96 113 136 124 106 104 112 101 80 108 91 149 136 123 108 107 149 118 84 108 74 76 83 123 144 122 45 108 84 
124 127 123 122 133 121 11 135 109 126 121 128 134 117 131 124 108 107 127 134 106 142 128 125 119 135 111 99 126 155 112 123 
142 129 85 137 96 108 120 127 152 91 128 154 114 71 105 101 87 148 82 111 126 123 113 4 131 116 97 90 109 100 100 101 
58 11 26 27 25 23 11 23 13 16 13 25 26 25 20 19 17 16 20 36 16 27 20 9 23 17 29 17 13 25 12 30 
3 0 0 0 0 0 0 0 0 0 0 0 0 0 0 0 0 0 0 0 0 0 0 0 1 0 0 0 0 0 0 0 
125 114 98 114 80 81 111 97 86 88 90 97 88 90 132 7 85 80 94 100 99 94 109 91 109 94 92 90 101 120 107 87 
167 119 196 162 149 192 172 191 206 133 136 123 149 166 158 143 138 182 170 184 220 136 129 140 149 175 216 148 176 210 172 196 
289 309 276 221 290 233 292 231 247 249 267 281 244 238 156 250 263 291 292 244 214 185 285 256 288 236 215 254 293 242 261 260 
299 212 247 245 209 209 222 148 232 214 211 244 238 228 238 230 218 239 227 229 192 229 222 251 222 222 233 247 215 136 194 193 
297 236 247 216 239 219 244 275 228 168 287 225 218 217 242 182 189 254 223 229 124 232 213 197 246 221 267 234 243 248 212 230 
214 228 204 205 186 187 192 180 208 211 185 181 210 88 180 180 205 199 194 176 175 229 195 180 112 163 200 193 187 197 198 177 
309 317 322 302 298 281 171 304 315 329 331 203 265 329 304 324 293 279 332 343 290 318 285 305 300 294 308 333 307 309 332 279 
207 139 163 124 114 227 170 182 173 180 268 124 154 178 201 161 132 248 145 106 128 177 239 220 197 246 211 216 138 132 238 169 
264 280 280 264 248 289 241 269 220 303 249 295 240 218 242 275 258 323 271 73 264 294 316 267 276 251 239 250 219 277 208 226 
46 34 58 36 29 48 47 23 54 28 22 31 16 30 21 20 41 43 54 30 41 25 40 31 15 36 30 11 29 48 21 35 
237 178 195 186 195 184 230 209 188 200 185 177 170 210 182 162 170 171 181 176 179 65 179 125 196 187 182 225 154 182 178 168 
278 286 245 272 239 259 266 282 258 210 270 247 194 249 286 181 251 261 267 261 314 251 243 258 273 250 261 288 166 261 267 258 
312 154 327 269 305 283 328 269 280 289 265 295 280 314 321 277 272 265 250 274 311 259 331 270 264 328 285 312 298 305 317 175 
137 137 101 120 114 124 144 111 124 111 137 111 120 131 148 111 110 135 137 132 133 154 127 130 125 106 130 128 56 119 125 106 
121 137 144 150 150 149 139 134 150 121 154 122 158 155 125 133 147 118 157 137 150 134 121 130 111 112 121 128 140 126 142 92 
139 132 150 132 134 129 109 124 120 118 127 135 154 138 126 121 154 118 152 143 129 120 129 134 123 137 4 137 114 119 139 112 
124 121 101 124 95 108 140 87 96 96 110 98 100 118 99 114 105 127 119 107 99 127 105 101 113 105 98 86 25 106 110 97 
231 150 245 214 204 235 212 276 231 212 260 239 183 173 204 192 244 205 225 196 270 215 210 216 234 200 200 197 174 212 223 171 
1 0 0 0 0 0 0 0 0 0 0 0 0 0 0 0 0 0 0 1 0 0 0 0 0 0 0 0 0 0 0 0 
110 48 111 94 109 92 89 92 102 96 92 92 101 94 94 102 83 100 87 107 91 118 118 101 111 126 108 105 92 104 60 57 
9 11 2 4 7 9 5 4 1 0 0 3 4 10 7 0 4 10 3 6 5 1 3 5 4 3 4 2 5 10 5 1 
212 227 240 220 217 176 154 236 241 215 233 258 218 228 76 307 249 182 274 239 224 213 197 169 147 214 235 202 258 227 303 175 
249 236 215 229 224 259 111 225 198 247 236 212 228 212 216 254 223 220 259 232 233 227 234 234 242 217 159 222 218 233 280 217 
648 517 647 556 640 579 599 627 599 612 572 651 564 569 503 536 541 623 608 427 591 567 653 582 616 661 580 603 536 623 603 610 
171 132 153 160 135 144 171 129 119 141 161 146 116 129 136 123 16 150 138 152 151 153 144 153 125 143 145 135 171 138 115 116 
163 132 133 160 145 116 145 139 117 149 127 155 137 8 136 110 126 112 158 114 127 143 144 141 156 105 130 139 138 162 157 129 
20 17 10 9 7 15 10 7 6 21 13 11 10 11 15 15 15 13 13 13 9 7 14 20 5 8 10 5 12 15 17 3 
153 114 136 102 104 107 37 162 132 159 164 146 162 125 122 152 135 141 138 121 109 134 159 154 151 126 123 118 119 135 151 104 
89 81 85 74 83 80 10 103 94 99 100 87 96 93 91 103 98 81 78 89 70 95 87 85 85 82 89 87 80 81 93 77 
251 194 219 191 192 190 120 153 193 226 206 228 244 212 212 184 203 222 207 241 235 203 180 244 196 221 245 193 205 208 201 162 
331 294 276 303 313 326 308 284 317 264 295 303 310 327 302 308 92 293 304 303 295 271 269 281 270 209 301 297 320 268 280 272 
184 160 134 138 154 152 153 153 122 147 154 139 171 141 151 140 144 139 145 157 139 138 155 143 162 133 150 157 4 131 141 139 
143 67 72 104 65 130 106 90 55 89 103 78 135 85 118 90 93 137 115 116 100 76 89 109 75 120 96 116 81 148 105 112 
225 182 184 168 178 179 53 131 171 157 180 167 172 178 162 157 150 149 221 155 190 166 154 170 149 177 169 156 149 157 174 81 
37 32 9 9 11 9 7 7 9 13 13 10 13 9 9 4 8 20 5 13 8 12 10 11 5 12 6 8 8 14 6 4 
8 0 1 3 0 0 2 3 1 0 0 0 2 2 0 0 2 0 4 0 1 1 0 0 2 0 1 0 1 0 2 0 
140 152 115 103 111 144 127 127 106 107 126 129 115 91 149 120 100 112 117 154 121 132 131 141 133 116 117 137 151 80 134 61 
137 119 142 132 121 125 147 113 109 112 141 134 110 120 122 113 2 129 119 132 129 133 139 132 114 134 126 117 152 118 111 111 
397 313 299 334 319 319 251 312 309 292 329 316 279 283 322 316 271 312 326 319 215 346 325 344 319 330 312 316 278 272 338 226 
