0 677 670 556 661 429 394 444 435 563 501 525 378 449 556 663 459 490 658 605 634 876 786 621 912 800 819 880 0 0 0 0 
0 665 823 702 669 607 664 638 561 600 632 530 440 506 564 542 763 551 514 561 686 664 667 594 811 859 698 558 0 0 0 0 
0 456 540 414 360 307 280 250 313 346 325 258 253 284 331 373 331 262 317 323 359 423 441 446 459 541 432 511 0 0 0 0 
0 540 497 345 339 308 304 266 289 373 284 356 301 347 322 330 434 247 349 391 387 444 488 441 535 565 464 522 0 0 0 0 
0 640 596 367 365 332 281 295 294 395 299 297 240 329 313 263 302 243 325 318 385 399 401 307 340 404 328 355 0 0 0 0 
0 543 643 534 498 419 461 451 422 514 433 410 299 442 444 412 521 378 407 426 524 545 529 410 606 665 566 476 0 0 0 0 
0 401 366 266 228 202 203 207 244 243 202 254 193 243 250 265 260 207 236 294 291 344 350 328 337 381 399 396 0 0 0 0 
0 602 613 465 402 377 293 319 307 381 283 264 261 332 281 286 304 246 256 298 288 357 348 356 385 460 396 254 0 0 0 0 
0 466 474 393 371 254 282 258 315 338 411 342 426 330 366 375 308 346 409 345 380 551 355 420 441 494 418 463 0 0 0 0 
0 675 526 662 573 447 469 374 422 474 569 527 547 399 506 505 396 522 534 410 539 751 567 468 573 660 544 479 0 0 0 0 
0 583 620 462 426 325 375 316 280 365 332 320 249 352 402 260 359 260 339 294 386 469 394 345 407 445 417 408 0 0 0 0 
0 372 406 357 389 258 272 239 269 326 268 316 246 358 269 319 363 272 378 359 388 438 406 471 489 495 499 397 0 0 0 0 
0 296 239 266 240 171 196 187 149 175 165 179 200 180 181 207 203 165 237 154 204 262 199 249 209 273 202 209 0 0 0 0 
0 219 219 166 226 104 154 186 150 175 131 175 117 178 125 125 211 143 188 187 160 231 214 213 187 243 193 220 0 0 0 0 
0 237 220 173 207 128 173 178 137 104 77 224 108 175 113 179 164 126 140 115 165 215 202 187 150 217 173 163 0 0 0 0 
0 421 331 242 334 215 194 204 184 217 163 239 163 209 241 181 261 201 225 238 269 278 248 216 293 278 249 286 0 0 0 0 
0 564 582 435 431 345 332 291 388 418 484 456 481 402 434 505 387 414 508 466 484 613 485 578 569 564 554 557 0 0 0 0 
0 468 353 288 439 274 328 310 249 271 300 328 286 282 408 267 386 295 336 251 385 443 387 268 422 403 442 407 0 0 0 0 
0 228 152 120 170 111 141 115 110 156 111 146 141 193 132 105 169 102 127 126 145 164 170 150 170 214 194 153 0 0 0 0 
0 240 160 131 219 100 118 167 101 157 126 160 120 139 130 135 230 149 194 155 183 238 216 209 218 261 211 201 0 0 0 0 
0 330 335 237 211 163 151 166 166 203 201 204 180 199 195 213 170 184 190 177 241 271 212 200 267 231 216 220 0 0 0 0 
0 255 216 158 190 142 171 150 94 150 132 116 132 130 173 122 167 109 158 117 140 160 164 163 149 184 218 138 0 0 0 0 
0 171 149 142 156 121 104 161 143 133 124 114 64 137 113 119 139 118 147 95 106 195 157 117 165 158 174 157 0 0 0 0 
0 365 365 271 207 180 152 154 192 202 110 162 97 150 173 150 144 110 140 156 168 184 206 141 167 213 183 226 0 0 0 0 
3 348 420 340 275 266 212 244 215 298 266 241 228 267 290 294 239 270 265 242 274 366 301 275 324 350 336 302 0 0 0 0 
0 391 326 167 288 228 201 165 232 238 212 232 140 370 221 185 300 292 370 197 296 320 266 345 371 346 391 329 0 0 0 0 
0 114 112 58 170 106 82 95 152 52 104 93 66 81 83 101 99 59 115 83 82 62 111 142 107 110 159 113 0 0 0 0 
0 273 211 143 282 148 134 143 82 93 69 124 73 128 109 120 109 76 117 103 95 150 116 147 115 133 132 134 0 0 0 0 
0 365 281 214 291 178 191 201 210 229 182 179 208 216 220 159 255 188 193 201 272 282 249 255 308 317 329 234 0 0 0 0 
0 382 346 254 189 163 180 181 182 207 179 201 175 258 154 222 209 201 180 241 249 272 277 242 264 307 230 283 0 0 0 0 
0 188 215 173 161 121 132 175 208 174 140 148 167 156 153 187 154 144 191 157 171 157 203 213 175 244 225 317 0 0 0 0 
