0 533 554 416 497 339 281 368 274 439 347 418 322 344 397 496 339 365 503 447 453 613 584 422 647 574 623 655 0 0 0 0 
0 591 773 636 601 555 614 602 521 546 590 462 394 450 518 504 693 499 464 503 618 600 599 546 727 767 630 500 0 0 0 0 
0 426 510 384 318 289 253 232 268 316 283 231 241 257 286 322 301 229 272 281 308 342 381 383 384 481 378 442 0 0 0 0 
0 500 451 311 280 278 268 239 253 333 249 284 258 290 274 277 364 197 289 338 310 351 399 363 444 476 395 439 0 0 0 0 
0 568 504 277 315 278 244 257 235 343 257 266 208 294 274 224 274 206 290 282 352 354 343 276 301 358 294 320 0 0 0 0 
0 489 617 484 460 383 429 429 396 480 405 384 279 418 420 398 491 352 387 394 496 525 507 400 566 619 532 458 0 0 0 0 
0 386 349 246 204 188 189 192 223 214 188 217 173 222 226 233 229 183 190 260 257 309 310 278 300 342 354 339 0 0 0 0 
0 571 572 425 384 353 279 303 285 360 269 253 247 319 269 275 295 233 246 287 280 348 329 351 378 447 388 248 0 0 0 0 
0 360 409 326 310 218 232 214 263 265 323 266 333 285 305 293 263 282 338 297 299 450 313 352 372 433 347 392 0 0 0 0 
0 388 369 441 374 305 315 267 279 293 371 360 385 281 352 352 265 367 402 262 359 527 432 337 359 453 367 340 0 0 0 0 
0 532 559 402 380 289 343 288 228 324 290 291 227 321 360 215 330 225 299 255 344 406 335 298 350 392 373 356 0 0 0 0 
0 342 372 331 345 236 245 219 240 296 240 265 216 317 232 278 313 235 333 319 331 367 340 412 420 429 447 334 0 0 0 0 
0 226 196 214 187 135 157 159 117 129 119 124 151 142 142 167 159 122 199 115 151 200 155 209 151 214 154 168 0 0 0 0 
0 209 207 158 211 96 145 179 143 165 124 154 104 162 114 113 191 130 173 174 140 209 191 194 165 220 176 200 0 0 0 0 
0 217 196 157 177 112 155 164 123 84 63 182 82 143 91 155 124 100 110 89 125 171 156 149 106 171 139 123 0 0 0 0 
0 401 307 226 304 199 176 190 170 197 149 197 137 177 219 157 221 175 195 212 229 234 202 178 249 232 215 246 0 0 0 0 
0 443 500 348 346 295 268 232 315 316 382 343 368 336 349 391 311 326 391 384 369 477 403 460 463 464 438 429 0 0 0 0 
0 438 321 260 396 254 301 291 212 241 265 289 265 248 367 221 346 260 291 210 331 367 324 207 350 340 389 341 0 0 0 0 
0 228 152 120 170 111 141 115 110 156 111 146 141 193 132 105 169 102 127 126 145 164 170 150 170 214 194 153 0 0 0 0 
0 220 136 115 189 84 100 153 87 137 112 118 94 107 108 111 190 123 164 129 143 194 170 171 174 215 177 161 0 0 0 0 
0 287 305 210 177 145 128 149 147 174 169 162 141 173 168 180 141 154 162 154 202 219 179 165 229 195 185 188 0 0 0 0 
0 245 204 150 175 134 162 143 87 140 125 95 119 114 162 110 147 96 143 104 120 138 141 144 127 161 201 118 0 0 0 0 
0 171 149 142 156 121 104 161 143 133 124 114 64 137 113 119 139 118 147 95 106 195 157 117 165 158 174 157 0 0 0 0 
0 365 365 271 207 180 152 154 192 202 110 162 97 150 173 150 144 110 140 156 168 184 206 141 167 213 183 226 0 0 0 0 
3 278 379 286 223 232 173 217 175 252 213 198 188 236 247 249 205 229 227 202 224 299 260 233 263 294 287 258 0 0 0 0 
0 391 326 167 288 228 201 165 232 238 212 232 140 370 221 185 300 292 370 197 296 320 266 345 371 346 391 329 0 0 0 0 
0 114 112 58 170 106 82 95 152 52 104 93 66 81 83 101 99 59 115 83 82 62 111 142 107 110 159 113 0 0 0 0 
0 263 201 133 268 142 125 137 67 83 55 115 69 119 94 103 99 65 102 89 78 123 96 126 90 113 114 111 0 0 0 0 
0 332 263 195 272 168 177 191 198 210 157 158 182 206 204 138 246 171 180 191 253 252 239 239 292 304 315 222 0 0 0 0 
0 352 310 230 144 139 153 160 161 177 158 138 136 210 121 186 149 162 135 202 189 206 208 185 198 238 179 223 0 0 0 0 
0 176 199 151 148 109 119 153 178 139 120 119 145 136 127 148 125 120 128 118 133 133 174 162 139 206 168 245 0 0 0 0 
