0 75 42 44 44 34 31 32 39 40 35 48 41 26 51 46 28 42 47 51 51 68 65 52 58 70 53 104 0 0 0 0 
0 146 129 97 98 68 79 95 71 74 74 117 82 74 88 91 69 91 89 96 112 134 103 89 127 105 130 158 0 0 0 0 
0 189 216 173 160 151 177 159 146 110 167 103 75 95 127 133 154 122 79 125 156 122 145 96 123 170 92 112 0 0 0 0 
0 118 136 112 89 82 126 102 77 89 117 84 56 70 106 72 110 84 81 68 118 80 77 86 105 124 75 69 0 0 0 0 
0 115 111 65 62 74 53 53 67 72 67 43 51 65 45 56 84 58 55 63 108 81 103 104 92 146 98 87 0 0 0 0 
0 131 87 87 75 54 63 55 59 58 71 80 50 51 91 81 46 66 67 71 56 108 91 71 64 82 63 184 0 0 0 0 
0 97 93 52 48 29 48 46 44 50 39 39 28 40 34 34 51 29 35 41 79 59 60 39 62 56 57 42 0 0 0 0 
0 165 116 77 62 73 60 65 36 92 59 63 52 79 69 43 62 30 53 59 37 58 100 36 81 60 48 147 0 0 0 0 
0 216 179 74 88 86 71 88 80 117 97 69 71 97 73 57 98 56 76 70 149 110 120 79 111 140 110 100 0 0 0 0 
0 143 110 57 89 64 56 43 43 63 41 57 50 58 66 26 30 33 36 37 31 50 56 33 39 33 26 85 0 0 0 0 
0 138 138 70 89 82 94 88 97 96 78 67 55 69 72 61 73 61 30 65 70 82 79 58 69 110 65 57 0 0 0 0 
0 101 139 102 53 59 91 86 68 79 72 70 30 56 90 51 99 50 65 74 111 74 70 55 99 119 77 84 0 0 0 0 
0 104 89 95 45 54 45 48 39 41 27 57 21 48 56 40 30 52 37 68 41 70 42 66 35 49 61 39 0 0 0 0 
0 189 158 55 71 62 56 60 94 71 86 61 64 65 68 69 92 47 62 88 133 92 126 68 125 113 134 127 0 0 0 0 
0 310 231 137 169 137 112 116 110 124 70 81 71 74 76 59 71 63 59 67 69 97 76 71 72 89 62 52 0 0 0 0 
0 82 66 85 51 53 29 54 37 52 52 55 34 72 49 41 54 56 44 54 50 73 51 66 68 94 80 43 0 0 0 0 
0 106 86 36 50 37 33 43 53 45 58 31 58 52 42 43 54 41 35 60 55 57 56 59 63 83 46 62 0 0 0 0 
0 75 77 64 56 44 40 50 47 31 61 38 57 60 67 53 48 63 56 51 45 110 72 77 95 83 75 59 0 0 0 0 
0 57 44 48 48 36 55 22 29 32 41 48 64 42 40 54 27 50 63 31 50 84 85 79 54 75 68 62 0 0 0 0 
0 115 75 164 90 95 67 77 37 45 65 66 37 43 65 70 40 79 67 47 52 79 86 45 55 99 65 63 0 0 0 0 
0 148 134 83 92 83 97 82 56 84 66 90 55 87 109 47 78 44 45 59 63 98 64 55 68 72 86 55 0 0 0 0 
0 165 116 110 82 49 94 52 49 57 62 61 54 94 68 33 65 52 78 44 87 104 96 74 97 107 80 133 0 0 0 0 
0 84 109 133 108 54 101 65 55 73 45 73 50 83 55 60 85 52 108 54 83 83 68 103 94 106 87 82 0 0 0 0 
0 94 77 51 86 70 39 53 60 59 64 38 44 59 33 64 64 44 41 84 77 62 63 81 66 67 105 57 0 0 0 0 
0 75 36 47 27 33 18 22 42 11 25 18 22 29 30 49 32 32 40 35 53 48 58 62 46 79 36 66 0 0 0 0 
0 71 60 74 61 28 53 73 8 34 7 26 30 39 34 37 62 18 70 17 21 36 33 77 24 38 41 36 0 0 0 0 
0 86 99 68 87 32 70 54 47 83 42 64 49 64 33 40 78 49 66 75 78 81 82 69 58 69 55 93 0 0 0 0 
0 88 52 52 94 39 43 91 64 46 54 44 31 60 48 40 62 43 68 44 19 65 57 65 52 76 71 52 0 0 0 0 
0 102 117 78 87 56 77 58 46 38 31 103 34 67 32 69 57 54 67 46 56 93 68 96 52 78 67 57 0 0 0 0 
0 96 61 66 65 30 53 83 55 26 20 63 31 51 39 65 33 31 28 19 36 46 60 24 23 41 32 21 0 0 0 0 
0 94 60 48 69 38 42 48 28 53 29 34 38 49 65 34 35 43 46 37 44 46 30 40 54 42 30 54 0 0 0 0 
0 214 176 113 144 83 71 66 70 63 60 79 36 41 76 43 50 39 50 66 79 74 64 22 53 46 70 66 0 0 0 0 
0 133 119 95 101 85 49 75 80 69 60 74 51 66 69 89 68 53 61 77 60 93 83 77 85 79 94 95 0 0 0 0 
0 115 134 70 76 73 59 55 63 78 117 59 100 97 91 102 56 88 68 91 87 110 119 139 102 90 119 78 0 0 0 0 
0 99 92 51 90 61 65 51 51 44 69 74 62 30 78 45 37 46 49 45 69 72 73 45 79 68 85 67 0 0 0 0 
0 158 96 86 88 32 114 67 33 41 46 72 64 103 101 37 65 62 90 58 92 110 99 55 105 90 82 102 0 0 0 0 
0 96 63 50 68 29 46 42 47 57 40 69 46 74 41 44 52 31 37 45 52 46 74 56 44 70 52 49 0 0 0 0 
0 51 40 18 17 15 30 14 13 23 15 22 33 37 27 16 31 26 14 27 25 40 27 19 37 41 25 42 0 0 0 0 
0 108 51 32 70 24 22 36 28 48 62 20 23 27 29 22 63 34 51 58 57 63 31 20 53 74 65 42 0 0 0 0 
0 60 44 53 81 34 48 76 24 49 16 50 39 40 40 44 60 43 48 21 37 72 75 94 40 77 64 43 0 0 0 0 
0 147 120 97 78 50 51 64 63 59 50 58 41 68 75 54 49 40 55 44 88 75 70 55 80 68 66 80 0 0 0 0 
0 82 107 56 39 47 19 40 35 67 60 50 38 54 37 62 35 52 40 52 54 57 50 57 63 53 69 41 0 0 0 0 
0 81 78 54 48 43 59 28 14 37 33 28 42 45 55 43 35 35 44 44 51 39 67 68 45 57 77 50 0 0 0 0 
0 91 52 53 53 46 43 53 34 55 48 30 28 35 36 28 44 27 55 30 29 39 42 49 37 49 50 35 0 0 0 0 
0 82 54 43 66 35 27 65 54 23 26 40 20 48 43 42 36 22 42 29 28 83 36 37 42 23 34 26 0 0 0 0 
0 57 41 41 23 24 23 31 26 43 37 18 9 26 29 21 24 26 34 13 14 26 26 21 39 51 51 23 0 0 0 0 
0 85 122 91 44 44 52 57 68 53 22 40 27 39 66 35 37 39 42 49 59 46 49 30 47 49 45 76 0 0 0 0 
0 197 150 111 102 80 46 27 49 64 35 48 20 34 44 28 33 16 27 28 37 45 46 37 29 42 41 19 0 0 0 0 
0 72 100 61 45 48 33 52 54 59 66 61 52 83 57 94 56 69 64 62 70 75 99 76 80 81 103 85 0 0 0 0 
3 79 99 102 43 81 44 64 34 63 43 49 43 69 83 50 53 65 48 34 42 64 50 51 45 62 47 40 0 0 0 0 
0 128 77 62 78 60 60 44 67 64 50 48 38 62 57 35 69 48 41 48 76 82 57 51 85 129 81 84 0 0 0 0 
0 50 71 25 45 41 41 24 27 34 27 35 20 65 51 26 50 42 61 25 57 32 33 53 45 49 73 50 0 0 0 0 
0 65 52 28 81 66 31 47 95 24 51 19 32 19 42 67 40 25 37 48 42 23 71 80 46 63 107 58 0 0 0 0 
0 38 39 17 77 31 37 35 42 16 41 64 21 45 30 24 41 23 65 19 27 31 30 55 50 29 42 50 0 0 0 0 
0 50 53 32 103 59 78 85 15 29 12 56 39 51 32 60 74 28 58 20 10 63 43 101 32 56 66 54 0 0 0 0 
0 208 139 99 163 80 45 48 50 51 39 53 28 64 57 39 22 31 33 65 59 50 50 19 38 46 41 49 0 0 0 0 
0 120 97 72 82 67 45 41 65 68 66 49 57 56 89 50 90 59 52 79 84 94 81 106 132 123 119 94 0 0 0 0 
0 97 72 70 86 32 51 63 61 63 21 43 47 60 40 32 47 34 36 48 84 57 78 51 62 56 62 50 0 0 0 0 
0 173 95 99 55 34 58 80 35 40 56 31 48 56 29 29 45 49 26 56 82 89 53 33 58 66 45 58 0 0 0 0 
0 113 140 82 43 64 38 41 69 98 66 42 39 95 35 102 20 68 51 80 48 38 90 76 51 75 63 78 0 0 0 0 
0 116 89 60 55 51 44 43 50 48 56 28 67 49 50 53 55 34 52 50 58 37 76 56 47 41 44 47 0 0 0 0 
0 40 73 51 58 29 42 58 63 42 22 29 34 32 36 36 19 36 33 22 27 35 28 38 36 57 59 77 0 0 0 0 
