879 1584 0 0 14 0 0 0 0 0 44 0 0 0 0 0 0 0 0 0 0 0 0 0 0 0 0 0 0 0 0 0 
663 1804 588 0 0 0 0 0 0 0 0 0 0 0 0 0 0 98 0 0 0 0 0 0 0 0 0 0 0 0 0 0 
72 1079 156 0 359 335 0 12 0 0 0 0 0 0 0 0 0 0 0 0 0 0 0 0 0 0 0 0 0 0 0 0 
295 3151 391 0 970 704 0 0 0 0 0 0 0 0 0 0 0 0 0 0 0 0 0 0 0 0 0 0 0 0 0 0 
232 3214 459 84 970 704 0 0 0 0 0 0 0 0 0 0 0 0 0 0 0 0 0 0 0 0 0 0 0 0 0 0 
992 2470 1602 0 338 308 0 48 0 0 0 0 0 0 0 0 8 0 0 0 0 0 0 0 0 0 0 0 0 0 0 0 
0 63 0 9 78 0 0 0 0 0 21 0 0 0 0 0 10 0 0 0 0 0 0 0 0 0 0 0 0 0 0 0 
4356 5132 6956 4702 5159 3943 647 1541 225 353 521 194 170 112 34 0 3519 161 3 8 7 0 0 0 0 0 0 0 53 0 0 0 
346 301 299 106 82 5 0 25 0 0 50 0 0 0 0 0 108 0 0 0 0 0 0 0 0 0 0 0 0 0 0 0 
1812 2856 1756 1228 996 79 345 224 8 105 164 43 6 133 0 0 231 0 0 0 0 0 0 0 0 0 0 0 0 0 0 0 
403 292 0 60 328 0 0 0 0 0 0 0 0 0 0 0 132 0 0 0 0 0 0 0 0 0 0 0 0 0 0 0 
2665 0 0 0 0 0 0 0 0 0 0 0 0 0 0 0 0 0 0 0 0 0 0 0 0 0 0 0 0 0 0 0 
141 82 128 27 1 0 11 0 0 0 0 0 0 0 0 0 0 0 0 0 7 0 0 0 0 0 0 0 0 0 0 0 
13 0 0 0 0 0 0 0 7 0 0 0 0 0 0 0 0 0 0 0 0 0 0 0 0 0 0 0 0 0 0 0 
353 1124 0 0 0 0 0 0 0 0 0 0 0 0 0 0 14 0 0 0 0 0 0 0 0 0 0 0 0 0 0 0 
832 795 605 229 22 63 23 236 0 46 27 72 0 44 0 0 82 0 0 0 0 0 0 0 0 0 0 0 0 0 0 0 
316 0 0 0 0 0 0 0 0 0 0 0 0 0 0 0 0 0 0 0 0 0 0 0 0 0 0 0 0 0 0 0 
465 0 28 0 0 0 0 0 0 0 0 0 0 0 0 0 0 0 0 0 0 0 0 0 0 0 0 0 0 0 0 0 
153 202 317 77 0 0 0 0 1 0 8 0 0 0 0 0 75 0 0 0 0 0 0 0 0 0 0 0 0 0 0 0 
172 88 83 62 0 0 0 0 0 0 0 0 0 0 0 0 60 0 0 0 0 0 0 0 0 0 0 0 0 0 0 0 
204 388 171 262 1519 61 12 94 32 18 107 138 0 0 0 0 149 20 0 0 24 0 0 0 0 0 0 0 0 0 0 0 
94 28 141 33 3821 20 0 4 0 0 0 0 0 0 0 0 132 0 0 0 0 0 0 0 0 0 0 0 0 0 0 0 
126 53 21 77 3808 9 12 1 0 0 10 0 0 0 0 0 68 23 0 0 0 0 0 0 0 0 0 0 0 0 0 0 
157 13 39 32 3785 1 0 0 0 0 0 0 0 0 0 0 0 0 0 0 0 0 0 0 0 0 0 0 0 0 0 0 
2034 4758 5897 5424 6189 3807 16 0 11 11 103 0 0 0 0 0 565 28 0 0 0 53 0 0 0 0 0 0 0 0 0 0 
49 47 35 53 0 0 0 0 0 0 0 0 0 0 0 0 348 7 2 0 0 0 0 0 0 0 0 26 0 0 0 0 
15 46 9 53 0 0 0 0 0 0 0 0 0 0 0 0 31 0 0 0 0 0 0 0 0 0 0 0 0 0 0 0 
133 74 139 12 0 0 0 0 0 32 161 0 0 87 0 0 8 8 0 0 0 0 0 0 0 0 0 0 0 0 0 0 
9 0 0 53 0 0 0 0 22 0 0 0 0 40 0 0 0 0 0 0 0 0 0 0 0 0 0 0 0 0 0 0 
0 0 0 0 0 0 0 0 0 0 0 0 0 0 0 0 0 0 0 0 0 0 0 0 0 0 0 0 0 0 0 0 
0 0 0 0 0 0 0 0 0 0 0 0 0 0 0 0 0 0 0 0 0 0 0 0 0 0 0 0 0 0 0 0 
0 0 0 0 0 0 0 0 0 0 0 0 0 0 0 0 0 0 0 0 0 0 0 0 0 0 0 0 0 0 0 0 
0 0 0 0 0 0 0 0 0 0 0 0 0 0 0 0 0 0 0 0 0 0 0 0 0 0 0 0 0 0 0 0 
0 0 0 0 0 0 0 0 0 0 0 0 0 0 0 0 0 0 0 0 0 0 0 0 0 0 0 0 0 0 0 0 
0 0 0 0 0 0 0 0 0 0 0 0 0 0 0 0 0 0 0 0 0 0 0 0 0 0 0 0 0 0 0 0 
0 0 3 0 0 0 0 0 0 0 0 0 0 0 0 0 0 0 0 0 0 0 0 0 0 0 0 0 0 0 0 0 
219 2534 2246 0 0 0 0 0 0 0 0 0 0 0 0 0 7 0 0 0 0 0 0 0 0 0 0 0 0 0 0 0 
0 0 29 0 8 0 0 0 0 0 0 0 0 0 0 0 1 0 0 0 0 0 0 0 0 0 0 0 0 0 0 0 
0 0 10 0 0 0 0 0 0 0 0 0 0 0 0 0 0 0 0 0 0 0 0 0 0 0 0 0 0 0 0 0 
0 0 18 0 0 0 0 0 0 0 0 0 0 0 0 0 0 0 0 0 0 0 0 0 0 0 0 0 0 0 0 0 
1056 1125 984 521 503 78 493 84 144 111 182 63 53 5 56 0 1355 569 656 102 145 31 0 0 31 0 0 0 0 0 0 0 
223 211 91 167 127 7 0 21 0 0 23 0 110 0 22 0 14 378 658 310 15 120 0 0 0 0 0 0 308 16 4 0 
1 46 0 1 0 0 0 0 0 0 0 0 0 0 0 0 0 0 0 0 0 0 0 0 0 0 0 0 0 0 0 0 
0 0 0 0 0 0 0 0 0 0 0 0 0 0 0 0 0 0 0 0 0 0 0 0 0 0 0 0 0 0 0 0 
11 0 4 0 0 0 0 0 0 0 0 0 0 0 0 0 0 0 0 0 0 0 0 0 0 0 0 0 0 0 0 0 
220 17 70 597 0 1 0 0 242 5 21 1 0 0 3 0 2 0 0 0 0 0 0 0 0 0 0 0 0 0 0 0 
0 131 63 0 0 0 0 0 0 0 0 0 0 0 0 0 0 0 0 0 0 0 0 0 0 0 0 0 0 0 0 0 
2492 2025 5949 429 1239 1172 48 4302 183 1830 389 329 0 0 0 0 826 0 0 0 0 0 0 0 0 0 0 0 0 0 0 0 
1477 2863 1392 541 713 1090 50 84 458 1510 321 80 0 0 0 0 0 0 0 0 0 0 0 0 0 0 0 56 0 0 0 0 
715 2540 0 496 45 70 0 42 0 0 162 10 0 0 0 0 14 0 0 0 0 0 0 0 0 0 0 0 0 0 0 0 
888 2238 0 771 0 70 0 67 0 0 243 15 0 0 0 0 1 0 0 0 0 0 0 0 0 0 0 0 0 0 0 0 
2001 1924 3876 982 1479 2165 374 2384 395 9 197 26 183 16 0 8 31 86 207 88 11 13 0 0 0 0 0 398 0 0 0 0 
0 0 0 0 0 0 0 0 0 0 0 0 0 0 0 0 0 0 0 0 0 0 0 0 0 0 0 0 0 0 0 0 
0 0 0 0 0 0 0 0 0 0 0 0 0 0 0 0 0 0 0 0 0 0 0 0 0 0 0 0 0 0 0 0 
751 994 194 94 469 710 31 41 2 0 11 38 41 18 0 0 3 0 0 0 0 0 0 0 0 0 0 0 0 0 0 0 
0 52 0 17 368 88 0 0 0 0 0 0 0 0 0 0 0 0 0 0 0 0 0 0 0 0 0 0 0 0 0 0 
268 137 55 27 158 0 0 0 3 0 0 24 0 0 0 0 0 0 0 0 0 0 0 0 0 0 0 0 0 0 0 0 
124 684 95 50 229 0 0 0 5 0 0 0 0 0 0 0 289 0 0 0 0 0 0 0 0 0 0 0 0 0 0 0 
0 801 0 8 0 0 0 0 0 0 0 0 0 0 0 0 0 0 0 0 0 0 0 0 0 0 0 0 0 0 0 0 
26 57 40 0 0 7 0 0 0 0 0 0 0 0 0 0 123 0 0 0 0 0 0 0 0 0 0 0 0 0 0 0 
439 343 587 326 164 78 252 97 14 39 92 153 54 35 0 0 162 28 0 0 0 0 0 0 0 0 0 0 0 0 0 0 
528 141 57 13 0 0 0 0 0 0 0 0 0 0 0 0 8 0 0 0 0 0 0 0 0 0 0 0 0 0 0 0 
