263 57 18 0 0 0 0 0 0 0 254 22 66 38 80 46 92 50 0 14 0 12 10 0 36 0 0 0 0 0 0 0 
315 103 46 0 0 0 0 0 0 0 194 148 66 18 164 32 134 64 2 4 16 14 24 0 30 0 0 0 0 0 0 0 
273 61 26 0 0 0 0 0 0 0 254 52 34 46 54 32 144 20 0 4 0 24 42 0 34 0 0 0 0 0 0 0 
232 25 30 0 0 0 0 0 0 0 220 44 88 14 52 54 60 40 0 2 0 4 10 0 28 0 0 0 0 0 0 0 
293 49 36 0 0 0 0 0 0 0 308 30 32 66 26 78 136 38 22 0 2 2 12 0 22 0 0 0 0 0 0 0 
289 45 71 2 0 0 0 0 0 0 252 84 16 36 34 98 116 56 4 4 20 12 26 0 52 2 0 0 0 0 0 0 
256 26 16 6 0 0 0 0 0 0 294 8 92 32 8 28 100 2 0 36 0 18 0 2 0 14 0 0 0 0 0 0 
303 58 22 2 0 0 0 0 0 0 346 8 44 54 48 30 180 2 6 38 0 18 10 2 4 4 0 0 0 0 0 0 
259 57 6 0 0 0 0 0 0 0 272 8 66 48 60 54 94 2 0 24 0 4 2 0 10 2 0 0 0 0 0 0 
287 97 24 6 0 0 0 0 0 0 268 38 166 12 8 28 182 12 2 68 0 14 0 10 0 4 0 0 0 0 0 0 
311 65 9 2 0 0 0 0 0 0 246 96 144 68 8 48 160 4 0 20 0 2 0 0 0 12 2 0 0 0 0 0 
254 67 7 0 0 0 0 0 0 0 246 44 136 14 60 22 100 2 0 28 0 10 10 0 4 0 0 0 0 0 0 0 
197 58 15 0 0 0 0 0 0 0 202 8 24 58 66 94 34 16 0 10 0 10 0 0 24 0 0 0 0 0 0 0 
297 60 26 1 0 0 0 0 0 0 268 56 96 96 28 102 66 40 0 10 0 14 0 0 10 4 0 0 0 0 0 0 
226 111 19 0 0 0 0 0 0 0 164 28 54 162 28 80 36 30 12 2 0 24 12 0 10 2 0 0 0 0 0 0 
303 90 15 0 0 0 0 0 0 0 218 80 92 72 82 92 128 24 4 24 0 4 2 0 10 2 0 0 0 0 0 0 
196 66 9 2 0 0 0 0 0 0 180 20 70 94 20 64 58 4 2 10 0 2 2 0 2 12 2 0 0 0 0 0 
200 17 28 6 0 0 0 0 0 0 244 2 28 24 0 42 110 2 0 36 0 26 0 2 0 12 0 0 0 0 0 0 
313 31 45 6 0 0 0 0 0 0 254 60 100 64 0 86 142 36 0 16 0 28 0 2 2 14 0 0 0 0 0 0 
261 45 30 1 0 0 0 0 0 0 298 18 22 86 2 60 164 14 6 14 0 16 2 0 2 2 0 0 0 0 0 0 
208 8 71 26 0 0 0 0 0 0 184 4 48 16 0 88 96 2 6 24 0 92 0 10 0 34 2 0 0 0 0 0 
236 14 119 16 0 0 0 0 0 0 250 2 8 22 0 172 146 10 4 66 4 38 2 2 0 6 0 0 0 0 0 0 
229 17 78 5 0 0 0 0 0 0 182 24 58 38 0 138 136 14 24 4 2 38 2 0 2 2 0 0 0 0 0 0 
230 38 70 43 0 0 0 0 0 0 228 4 78 6 0 12 146 6 20 108 0 84 0 40 0 58 8 0 0 0 0 0 
193 10 29 18 0 0 0 0 0 0 180 6 96 18 0 32 56 2 2 18 0 48 0 10 0 42 2 0 0 0 0 0 
262 61 33 0 0 0 0 0 0 0 214 38 28 78 36 118 68 68 0 16 0 20 0 0 42 0 0 0 0 0 0 0 
201 62 19 0 0 0 0 0 0 0 128 60 32 136 12 72 26 46 6 6 0 26 2 0 10 0 0 0 0 0 0 0 
277 120 49 0 0 0 0 0 0 0 174 56 70 94 44 190 42 48 20 4 0 42 2 0 24 0 0 0 0 0 0 0 
282 34 61 0 0 0 0 0 0 0 102 52 160 8 80 128 70 50 10 86 2 34 0 0 10 0 0 0 0 0 0 0 
375 74 44 0 0 0 0 0 0 0 168 122 242 22 156 112 62 62 0 42 2 46 8 0 26 0 0 0 0 0 0 0 
188 45 26 0 0 0 0 0 0 0 140 12 92 2 118 48 46 42 4 14 4 12 2 0 16 0 0 0 0 0 0 0 
213 39 22 0 0 0 0 0 0 0 146 36 72 28 48 60 58 84 0 36 0 24 0 0 24 0 0 0 0 0 0 0 
285 81 50 0 0 0 0 0 0 0 192 10 88 20 128 156 52 50 16 16 0 14 0 0 42 0 0 0 0 0 0 0 
284 130 33 39 0 0 0 0 0 0 182 162 150 40 52 94 58 2 124 24 30 16 2 0 26 0 0 0 0 0 0 0 
294 35 4 6 0 0 0 0 0 0 216 268 80 6 14 36 90 0 26 2 4 12 2 0 10 0 0 0 0 0 0 0 
186 63 2 1 0 0 0 0 0 0 108 148 90 4 32 62 54 0 8 0 26 32 0 0 10 0 0 0 0 0 0 0 
234 45 4 7 0 0 0 0 0 0 142 186 40 22 4 72 52 0 26 28 2 16 8 0 10 0 0 0 0 0 0 0 
164 139 14 3 0 0 0 0 0 0 106 104 84 48 72 120 60 0 24 6 14 14 0 0 10 0 0 0 0 0 0 0 
150 25 1 1 0 0 0 0 0 0 106 134 50 14 2 32 54 0 4 4 2 8 0 0 16 0 0 0 0 0 0 0 
289 49 25 40 0 0 0 0 0 0 206 268 96 14 16 18 28 0 112 26 2 8 2 0 24 0 2 0 0 0 0 0 
314 29 4 8 0 0 0 0 0 0 228 296 92 8 18 30 46 0 28 14 12 14 2 0 2 0 0 0 0 0 0 0 
203 26 12 19 0 0 0 0 0 0 198 152 38 4 12 22 38 0 62 6 0 4 2 0 10 0 0 0 0 0 0 0 
200 23 4 17 0 0 0 0 0 0 136 202 72 8 34 6 12 2 42 16 2 4 10 0 2 0 0 0 0 0 0 0 
233 72 69 69 0 0 0 0 0 0 142 164 60 14 18 64 52 0 166 70 2 32 24 0 18 0 0 0 0 0 0 0 
273 80 10 20 0 0 0 0 0 0 164 214 42 70 82 46 80 0 42 20 10 10 20 0 2 0 0 0 0 0 0 0 
208 30 2 0 0 0 0 0 0 0 140 204 60 22 2 46 34 0 2 2 4 30 0 0 0 0 0 0 0 0 0 0 
281 80 22 1 0 0 0 0 0 0 98 266 116 38 4 108 26 12 36 2 14 44 8 0 2 0 0 0 0 0 0 0 
202 27 3 1 0 0 0 0 0 0 134 206 82 20 2 30 56 0 4 0 8 8 2 0 2 0 0 0 0 0 0 0 
248 151 3 0 0 0 0 0 0 0 96 198 44 204 16 120 32 0 8 10 12 68 0 0 0 0 0 0 0 0 0 0 
260 61 4 1 0 0 0 0 0 0 170 218 40 68 32 74 98 0 6 0 6 6 0 0 0 0 0 0 0 0 0 0 
235 77 8 6 0 0 0 0 0 0 90 230 58 86 12 94 46 0 6 0 46 8 4 0 2 0 0 0 0 0 0 0 
256 33 1 5 0 0 0 0 0 0 132 302 92 26 66 6 2 2 20 8 2 2 2 0 2 0 0 0 0 0 0 0 
276 70 33 35 0 0 0 0 0 0 98 300 48 22 88 88 6 10 36 54 4 42 2 2 10 0 12 0 0 0 0 0 
251 49 3 16 0 0 0 0 0 0 102 276 40 58 66 14 10 0 42 18 26 10 2 0 2 0 0 0 0 0 0 0 
262 27 1 7 0 0 0 0 0 0 142 306 82 8 20 8 12 0 34 16 28 16 0 0 2 0 0 0 0 0 0 0 
234 55 19 41 0 0 0 0 0 0 108 240 84 8 12 28 8 2 82 60 32 16 0 2 10 0 2 0 0 0 0 0 
259 54 10 6 0 0 0 0 0 0 166 230 18 38 32 82 94 0 26 12 2 14 0 0 2 0 0 0 0 0 0 0 
250 83 51 49 0 0 0 0 0 0 150 190 26 24 20 88 56 0 122 50 0 66 6 0 18 0 0 0 0 0 0 0 
97 0 17 6 24 0 0 0 0 0 38 78 0 0 0 8 2 30 0 0 18 20 28 34 42 8 0 0 0 0 0 0 
159 12 73 43 28 0 0 0 0 0 62 96 0 2 0 20 54 28 2 6 116 70 68 66 12 2 0 0 0 0 0 0 
149 1 27 22 5 0 0 0 0 0 46 138 0 0 0 6 16 32 38 2 58 40 32 10 14 2 0 0 0 0 0 0 
171 163 12 12 0 0 0 0 0 0 140 4 146 38 148 14 18 2 14 14 74 8 0 0 0 2 10 0 12 0 0 0 
228 135 3 0 0 0 0 0 0 0 148 52 110 94 100 0 6 44 40 0 32 12 2 0 0 0 0 0 0 2 0 0 
280 138 1 7 0 0 0 0 0 0 202 76 90 58 176 2 10 18 60 4 70 22 0 0 0 0 2 0 2 0 0 0 
225 258 54 3 6 2 0 0 0 0 196 16 134 168 158 76 92 8 16 4 30 8 2 30 2 0 6 12 38 2 0 0 
224 179 8 3 0 0 0 0 0 0 190 8 78 218 62 8 10 6 14 26 100 28 4 2 0 0 10 0 2 0 0 0 
239 94 12 0 0 0 0 0 0 0 204 38 38 100 48 0 14 78 30 2 54 28 2 0 0 0 0 0 0 0 0 0 
159 179 18 13 0 0 0 0 0 0 90 26 148 46 172 4 50 12 26 2 42 2 0 2 2 2 2 2 16 2 0 0 
108 148 19 11 0 0 0 0 0 0 88 2 128 22 130 4 56 0 6 2 46 10 0 0 0 2 2 0 14 0 0 0 
123 147 10 1 0 0 0 0 0 0 88 18 146 66 90 2 38 10 20 0 14 4 0 0 0 0 0 0 10 2 0 0 
157 181 6 1 0 0 0 0 0 0 138 6 14 236 48 6 2 12 14 108 66 42 6 2 0 0 2 0 0 0 0 0 
233 117 6 0 0 0 0 0 0 0 154 84 6 220 20 28 0 6 2 86 58 10 0 4 0 0 0 0 0 0 0 0 
170 158 34 7 0 0 0 0 0 0 124 42 14 236 18 68 4 2 2 32 76 24 10 34 0 0 4 2 0 0 0 0 
231 100 13 0 0 0 0 0 0 0 212 10 6 174 18 4 14 70 4 50 52 22 0 0 0 0 0 0 0 0 0 0 
169 92 13 0 0 0 0 0 0 0 150 32 6 146 10 30 8 6 2 24 26 12 0 10 0 0 0 2 0 0 0 0 
234 116 80 0 3 6 0 0 0 0 174 40 6 154 12 26 82 110 2 4 40 16 0 18 0 0 2 16 16 20 0 0 
252 56 16 10 0 0 0 0 0 0 268 22 4 226 0 0 4 4 56 24 20 10 12 0 0 0 0 0 0 0 0 0 
192 75 72 44 1 0 0 0 0 0 194 2 20 152 0 16 28 44 114 20 64 44 30 0 2 0 0 2 0 0 0 0 
258 89 86 17 0 0 0 0 0 0 240 2 0 224 0 2 70 44 28 6 130 32 30 8 2 2 0 0 0 0 0 0 
179 78 15 11 0 0 0 0 0 0 192 2 10 188 8 0 4 8 44 16 16 10 12 0 0 0 0 0 0 0 0 0 
246 84 21 12 0 0 0 0 0 0 262 2 4 206 24 2 4 20 38 32 22 18 12 0 0 0 0 0 0 0 0 0 
268 83 46 53 0 0 0 0 0 0 268 0 4 148 54 4 4 74 100 8 58 26 58 0 0 0 0 0 0 0 0 0 
145 124 66 66 7 1 0 0 0 0 82 12 20 120 34 90 2 6 126 2 0 94 0 0 0 4 52 2 0 2 0 0 
127 92 113 57 0 0 0 0 0 0 82 2 12 82 10 162 2 0 160 0 30 42 0 0 0 2 2 2 0 0 0 0 
118 72 103 112 7 1 0 0 0 0 84 2 20 50 16 104 4 4 174 0 6 118 6 0 0 14 42 10 2 2 0 0 
131 104 68 16 0 0 0 0 0 0 82 2 20 122 6 110 2 4 82 0 2 70 0 0 0 0 2 0 0 0 0 0 
237 195 99 38 1 0 0 0 0 0 84 82 146 122 74 188 2 6 82 4 0 136 0 0 0 0 18 0 0 0 0 0 
143 73 161 70 0 0 0 0 0 0 84 4 20 80 2 174 40 26 162 2 24 122 0 0 0 12 2 10 0 0 0 0 
183 90 13 11 0 0 0 0 0 0 218 0 4 110 78 2 2 42 28 30 4 6 4 0 0 0 0 0 0 0 0 0 
211 185 25 16 0 0 0 0 0 0 210 4 110 220 30 2 4 32 66 68 12 26 4 0 0 0 0 0 0 0 0 0 
192 191 24 26 0 0 0 0 0 0 194 2 28 196 108 0 2 58 124 12 6 2 6 0 0 0 0 0 0 0 0 0 
223 91 46 8 0 0 0 0 0 0 236 2 0 200 6 2 40 8 38 8 66 44 2 0 0 0 0 0 0 0 0 0 
306 141 73 24 0 0 0 0 0 0 338 2 4 166 80 2 12 98 158 30 24 28 4 0 0 0 0 0 0 0 0 0 
267 121 32 3 0 0 0 0 0 0 260 36 0 234 64 16 28 10 52 18 20 48 2 0 0 0 0 0 0 0 0 0 
182 125 67 4 0 0 0 0 0 0 188 2 0 158 80 36 26 6 102 6 24 82 0 0 0 0 0 0 0 0 0 0 
191 172 87 23 0 0 0 0 0 0 170 6 40 184 48 40 58 22 116 66 24 94 0 0 0 0 0 0 0 0 0 0 
177 74 27 28 0 0 0 0 0 0 208 0 0 42 86 0 0 80 92 6 6 4 20 0 0 0 0 0 0 0 0 0 
165 179 77 27 0 0 0 0 0 0 172 0 4 54 184 0 16 172 130 16 16 8 4 0 0 0 0 0 0 0 0 0 
167 92 51 77 0 0 0 0 0 0 168 0 0 34 102 0 6 66 164 2 38 18 28 0 0 2 0 0 0 0 0 0 
284 141 91 20 0 0 0 0 0 0 266 0 0 232 34 8 74 28 90 4 102 48 4 18 2 2 0 0 0 0 0 0 
171 129 79 27 0 0 0 0 0 0 160 0 0 156 44 8 74 6 94 0 76 120 0 0 0 0 0 0 0 0 0 0 
156 83 61 11 0 0 0 0 0 0 174 0 0 98 62 10 16 14 118 0 22 42 0 0 0 0 0 0 0 0 0 0 
185 56 41 28 0 0 0 0 0 0 202 0 0 106 16 20 2 18 110 0 18 4 20 10 0 0 0 0 0 0 0 0 
264 57 81 67 0 0 0 0 0 0 300 0 0 48 44 22 6 80 226 0 32 14 40 2 0 0 0 0 0 0 0 0 
246 84 88 45 0 0 0 0 0 0 244 0 0 150 14 20 46 50 98 2 112 28 58 10 0 0 0 0 0 0 0 0 
161 52 124 47 0 0 0 0 0 0 152 0 0 46 14 132 4 46 204 0 24 8 20 2 0 0 0 0 0 0 0 0 
227 114 84 21 0 0 0 0 0 0 204 10 0 156 78 96 10 30 112 0 50 28 20 24 0 0 0 0 0 0 0 0 
186 47 133 108 0 0 0 0 0 0 174 0 0 44 16 102 6 28 234 2 102 58 58 2 0 2 0 0 0 0 0 0 
174 91 148 87 0 0 0 0 0 0 166 0 0 16 68 2 38 198 278 4 42 44 28 0 0 2 0 0 0 0 0 0 
148 25 49 90 0 0 0 0 0 0 162 0 0 12 18 6 0 42 162 0 60 24 58 0 0 2 0 0 0 0 0 0 
179 55 49 28 0 0 0 0 0 0 208 0 0 76 22 8 8 38 142 0 8 6 4 2 0 0 0 0 0 0 0 0 
183 163 83 33 0 0 0 0 0 0 180 0 0 204 58 30 38 22 196 0 20 34 2 10 0 0 0 0 0 0 0 0 
188 163 163 37 0 0 0 0 0 0 180 2 0 130 108 70 118 60 202 4 16 54 4 0 0 0 0 0 0 0 0 0 
183 143 34 15 0 0 0 0 0 0 182 2 0 224 46 24 10 30 60 0 40 28 4 42 0 0 0 0 0 0 0 0 
160 92 87 49 0 0 0 0 0 0 162 0 0 126 6 76 6 52 162 0 38 10 4 10 0 0 0 0 0 0 0 0 
243 27 23 7 0 0 0 0 0 0 154 80 142 58 0 52 68 16 4 6 0 16 0 2 0 24 2 0 0 0 0 0 
242 47 25 12 0 0 0 0 0 0 198 24 124 78 4 72 90 2 2 16 0 16 0 2 0 42 10 0 0 0 0 0 
252 157 63 1 0 0 0 0 0 0 162 28 214 8 4 102 166 54 2 78 2 12 2 2 0 0 0 0 0 0 0 0 
174 66 57 6 0 0 0 0 0 0 154 4 100 0 0 32 152 30 2 70 0 14 0 10 0 4 0 0 0 0 0 0 
216 74 91 3 0 0 0 0 0 0 210 2 66 4 0 130 140 54 4 74 0 6 0 2 0 2 0 0 0 0 0 0 
214 179 60 14 0 0 0 0 0 0 108 66 254 0 4 32 144 118 4 68 0 16 2 2 0 10 2 0 4 2 0 0 
150 151 90 1 0 0 0 0 0 0 120 4 162 4 6 52 116 134 0 76 2 6 2 0 0 2 0 0 0 0 0 0 
173 107 128 12 0 0 0 0 0 0 134 2 110 0 4 94 198 96 0 82 2 22 0 4 0 14 2 0 0 2 0 0 
174 63 160 36 0 0 0 0 0 0 154 0 4 18 18 236 86 56 18 158 22 6 10 10 0 26 0 0 0 0 0 0 
150 13 105 12 0 0 0 0 0 0 146 0 6 2 0 126 122 28 0 76 4 4 2 4 0 4 0 0 0 0 0 0 
242 45 70 2 0 0 0 0 0 0 278 0 2 40 2 118 132 26 22 50 4 12 2 0 0 2 0 0 0 0 0 0 
238 29 70 8 0 0 0 0 0 0 270 0 32 16 0 70 160 14 2 96 0 16 0 10 0 6 0 0 0 0 0 0 
241 79 52 0 0 0 0 0 0 0 232 22 22 62 34 90 156 6 22 14 6 42 24 0 12 0 0 0 0 0 0 0 
211 101 90 2 0 0 0 0 0 0 180 2 74 32 12 148 130 44 22 58 6 24 10 0 2 2 0 0 0 0 0 0 
238 92 125 6 0 0 0 0 0 0 174 10 14 66 14 222 132 10 64 14 62 26 14 0 24 10 0 0 0 0 0 0 
271 54 78 0 0 0 0 0 0 0 268 8 18 70 2 154 156 10 70 6 20 10 4 0 2 0 0 0 0 0 0 0 
176 90 158 7 0 0 0 0 0 0 156 0 4 64 12 230 92 52 52 84 16 12 2 0 2 12 0 0 0 0 0 0 
303 68 40 2 0 0 0 0 0 0 138 2 256 144 0 66 4 22 4 26 70 38 20 0 0 0 0 0 0 0 0 0 
281 79 71 8 4 1 0 0 0 0 208 0 150 100 0 86 2 134 38 2 56 8 6 4 0 0 6 4 0 8 0 0 
192 60 33 1 0 0 0 0 0 0 168 0 106 110 0 28 2 50 14 16 28 26 4 0 0 0 0 0 0 0 0 0 
204 61 10 0 0 0 0 0 0 0 116 0 192 144 0 52 0 18 4 0 14 2 10 0 0 0 0 0 0 0 0 0 
242 62 53 7 1 1 0 0 0 0 130 0 194 156 0 58 14 60 4 16 14 10 24 6 0 0 0 0 0 4 0 0 
244 138 42 6 0 0 0 0 0 0 144 0 222 188 0 24 2 58 60 2 44 6 48 6 0 0 0 0 0 0 0 0 
227 136 89 8 4 2 0 0 0 0 174 0 54 166 2 20 2 134 38 30 48 86 30 4 0 0 6 20 0 2 0 0 
209 120 32 1 0 0 0 0 0 0 124 8 132 192 2 20 2 36 2 30 42 86 14 0 0 0 0 0 0 0 0 0 
181 107 69 5 0 0 0 0 0 0 150 0 88 118 0 46 2 78 46 34 52 24 18 6 0 0 0 0 0 0 0 0 
214 94 121 29 2 0 0 0 0 0 126 0 124 132 0 98 14 106 32 64 22 28 62 10 0 0 0 0 0 0 0 0 
154 145 68 3 0 0 0 0 0 0 106 2 34 200 2 42 0 76 8 80 26 70 24 0 0 0 0 0 0 0 0 0 
243 104 94 27 27 4 0 0 0 0 102 0 138 88 0 96 0 148 6 2 118 8 20 4 2 0 38 48 4 18 0 0 
146 71 84 17 17 3 0 0 0 0 118 0 20 36 0 26 2 140 30 2 62 24 22 4 0 0 30 32 0 10 0 0 
137 66 115 67 81 46 0 0 0 0 94 0 18 34 0 36 2 140 20 0 120 8 6 40 10 12 66 82 0 146 0 0 
170 98 91 40 7 6 0 0 0 0 110 0 60 66 0 110 2 146 20 8 94 14 4 32 0 0 6 6 0 30 0 0 
158 77 123 33 6 6 0 0 0 0 130 0 34 40 0 34 24 162 90 0 66 6 24 60 0 0 6 6 0 26 0 0 
254 46 1 2 0 0 0 0 0 0 298 46 2 104 30 4 0 84 0 6 8 6 2 2 0 0 4 0 0 0 0 0 
184 20 0 5 0 0 0 0 0 0 242 52 2 28 18 0 0 46 0 10 6 2 10 2 0 0 10 0 0 0 0 0 
299 78 0 0 0 0 0 0 0 0 252 138 2 98 74 0 0 156 6 18 16 24 18 0 0 0 0 0 0 0 0 0 
241 55 4 12 0 0 0 0 0 0 220 74 4 54 76 2 0 102 0 18 30 4 12 0 0 0 16 0 0 0 0 0 
192 75 0 0 0 0 0 0 0 0 154 74 4 110 92 0 0 88 2 2 2 2 4 0 0 0 0 0 0 0 0 0 
206 78 1 0 0 0 0 0 0 0 180 102 34 54 90 0 0 80 2 0 6 2 36 0 0 0 0 0 0 0 0 0 
252 40 23 3 0 0 0 0 0 0 310 24 0 120 14 4 4 72 0 4 58 26 2 8 0 0 4 0 0 0 0 0 
246 12 8 10 0 0 0 0 0 0 316 28 0 20 14 0 0 42 0 10 40 12 4 16 0 0 18 0 0 0 0 0 
301 41 30 14 3 1 0 0 0 0 394 8 12 26 70 0 0 80 0 2 66 42 10 20 0 0 18 2 2 0 0 0 
245 69 12 5 0 0 0 0 0 0 266 48 2 128 36 20 0 52 0 22 28 34 0 24 0 0 12 0 0 0 0 0 
241 22 3 17 0 0 0 0 0 0 306 10 2 26 26 0 0 28 0 18 48 28 2 10 0 0 34 0 0 0 0 0 
203 43 159 80 44 0 0 0 0 0 96 22 2 16 0 70 28 84 18 46 140 134 74 108 30 26 2 18 0 0 0 0 
116 32 104 78 9 0 0 0 0 0 84 8 2 6 0 16 0 74 30 58 70 108 18 50 10 12 2 42 0 2 0 0 
148 66 164 112 21 2 0 0 0 0 84 2 2 28 0 68 22 154 4 98 168 80 22 90 12 4 30 30 0 10 0 0 
162 119 81 43 7 0 0 0 0 0 84 20 30 102 0 32 0 60 12 48 54 160 52 26 4 34 2 18 0 0 0 0 
178 112 71 43 3 0 0 0 0 0 84 10 18 102 0 80 4 44 0 102 100 110 32 10 0 12 2 10 0 0 0 0 
210 131 127 85 21 1 0 0 0 0 102 0 40 120 0 124 0 126 4 106 140 104 32 32 24 12 6 26 0 38 0 0 
118 9 0 1 0 0 0 0 0 0 78 152 38 0 0 4 0 0 2 0 0 4 8 2 0 6 0 0 0 0 0 0 
120 0 5 0 0 0 0 0 0 0 70 146 2 0 0 28 16 0 10 0 0 0 6 0 0 20 0 0 2 2 0 0 
200 10 2 2 0 0 0 0 0 0 148 243 48 0 0 28 4 0 22 0 6 6 6 0 0 12 0 0 2 2 0 0 
196 86 5 0 0 0 0 0 0 0 94 140 84 2 98 14 0 74 46 0 24 2 26 2 0 0 0 0 0 0 0 0 
170 41 5 1 0 0 0 0 0 0 74 158 20 2 66 4 0 62 32 0 12 2 16 8 0 0 0 0 0 0 0 0 
150 26 0 0 0 0 0 0 0 0 148 110 14 8 40 0 0 72 2 0 6 10 24 0 0 0 0 0 0 0 0 0 
156 30 0 0 0 0 0 0 0 0 110 126 8 8 46 0 0 100 2 0 6 10 30 0 0 0 0 0 0 0 0 0 
232 65 1 0 0 0 0 0 0 0 142 174 20 18 110 2 0 114 34 2 22 24 18 2 0 0 0 0 0 0 0 0 
238 21 49 6 2 1 0 0 0 0 288 30 0 32 12 0 22 112 0 2 102 24 4 18 2 0 10 6 0 0 0 0 
272 15 13 25 13 6 0 0 0 0 366 12 0 4 30 0 0 38 0 10 54 10 14 74 10 0 56 2 2 0 0 0 
275 39 72 24 25 19 0 0 0 0 256 60 0 58 38 4 16 100 0 0 150 46 28 16 0 0 16 58 10 6 0 0 
193 8 20 12 13 4 0 0 0 0 236 24 0 2 2 0 6 68 0 10 40 2 2 62 22 0 36 14 0 0 0 0 
159 22 25 1 20 4 0 0 0 0 130 60 0 22 2 0 12 106 0 0 54 2 8 32 34 0 14 16 0 0 0 0 
208 29 114 3 59 25 0 0 0 0 174 30 0 36 0 2 64 148 0 0 80 18 2 64 40 0 26 88 26 10 0 0 
150 9 79 15 90 70 0 0 0 0 118 2 0 2 0 0 48 42 0 0 24 0 4 146 80 0 126 110 8 4 0 0 
96 18 56 1 50 10 0 0 0 0 88 4 0 12 0 2 40 36 0 0 26 0 0 72 70 0 26 52 4 0 0 0 
124 182 37 82 46 0 0 0 0 0 84 0 66 64 150 0 2 80 0 20 96 20 78 114 0 10 2 0 12 2 0 0 
125 232 77 35 7 0 0 0 0 0 84 0 86 160 90 0 58 128 0 0 14 64 96 10 0 12 0 10 24 0 0 0 
125 225 52 84 31 5 0 0 0 0 84 0 78 36 164 10 18 66 6 18 22 76 84 50 2 82 0 4 68 0 0 0 
108 167 16 11 6 0 0 0 0 0 84 0 118 104 128 0 2 36 0 0 18 16 36 8 0 4 0 0 10 0 0 0 
140 250 53 39 7 0 0 0 0 0 86 4 178 98 166 0 2 126 0 4 82 32 24 24 0 8 0 0 10 2 0 0 
148 257 45 21 3 0 0 0 0 0 86 12 192 96 142 4 34 54 0 0 14 106 80 6 0 12 0 2 24 0 0 0 
260 85 12 0 0 0 0 0 0 0 202 70 0 118 56 0 14 138 14 28 38 44 2 0 0 0 0 0 0 0 0 0 
280 72 68 1 2 2 0 0 0 0 276 28 0 130 8 4 46 174 4 20 94 34 2 2 2 0 0 6 2 4 0 0 
240 90 47 0 0 1 0 0 0 0 144 82 8 106 30 0 56 176 12 2 46 26 10 0 0 0 0 0 2 12 0 0 
363 63 17 3 0 0 0 0 0 0 344 28 142 74 100 60 46 36 0 26 26 4 8 0 0 0 2 0 2 0 0 0 
247 58 50 7 0 0 0 0 0 0 224 10 60 12 102 46 114 12 0 36 46 6 16 0 2 0 2 2 10 0 0 0 
207 15 36 2 0 0 0 0 0 0 238 20 18 6 24 102 64 14 0 16 28 4 4 0 2 0 2 0 2 2 0 0 
245 76 41 14 0 0 0 0 0 0 196 8 58 66 74 82 84 26 0 4 32 16 34 0 0 0 30 0 2 0 0 0 
301 30 56 6 0 0 0 0 0 0 284 76 18 32 16 128 28 102 0 24 58 12 32 0 0 2 12 0 0 0 0 0 
307 36 73 22 0 0 0 0 0 0 192 88 24 34 24 102 116 32 0 26 58 64 40 0 2 2 32 0 0 2 0 0 
267 16 137 108 1 5 0 0 0 0 190 96 0 8 30 110 66 50 86 56 4 96 78 4 20 0 2 22 62 42 0 0 
232 45 70 90 18 1 0 0 0 0 182 86 0 56 14 58 20 14 16 54 8 30 88 66 108 2 36 2 4 2 0 0 
189 22 63 15 1 0 0 0 0 0 210 30 0 22 16 72 42 30 6 14 2 14 18 20 40 0 2 0 14 10 0 0 
250 10 28 36 1 0 0 0 0 0 284 138 2 24 2 42 28 4 14 42 0 40 48 4 8 0 2 10 4 2 0 0 
314 8 41 15 1 0 0 0 0 0 392 66 24 22 6 114 32 26 6 28 14 14 18 4 16 0 2 0 12 10 0 0 
354 35 50 12 1 0 0 0 0 0 446 58 22 82 32 36 30 70 6 66 6 32 18 20 18 0 2 0 4 2 0 0 
117 88 66 50 0 0 0 0 0 0 84 10 28 40 18 40 38 16 28 184 0 12 10 2 0 0 0 2 2 0 0 0 
247 96 108 70 0 0 0 0 0 0 84 142 64 20 4 90 108 16 68 180 4 32 36 0 0 4 2 2 0 0 0 0 
161 48 100 89 0 0 0 0 0 0 84 48 4 6 18 68 18 10 52 222 0 4 34 12 0 0 0 10 0 0 0 0 
103 102 94 43 0 0 0 0 0 0 66 8 24 58 2 24 48 66 46 150 8 44 12 0 2 0 0 0 0 0 0 0 
90 37 56 75 0 0 0 0 0 0 66 10 4 6 4 38 16 8 52 170 0 2 10 6 0 0 0 2 0 0 0 0 
90 16 38 39 0 0 0 0 0 0 66 20 2 2 0 20 16 8 38 100 0 2 26 0 0 0 0 0 0 0 0 0 
245 49 73 4 1 0 0 0 0 0 278 8 8 54 54 36 78 56 0 16 10 8 8 20 40 0 2 0 4 2 0 0 
165 81 117 14 10 1 0 0 0 0 162 6 0 88 20 76 40 64 12 4 6 4 22 58 120 6 14 2 12 2 0 0 
197 95 61 13 6 0 0 0 0 0 210 4 18 150 78 28 16 32 2 4 4 14 16 40 60 0 12 0 0 0 0 0 
204 18 5 5 0 0 0 0 0 0 290 22 20 54 26 0 2 44 0 56 16 4 2 0 0 0 0 0 0 0 0 0 
249 52 1 5 0 0 0 0 0 0 242 4 104 98 66 2 2 48 2 38 24 0 2 0 0 0 0 0 0 0 0 0 
264 17 2 6 0 0 0 0 0 0 370 50 42 68 14 16 2 16 0 60 12 2 4 0 0 0 0 0 0 0 0 0 
238 86 3 35 0 0 0 0 0 0 258 4 22 58 126 4 0 30 2 134 48 2 18 0 0 0 0 0 0 0 0 0 
254 40 3 13 0 0 0 0 0 0 346 50 8 90 42 16 2 14 0 62 24 0 10 0 0 0 0 0 0 0 0 0 
234 74 1 27 0 0 0 0 0 0 238 4 72 124 44 6 2 14 0 88 52 0 24 0 0 0 0 0 0 0 0 0 
244 56 35 1 0 0 0 0 0 0 266 2 84 92 64 16 56 62 0 8 4 20 2 4 2 0 0 0 2 0 0 0 
250 61 54 6 0 0 0 0 0 0 228 4 60 38 90 22 110 26 0 36 24 2 14 0 14 0 0 2 12 0 0 0 
191 57 36 0 0 0 0 0 0 0 226 2 22 110 72 4 34 36 0 4 2 12 0 4 4 0 0 0 0 0 0 0 
284 82 22 10 0 0 0 0 0 0 292 10 104 94 88 32 40 38 0 4 2 6 12 0 2 0 0 30 10 0 0 0 
227 139 68 0 0 0 0 0 0 0 208 18 16 202 90 24 90 60 2 16 10 2 0 0 24 2 0 2 10 0 0 0 
148 0 8 102 46 10 0 0 0 0 140 0 0 0 0 0 2 0 20 44 0 88 0 52 0 92 28 98 4 0 0 0 
177 0 20 128 139 20 0 0 0 0 136 0 0 0 0 0 4 2 8 86 2 60 4 222 0 72 80 128 36 0 0 0 
211 0 15 76 72 23 0 0 0 0 202 0 0 0 0 0 2 2 6 22 2 78 0 76 0 90 50 128 38 2 0 0 
142 0 51 150 84 27 0 0 0 0 114 0 0 0 0 0 38 0 42 56 6 62 0 104 0 102 26 184 32 2 0 0 
173 0 35 149 79 6 0 0 0 0 148 0 0 0 0 0 14 14 42 48 6 64 0 118 2 82 28 170 14 0 0 0 
137 0 44 104 71 23 0 0 0 0 120 0 0 0 0 0 14 14 26 36 18 54 0 136 0 20 38 126 68 0 0 0 
217 92 37 5 0 0 0 0 0 0 242 22 14 50 92 4 0 80 0 40 30 80 0 24 0 0 12 0 0 0 0 0 
255 97 22 22 0 0 0 0 0 0 196 80 2 56 142 6 0 70 0 22 86 44 8 42 0 0 32 0 0 0 0 0 
285 28 9 31 0 0 0 0 0 0 366 6 38 14 48 0 0 30 0 12 64 56 2 14 0 2 58 0 0 0 0 0 
200 11 5 18 0 0 0 0 0 0 282 0 38 0 34 0 0 10 0 2 24 38 2 14 0 2 22 0 0 0 0 0 
207 25 18 10 0 0 0 0 0 0 298 2 30 2 58 0 0 50 0 2 22 32 2 14 0 0 4 0 0 0 0 0 
277 32 20 22 13 6 0 0 0 0 356 4 14 2 74 0 0 52 0 2 44 28 18 64 4 0 38 2 2 0 0 0 
296 51 9 35 6 6 0 0 0 0 404 0 58 2 122 0 0 10 0 14 24 56 0 38 2 2 8 4 6 22 0 0 
225 22 10 35 13 1 0 0 0 0 284 0 14 0 58 0 0 14 0 6 6 56 10 72 10 0 8 20 0 6 0 0 
221 63 72 62 41 7 0 0 0 0 248 22 12 0 98 0 0 114 0 14 46 102 18 68 2 0 10 18 12 36 0 0 
143 5 1 19 13 6 0 0 0 0 198 0 0 0 12 0 0 2 0 10 12 2 10 68 10 0 54 2 2 0 0 0 
183 24 37 33 57 36 0 0 0 0 196 22 0 2 38 0 0 42 0 0 74 14 52 80 16 0 96 54 24 10 0 0 
163 5 7 27 73 17 0 0 0 0 182 0 0 0 12 0 0 2 2 2 12 4 34 122 42 0 114 34 10 2 0 0 
154 5 14 19 52 34 0 0 0 0 188 0 0 0 12 0 2 4 0 4 12 2 12 110 46 0 122 18 10 2 0 0 
177 5 0 18 0 0 0 0 0 0 232 24 0 6 4 0 0 24 0 30 22 2 2 12 0 0 40 0 0 0 0 0 
162 11 1 35 0 0 0 0 0 0 216 4 4 4 20 0 0 14 0 30 48 32 2 14 0 2 78 0 0 0 0 0 
142 26 1 25 0 0 0 0 0 0 160 22 2 4 50 0 0 24 0 16 72 16 8 2 0 0 34 0 0 0 0 0 
320 32 14 8 2 1 0 0 0 0 304 152 2 22 40 0 4 160 0 10 42 12 30 18 2 0 16 6 0 0 0 0 
155 2 2 17 0 0 0 0 0 0 222 22 0 0 2 0 0 20 0 18 14 2 2 34 2 0 36 0 0 0 0 0 
115 1 3 20 8 9 0 0 0 0 162 0 0 0 2 0 2 2 0 10 4 0 0 76 16 0 62 2 0 0 0 0 
234 111 9 0 0 0 0 0 0 0 188 52 0 220 20 20 2 50 2 74 62 14 0 0 0 0 0 0 0 0 0 0 
287 76 52 5 4 3 0 0 0 0 158 134 0 218 4 34 16 76 0 38 80 42 6 2 0 0 0 14 0 0 0 0 
245 82 8 0 0 0 0 0 0 0 238 54 0 176 34 4 2 112 2 28 26 22 0 2 0 0 0 0 0 0 0 0 
230 104 15 0 0 0 0 0 0 0 176 68 0 240 8 40 2 48 0 62 26 22 0 10 0 0 0 0 0 0 0 0 
273 129 32 22 0 0 0 0 0 0 162 124 98 104 34 58 56 8 58 26 8 74 12 0 0 0 0 10 0 0 0 0 
229 84 46 45 0 0 0 0 0 0 128 74 68 38 10 98 26 8 36 30 12 134 32 0 0 0 0 24 0 0 0 0 
174 67 34 42 0 0 0 0 0 0 146 22 64 28 8 78 14 0 70 10 14 90 2 0 0 0 0 2 0 0 0 0 
144 129 9 21 0 0 0 0 0 0 102 22 134 38 40 26 8 20 54 24 8 56 12 0 0 0 0 10 0 0 0 0 
168 153 13 36 0 0 0 0 0 0 132 20 186 28 48 30 26 4 116 8 16 48 2 0 0 0 0 2 0 0 0 0 
210 123 37 90 0 0 0 0 0 0 118 52 96 16 46 64 4 12 134 38 64 134 4 0 0 0 0 2 0 0 0 0 
189 77 6 7 0 0 0 0 0 0 204 32 4 116 82 38 2 0 12 18 10 2 2 0 0 0 0 0 0 0 0 0 
238 58 19 18 0 0 0 0 0 0 284 54 2 72 62 82 10 0 18 50 16 14 4 0 0 0 0 0 0 0 0 0 
256 43 9 7 0 0 0 0 0 0 310 100 4 102 30 32 16 0 2 34 10 4 4 0 0 0 0 2 0 0 0 0 
190 115 11 35 0 0 0 0 0 0 206 16 6 78 136 46 2 4 8 108 32 2 18 0 0 0 0 0 0 0 0 0 
275 116 7 27 0 0 0 0 0 0 272 22 54 198 70 32 2 12 2 72 44 0 24 0 0 0 0 0 0 0 0 0 
248 75 7 7 0 0 0 0 0 0 258 8 96 148 36 36 2 14 0 16 12 0 10 0 0 0 0 0 0 0 0 0 
227 162 45 3 0 0 0 0 0 0 206 18 24 214 80 138 42 20 34 10 12 0 2 0 0 0 0 0 0 0 0 0 
204 37 16 0 0 0 0 0 0 0 244 16 46 76 6 76 4 16 8 4 2 0 0 0 0 0 0 0 0 0 0 0 
201 59 8 2 0 0 0 0 0 0 216 52 24 122 30 32 14 2 2 4 2 2 2 0 0 0 0 2 0 0 0 0 
318 26 10 2 0 0 0 0 0 0 408 100 54 82 10 44 18 6 2 24 0 4 2 0 0 0 0 2 0 0 0 0 
246 58 47 1 0 0 0 0 0 0 220 102 16 94 12 120 42 4 12 6 2 4 0 0 0 0 0 2 0 0 0 0 
292 98 23 3 0 0 0 0 0 0 242 158 24 148 70 66 42 0 26 10 2 8 2 0 0 0 0 2 0 0 0 0 
289 48 61 29 0 0 0 0 0 0 214 176 4 58 16 76 108 4 16 34 0 52 30 0 2 0 0 24 0 0 0 0 
261 127 33 29 0 0 0 0 0 0 250 66 44 110 102 102 16 0 70 34 16 40 0 0 0 0 0 0 0 0 0 0 
188 147 10 16 0 0 0 0 0 0 128 96 164 46 84 20 28 2 84 2 12 16 0 0 0 0 0 0 0 0 0 0 
160 119 50 89 0 0 0 0 0 0 130 20 102 20 52 52 72 2 152 56 92 44 0 0 0 0 0 0 0 0 0 0 
219 238 19 3 0 0 0 0 0 0 190 26 30 296 214 110 8 10 22 6 6 2 4 0 0 0 0 0 0 0 0 0 
306 45 16 1 0 0 0 0 0 0 324 16 126 86 68 82 2 28 20 14 12 0 2 0 0 0 0 0 0 0 0 0 
256 18 45 1 0 0 0 0 0 0 256 74 28 32 14 100 2 92 20 26 40 4 8 0 0 0 0 0 0 0 0 0 
266 14 15 0 0 0 0 0 0 0 328 54 54 34 4 102 6 38 4 12 8 0 0 0 0 0 0 0 0 0 0 0 
301 108 85 3 0 0 0 0 0 0 298 30 28 122 42 148 42 76 88 16 46 6 2 0 0 0 0 0 0 0 0 0 
300 42 70 0 0 0 0 0 0 0 222 150 20 54 22 206 20 44 10 26 6 10 0 0 0 0 0 0 0 0 0 0 
255 42 2 6 0 0 0 0 0 0 280 14 114 104 16 22 2 8 0 34 20 0 10 0 0 0 0 0 0 0 0 0 
284 44 108 12 0 0 0 0 0 0 278 24 4 16 48 124 140 30 6 40 42 12 10 4 38 0 2 2 16 10 0 0 
253 8 73 11 0 0 0 0 0 0 160 130 2 0 18 158 84 18 2 24 24 24 16 0 2 0 2 0 12 12 0 0 
342 4 99 6 0 0 0 0 0 0 230 190 10 6 46 268 22 64 2 24 14 8 20 0 2 0 0 0 12 10 0 0 
187 2 76 20 0 1 0 0 0 0 164 56 0 0 6 154 30 22 14 6 10 20 14 0 14 0 0 0 38 24 0 0 
299 67 58 7 0 0 0 0 0 0 268 26 46 100 60 106 20 74 20 44 52 4 38 0 0 2 4 0 0 0 0 0 
206 17 47 6 0 0 0 0 0 0 208 34 20 24 22 40 2 66 40 26 34 24 12 0 0 0 0 0 0 0 0 0 
256 35 40 1 0 0 0 0 0 0 282 48 42 24 94 100 6 20 58 10 18 6 2 0 0 0 0 0 0 0 0 0 
181 0 7 122 58 11 0 0 0 0 168 0 0 0 0 0 0 0 44 20 2 150 0 22 2 140 64 76 10 20 0 0 
192 0 8 81 110 5 0 0 0 0 194 0 0 0 0 0 0 2 4 10 0 70 0 106 2 130 24 120 14 4 0 0 
144 0 7 131 96 3 0 0 0 0 132 0 0 0 0 0 0 2 26 20 0 132 0 72 18 150 16 114 0 0 0 0 
139 94 99 9 0 2 0 0 0 0 102 0 56 80 0 16 30 104 100 12 40 2 42 24 0 0 0 16 0 2 0 0 
87 104 96 9 4 10 0 0 0 0 58 0 2 92 0 0 34 102 44 34 30 32 106 6 0 0 6 46 0 4 0 0 
60 69 53 0 0 0 0 0 0 0 48 0 2 66 0 2 10 70 12 42 32 12 38 0 0 0 0 2 0 0 0 0 
196 10 0 42 0 0 0 0 0 0 258 0 46 4 16 0 0 0 0 10 80 80 8 2 0 22 40 0 0 0 0 0 
226 4 0 31 4 1 0 0 0 0 286 0 20 0 12 0 0 0 0 18 36 36 10 34 2 2 68 0 0 0 0 0 
253 4 0 32 2 0 0 0 0 0 342 0 40 0 10 0 0 0 0 2 70 70 8 24 2 16 22 4 0 0 0 0 
209 4 1 20 0 0 0 0 0 0 292 0 76 0 14 0 0 2 0 2 44 46 0 4 0 10 22 0 0 0 0 0 
174 0 19 61 131 26 0 0 0 0 156 0 0 0 0 0 2 2 2 20 4 40 2 204 6 48 70 108 46 14 0 0 
145 0 39 133 144 30 0 0 0 0 90 0 0 0 0 16 0 2 4 26 46 74 32 250 6 54 54 106 30 44 0 0 
197 0 16 74 93 31 0 0 0 0 174 0 0 0 0 8 0 2 16 4 16 102 0 96 6 92 70 82 38 42 0 0 
133 0 19 82 207 25 0 0 0 0 90 0 0 0 2 0 0 0 2 28 2 22 6 260 82 92 38 104 68 34 0 0 
149 0 21 90 121 36 0 0 0 0 130 0 0 0 0 0 0 8 2 62 4 32 0 128 14 108 24 106 90 24 0 0 
128 0 32 87 103 70 0 0 0 0 90 0 0 0 0 16 0 0 2 46 16 36 0 144 14 46 34 114 84 104 0 0 
150 2 0 11 8 1 0 0 0 0 204 0 4 0 6 0 0 0 0 2 6 14 14 46 8 0 16 4 0 0 0 0 
249 49 19 7 0 0 0 0 0 0 340 2 60 6 76 0 0 52 2 14 28 40 0 4 0 2 4 0 0 0 0 0 
289 124 95 16 4 1 0 0 0 0 262 60 20 36 132 2 0 198 6 56 96 58 10 4 0 0 8 4 2 4 0 0 
130 0 2 50 184 12 0 0 0 0 106 0 0 0 0 0 0 2 2 6 0 26 0 196 16 156 4 98 14 12 0 0 
131 0 0 114 188 34 0 0 0 0 98 0 0 0 0 0 0 0 2 62 0 44 4 172 0 206 6 72 50 84 0 0 
130 0 9 117 148 4 0 0 0 0 106 0 0 0 0 0 0 2 0 46 0 74 0 168 2 108 14 106 72 2 0 0 
167 0 6 68 129 17 0 0 0 0 148 0 0 0 0 0 0 0 24 4 2 78 0 80 0 180 42 64 22 44 0 0 
197 0 16 115 132 23 0 0 0 0 174 0 0 0 0 0 0 8 4 66 2 78 0 102 0 178 40 98 100 4 0 0 
221 167 35 13 0 1 0 0 0 0 222 6 42 66 178 2 0 108 28 72 26 34 0 2 0 2 0 0 0 4 0 0 
223 170 38 1 0 0 0 0 0 0 218 4 42 106 172 4 0 110 28 40 10 62 0 10 0 2 0 0 0 0 0 0 
219 133 6 3 0 1 0 0 0 0 252 0 72 34 210 0 0 20 34 10 4 14 0 0 0 2 0 0 0 4 0 0 
199 52 6 7 0 1 0 0 0 0 276 0 42 6 116 0 0 18 2 6 20 20 0 2 0 2 0 0 0 4 0 0 
273 73 6 26 0 0 0 0 0 0 322 0 90 42 106 0 0 18 12 2 68 70 2 2 0 22 4 0 0 0 0 0 
239 26 3 26 1 2 0 0 0 0 324 0 60 2 78 0 0 4 0 4 72 54 0 2 0 16 8 0 4 4 0 0 
185 47 4 26 5 10 0 0 0 0 226 0 22 2 112 0 0 4 0 14 22 38 2 12 0 2 14 2 22 22 0 0 
202 20 7 26 7 6 0 0 0 0 242 0 14 0 60 0 0 14 0 2 44 52 8 22 2 8 14 6 22 4 0 0 
269 122 13 10 1 2 0 0 0 0 292 0 70 6 228 0 0 26 16 8 56 28 0 2 2 2 4 0 4 4 0 0 
191 42 11 19 1 1 0 0 0 0 228 0 56 6 48 0 0 14 0 0 104 70 0 0 2 14 4 0 4 0 0 0 
202 63 49 58 21 17 0 0 0 0 214 0 22 2 104 0 0 46 4 4 128 60 10 4 10 4 66 14 48 12 0 0 
204 51 15 45 18 10 0 0 0 0 250 0 4 2 114 0 0 22 0 14 8 56 10 70 10 0 16 22 22 22 0 0 
145 10 6 19 14 1 0 0 0 0 186 0 2 0 32 0 0 12 0 0 10 34 16 52 10 0 6 22 4 0 0 0 
131 10 25 47 42 8 0 0 0 0 140 0 0 0 32 0 0 38 8 0 10 28 22 114 22 0 24 64 12 10 0 0 
131 27 29 55 23 29 0 0 0 0 138 0 0 0 70 0 0 26 6 2 46 46 32 22 2 0 54 38 64 14 0 0 
140 6 6 27 43 1 0 0 0 0 170 0 2 0 16 0 0 12 0 0 6 26 26 116 32 0 18 36 0 0 0 0 
199 160 9 54 4 17 0 0 0 0 216 0 26 62 208 0 0 32 36 74 22 40 0 14 0 0 2 6 28 46 0 0 
184 152 11 1 0 0 0 0 0 0 172 6 10 22 236 14 24 70 22 30 26 38 0 2 0 0 0 0 0 0 0 0 
168 38 1 1 0 0 0 0 0 0 216 6 0 10 94 2 2 54 2 16 0 14 0 8 0 0 0 0 0 0 0 0 
148 18 0 6 0 0 0 0 0 0 178 30 0 4 48 0 0 20 26 40 0 54 0 8 0 0 0 0 0 0 0 0 
173 14 0 15 0 0 0 0 0 0 204 30 0 4 42 0 0 36 56 26 0 60 0 2 0 0 0 0 0 0 0 0 
272 82 7 6 0 0 0 0 0 0 266 66 18 58 148 14 20 60 36 34 12 34 0 4 0 0 0 0 0 0 0 0 
233 58 6 5 0 0 0 0 0 0 224 36 0 166 12 0 10 0 22 22 10 58 0 8 0 0 0 0 0 0 0 0 
148 21 2 9 0 0 0 0 0 0 172 14 0 56 6 0 2 0 28 26 4 84 0 14 0 0 0 0 0 0 0 0 
228 44 1 7 0 0 0 0 0 0 248 66 0 84 40 0 2 6 50 36 2 70 0 8 0 0 0 0 0 0 0 0 
148 63 11 14 0 0 0 0 0 0 136 14 0 84 44 0 8 0 52 18 10 100 0 8 0 0 0 0 0 0 0 0 
179 113 10 1 0 0 0 0 0 0 146 36 0 126 106 2 22 2 60 20 12 76 0 2 0 0 0 0 0 0 0 0 
151 54 0 3 0 0 0 0 0 0 166 14 0 44 62 0 0 2 40 48 0 80 0 8 0 0 0 0 0 0 0 0 
245 44 29 15 1 0 0 0 0 0 240 22 2 176 0 0 46 0 86 26 8 24 0 12 6 0 0 2 0 0 0 0 
258 16 26 59 1 0 0 0 0 0 248 14 0 58 0 0 44 2 176 22 10 100 0 24 8 2 0 2 0 0 0 0 
198 21 20 25 0 0 0 0 0 0 206 2 0 80 0 0 38 0 56 10 8 76 0 34 2 0 0 0 0 0 0 0 
185 37 98 41 8 0 0 0 0 0 148 2 4 76 0 0 128 30 106 48 26 28 0 26 28 8 0 10 0 0 0 0 
209 56 73 21 0 0 0 0 0 0 190 2 0 150 0 0 104 14 26 10 70 34 2 26 10 4 0 0 0 0 0 0 
141 16 65 53 0 0 0 0 0 0 130 0 0 46 0 0 92 6 56 38 24 78 0 52 22 12 2 0 0 2 0 0 
207 78 51 20 0 0 0 0 0 0 214 2 0 164 0 0 58 2 18 4 88 86 2 8 0 0 0 0 0 0 0 0 
184 1 187 27 1 1 0 0 0 0 94 52 0 0 152 202 20 0 62 0 32 26 4 8 30 46 6 0 18 24 0 0 
118 0 89 72 8 2 0 0 0 0 92 2 0 0 48 90 10 0 82 0 74 12 4 14 12 20 30 0 50 14 0 0 
214 0 53 26 1 0 0 0 0 0 172 28 0 0 18 98 0 0 108 0 2 36 24 24 18 74 0 0 38 26 0 0 
105 11 157 20 1 0 0 0 0 0 72 2 3 0 74 184 82 0 36 0 18 38 2 8 16 14 4 0 12 16 0 0 
118 0 81 5 0 0 0 0 0 0 86 16 0 0 18 122 0 0 50 0 2 50 6 8 32 26 0 0 6 40 0 0 
63 102 22 44 0 0 0 0 0 0 46 2 22 0 116 64 0 0 0 0 110 28 58 0 0 0 0 0 0 0 0 0 
82 18 14 38 0 0 0 0 0 0 38 38 0 0 20 12 0 0 0 0 70 62 44 0 0 0 0 0 0 0 0 0 
65 73 63 44 0 0 0 0 0 0 46 4 6 0 68 100 0 0 10 0 136 28 36 0 0 0 0 0 0 0 0 0 
123 0 21 81 2 10 0 0 0 0 108 0 0 0 2 12 2 0 80 0 52 0 24 24 24 32 4 0 84 16 0 0 
213 0 58 109 14 33 0 0 0 0 166 20 0 0 0 32 24 16 68 0 68 6 38 8 26 68 4 10 180 42 0 0 
141 0 3 47 5 2 0 0 0 0 142 4 0 0 0 6 0 0 56 0 6 10 24 14 18 76 0 2 68 6 0 0 
92 0 12 90 5 10 0 0 0 0 82 0 0 0 0 2 2 0 44 0 56 0 42 8 38 30 6 0 88 24 0 0 
153 0 8 93 25 2 0 0 0 0 140 16 0 0 0 6 0 2 30 0 40 14 24 8 50 98 14 10 60 38 0 0 
229 93 38 13 0 0 0 0 0 0 168 64 0 176 48 48 88 6 88 0 2 2 26 2 0 2 0 0 0 0 0 0 
189 56 115 21 0 0 0 0 0 0 156 20 0 94 38 84 94 90 82 0 16 16 12 2 0 4 0 0 0 0 0 0 
252 147 70 6 0 0 0 0 0 0 226 6 32 208 28 24 160 48 60 4 0 10 24 2 0 2 0 0 0 0 0 0 
202 61 72 40 2 5 0 0 0 0 126 78 0 124 8 42 108 18 128 0 2 0 22 24 0 12 0 16 0 10 0 0 
190 119 29 6 0 1 0 0 0 0 122 40 0 214 20 18 78 8 66 0 0 0 42 10 0 0 0 2 0 2 0 0 
177 98 93 11 0 1 0 0 0 0 142 18 6 168 2 30 162 56 38 6 0 6 14 10 0 0 0 2 0 2 0 0 
211 114 74 8 0 0 0 0 0 0 214 0 32 92 48 2 186 60 52 4 0 8 2 0 0 0 0 0 2 0 0 0 
210 202 38 12 0 0 0 0 0 0 194 0 32 186 122 0 154 28 72 4 2 42 10 0 0 2 0 0 2 0 0 0 
161 166 55 14 0 0 0 0 0 0 152 0 110 136 14 2 184 54 18 34 0 12 4 0 0 0 0 0 0 0 0 0 
137 185 64 11 0 0 0 0 0 0 124 0 98 138 28 0 160 46 42 22 0 18 12 0 0 10 0 0 0 0 0 0 
167 212 69 26 0 0 0 0 0 0 142 0 106 96 102 0 212 32 4 68 2 50 2 2 2 0 0 0 10 0 0 0 
184 75 126 13 0 0 0 0 0 0 180 0 6 70 48 42 112 138 84 0 2 22 2 0 0 0 0 0 0 0 0 0 
146 92 74 6 0 0 0 0 0 0 152 0 18 110 2 16 146 66 18 4 0 10 4 0 0 0 0 0 0 0 0 0 
148 67 188 49 7 3 0 0 0 0 116 0 4 78 18 44 140 202 16 18 2 92 14 2 22 0 0 12 10 4 0 0 
172 105 22 5 0 0 0 0 0 0 110 70 0 118 114 36 34 0 62 0 4 16 12 0 0 2 0 0 0 0 0 0 
152 157 57 17 0 0 0 0 0 0 90 26 0 94 224 32 22 2 110 0 22 34 8 0 0 2 0 0 0 0 0 0 
212 90 123 34 0 0 0 0 0 0 140 64 0 66 148 104 70 48 102 0 46 38 6 2 0 6 0 0 0 0 0 0 
194 182 50 29 0 0 0 0 0 0 98 56 8 100 240 62 18 2 158 0 22 68 2 0 0 2 0 0 0 0 0 0 
176 87 33 10 0 0 0 0 0 0 100 98 2 92 78 78 40 0 40 0 6 34 4 0 0 2 0 0 0 0 0 0 
184 112 130 74 0 0 0 0 0 0 90 52 2 32 182 104 42 0 116 0 60 110 12 0 0 30 0 0 0 0 0 0 
223 128 3 23 0 0 0 0 0 0 158 62 102 18 192 6 12 0 48 22 50 24 0 0 0 0 0 0 4 0 0 0 
274 184 30 51 0 0 0 0 0 0 134 128 156 8 186 90 6 0 98 60 98 48 0 2 0 0 0 0 4 0 0 0 
170 112 7 13 0 0 0 0 0 0 142 44 104 0 130 18 4 0 40 4 36 12 0 0 0 0 0 0 4 0 0 0 
162 150 27 61 0 0 0 0 0 0 106 38 78 4 192 36 10 2 32 46 102 26 0 10 2 0 2 2 42 0 0 0 
248 154 16 20 0 0 0 0 0 0 140 132 78 54 214 14 4 12 62 4 58 10 2 2 0 0 0 0 30 0 0 0 
167 197 26 39 0 0 0 0 0 0 112 24 86 16 220 26 38 18 86 4 86 20 0 2 0 0 0 0 36 0 0 0 
287 131 11 6 0 0 0 0 0 0 204 112 160 16 150 60 12 0 62 0 20 4 0 0 0 0 0 0 0 0 0 0 
209 67 0 2 0 0 0 0 0 0 138 100 54 18 138 0 2 6 60 0 14 4 0 0 0 0 0 0 0 0 0 0 
224 99 7 14 0 0 0 0 0 0 130 138 92 10 120 10 14 4 76 0 30 12 0 2 0 0 0 0 0 0 0 0 
223 105 28 2 0 0 0 0 0 0 110 162 174 2 68 108 4 0 48 0 52 2 0 0 0 0 0 0 0 0 0 0 
305 89 7 3 0 0 0 0 0 0 126 264 138 44 126 38 44 0 16 4 64 4 0 0 0 0 0 0 0 0 0 0 
344 96 27 1 0 0 0 0 0 0 156 306 160 32 42 156 8 4 28 2 24 50 0 0 0 0 0 0 0 0 0 0 
231 139 47 5 0 0 0 0 0 0 104 126 192 2 58 168 2 6 94 0 10 4 8 8 0 0 0 0 0 0 0 0 
248 107 10 0 0 0 0 0 0 0 102 174 158 18 146 60 10 10 16 6 14 2 0 0 0 0 0 0 0 0 0 0 
197 35 19 41 3 0 0 0 0 0 232 0 0 0 52 8 2 0 24 32 42 16 14 50 26 38 12 2 2 2 0 0 
254 51 8 75 8 0 0 0 0 0 302 0 0 0 64 18 0 0 50 70 42 4 36 26 2 20 58 0 2 2 0 0 
150 70 9 66 14 0 0 0 0 0 162 0 0 0 84 4 0 0 32 30 30 24 36 46 4 52 30 0 6 10 0 0 
125 21 5 45 8 0 0 0 0 0 156 0 0 0 26 0 0 0 8 12 64 2 18 44 12 18 14 2 10 0 0 0 
140 45 12 76 19 0 0 0 0 0 156 0 0 0 50 2 0 0 36 6 54 40 20 70 14 56 18 8 16 2 0 0 
148 85 16 131 77 0 0 0 0 0 142 0 0 0 68 2 6 0 64 54 62 4 98 138 30 50 54 10 28 2 0 0 
154 4 1 8 0 0 0 0 0 0 224 0 0 0 14 20 0 0 2 18 18 0 2 18 4 4 4 0 0 0 0 0 
197 38 1 33 5 0 0 0 0 0 266 0 2 0 80 4 0 2 14 14 74 0 12 30 10 16 20 0 2 0 0 0 
217 71 74 60 15 1 0 0 0 0 194 0 0 0 90 76 2 0 44 40 10 24 16 148 30 76 14 4 6 10 0 0 
132 8 51 7 0 0 0 0 0 0 164 0 0 0 16 58 2 0 12 38 10 2 0 56 54 20 0 2 0 0 0 0 
120 12 108 23 8 1 0 0 0 0 120 0 0 0 18 92 30 0 24 26 4 4 2 102 36 60 10 26 16 0 0 0 
117 33 28 57 12 0 0 0 0 0 114 0 0 0 42 6 8 0 46 16 12 46 10 60 12 78 8 10 4 2 0 0 
240 10 15 19 0 0 0 0 0 0 324 0 0 0 16 84 0 0 16 24 18 0 2 18 4 2 20 0 0 0 0 0 
192 31 2 21 0 0 0 0 0 0 280 0 0 0 60 10 0 0 18 24 32 0 2 6 0 2 22 0 0 0 0 0 
220 21 1 8 0 0 0 0 0 0 310 0 0 0 59 30 0 2 12 20 38 0 2 32 4 2 6 0 0 0 0 0 
242 0 12 9 0 0 0 0 0 0 224 142 0 0 0 54 2 0 74 0 0 22 24 2 2 52 0 0 52 52 0 0 
151 0 12 17 1 0 0 0 0 0 144 30 0 0 0 22 2 0 66 0 0 30 40 8 4 60 0 0 32 20 0 0 
227 0 8 18 1 0 0 0 0 0 266 80 0 0 0 14 2 6 38 4 0 44 22 0 10 54 10 0 20 26 0 0 
182 0 72 8 0 0 0 0 0 0 142 40 0 0 10 110 10 0 68 0 0 68 40 2 22 54 0 0 20 50 0 0 
160 0 18 4 0 0 0 0 0 0 148 108 0 0 0 28 18 0 32 0 0 32 36 0 2 68 0 0 12 26 0 0 
252 8 1 22 26 10 0 0 0 0 279 116 8 0 0 36 0 2 6 12 2 8 0 0 34 20 2 12 84 22 0 0 
282 1 6 39 14 6 0 0 0 0 346 66 0 0 0 6 0 14 0 28 2 44 2 0 32 28 18 2 62 20 0 0 
258 8 11 76 42 7 0 0 0 0 258 78 8 0 0 16 0 16 2 28 22 28 2 0 70 88 6 24 82 36 0 0 
221 2 6 71 53 24 0 0 0 0 206 36 2 0 0 4 0 14 0 46 0 40 0 28 62 8 12 6 134 52 0 0 
197 31 13 91 100 27 0 0 0 0 176 78 22 0 0 18 0 14 0 46 0 30 0 26 152 44 4 12 164 42 0 0 
174 1 17 52 24 6 0 0 0 0 192 34 0 0 0 16 0 36 0 60 2 14 0 2 66 18 2 2 62 16 0 0 
207 0 0 15 6 5 0 0 0 0 265 70 0 0 0 14 0 0 2 2 0 20 0 0 2 2 10 0 58 24 0 0 
259 0 1 9 1 1 0 0 0 0 318 136 0 0 0 26 2 0 16 0 0 24 4 0 0 30 12 0 40 46 0 0 
235 1 0 74 17 23 0 0 0 0 266 25 2 0 0 2 0 0 0 4 0 103 0 18 10 2 44 2 114 52 0 0 
241 0 2 27 1 5 0 0 0 0 330 43 0 0 0 8 0 10 0 0 0 61 2 0 0 12 32 0 28 22 0 0 
340 5 3 54 1 5 0 0 0 0 370 148 17 0 0 12 0 0 6 0 10 127 4 0 4 4 24 0 36 24 0 0 
144 0 6 35 6 0 0 0 0 0 178 16 0 0 0 2 0 14 2 20 12 38 8 0 30 44 8 2 6 6 0 0 
154 0 1 7 0 0 0 0 0 0 232 40 0 0 0 8 0 12 0 4 0 18 2 0 2 14 16 0 4 10 0 0 
206 0 30 32 9 2 0 0 0 0 250 16 0 0 0 20 2 70 0 40 2 26 2 2 36 26 24 2 24 18 0 0 
285 0 22 40 10 6 0 0 0 0 228 116 0 0 0 74 2 2 106 0 16 18 24 8 8 84 2 12 96 28 0 0 
208 0 70 66 11 18 0 0 0 0 124 108 2 0 2 68 42 16 74 0 72 2 24 0 0 28 8 20 114 26 0 0 
178 1 14 57 28 7 0 0 0 0 156 42 0 0 0 30 2 2 20 0 26 14 10 2 26 94 4 24 74 34 0 0 
242 8 14 40 28 11 0 0 0 0 211 146 8 0 0 66 2 2 36 2 16 4 2 0 28 56 4 26 88 32 0 0 
170 1 89 122 59 38 0 0 0 0 122 42 0 0 0 30 16 52 20 0 40 50 30 0 6 64 46 44 202 88 0 0 
154 0 35 75 12 1 0 0 0 0 172 8 0 0 0 30 0 38 2 56 22 44 2 0 82 44 2 2 32 30 0 0 
248 52 5 13 0 5 0 0 0 0 284 72 28 4 54 14 6 46 10 0 6 74 14 0 0 4 0 12 12 0 0 0 
210 28 3 0 0 0 0 0 0 0 234 110 48 2 44 28 6 18 10 0 12 16 2 0 0 0 0 0 0 0 0 0 
261 28 1 7 0 1 0 0 0 0 266 132 84 0 14 10 4 4 16 0 28 40 30 2 0 0 0 2 2 0 0 0 
199 46 8 0 0 0 0 0 0 0 262 56 12 2 46 14 18 30 2 0 20 30 2 0 0 0 0 0 0 0 0 0 
280 43 7 4 0 1 0 0 0 0 322 106 14 8 16 2 16 22 2 2 28 68 12 4 0 8 0 2 2 0 0 0 
281 108 6 0 0 0 0 0 0 0 276 128 52 56 68 12 62 36 2 2 48 42 2 0 0 0 0 0 0 0 0 0 
359 76 7 8 0 0 0 0 0 0 280 240 190 6 92 32 4 6 20 2 72 20 12 0 0 10 0 0 0 0 0 0 
242 99 0 1 0 0 0 0 0 0 166 174 132 44 22 12 28 2 4 0 88 6 14 0 0 0 0 0 0 0 0 0 
246 72 8 0 0 0 0 0 0 0 160 198 56 60 44 68 20 6 24 0 38 14 2 0 0 0 0 0 0 0 0 0 
172 40 41 49 0 0 0 0 0 0 168 2 34 0 22 0 6 0 64 2 58 128 52 0 0 0 0 4 0 0 0 0 
162 46 87 72 0 0 0 0 0 0 128 6 24 0 68 0 36 0 52 32 46 156 112 2 0 0 0 46 0 0 0 0 
157 59 111 78 0 0 0 0 0 0 132 0 4 2 112 4 16 0 98 4 38 172 78 0 0 2 0 20 0 0 0 0 
184 26 66 65 0 5 0 0 0 0 144 18 18 0 28 2 52 0 58 2 20 172 80 2 0 0 0 16 12 0 0 0 
183 43 100 84 0 1 0 0 0 0 138 18 6 0 46 14 72 0 106 2 44 196 34 2 0 4 0 8 2 0 0 0 
136 30 155 41 0 1 0 0 0 0 100 2 0 4 106 2 144 4 42 4 10 150 60 0 0 0 0 24 2 0 0 0 
246 45 21 60 0 13 0 0 0 0 230 82 40 0 24 2 18 18 54 0 8 156 66 4 0 0 2 30 34 0 0 0 
181 19 1 16 0 5 0 0 0 0 216 66 16 0 14 0 0 34 20 2 10 52 14 0 0 2 0 12 12 0 0 0 
200 18 2 7 0 1 0 0 0 0 188 148 42 0 6 0 0 8 20 0 22 40 30 8 0 2 0 2 2 0 0 0 
272 68 12 42 0 1 0 0 0 0 250 82 140 0 10 4 0 0 52 2 84 96 78 2 0 0 0 6 2 0 0 0 
261 88 40 73 0 0 0 0 0 0 218 40 114 0 68 24 18 0 96 0 116 120 16 0 0 6 0 0 0 0 0 0 
166 103 14 59 0 0 0 0 0 0 138 8 102 4 18 0 0 0 62 22 128 118 42 2 0 0 0 10 0 0 0 0 
171 158 53 76 0 0 0 0 0 0 138 4 84 30 100 4 2 0 162 4 126 122 30 0 0 2 0 0 0 0 0 0 
184 146 9 26 0 0 0 0 0 0 154 26 192 14 22 14 0 0 48 4 160 44 26 0 0 0 0 0 0 0 0 0 
228 100 17 22 0 0 0 0 0 0 108 152 122 20 122 40 12 4 34 12 52 36 0 0 0 24 0 0 0 0 0 0 
266 137 18 13 0 0 0 0 0 0 142 138 222 0 94 44 14 2 50 0 116 14 6 0 0 2 0 0 0 0 0 0 
244 121 45 54 0 0 0 0 0 0 124 112 98 4 166 70 14 0 96 0 70 88 0 0 0 4 0 0 0 0 0 0 
201 49 4 7 0 0 0 0 0 0 108 170 124 2 78 10 2 0 8 2 32 10 0 0 0 10 0 0 0 0 0 0 
164 71 41 125 51 13 0 0 0 0 76 34 0 2 52 0 0 22 16 60 152 86 76 0 6 78 72 72 2 0 0 0 
115 8 38 67 2 0 0 0 0 0 68 20 0 0 2 2 0 50 16 52 118 50 14 0 0 42 4 2 0 0 0 0 
102 30 24 90 7 1 0 0 0 0 68 14 0 2 16 8 0 14 16 74 144 8 12 0 0 72 14 12 0 2 0 0 
120 9 21 144 22 2 0 0 0 0 68 6 0 0 2 0 0 22 30 40 166 98 12 10 20 80 4 54 2 0 0 0 
89 52 8 83 21 1 0 0 0 0 68 0 0 20 24 0 0 2 30 34 148 8 4 12 14 82 14 14 2 0 0 0 
168 59 2 99 167 11 0 0 0 0 84 0 46 28 0 0 0 0 0 16 4 0 44 152 50 70 160 110 62 48 0 0 
119 58 6 88 105 52 0 0 0 0 82 0 4 36 0 0 0 0 0 0 16 4 44 40 16 66 74 66 104 140 0 0 
115 89 11 78 103 21 0 0 0 0 84 0 0 96 0 0 2 0 0 4 0 20 52 164 12 60 52 50 32 54 0 0 
123 24 17 121 113 12 0 0 0 0 84 0 4 16 0 4 2 0 0 20 2 2 114 50 38 144 74 68 38 54 0 0 
116 22 23 117 112 8 0 0 0 0 84 0 0 24 0 4 4 0 0 8 2 0 136 128 10 92 124 34 18 26 0 0 
115 42 47 119 45 30 0 0 0 0 84 0 0 44 0 22 22 0 0 4 0 30 162 46 2 46 48 80 38 54 0 0 
168 144 26 20 0 0 0 0 0 0 166 0 4 30 204 62 30 4 38 34 24 34 24 0 0 0 0 0 0 0 0 0 
175 61 14 40 0 0 0 0 0 0 188 0 0 4 90 32 6 0 30 42 14 20 50 0 0 2 0 0 0 0 0 0 
262 188 12 40 1 0 0 0 0 0 240 2 4 84 238 16 26 4 52 132 40 56 28 0 0 8 0 0 0 0 0 0 
199 104 87 100 0 0 0 0 0 0 196 0 0 4 118 70 60 6 134 114 36 16 44 0 0 0 0 0 0 0 0 0 
190 126 15 46 0 0 0 0 0 0 202 0 18 16 170 16 6 6 134 58 30 24 6 0 0 0 0 0 0 0 0 0 
223 84 9 71 0 0 0 0 0 0 250 6 2 12 128 8 4 0 102 68 38 26 34 0 0 2 0 0 0 0 0 0 
149 107 23 70 0 0 0 0 0 0 140 0 0 44 102 48 16 0 16 54 14 66 78 0 0 2 0 0 0 0 0 0 
117 98 55 19 0 0 0 0 0 0 112 0 0 16 108 84 46 2 10 28 24 20 24 0 0 0 0 0 0 0 0 0 
126 49 39 36 0 0 0 0 0 0 140 0 0 2 60 52 30 0 10 46 12 18 50 0 0 2 0 0 0 0 0 0 
185 43 0 62 1 0 0 0 0 0 202 16 2 36 48 0 10 0 10 98 28 38 34 0 0 8 0 0 0 0 0 0 
223 111 3 122 8 0 0 0 0 0 206 2 0 48 98 6 24 0 18 144 12 92 80 0 0 54 0 0 0 0 0 0 
176 57 2 81 1 0 0 0 0 0 188 6 2 14 54 6 2 0 14 90 54 54 74 0 0 6 0 0 0 0 0 0 
232 90 1 39 1 0 0 0 0 0 214 54 4 120 70 0 20 14 6 104 12 52 10 0 0 8 0 0 0 0 0 0 
197 93 0 111 21 0 0 0 0 0 166 26 24 50 48 0 24 0 14 174 22 76 44 0 0 86 0 0 0 0 0 0 
155 99 1 34 5 0 0 0 0 0 154 2 0 82 82 0 42 2 2 84 4 50 12 0 0 34 0 0 0 0 0 0 
165 171 8 13 0 0 0 0 0 0 130 38 2 112 164 10 14 36 16 66 30 66 0 0 0 0 0 0 0 0 0 0 
179 141 2 25 1 0 0 0 0 0 138 36 2 140 82 0 26 16 14 92 2 74 16 0 0 6 0 0 0 0 0 0 
146 203 17 30 1 0 0 0 0 0 124 2 0 82 200 0 40 2 42 130 12 46 16 0 0 18 0 2 0 0 0 0 
243 89 4 0 0 0 0 0 0 0 218 126 170 30 16 2 16 8 4 0 0 14 4 0 0 0 0 0 0 0 0 0 
300 41 0 3 0 0 0 0 0 0 188 272 104 18 8 2 12 4 20 10 8 4 0 0 0 0 0 0 0 0 0 0 
202 50 0 1 0 0 0 0 0 0 174 184 70 6 26 10 2 2 8 4 0 14 2 0 0 0 0 0 0 0 0 0 
261 45 0 1 0 0 0 0 0 0 264 122 90 58 12 0 44 36 0 6 4 6 2 0 0 0 0 0 0 0 0 0 
246 76 1 4 0 0 0 0 0 0 254 132 94 28 36 2 12 14 26 6 8 16 10 0 0 0 0 0 0 0 0 0 
260 38 0 12 0 0 0 0 0 0 228 188 50 56 14 2 10 14 16 42 2 8 0 0 0 0 0 0 0 0 0 0 
243 84 6 4 0 0 0 0 0 0 266 58 78 66 36 0 26 38 20 18 28 26 12 0 0 0 0 0 0 0 0 0 
270 122 0 17 0 0 0 0 0 0 234 102 42 132 80 0 26 84 4 46 16 64 6 0 0 0 0 0 0 0 0 0 
283 68 2 68 1 0 0 0 0 0 298 74 22 76 68 0 14 14 66 96 38 24 18 0 0 6 0 0 0 0 0 0 
254 125 19 61 0 0 0 0 0 0 268 22 56 50 96 6 6 4 142 58 56 22 8 0 0 0 0 0 0 0 0 0 
208 157 9 73 0 0 0 0 0 0 196 74 106 6 114 8 6 2 158 48 40 64 14 0 0 0 0 0 0 0 0 0 
224 148 33 5 0 0 0 0 0 0 216 66 144 44 32 4 42 18 44 36 62 16 50 0 0 0 0 0 0 0 0 0 
249 0 17 79 22 32 0 0 0 0 264 11 0 0 0 4 2 56 0 16 0 95 0 18 16 2 50 12 108 72 0 0 
136 0 26 22 8 11 0 0 0 0 176 0 0 0 0 12 2 72 0 24 0 4 0 14 6 8 16 2 36 32 0 0 
223 2 35 97 49 33 0 0 0 0 208 6 2 0 0 20 2 64 0 78 2 26 0 42 80 10 20 12 142 66 0 0 
145 2 53 69 28 22 0 0 0 0 154 0 0 0 0 2 20 74 0 42 10 8 20 62 4 20 48 8 78 44 0 0 
133 0 27 119 57 60 0 0 0 0 114 0 0 0 0 2 14 34 0 32 20 46 2 70 34 10 28 38 170 86 0 0 
127 0 64 53 20 34 0 0 0 0 140 0 0 0 0 22 30 56 0 34 2 6 4 38 6 32 30 4 100 62 0 0 
210 4 11 73 1 5 0 0 0 0 250 89 2 0 0 2 0 34 0 0 28 147 2 2 4 0 26 0 18 12 0 0 
198 6 11 17 0 1 0 0 0 0 212 113 4 0 0 14 0 34 0 0 8 45 8 8 0 16 18 0 4 6 0 0 
179 11 32 30 1 2 0 0 0 0 206 57 4 0 0 2 2 70 0 16 26 61 4 14 0 2 20 0 6 6 0 0 
174 0 10 12 1 2 0 0 0 0 224 25 0 0 0 8 0 42 0 8 0 19 0 6 0 4 34 0 6 8 0 0 
283 22 12 36 0 0 0 0 0 0 216 218 54 0 0 10 0 32 4 0 51 92 14 8 4 14 2 0 0 0 0 0 
166 54 52 130 0 0 0 0 0 0 128 81 34 12 0 4 16 64 2 10 175 201 6 8 12 10 4 0 0 0 0 0 
140 24 33 19 0 0 0 0 0 0 130 103 26 0 0 8 8 56 0 4 34 51 16 24 0 6 4 0 0 0 0 0 
206 0 4 2 0 0 0 0 0 0 244 130 0 0 0 34 10 2 8 0 0 8 10 0 0 54 10 0 12 24 0 0 
111 7 13 20 4 5 0 0 0 0 130 20 0 0 2 0 0 60 32 14 0 22 8 12 0 8 2 2 36 0 0 0 
206 10 7 10 1 1 0 0 0 0 244 92 2 0 4 0 2 60 24 8 22 28 4 4 0 24 0 2 8 0 0 0 
158 36 18 56 1 25 0 0 0 0 144 26 4 0 22 2 4 42 54 8 0 106 30 14 0 2 4 30 70 0 0 0 
254 65 29 19 1 5 0 0 0 0 288 36 16 2 62 2 22 138 36 8 0 70 6 4 0 20 0 12 16 0 0 0 
146 0 1 21 133 33 0 0 0 0 102 16 0 0 0 0 0 6 0 2 0 0 2 32 150 32 92 36 112 18 0 0 
143 1 0 92 199 65 0 0 0 0 86 2 0 0 0 0 0 0 2 58 2 4 0 168 172 10 60 102 150 70 0 0 
150 0 12 70 210 64 0 0 0 0 92 2 0 0 0 0 2 14 2 4 0 28 16 160 184 24 96 56 122 72 0 0 
121 0 0 13 136 71 0 0 0 0 86 2 0 0 0 0 0 0 0 2 0 0 0 24 126 20 84 82 130 22 0 0 
137 0 1 21 233 74 0 0 0 0 92 2 0 0 0 0 0 6 0 2 0 0 4 28 166 120 122 96 158 50 0 0 
118 0 0 19 161 129 0 0 0 0 84 0 0 0 0 0 0 0 0 4 0 2 0 48 120 24 86 160 116 86 0 0 
186 27 36 10 0 0 0 0 0 0 252 4 0 38 22 0 108 30 4 16 8 10 0 28 0 6 0 0 0 0 0 0 
200 23 178 64 3 6 0 0 0 0 186 0 0 38 14 8 220 74 22 120 16 14 0 34 6 44 0 34 0 2 0 0 
219 97 113 71 10 12 0 0 0 0 242 6 0 56 86 16 134 102 104 90 34 6 0 6 6 16 14 54 0 2 0 0 
182 68 74 27 0 0 0 0 0 0 176 0 0 106 22 0 126 16 14 16 48 50 0 56 0 4 0 0 0 0 0 0 
256 108 52 10 0 0 0 0 0 0 288 18 0 136 84 24 92 44 10 16 44 24 0 28 0 2 0 0 0 0 0 0 
212 91 130 35 0 1 0 0 0 0 190 0 0 152 22 8 152 86 36 42 94 30 12 14 0 2 0 4 0 0 0 0 
273 56 35 6 1 0 0 0 0 0 326 6 2 10 62 0 98 128 16 8 2 14 0 12 0 20 0 0 4 0 0 0 
144 13 27 4 1 0 0 0 0 0 186 14 0 0 6 0 34 108 20 8 0 4 0 4 0 16 0 0 4 0 0 0 
185 17 130 21 5 3 0 0 0 0 194 2 0 0 6 0 118 174 26 34 2 6 0 34 0 42 0 20 6 0 0 0 
162 79 94 15 12 13 0 0 0 0 160 4 2 20 72 0 30 208 32 6 10 12 0 28 2 34 12 42 14 0 0 0 
157 19 113 26 22 17 0 0 0 0 166 10 0 0 6 0 22 214 60 34 12 4 2 58 0 14 22 34 64 0 0 0 
181 23 35 18 0 0 0 0 0 0 248 14 0 28 4 0 88 10 2 6 20 28 0 58 0 12 0 0 0 0 0 0 
146 17 83 20 0 0 0 0 0 0 156 0 0 20 0 0 136 10 4 18 20 24 0 76 2 28 0 0 0 0 0 0 
174 5 40 6 0 0 0 0 0 0 246 4 0 6 2 0 98 26 2 4 2 10 0 26 0 18 0 0 0 0 0 0 
180 9 12 4 0 0 0 0 0 0 260 26 0 8 4 0 52 32 2 2 2 8 0 18 0 24 0 0 0 0 0 0 
325 69 17 8 0 0 0 0 0 0 394 72 0 18 68 6 82 46 6 8 28 46 0 20 0 8 0 0 0 0 0 0 
146 17 6 4 0 0 0 0 0 0 206 62 0 8 4 0 14 14 0 2 18 32 0 18 0 14 0 0 0 0 0 0 
179 124 39 13 0 0 0 0 0 0 192 46 6 144 48 0 42 36 22 24 36 74 2 34 0 8 0 0 0 0 0 0 
278 101 19 6 0 1 0 0 0 0 336 40 14 12 124 14 48 110 10 6 22 38 0 2 0 12 0 4 2 0 0 0 
142 37 5 4 0 0 0 0 0 0 198 10 0 8 60 0 58 38 4 6 6 2 0 2 0 2 0 0 0 0 0 0 
164 79 29 0 0 0 0 0 0 0 182 46 0 32 76 40 28 44 6 0 40 24 0 10 0 0 0 0 0 0 0 0 
247 183 113 43 0 1 0 0 0 0 212 20 0 136 140 138 46 78 184 14 46 24 0 10 0 12 2 4 0 0 0 0 
222 151 52 1 0 0 0 0 0 0 226 72 6 94 106 48 36 114 4 2 64 72 0 10 0 0 0 0 0 0 0 0 
175 86 14 1 0 0 0 0 0 0 204 60 6 30 54 0 34 46 0 10 20 68 0 4 0 2 0 0 0 0 0 0 
340 105 8 6 1 7 0 0 0 0 220 250 128 20 142 40 2 44 24 4 6 34 0 0 0 30 8 20 6 0 0 0 
302 119 69 0 0 0 0 0 0 0 240 158 28 64 88 168 8 64 52 0 60 68 0 2 0 0 0 0 0 0 0 0 
171 66 21 1 0 0 0 0 0 0 188 98 14 26 44 0 16 46 0 10 42 66 0 4 0 8 0 0 0 0 0 0 
246 37 17 1 0 0 0 0 0 0 298 44 16 48 76 86 44 8 6 0 26 4 0 2 0 0 2 0 0 0 0 0 
266 68 68 0 0 0 0 0 0 0 284 34 8 28 98 128 32 76 40 2 36 0 0 2 0 0 8 0 0 0 0 0 
248 47 47 6 0 0 0 0 0 0 246 96 18 16 54 138 38 2 38 0 36 22 4 0 0 0 0 0 0 0 0 0 
224 140 31 1 0 0 0 0 0 0 166 16 42 46 228 184 16 6 6 4 12 0 0 8 0 0 2 0 0 0 0 0 
280 77 57 2 0 0 0 0 0 0 188 62 128 44 74 234 30 12 4 0 46 16 0 0 0 0 0 0 0 0 0 0 
192 114 94 0 0 0 0 0 0 0 138 24 20 24 90 238 54 14 20 0 20 0 2 0 0 0 0 0 0 0 0 0 
247 17 70 47 0 0 0 0 0 0 248 58 2 30 6 2 10 122 18 4 86 138 44 0 0 0 8 0 0 0 0 0 
240 15 7 11 0 0 0 0 0 0 314 26 4 60 28 2 24 40 14 0 44 28 4 2 0 0 8 0 0 0 0 0 
261 21 17 18 0 0 0 0 0 0 300 104 18 44 24 34 42 16 26 0 44 48 26 0 0 0 0 0 0 0 0 0 
270 52 10 42 6 0 0 0 0 0 296 20 22 62 4 0 12 38 108 6 72 66 4 0 18 2 2 10 0 0 0 0 
253 102 21 56 12 0 0 0 0 0 214 90 48 134 10 6 12 14 58 6 72 66 66 2 28 4 0 20 2 0 0 0 
297 87 6 7 1 0 0 0 0 0 334 50 66 138 56 16 32 26 52 10 30 24 4 0 2 0 0 2 0 0 0 0 
198 23 10 1 0 0 0 0 0 0 274 2 0 24 98 16 10 50 2 0 16 2 0 2 0 0 14 0 0 0 0 0 
197 68 3 0 0 0 0 0 0 0 246 2 2 26 162 32 10 20 2 0 4 0 0 24 0 0 2 0 0 0 0 0 
150 53 11 0 0 0 0 0 0 0 172 2 2 12 134 32 2 48 4 0 6 0 0 8 0 0 8 0 0 0 0 0 
201 8 102 26 0 0 0 0 0 0 160 52 0 2 6 4 0 148 22 30 58 108 36 0 0 0 8 0 0 0 0 0 
293 30 72 31 0 0 0 0 0 0 270 114 6 22 36 62 14 68 60 12 58 84 44 0 0 0 0 0 0 0 0 0 
236 34 72 6 0 0 0 0 0 0 238 50 2 20 36 52 14 118 60 24 32 26 12 0 0 0 2 0 0 0 0 0 
206 39 99 33 0 0 0 0 0 0 178 36 2 44 4 20 2 128 20 44 84 58 86 0 0 2 0 0 0 0 0 0 
294 10 77 6 0 0 0 0 0 0 204 168 2 16 8 76 0 152 22 62 44 28 16 0 0 2 2 0 0 0 0 0 
201 14 64 9 0 0 0 0 0 0 190 34 0 4 58 14 2 144 14 22 40 38 2 0 0 0 24 0 0 0 0 0 
130 31 33 1 0 0 0 0 0 0 148 16 0 4 66 14 2 100 22 6 12 0 0 0 0 0 8 0 0 0 0 0 
172 91 78 6 0 0 0 0 0 0 154 20 0 56 52 48 38 144 66 24 44 0 2 0 0 0 2 0 0 0 0 0 
224 25 69 7 0 0 0 0 0 0 140 138 0 2 40 30 2 162 30 64 14 12 2 0 0 8 4 0 0 0 0 0 
270 5 20 4 0 0 0 0 0 0 252 182 36 0 4 2 110 34 16 6 2 0 0 4 0 0 10 0 0 0 0 0 
210 17 7 0 0 0 0 0 0 0 220 104 70 0 14 4 80 6 2 14 0 0 0 2 0 0 0 0 0 0 0 0 
352 32 51 1 2 0 0 0 0 0 358 162 72 8 6 20 52 28 56 42 2 0 2 40 8 2 10 0 0 0 0 0 
308 53 16 2 0 0 0 0 0 0 216 160 128 26 14 40 178 26 4 16 0 2 2 2 0 4 2 0 0 0 0 0 
264 19 5 3 0 0 0 0 0 0 216 218 60 2 0 22 76 4 4 8 0 2 2 2 0 0 2 0 0 0 0 0 
264 52 5 0 0 0 0 0 0 0 244 88 150 2 20 18 108 0 2 12 0 2 2 2 0 0 0 0 0 0 0 0 
210 4 22 2 0 0 0 0 0 0 220 172 8 0 0 2 40 24 14 18 0 0 2 12 4 0 24 0 0 0 0 0 
236 6 67 17 0 0 0 0 0 0 168 188 8 0 2 16 80 96 26 60 12 0 2 24 4 0 44 0 0 0 0 0 
348 35 26 36 0 0 0 0 0 0 152 350 22 0 22 12 56 76 118 60 0 0 2 10 20 0 24 0 0 0 0 0 
318 7 14 8 0 0 0 0 0 0 214 340 46 4 2 4 50 22 34 4 0 2 0 4 0 0 10 0 0 0 0 0 
202 0 27 20 0 0 0 0 0 0 150 184 16 0 0 2 76 46 58 6 2 0 0 2 0 0 10 0 0 0 0 0 
192 5 55 1 16 0 0 0 0 0 202 94 2 0 0 4 4 46 46 14 0 2 0 46 36 10 10 0 2 0 0 0 
209 27 113 1 20 0 0 0 0 0 204 50 18 2 0 18 14 94 56 44 2 2 12 122 30 10 2 0 2 0 0 0 
191 7 142 22 56 7 0 0 0 0 174 30 4 0 0 28 48 60 108 28 0 2 12 90 102 30 34 0 24 2 0 0 
254 5 108 13 2 0 0 0 0 0 212 126 6 0 0 44 20 92 82 84 2 0 4 60 12 2 42 0 0 0 0 0 
161 6 96 5 2 0 0 0 0 0 168 20 4 0 0 54 2 62 110 38 0 2 4 52 8 2 4 0 0 0 0 0 
261 30 118 6 26 0 0 0 0 0 148 196 22 0 0 0 32 166 54 14 2 36 2 84 52 12 2 2 2 0 0 0 
200 5 89 6 66 2 0 0 0 0 144 128 0 0 0 0 26 78 32 4 2 4 0 78 138 28 8 0 18 0 0 0 
159 19 138 10 132 6 0 0 0 0 116 28 8 0 2 2 28 114 22 22 0 2 8 182 142 66 20 2 54 0 0 0 
318 2 41 1 4 0 0 0 0 0 238 298 14 0 0 6 14 70 30 4 2 16 0 14 18 2 10 0 0 0 0 0 
303 11 56 3 16 0 0 0 0 0 196 270 6 0 0 6 22 98 34 20 2 4 2 32 60 2 24 0 0 0 0 0 
304 18 40 12 0 0 0 0 0 0 190 216 32 2 30 18 128 64 16 38 12 0 0 10 0 0 12 0 0 0 0 0 
256 38 11 0 0 0 0 0 0 0 216 168 64 16 32 20 44 8 12 30 2 0 0 14 0 0 0 0 0 0 0 0 
265 35 14 0 0 0 0 0 0 0 202 136 68 2 72 52 114 10 2 42 0 2 2 0 4 0 0 0 0 0 0 0 
264 50 10 0 0 0 0 0 0 0 228 92 114 0 82 30 66 4 4 28 0 10 10 2 2 0 0 0 0 0 0 0 
206 30 5 0 0 0 0 0 0 0 142 162 26 2 80 20 44 8 2 24 0 2 2 0 2 0 0 0 0 0 0 0 
257 32 87 1 0 0 0 0 0 0 172 162 34 16 14 82 18 60 70 46 2 2 2 50 2 0 10 0 0 0 0 0 
180 48 64 0 1 0 0 0 0 0 164 58 60 18 2 18 8 54 32 68 10 0 12 76 0 0 0 0 0 0 0 0 
274 126 37 2 0 0 0 0 0 0 140 218 60 130 40 30 36 18 12 88 24 2 6 40 2 2 0 0 0 0 0 0 
272 123 45 0 0 0 0 0 0 0 206 76 200 18 22 38 84 20 12 66 10 2 6 40 0 0 0 0 0 0 0 0 
160 1 33 13 0 0 0 0 0 0 196 2 0 12 18 0 2 88 6 0 52 40 2 0 0 0 24 0 0 0 0 0 
190 3 8 16 0 0 0 0 0 0 252 2 0 12 14 0 2 68 18 2 42 40 2 0 0 0 8 0 0 0 0 0 
152 15 1 1 0 0 0 0 0 0 220 2 0 24 56 0 10 34 0 0 8 2 0 8 0 0 8 0 0 0 0 0 
186 82 7 0 0 0 0 0 0 0 184 40 38 72 112 24 28 36 8 2 20 0 0 0 0 0 0 0 0 0 0 0 
283 70 5 1 0 0 0 0 0 0 326 32 22 64 144 24 28 56 2 4 20 6 0 8 0 0 2 0 0 0 0 0 
262 132 8 1 0 0 0 0 0 0 224 58 170 162 58 80 26 18 22 4 30 4 0 0 0 0 0 0 0 0 0 0 
208 30 5 1 0 0 0 0 0 0 228 54 50 52 38 52 42 16 4 0 42 6 0 0 0 0 0 0 0 0 0 0 
276 101 39 1 0 0 0 0 0 0 172 58 128 52 132 144 42 78 2 0 36 14 0 0 0 0 0 0 0 0 0 0 
202 25 14 12 1 0 0 0 0 0 212 36 2 94 6 0 20 0 116 44 0 14 0 2 4 0 0 2 0 0 0 0 
205 63 53 37 8 0 0 0 0 0 186 14 20 154 0 2 48 14 150 40 14 16 2 2 18 4 0 10 0 0 0 0 
230 79 43 60 35 0 0 0 0 0 212 14 26 88 0 0 48 8 204 52 22 16 4 2 80 10 2 46 2 0 0 0 
242 73 2 13 6 0 0 0 0 0 266 40 32 120 14 0 4 2 144 26 10 18 2 2 16 0 0 10 0 0 0 0 
240 90 3 1 0 0 0 0 0 0 236 86 42 144 76 6 20 14 56 26 12 6 0 0 0 0 0 0 0 0 0 0 
200 193 1 21 6 0 0 0 0 0 164 20 154 232 14 0 2 2 120 34 22 4 8 0 16 0 0 14 0 0 0 0 
161 118 5 0 0 0 0 0 0 0 142 24 114 166 38 6 10 6 40 12 4 2 0 0 0 0 0 0 0 0 0 0 
295 162 9 8 0 0 0 0 0 0 280 36 110 298 20 0 4 8 108 56 4 6 2 0 0 0 0 0 0 0 0 0 
150 109 5 0 0 0 0 0 0 0 152 6 10 14 208 14 6 56 0 4 10 2 0 14 0 0 0 0 0 0 0 0 
191 8 2 52 2 0 0 0 0 0 220 6 0 4 0 0 0 28 124 6 42 94 0 4 8 2 0 2 0 0 0 0 
195 22 3 40 6 0 0 0 0 0 208 14 2 26 0 0 2 4 154 14 32 50 0 2 18 2 0 10 0 0 0 0 
191 19 11 154 29 1 0 0 0 0 178 6 0 6 0 0 2 6 134 30 90 160 8 12 84 54 14 8 6 10 0 0 
153 32 35 84 11 0 0 0 0 0 144 0 0 26 0 0 0 50 72 26 90 106 16 0 44 16 0 4 0 0 0 0 
169 64 14 96 36 0 0 0 0 0 154 2 16 48 0 0 2 6 120 26 80 54 16 0 96 46 2 34 4 0 0 0 
224 6 3 53 0 0 0 0 0 0 256 30 0 8 12 0 6 12 106 28 6 130 0 34 4 2 0 0 0 0 0 0 
289 29 2 38 1 0 0 0 0 0 296 66 2 72 34 0 4 12 160 38 8 78 0 4 6 2 0 2 0 0 0 0 
138 2 25 22 0 0 0 0 0 0 162 2 0 4 2 0 2 74 12 2 58 60 2 0 0 0 8 0 0 0 0 0 
117 66 61 124 87 20 0 0 0 0 76 0 0 0 50 2 4 28 2 20 166 32 18 70 156 2 12 54 86 4 0 0 
87 9 60 90 13 5 0 0 0 0 68 0 0 0 4 2 30 14 12 24 128 48 32 26 28 0 10 22 16 0 0 0 
91 29 49 111 28 12 0 0 0 0 68 0 0 0 24 0 12 8 0 18 136 68 40 46 48 0 24 20 52 2 0 0 
96 17 71 133 12 5 0 0 0 0 68 0 0 0 4 16 4 36 4 70 194 52 30 12 48 2 24 30 28 0 0 0 
91 64 38 110 11 3 0 0 0 0 68 0 0 0 50 0 2 16 0 42 140 54 34 4 118 8 6 16 36 0 0 0 
183 100 24 3 0 0 0 0 0 0 160 22 6 2 172 12 8 40 26 82 12 8 0 0 0 0 0 0 0 0 0 0 
167 165 63 14 0 0 0 0 0 0 132 8 4 0 240 14 66 42 12 104 34 68 0 0 0 0 0 0 0 0 0 0 
208 126 105 12 0 0 0 0 0 0 176 6 4 2 188 40 74 100 36 120 26 46 2 0 0 0 0 0 0 0 0 0 
268 141 14 30 0 0 0 0 0 0 156 46 54 14 288 30 10 22 52 144 30 12 2 0 0 0 0 0 0 0 0 0 
260 103 19 7 0 0 0 0 0 0 248 44 18 2 240 6 10 36 30 72 18 4 0 0 0 0 0 0 0 0 0 0 
191 127 44 11 1 0 0 0 0 0 170 0 16 0 266 4 36 92 8 66 10 22 6 0 0 0 0 0 0 0 0 0 
175 82 6 6 0 0 0 0 0 0 180 0 16 0 216 6 6 44 8 60 10 0 0 0 0 0 0 0 0 0 0 0 
198 60 33 4 0 0 0 0 0 0 212 18 2 0 160 4 48 66 14 40 4 0 0 0 0 0 0 0 0 0 0 0 
176 92 22 20 0 0 0 0 0 0 168 4 2 0 198 32 16 36 62 38 14 0 2 2 0 0 0 0 0 0 0 0 
212 79 13 38 0 0 0 0 0 0 162 8 42 2 186 16 2 14 96 60 48 2 2 0 0 0 0 0 0 0 0 0 
138 40 5 11 0 0 0 0 0 0 154 24 2 0 104 12 2 10 52 12 18 0 0 0 0 0 0 0 0 0 0 0 
143 35 15 1 0 0 0 0 0 0 172 44 0 0 72 0 14 26 30 26 6 0 0 0 0 0 0 0 0 0 0 0 
162 58 37 5 0 0 0 0 0 0 174 44 2 2 92 4 16 34 42 60 24 2 0 0 0 0 0 0 0 0 0 0 
258 51 18 2 0 0 0 0 0 0 166 200 0 10 94 22 2 74 54 8 24 0 0 0 0 0 0 0 0 0 0 0 
241 69 39 2 0 0 0 0 0 0 176 142 4 4 108 12 2 100 50 56 12 6 0 0 0 0 0 0 0 0 0 0 
199 38 55 4 0 0 0 0 0 0 146 124 0 8 60 10 8 120 52 26 10 2 0 0 0 0 0 0 0 0 0 0 
188 131 75 27 1 0 0 0 0 0 148 0 8 0 210 8 72 150 18 102 6 16 16 0 0 0 0 0 0 0 0 0 
98 40 73 11 0 0 0 0 0 0 96 0 0 0 44 16 84 88 2 64 10 2 4 0 0 0 0 0 0 0 0 0 
115 63 30 4 0 0 0 0 0 0 110 0 0 0 126 16 46 52 4 38 0 0 0 2 0 0 0 0 0 0 0 0 
104 48 121 47 1 0 0 0 0 0 86 0 0 0 52 2 124 108 18 120 12 10 26 10 0 0 0 0 0 0 0 0 
301 122 77 26 0 0 0 0 0 0 154 42 74 44 173 8 30 90 78 134 86 36 0 0 0 0 0 0 0 0 0 0 
170 65 69 6 0 0 0 0 0 0 126 50 2 50 4 114 90 18 12 10 42 12 12 0 38 10 0 0 0 0 0 0 
175 34 122 6 0 0 0 0 0 0 150 20 0 18 0 152 96 62 34 4 58 4 6 0 26 10 0 0 0 0 0 0 
235 47 65 6 0 0 0 0 0 0 116 168 0 30 24 60 142 46 6 2 22 16 12 0 48 2 0 0 0 0 0 0 
172 15 123 6 0 0 0 0 0 0 132 52 0 2 8 68 136 124 14 2 30 14 4 0 48 2 0 0 0 0 0 0 
165 63 153 40 0 0 0 0 0 0 110 52 0 40 22 90 134 72 32 40 60 38 24 0 100 24 0 0 0 0 0 0 
310 83 20 0 0 0 0 0 0 0 310 10 32 54 92 82 132 38 0 14 0 14 10 0 44 0 0 0 0 0 0 0 
266 53 12 0 0 0 0 0 0 0 220 68 64 8 128 64 84 2 2 44 0 10 10 0 12 0 0 0 0 0 0 0 
213 54 14 0 0 0 0 0 0 0 198 30 48 26 78 20 100 2 0 12 0 24 24 0 12 0 0 0 0 0 0 0 
140 11 43 0 0 0 0 0 0 0 150 12 18 30 0 102 56 2 42 0 10 0 2 0 0 0 0 0 0 0 0 0 
196 17 108 6 0 0 0 0 0 0 142 16 54 40 0 198 120 2 76 14 34 14 14 0 0 2 0 0 0 0 0 0 
222 17 45 0 0 0 0 0 0 0 170 50 98 46 4 118 102 4 38 0 2 2 2 0 0 0 0 0 0 0 0 0 
203 33 34 0 0 0 0 0 0 0 188 24 48 68 0 74 128 14 26 0 2 2 2 0 2 0 0 0 0 0 0 0 
181 17 30 0 0 0 0 0 0 0 138 70 124 6 42 72 40 26 0 4 0 2 0 0 16 0 0 0 0 0 0 0 
163 7 49 0 0 0 0 0 0 0 120 36 114 0 26 28 48 50 0 2 2 4 0 0 68 0 0 0 0 0 0 0 
150 3 21 0 0 0 0 0 0 0 172 26 42 6 2 54 44 32 4 0 0 0 2 0 10 0 0 0 0 0 0 0 
184 5 97 0 0 0 0 0 0 0 176 18 32 6 2 64 88 130 6 0 8 0 2 0 52 0 0 0 0 0 0 0 
179 5 70 0 0 0 0 0 0 0 200 16 16 6 2 100 64 62 28 0 12 0 4 0 4 0 0 0 0 0 0 0 
121 64 28 6 0 0 0 0 0 0 132 0 0 22 92 0 36 36 46 0 0 22 0 0 14 0 8 0 0 0 0 0 
267 190 33 18 0 0 0 0 0 0 252 0 2 184 138 0 102 72 56 2 2 68 4 0 8 2 2 0 0 0 0 0 
125 92 15 2 0 0 0 0 0 0 128 0 0 84 80 4 20 22 8 0 2 80 0 2 24 0 14 0 2 0 0 0 
138 108 23 19 0 0 0 0 0 0 134 0 0 44 130 0 38 40 64 18 0 42 4 0 8 0 2 0 0 0 0 0 
119 96 5 10 0 0 0 0 0 0 122 0 0 96 54 0 4 44 4 2 12 82 0 0 8 0 2 0 0 0 0 0 
201 105 106 20 0 0 0 0 0 0 204 0 0 20 152 0 150 86 144 0 0 8 0 0 8 0 2 0 2 0 0 0 
146 105 28 24 0 0 0 0 0 0 146 0 0 22 156 0 60 54 104 4 0 10 2 0 2 0 0 0 0 0 0 0 
144 133 105 29 0 0 0 0 0 0 126 0 0 32 164 0 138 50 178 12 0 16 6 0 8 0 2 2 0 0 0 0 
139 163 26 18 0 0 0 0 0 0 126 0 18 216 20 0 8 88 8 10 30 92 0 0 2 0 2 0 0 0 0 0 
133 191 63 34 0 0 0 0 0 0 108 0 22 204 40 0 46 112 16 8 14 120 20 0 0 2 0 0 0 0 0 0 
129 200 27 8 0 0 0 0 0 0 106 0 68 252 48 8 50 106 0 2 14 40 2 2 0 0 0 0 2 0 0 0 
142 170 27 3 0 0 0 0 0 0 126 0 4 216 78 14 48 44 0 0 2 74 0 10 8 0 8 0 10 0 0 0 
131 148 31 13 0 0 0 0 0 0 108 0 4 186 66 2 84 44 2 4 2 64 4 2 0 2 0 0 2 0 0 0 
169 100 40 8 0 0 0 0 0 0 176 0 8 50 74 0 158 44 42 4 0 14 0 0 0 0 0 0 2 0 0 0 
228 149 152 36 0 0 0 0 0 0 186 0 0 48 210 24 164 130 184 0 14 34 4 0 0 0 0 0 2 0 0 0 
178 154 190 25 0 0 0 0 0 0 136 0 8 50 132 8 334 94 106 12 0 72 2 10 2 0 0 0 24 0 0 0 
131 59 124 16 0 0 0 0 0 0 132 0 0 22 60 2 152 90 112 0 0 12 0 0 0 0 0 0 2 0 0 0 
127 6 70 14 0 1 0 0 0 0 108 18 0 0 36 2 78 60 12 0 28 26 2 18 0 0 0 4 2 2 0 0 
178 36 118 23 0 0 0 0 0 0 106 56 4 14 50 2 142 98 44 26 6 68 2 4 0 12 0 2 0 0 0 0 
153 18 137 53 0 5 0 0 0 0 118 4 0 6 44 2 88 124 18 6 72 62 2 32 0 12 0 22 12 10 0 0 
166 6 109 3 0 0 0 0 0 0 106 42 0 0 86 22 78 94 8 30 4 46 12 4 0 0 0 0 0 0 0 0 
159 6 158 31 0 8 0 0 0 0 110 8 0 0 110 58 54 134 20 20 28 22 30 24 0 2 0 24 16 4 0 0 
176 31 165 17 0 0 0 0 0 0 104 24 0 14 112 50 120 104 32 20 4 38 28 4 0 2 0 4 2 2 0 0 
113 2 79 81 1 7 0 0 0 0 92 2 0 0 6 2 34 62 24 0 96 86 4 32 0 6 4 20 14 10 0 0 
97 1 102 85 1 21 0 0 0 0 86 0 0 0 6 2 14 94 20 0 96 30 2 76 0 18 2 64 42 24 0 0 
190 98 55 14 0 0 0 0 0 0 54 156 94 30 0 116 92 4 2 60 4 20 6 0 2 0 4 0 0 0 0 0 
107 150 40 6 0 0 0 0 0 0 54 32 186 36 0 120 34 4 0 34 4 18 10 0 2 0 2 0 0 0 0 0 
83 83 56 7 0 0 0 0 0 0 54 40 52 50 0 92 72 0 10 12 0 40 18 0 0 0 12 0 0 0 0 0 
259 53 1 7 0 0 0 0 0 0 256 48 18 128 84 24 42 40 4 2 14 0 2 0 12 10 0 0 0 0 0 0 
245 71 9 4 0 0 0 0 0 0 228 48 40 94 120 80 40 44 0 6 10 2 16 0 2 2 0 0 0 0 0 0 
205 40 6 8 0 0 0 0 0 0 184 70 6 64 92 46 40 22 0 2 14 2 16 0 12 10 0 0 0 0 0 0 
258 54 4 2 0 0 0 0 0 0 164 130 84 52 50 44 48 114 0 6 2 0 2 0 2 6 0 2 0 0 0 0 
270 67 34 42 4 0 0 0 0 0 140 176 26 96 46 60 56 46 4 50 38 6 2 6 36 54 0 0 0 4 0 0 
293 72 38 20 1 0 0 0 0 0 132 178 54 98 50 94 78 42 0 6 10 2 58 0 14 2 4 2 2 0 0 0 
243 98 7 1 0 0 0 0 0 0 180 20 98 60 126 68 82 84 0 4 0 0 4 0 2 4 0 2 0 0 0 0 
226 122 5 1 0 0 0 0 0 0 136 0 102 60 232 46 40 56 0 26 10 0 4 0 0 0 0 0 0 0 0 0 
332 136 4 7 0 0 0 0 0 0 340 6 60 152 230 36 18 50 16 20 22 0 0 0 0 0 0 0 0 0 0 0 
294 119 39 12 0 0 0 0 0 0 200 6 60 120 148 124 74 38 0 12 24 6 40 0 0 0 22 0 2 0 0 0 
256 69 6 0 0 0 0 0 0 0 238 4 106 74 158 76 10 26 4 12 8 0 2 0 0 0 0 0 0 0 0 0 
198 39 64 14 0 0 0 0 0 0 114 48 10 38 4 74 20 60 0 12 78 34 62 0 0 12 32 0 0 0 0 0 
194 62 47 23 0 0 0 0 0 0 118 24 32 80 16 84 42 20 0 4 36 42 36 0 0 2 64 0 0 0 0 0 
232 76 74 16 0 0 0 0 0 0 160 26 10 100 20 92 40 68 0 24 78 20 66 0 0 2 30 0 0 0 0 0 
180 161 49 43 0 0 0 0 0 0 118 12 142 50 54 156 0 18 42 16 116 44 2 2 0 0 0 0 0 10 0 0 
145 127 49 54 0 0 0 0 0 0 114 4 22 50 72 142 0 34 16 28 140 22 2 0 0 0 0 0 0 40 0 0 
200 90 75 27 0 0 0 0 0 0 114 24 104 32 36 212 2 12 4 2 88 66 2 0 0 0 0 0 0 10 0 0 
199 131 21 20 0 0 0 0 0 0 192 4 22 58 158 96 0 16 26 0 68 4 0 0 0 0 0 0 0 10 0 0 
282 102 20 9 0 0 0 0 0 0 252 84 82 62 94 144 2 2 10 0 52 18 2 0 0 0 0 0 0 2 0 0 
229 144 72 18 0 0 0 0 0 0 198 6 28 54 126 232 14 18 6 2 62 22 2 0 0 0 0 0 0 10 0 0 
305 75 4 6 0 0 0 0 0 0 316 40 6 102 164 38 2 2 22 0 56 0 0 0 0 0 0 0 0 0 0 0 
245 98 16 4 0 0 0 0 0 0 236 6 46 62 176 78 2 20 4 12 8 0 0 0 0 0 0 0 0 0 0 0 
202 52 15 1 0 0 0 0 0 0 222 36 16 22 114 90 2 2 12 0 14 0 0 0 0 0 0 0 0 0 0 0 
204 51 0 6 0 0 0 0 0 0 248 2 8 124 84 0 12 12 20 0 34 0 0 0 2 2 0 0 0 0 0 0 
254 45 2 9 0 0 0 0 0 0 278 50 2 106 110 22 26 4 10 2 48 2 8 0 12 10 0 0 0 0 0 0 
275 71 19 10 0 0 0 0 0 0 322 2 10 138 108 8 42 28 40 4 20 12 0 0 2 4 0 0 0 4 0 0 
202 56 3 2 0 0 0 0 0 0 252 2 8 120 60 4 12 4 32 2 26 4 0 0 2 2 0 0 0 0 0 0 
215 98 18 22 1 0 0 0 0 0 198 32 0 164 68 6 44 8 32 30 26 20 0 2 30 26 0 0 0 0 0 0 
249 69 0 3 0 0 0 0 0 0 272 64 24 110 60 14 2 0 60 0 46 4 2 0 0 0 0 0 0 0 0 0 
214 172 3 27 3 0 0 0 0 0 152 92 76 204 40 12 4 0 116 6 40 12 22 2 22 6 0 4 2 0 0 0 
202 44 2 11 0 0 0 0 0 0 202 92 8 68 76 26 12 0 24 0 36 12 16 0 4 2 0 0 0 0 0 0 
253 143 6 4 0 0 0 0 0 0 210 106 144 154 24 58 2 4 80 6 26 10 2 0 0 0 0 0 0 0 0 0 
210 31 1 2 0 0 0 0 0 0 228 96 12 44 70 32 4 0 26 0 28 4 2 0 0 0 0 0 0 0 0 0 
287 65 24 35 1 0 0 0 0 0 240 166 12 82 52 40 14 6 38 0 58 66 58 0 6 2 0 2 0 0 0 0 
186 72 0 6 0 0 0 0 0 0 148 2 102 120 66 2 2 20 0 48 34 0 10 0 0 0 0 0 0 0 0 0 
246 73 21 3 0 0 0 0 0 0 254 20 84 38 152 106 2 20 12 14 12 0 0 0 0 0 0 0 0 0 0 0 
192 77 7 2 0 0 0 0 0 0 180 0 86 42 158 40 0 28 0 20 2 0 0 0 0 0 0 0 0 0 0 0 
227 97 15 15 0 0 0 0 0 0 222 0 108 104 98 62 0 32 2 44 12 0 10 0 0 0 0 0 0 0 0 0 
193 136 49 12 0 0 0 0 0 0 148 2 44 70 142 164 14 32 12 40 6 0 2 0 0 0 0 0 0 0 0 0 
202 202 47 50 0 0 0 0 0 0 140 0 52 80 226 62 0 104 14 120 30 0 10 0 0 0 0 0 0 8 0 0 
62 16 58 47 74 17 0 0 0 0 46 0 2 2 0 38 24 10 24 30 48 2 0 2 70 22 24 116 14 2 0 0 
59 17 48 82 22 11 0 0 0 0 54 0 6 0 0 16 2 34 44 96 72 12 0 0 16 22 4 48 26 0 0 0 
79 94 70 94 17 2 0 0 0 0 46 2 68 24 0 38 40 46 42 126 100 6 2 2 22 8 6 28 6 0 0 0 
264 37 20 6 0 0 0 0 0 0 266 108 22 28 84 90 12 0 34 0 24 22 4 0 0 0 0 0 0 0 0 0 
365 67 17 3 0 0 0 0 0 0 378 80 44 80 164 134 30 6 16 2 30 2 16 0 4 2 0 0 0 0 0 0 
188 155 54 32 0 0 0 0 0 0 86 2 32 216 0 2 0 88 74 50 102 32 30 0 0 0 0 0 0 0 0 0 
164 80 28 32 0 0 0 0 0 0 88 6 30 118 0 14 0 20 94 26 104 46 28 0 0 0 0 0 0 0 0 0 
169 59 48 26 0 0 0 0 0 0 84 26 22 96 0 20 0 42 126 38 56 26 20 0 0 0 0 0 0 0 0 0 
183 60 17 23 0 0 0 0 0 0 118 0 46 92 2 2 0 22 52 58 116 20 58 0 0 0 0 0 0 0 0 0 
174 50 16 28 0 0 0 0 0 0 136 0 18 80 2 2 0 22 74 70 68 10 56 0 0 0 0 0 0 0 0 0 
199 49 38 63 1 0 0 0 0 0 120 6 56 68 16 30 0 12 158 68 116 26 42 2 4 0 0 0 0 0 0 0 
150 0 14 67 13 0 0 0 0 0 156 16 0 0 0 0 10 22 74 54 16 0 20 32 24 2 40 8 12 2 0 0 
208 0 5 80 61 0 0 0 0 0 176 42 0 0 0 0 0 36 76 30 4 0 14 50 120 4 76 24 14 2 0 0 
221 1 14 132 143 7 0 0 0 0 124 84 0 0 0 0 8 2 92 52 16 0 26 52 46 50 228 24 72 48 0 0 
142 0 7 108 9 7 0 0 0 0 130 16 0 0 0 0 0 14 122 30 4 0 34 94 20 4 48 28 12 4 0 0 
138 0 16 161 33 3 0 0 0 0 116 16 0 0 0 0 10 2 106 32 38 0 84 162 40 2 66 10 16 6 0 0 
146 0 1 112 26 2 0 0 0 0 114 42 0 0 0 0 0 2 98 12 4 0 40 92 44 4 94 18 6 2 0 0 
217 42 13 14 0 0 0 0 0 0 222 0 46 2 102 0 0 26 38 44 32 4 22 0 0 0 0 0 0 0 0 0 
145 11 5 17 0 0 0 0 0 0 144 0 26 12 22 0 0 10 38 46 30 0 28 0 0 0 0 0 0 0 0 0 
263 48 37 26 0 0 0 0 0 0 210 0 50 30 40 2 0 46 48 116 108 14 76 0 0 0 0 0 0 0 0 0 
112 10 5 8 0 0 0 0 0 0 122 0 20 2 28 0 0 16 24 26 18 0 12 0 0 0 0 0 0 0 0 0 
103 19 13 6 0 0 0 0 0 0 114 0 2 2 38 0 0 18 14 42 30 0 14 0 0 0 0 0 0 0 0 0 
114 17 6 12 0 0 0 0 0 0 118 0 4 24 14 0 0 8 26 52 24 0 28 0 0 0 0 0 0 0 0 0 
187 72 0 3 0 0 0 0 0 0 98 112 64 0 82 6 26 32 24 24 30 46 42 0 0 0 0 0 0 0 0 0 
153 33 0 1 0 0 0 0 0 0 82 118 68 0 44 6 2 8 12 12 32 28 10 0 0 0 0 0 0 0 0 0 
198 36 1 3 0 0 0 0 0 0 194 24 98 0 88 0 8 22 10 6 20 14 10 0 0 0 0 0 0 0 0 0 
282 77 1 2 0 0 0 0 0 0 160 76 206 0 96 8 2 10 12 18 112 76 12 0 0 0 0 0 0 0 0 0 
202 24 0 14 1 0 0 0 0 0 120 48 140 0 70 0 2 8 14 38 64 14 6 0 4 0 0 0 0 0 0 0 
242 0 29 81 161 15 0 0 0 0 164 24 0 0 0 0 2 62 50 22 0 16 50 66 234 32 108 36 84 6 0 0 
128 0 20 93 85 0 0 0 0 0 108 2 0 0 0 0 2 52 48 32 0 30 76 80 164 0 30 6 2 0 0 0 
147 0 5 87 137 0 0 0 0 0 110 16 0 0 0 0 0 30 38 28 0 0 32 102 220 4 50 54 20 4 0 0 
132 0 14 41 30 0 0 0 0 0 136 2 0 0 0 0 2 52 56 38 0 2 22 14 84 0 18 6 2 0 0 0 
150 0 23 129 79 1 0 0 0 0 128 2 0 0 0 2 0 46 80 82 0 0 78 96 108 44 50 16 10 2 0 0 
245 47 12 8 0 0 0 0 0 0 216 4 140 0 100 0 0 20 20 32 50 44 12 0 0 0 0 0 0 0 0 0 
180 57 35 8 0 0 0 0 0 0 162 0 46 8 92 0 0 44 18 60 54 28 22 0 0 0 0 0 0 0 0 0 
243 58 26 9 0 0 0 0 0 0 144 2 136 18 62 0 0 44 10 78 126 48 32 0 0 0 0 0 0 0 0 0 
185 119 12 35 0 0 0 0 0 0 132 0 78 0 180 0 0 16 48 28 34 92 28 0 0 0 0 0 0 0 0 0 
191 63 8 7 0 0 0 0 0 0 106 2 146 0 96 2 0 16 6 22 68 92 4 0 0 0 0 0 0 0 0 0 
215 91 72 32 0 0 0 0 0 0 110 0 102 16 98 0 0 104 40 44 84 134 14 0 0 0 0 0 0 0 0 0 
253 20 3 25 0 0 0 0 0 0 210 4 146 0 76 2 0 10 58 46 56 8 28 0 0 0 0 0 0 0 0 0 
144 22 1 6 0 0 0 0 0 0 172 0 46 0 68 0 2 22 22 6 4 0 6 0 0 0 0 0 0 0 0 0 
107 38 0 10 0 0 0 0 0 0 108 4 16 0 74 0 12 30 32 2 0 2 14 0 0 0 0 0 0 0 0 0 
127 58 0 10 0 0 0 0 0 0 102 24 16 0 90 0 26 40 32 10 2 10 26 0 0 0 0 0 0 0 0 0 
210 117 5 38 0 0 0 0 0 0 186 4 48 0 214 0 12 26 72 16 14 16 44 0 0 0 0 0 0 0 0 0 
99 1 46 117 43 1 0 0 0 0 90 8 0 0 0 0 42 16 62 50 16 2 76 24 8 2 100 42 64 2 0 0 
125 0 59 99 45 5 0 0 0 0 110 0 0 0 0 0 30 82 48 16 0 24 102 36 68 0 40 34 34 0 0 0 
154 112 19 11 0 0 0 0 0 0 156 4 70 76 10 0 18 18 66 32 52 14 20 0 0 0 0 0 0 0 0 0 
191 153 11 7 0 0 0 0 0 0 188 6 118 64 62 0 12 32 48 62 46 50 12 0 0 0 0 0 0 0 0 0 
194 134 34 2 0 0 0 0 0 0 196 6 122 88 14 0 44 36 36 24 64 24 52 0 0 0 0 0 0 0 0 0 
148 211 17 14 0 0 0 0 0 0 120 0 164 150 50 0 4 54 82 46 60 34 4 0 0 0 0 0 0 0 0 0 
147 127 35 55 0 0 0 0 0 0 132 0 34 76 44 0 4 30 146 54 66 44 6 0 0 0 0 0 0 0 0 0 
144 127 9 21 0 0 0 0 0 0 132 0 58 40 100 2 4 10 86 64 26 34 0 0 0 0 0 0 0 0 0 0 
273 126 10 2 0 0 0 0 0 0 260 62 150 136 32 0 58 46 14 12 24 24 26 0 0 0 0 0 0 0 0 0 
189 162 68 19 0 0 0 0 0 0 144 8 156 136 28 0 62 70 84 4 46 30 52 0 0 0 0 0 0 0 0 0 
193 82 17 7 0 0 0 0 0 0 152 22 126 110 42 0 28 34 24 0 10 4 14 0 0 0 0 0 0 0 0 0 
130 140 14 7 0 0 0 0 0 0 122 8 144 126 54 0 8 22 14 2 38 18 26 0 0 0 0 0 0 0 0 0 
282 171 7 12 0 0 0 0 0 0 144 160 196 178 62 0 44 14 6 0 72 8 40 0 0 0 0 0 0 0 0 0 
192 164 45 63 0 0 0 0 0 0 120 8 140 132 116 0 16 88 82 0 82 68 20 0 0 0 0 0 0 0 0 0 
251 80 3 1 0 0 0 0 0 0 234 84 174 78 32 0 38 20 6 0 2 2 6 0 0 0 0 0 0 0 0 0 
241 98 4 7 0 0 0 0 0 0 144 104 216 26 20 2 14 8 12 2 34 12 10 2 0 0 0 0 0 0 0 0 
254 37 0 3 0 0 0 0 0 0 172 202 106 66 2 0 44 18 6 0 30 6 2 0 0 0 0 0 0 0 0 0 
210 29 0 2 0 0 0 0 0 0 158 142 56 98 14 0 54 16 4 0 8 6 4 0 0 0 0 0 0 0 0 0 
313 73 14 2 0 0 0 0 0 0 136 130 234 88 70 2 78 32 12 2 42 0 14 0 0 0 0 0 0 0 0 0 
184 144 25 2 0 0 0 0 0 0 164 96 192 8 12 6 52 16 32 14 14 22 24 0 0 0 0 0 0 0 0 0 
215 130 4 8 0 0 0 0 0 0 160 174 150 2 62 18 4 0 52 12 12 48 10 0 0 0 0 0 0 0 0 0 
261 159 5 2 0 0 0 0 0 0 146 204 202 6 58 44 6 6 12 6 34 70 4 0 0 0 0 0 0 0 0 0 
141 66 0 2 0 0 0 0 0 0 138 38 56 22 80 10 14 12 2 28 0 2 10 0 0 0 0 0 0 0 0 0 
316 115 11 23 0 0 0 0 0 0 240 156 64 82 140 6 8 18 26 124 16 2 4 0 0 0 12 0 0 0 0 0 
167 89 1 0 0 0 0 0 0 0 130 100 38 52 102 12 8 6 2 56 0 2 2 0 0 0 0 0 0 0 0 0 
137 106 0 5 0 0 0 0 0 0 146 16 116 24 88 4 8 24 6 22 12 4 4 0 0 0 2 0 0 0 0 0 
160 214 3 9 0 0 0 0 0 0 130 44 120 148 118 76 8 66 8 38 16 38 2 0 0 0 10 0 0 0 0 0 
175 210 14 7 0 0 0 0 0 0 132 56 132 112 130 16 2 58 22 124 6 20 0 0 0 0 2 0 0 0 0 0 
197 48 6 46 2 0 0 0 0 0 198 30 34 12 66 0 24 30 34 96 2 12 50 0 0 4 12 2 0 0 0 0 
169 58 12 51 2 0 0 0 0 0 166 24 18 22 60 0 2 30 58 112 4 2 24 0 0 0 34 2 0 0 0 0 
167 117 3 28 0 0 0 0 0 0 158 22 114 20 122 0 8 28 26 74 12 12 4 0 0 0 8 2 0 0 0 0 
207 168 18 44 0 0 0 0 0 0 146 40 54 118 150 0 2 82 44 118 20 12 4 2 0 0 24 10 0 0 0 0 
187 77 19 72 0 0 0 0 0 0 136 54 44 20 86 0 2 58 66 136 4 28 42 2 0 0 14 4 0 0 0 0 
254 24 11 16 3 0 0 0 0 0 146 278 0 36 60 2 0 4 10 68 32 0 16 0 0 10 24 2 0 2 0 0 
227 47 17 48 14 0 0 0 0 0 186 132 2 24 50 0 0 18 50 96 32 0 26 0 0 6 70 4 0 2 0 0 
199 51 23 3 0 0 0 0 0 0 120 184 0 72 36 12 0 20 10 84 34 0 0 0 0 0 4 0 0 0 0 0 
245 33 33 24 16 0 0 0 0 0 130 216 0 24 34 4 0 54 10 52 86 0 24 2 0 10 32 14 0 14 0 0 
210 98 40 15 0 0 0 0 0 0 144 132 2 78 96 2 0 94 24 76 62 2 0 0 0 0 12 0 0 0 0 0 
276 7 13 48 27 0 0 0 0 0 164 248 0 0 26 2 4 12 10 66 26 6 90 8 8 32 52 2 0 4 0 0 
160 3 7 36 18 0 0 0 0 0 140 76 0 0 16 0 16 26 4 48 2 12 78 8 8 22 24 0 0 2 0 0 
150 6 5 12 7 0 0 0 0 0 92 144 0 2 18 8 10 14 0 14 2 0 50 8 8 8 4 0 0 2 0 0 
150 1 19 63 92 0 0 0 0 0 122 58 0 0 2 0 18 8 2 20 16 14 138 40 48 86 24 14 0 32 0 0 
185 1 41 48 44 1 0 0 0 0 96 160 0 0 10 8 44 8 0 20 4 0 116 36 24 34 10 32 0 16 0 0 
199 21 17 79 23 0 0 0 0 0 180 48 2 6 22 0 8 36 40 128 6 12 66 2 2 22 70 2 0 4 0 0 
139 2 9 99 53 0 0 0 0 0 124 22 0 0 4 0 8 18 16 54 54 54 136 6 14 64 24 2 0 14 0 0 
156 8 26 99 86 0 0 0 0 0 122 46 0 0 4 0 2 22 12 60 36 16 150 16 22 48 82 2 0 38 0 0 
214 102 7 176 5 0 0 0 0 0 154 0 16 50 66 12 0 0 310 16 110 94 6 32 6 0 0 4 0 4 0 0 
140 78 0 98 4 0 0 0 0 0 122 0 16 36 46 0 0 0 152 4 114 40 0 16 0 0 2 0 0 2 0 0 
176 46 0 132 8 0 0 0 0 0 160 0 16 26 6 0 0 0 202 2 114 48 0 50 6 0 2 2 0 2 0 0 
121 129 1 49 0 0 0 0 0 0 100 0 48 80 92 0 0 4 156 2 68 14 0 4 0 0 0 0 0 0 0 0 
135 154 1 91 0 0 0 0 0 0 106 0 68 114 34 0 0 4 236 4 70 42 0 10 0 0 0 0 0 0 0 0 
159 131 5 113 12 0 0 0 0 0 128 0 96 68 24 0 0 12 204 8 142 14 0 62 0 0 2 0 0 2 0 0 
179 38 1 195 58 0 0 0 0 0 132 0 8 6 24 0 0 0 148 22 188 74 4 100 78 2 4 10 20 14 0 0 
164 4 0 158 54 0 0 0 0 0 118 0 0 0 0 0 0 0 192 2 76 56 28 88 70 2 0 24 10 20 0 0 
131 22 0 113 16 0 0 0 0 0 116 0 16 4 2 0 0 0 104 12 148 8 0 84 6 0 2 2 0 2 0 0 
114 7 0 94 7 0 0 0 0 0 100 0 2 0 0 0 0 0 116 12 102 18 0 68 6 0 0 2 0 0 0 0 
133 3 0 163 76 0 0 0 0 0 96 0 2 0 0 0 0 0 110 46 88 18 14 160 78 0 0 10 36 4 0 0 
132 71 28 91 14 0 0 0 0 0 100 0 0 20 54 38 0 4 154 42 62 40 2 14 10 2 0 12 2 20 0 0 
173 28 23 166 63 0 0 0 0 0 110 0 0 8 16 38 0 2 212 20 42 70 36 48 68 10 2 44 20 40 0 0 
150 41 32 132 58 0 0 0 0 0 92 0 0 4 28 38 0 4 108 52 96 50 18 64 58 12 10 26 30 58 0 0 
143 56 117 134 20 0 0 0 0 0 92 2 0 16 18 132 0 26 152 94 74 74 2 26 42 2 4 42 6 20 0 0 
126 84 112 64 14 0 0 0 0 0 86 0 0 30 58 104 2 66 84 122 66 24 2 12 24 2 0 12 2 20 0 0 
153 18 131 63 110 0 0 0 0 0 102 0 0 0 4 164 0 20 74 74 18 10 42 28 160 42 4 28 18 58 0 0 
156 11 35 19 0 0 0 0 0 0 174 16 4 0 6 74 0 30 38 2 4 60 22 2 0 0 0 0 0 0 0 0 
102 22 47 49 0 0 0 0 0 0 102 8 16 0 0 72 0 12 60 20 16 104 22 8 0 0 0 0 0 0 0 0 
166 9 111 19 0 0 0 0 0 0 168 2 2 0 6 160 0 50 16 38 30 72 22 10 0 0 0 0 0 0 0 0 
176 80 97 21 0 0 0 0 0 0 162 2 56 16 52 128 10 14 36 150 24 30 6 0 2 2 0 0 0 0 0 0 
122 73 91 27 0 0 0 0 0 0 106 2 24 44 100 64 16 10 2 116 68 18 26 16 2 14 0 0 0 0 0 0 
215 20 148 5 0 0 0 0 0 0 218 12 4 2 196 62 16 16 22 60 30 56 40 14 2 2 0 0 0 0 0 0 
143 54 101 29 0 0 0 0 0 0 106 6 18 14 110 92 22 32 2 126 34 14 12 2 24 2 0 0 0 0 0 0 
223 20 145 24 0 0 0 0 0 0 192 50 4 6 126 86 22 44 14 138 24 14 42 4 8 2 0 0 0 0 0 0 
108 10 83 9 0 0 0 0 0 0 104 2 2 2 114 36 32 22 2 52 20 10 28 4 8 2 0 0 0 0 0 0 
165 77 66 80 22 22 0 0 0 0 102 4 6 0 66 58 6 2 124 16 0 14 2 66 12 2 30 136 72 0 0 0 
145 19 102 121 60 23 0 0 0 0 102 0 0 0 6 20 40 2 88 42 24 18 2 68 4 2 74 208 90 0 0 0 
139 57 91 72 48 13 0 0 0 0 86 2 8 0 46 94 4 0 42 42 2 18 4 86 2 2 56 160 26 6 0 0 
163 19 27 75 40 13 0 0 0 0 142 0 0 0 6 8 4 0 42 26 0 48 14 44 6 0 62 110 84 0 0 0 
219 108 54 76 40 5 0 0 0 0 126 34 46 0 76 82 2 0 42 40 0 50 8 64 24 10 64 170 40 0 0 0 
142 14 45 144 48 12 0 0 0 0 104 0 0 0 6 12 2 0 20 86 2 120 6 28 2 12 92 164 42 4 0 0 
254 14 124 2 0 0 0 0 0 0 272 22 4 0 64 142 2 42 22 66 28 38 18 10 0 0 0 0 0 0 0 0 
152 10 116 7 0 0 0 0 0 0 138 22 4 0 16 170 2 24 14 74 20 50 4 2 0 0 0 0 0 0 0 0 
167 29 96 4 0 0 0 0 0 0 154 22 30 0 26 140 2 8 36 108 4 36 4 0 0 0 0 0 0 0 0 0 
164 17 143 10 0 0 0 0 0 0 130 50 0 6 58 108 2 72 2 110 58 22 34 0 0 0 0 0 0 0 0 0 
269 45 175 31 1 0 0 0 0 0 116 142 26 6 48 230 2 34 14 134 68 80 56 6 2 0 0 0 0 0 0 0 
189 7 48 6 0 0 0 0 0 0 150 70 16 0 40 108 0 42 24 8 2 34 10 2 0 0 0 0 0 0 0 0 
226 40 58 13 0 0 0 0 0 0 154 88 60 2 72 46 0 66 56 20 24 92 10 0 0 0 0 0 0 0 0 0 
222 21 63 7 0 0 0 0 0 0 230 16 18 0 58 68 0 40 42 14 12 54 20 10 0 0 0 0 0 0 0 0 
200 11 57 36 0 0 0 0 0 0 140 88 24 2 18 84 0 44 106 10 4 58 32 0 0 0 0 0 0 0 0 0 
185 58 52 42 0 0 0 0 0 0 174 16 50 0 20 60 0 14 110 38 26 110 22 2 0 0 0 0 0 0 0 0 
122 2 75 83 125 16 0 0 0 0 102 0 0 0 0 0 26 16 4 8 2 20 150 18 60 70 30 88 74 0 0 0 
129 1 28 98 75 17 0 0 0 0 114 0 0 0 0 2 4 2 4 10 4 58 140 44 8 28 14 72 58 0 0 0 
158 2 133 102 95 29 0 0 0 0 114 0 0 0 0 14 98 0 42 12 38 56 82 90 26 18 26 172 98 0 0 0 
211 7 49 198 113 10 0 0 0 0 146 2 0 0 0 6 4 16 22 86 2 38 184 16 78 78 38 160 60 12 0 0 
177 42 47 93 127 23 0 0 0 0 130 4 0 6 12 0 22 2 56 20 2 6 60 16 146 22 56 174 74 10 0 0 
161 3 20 79 62 12 0 0 0 0 150 0 0 0 0 2 4 0 20 18 4 38 72 44 36 4 32 70 82 0 0 0 
142 1 49 2 0 0 0 0 0 0 176 2 0 0 22 78 0 50 2 4 10 10 14 10 0 0 0 0 0 0 0 0 
165 1 112 3 0 0 0 0 0 0 164 6 0 0 86 124 0 62 2 2 2 6 34 24 0 0 0 0 0 0 0 0 
205 40 112 9 0 0 0 0 0 0 166 36 44 2 160 14 0 36 50 26 26 88 22 4 0 0 0 0 0 0 0 0 
192 7 135 2 0 0 0 0 0 0 180 18 2 0 166 84 0 36 14 12 8 36 58 26 0 0 0 0 0 0 0 0 
213 65 73 16 0 0 0 0 0 0 212 4 58 0 54 66 2 10 88 74 16 82 6 2 0 0 0 0 0 0 0 0 
217 18 22 101 57 6 0 0 0 0 176 2 6 0 4 26 0 0 20 58 0 50 24 20 60 6 82 124 52 0 0 0 
214 58 33 118 65 23 0 0 0 0 160 4 0 2 40 4 6 2 118 22 0 26 22 30 84 16 38 160 104 2 0 0 
145 25 9 92 65 2 0 0 0 0 114 16 0 0 6 6 0 0 46 50 0 4 10 2 104 18 26 110 34 2 0 0 
148 1 131 8 0 0 0 0 0 0 160 2 0 0 90 104 0 76 2 14 20 8 82 40 0 0 0 0 0 0 0 0 
207 14 114 80 80 1 0 0 0 0 194 2 0 0 6 0 50 52 150 4 8 2 82 126 14 28 4 42 46 10 0 0 
237 12 55 44 27 0 0 0 0 0 248 32 2 6 2 0 24 48 64 14 2 0 56 56 12 2 4 16 48 42 0 0 
175 13 58 50 31 0 0 0 0 0 186 0 2 0 0 0 4 66 100 2 16 0 56 44 2 2 22 12 20 24 0 0 
155 1 81 38 106 9 0 0 0 0 146 2 0 0 0 0 50 18 38 6 0 2 156 76 44 24 0 42 44 10 0 0 
155 15 73 39 112 12 0 0 0 0 150 0 0 0 8 2 6 46 78 2 16 0 166 82 8 6 4 26 52 10 0 0 
224 28 77 123 103 12 0 0 0 0 182 22 4 4 6 4 4 110 130 64 14 0 184 26 4 68 4 44 32 24 0 0 
222 50 125 94 30 0 0 0 0 0 202 0 16 2 34 2 32 122 186 4 22 10 22 60 2 6 46 30 38 12 0 0 
123 37 71 46 64 2 0 0 0 0 120 0 0 0 22 2 4 42 112 0 16 0 56 108 2 6 4 12 50 2 0 0 
165 62 134 80 58 2 0 0 0 0 134 0 2 2 22 28 16 88 118 4 108 0 82 82 2 0 44 28 56 10 0 0 
157 90 116 70 8 0 0 0 0 0 108 4 66 16 14 2 30 134 102 4 20 36 0 20 4 4 48 56 58 4 0 0 
123 42 115 62 25 0 0 0 0 0 100 0 4 2 42 2 30 110 116 4 10 26 2 18 4 28 26 28 36 12 0 0 
139 136 173 124 38 0 0 0 0 0 92 0 20 26 36 66 74 94 148 84 100 44 0 4 50 16 54 26 64 10 0 0 
136 77 131 89 1 0 0 0 0 0 106 0 16 6 26 22 66 104 162 14 60 10 0 0 2 0 86 26 20 2 0 0 
146 113 153 55 15 0 0 0 0 0 104 0 2 8 142 28 78 108 128 34 18 10 2 18 22 6 24 16 50 2 0 0 
144 5 43 127 93 14 0 0 0 0 88 0 28 0 0 40 0 0 0 52 0 86 6 0 2 4 154 168 0 56 0 0 
221 17 43 147 75 2 0 0 0 0 148 2 28 0 4 50 0 0 6 112 0 60 28 4 56 22 90 198 16 20 0 0 
142 1 54 190 110 8 0 0 0 0 86 0 16 0 0 16 8 0 2 110 0 84 86 0 6 46 158 144 10 60 0 0 
203 14 70 68 49 12 0 0 0 0 88 2 94 0 0 96 2 0 0 62 10 30 18 10 2 36 84 126 0 30 0 0 
146 0 50 117 81 34 0 0 0 0 86 2 42 0 0 20 12 0 0 108 2 24 20 2 2 10 130 168 2 38 0 0 
177 1 44 135 43 6 0 0 0 0 86 16 44 0 0 34 2 0 2 150 2 70 50 10 20 10 48 128 16 12 0 0 
246 35 60 92 12 0 0 0 0 0 114 204 2 20 8 4 2 90 112 78 14 0 48 2 0 28 2 24 18 28 0 0 
209 119 91 45 5 0 0 0 0 0 114 128 8 30 128 8 0 152 122 28 66 0 16 2 0 26 14 2 22 18 0 0 
201 27 27 10 0 0 0 0 0 0 98 208 6 4 28 0 0 60 50 6 10 0 2 2 0 10 0 2 22 12 0 0 
184 19 50 47 5 0 0 0 0 0 182 58 2 0 8 0 0 90 88 10 6 0 14 8 0 4 4 12 36 42 0 0 
303 19 46 32 15 2 0 0 0 0 202 220 2 16 6 0 6 52 42 46 2 0 6 48 24 2 2 24 54 34 0 0 
226 68 52 28 0 0 0 0 0 0 152 126 54 2 46 0 0 94 80 4 10 2 2 18 0 10 2 34 84 24 0 0 
232 35 51 42 8 0 0 0 0 0 184 98 24 6 12 0 4 50 34 12 0 14 6 60 4 4 2 76 78 24 0 0 
194 5 81 62 33 2 0 0 0 0 178 70 2 6 0 0 50 6 58 12 0 6 46 86 14 16 0 74 62 10 0 0 
274 52 28 57 24 2 0 0 0 0 152 218 40 74 0 0 6 6 26 64 0 32 26 68 24 6 0 50 38 12 0 0 
186 8 76 44 62 7 0 0 0 0 154 70 0 14 0 0 52 4 20 44 0 2 48 104 70 8 0 36 64 12 0 0 
198 34 96 95 72 1 0 0 0 0 112 86 30 8 6 2 16 58 92 4 2 36 54 94 0 84 0 108 70 14 0 0 
229 65 32 34 6 0 0 0 0 0 108 176 84 32 24 8 2 22 26 4 0 40 14 36 0 6 0 50 40 2 0 0 
175 43 49 79 38 7 0 0 0 0 108 104 46 42 0 0 24 2 62 4 0 48 58 44 0 16 0 120 36 2 0 0 
168 54 60 2 1 0 0 0 0 0 142 20 4 78 50 70 30 0 18 62 0 28 10 16 0 10 6 0 0 0 0 0 
173 15 61 6 12 0 0 0 0 0 176 12 0 34 14 18 64 0 12 62 0 4 10 2 10 56 52 0 0 0 0 0 
167 10 22 0 1 0 0 0 0 0 130 74 0 24 6 34 6 0 48 96 0 20 10 0 0 4 0 0 0 0 0 0 
238 18 23 1 1 0 0 0 0 0 204 98 0 66 42 10 30 0 18 82 0 32 42 0 0 6 6 0 0 0 0 0 
202 11 14 1 4 0 0 0 0 0 202 88 0 48 6 4 16 0 18 78 0 14 12 0 2 20 4 0 0 0 0 0 
133 1 45 26 103 41 0 0 0 0 102 0 2 0 0 0 0 38 0 14 0 2 24 30 8 22 72 164 116 4 0 0 
223 1 59 31 165 33 0 0 0 0 192 0 0 0 0 0 2 68 0 36 0 0 20 118 20 22 100 168 118 8 0 0 
216 13 42 81 139 18 0 0 0 0 152 4 12 8 0 0 0 30 0 84 0 26 24 112 6 48 112 158 86 0 0 0 
137 1 38 60 171 94 0 0 0 0 102 0 0 0 0 0 0 36 0 14 0 8 58 72 6 22 92 196 220 20 0 0 
147 1 22 92 128 29 0 0 0 0 94 0 16 0 0 0 0 16 0 20 0 18 104 38 46 16 74 140 116 0 0 0 
140 1 13 86 133 32 0 0 0 0 116 0 0 0 0 0 0 14 0 36 0 18 48 118 4 52 92 108 100 0 0 0 
137 15 32 25 5 0 0 0 0 0 148 0 0 26 24 0 14 2 14 14 0 0 20 0 16 78 36 6 0 0 0 0 
216 72 16 18 2 0 0 0 0 0 208 26 0 116 92 0 4 2 4 16 0 2 22 0 18 56 24 22 0 0 0 0 
183 43 22 11 12 0 0 0 0 0 198 6 0 76 30 0 16 0 0 26 0 0 12 10 6 84 60 10 0 0 0 0 
131 21 40 55 13 1 0 0 0 0 132 0 0 26 24 0 12 10 14 38 0 0 52 0 48 88 28 12 10 0 0 0 
132 90 16 35 6 0 0 0 0 0 134 4 0 92 76 2 2 4 4 42 0 2 38 0 16 58 64 24 12 0 0 0 
213 31 50 34 2 0 0 0 0 0 208 12 2 46 90 8 36 2 26 10 0 2 24 0 16 78 48 12 0 0 0 0 
193 75 50 73 31 2 0 0 0 0 142 34 0 68 98 0 20 18 62 14 0 4 38 0 96 60 8 90 14 2 0 0 
126 8 52 42 6 0 0 0 0 0 130 0 0 10 22 0 28 18 28 14 0 0 28 0 40 96 24 6 2 0 0 0 
283 74 42 2 1 0 0 0 0 0 152 154 26 112 162 46 30 0 4 24 0 26 24 4 0 10 6 0 0 0 0 0 
179 56 101 17 5 0 0 0 0 0 132 20 6 88 30 78 64 0 18 24 0 34 10 12 12 64 56 0 0 0 0 0 
220 29 66 17 5 0 0 0 0 0 208 40 2 50 86 22 66 0 20 24 0 14 24 0 4 62 58 2 0 0 0 0 
204 15 1 1 0 0 0 0 0 0 176 134 0 80 28 2 4 0 12 72 0 30 26 0 2 0 0 0 0 0 0 0 
280 66 6 3 5 0 0 0 0 0 240 106 0 150 56 0 8 0 2 52 0 12 14 4 4 40 32 12 0 0 0 0 
228 14 5 1 0 0 0 0 0 0 156 184 0 56 6 14 4 0 26 108 0 12 12 0 2 2 0 0 0 0 0 0 
342 137 20 17 6 0 0 0 0 0 138 278 4 206 112 2 62 6 6 74 0 22 48 0 42 8 4 4 2 2 0 0 
154 18 2 1 1 0 0 0 0 0 142 100 0 56 4 0 6 0 2 52 0 2 4 0 2 14 4 0 0 0 0 0 
166 23 33 1 20 0 0 0 0 0 180 14 0 44 6 2 34 0 0 46 0 0 0 10 10 98 44 2 0 0 0 0 
145 59 6 0 5 0 0 0 0 0 154 30 0 100 10 0 2 0 0 40 0 0 0 12 0 66 22 2 0 0 0 0 
167 165 20 12 6 0 0 0 0 0 150 6 2 188 122 16 4 6 4 56 0 2 12 20 6 72 50 42 2 0 0 0 
127 47 18 1 16 0 0 0 0 0 130 4 0 78 10 0 14 0 0 26 0 0 0 30 6 100 48 2 0 0 0 0 
306 57 15 10 1 0 0 0 0 0 250 132 2 138 140 6 20 0 10 32 0 30 46 0 12 16 16 14 0 0 0 0 
268 72 92 45 1 0 0 0 0 0 130 92 54 16 154 104 54 0 92 4 0 4 10 12 0 46 84 6 2 0 0 0 
226 88 15 22 9 0 0 0 0 0 140 110 2 68 192 14 16 0 30 2 0 4 12 0 22 26 16 36 0 2 0 0 
205 32 13 7 0 0 0 0 0 0 140 110 2 26 152 16 14 0 8 12 0 12 24 0 0 16 14 2 0 0 0 0 
296 83 21 6 0 0 0 0 0 0 226 0 180 74 134 28 62 42 2 16 12 6 12 0 0 0 0 2 10 0 0 0 
273 96 9 6 0 0 0 0 0 0 248 2 154 94 66 76 52 34 0 4 2 6 12 0 10 0 0 8 10 0 0 0 
191 62 17 17 0 0 0 0 0 0 192 2 92 24 70 16 42 14 0 22 10 14 30 0 0 0 2 14 24 0 0 0 
192 59 1 10 0 0 0 0 0 0 204 18 94 32 32 60 16 28 0 4 0 4 12 0 2 0 0 30 10 0 0 0 
215 102 1 2 0 0 0 0 0 0 158 20 146 92 54 70 34 50 0 2 0 2 4 0 10 0 0 8 2 0 0 0 
235 88 1 6 0 0 0 0 0 0 224 20 132 74 64 40 4 70 0 4 0 6 2 0 0 0 0 30 2 0 0 0 
247 88 5 6 0 0 0 0 0 0 154 92 134 52 32 76 44 68 0 10 0 4 20 0 2 0 2 6 2 0 0 0 
295 66 5 30 0 0 0 0 0 0 170 176 106 80 14 78 10 40 4 24 0 44 4 0 0 0 2 66 10 0 0 0 
227 95 1 1 0 0 0 0 0 0 124 110 166 56 30 78 4 104 0 24 0 2 0 0 0 0 0 6 0 0 0 0 
169 102 8 1 0 0 0 0 0 0 166 2 50 176 58 10 8 48 2 0 0 2 0 0 2 0 0 14 0 0 0 0 
228 104 4 17 0 0 0 0 0 0 178 50 70 148 36 48 4 62 0 14 0 24 2 0 0 0 0 66 10 0 0 0 
254 126 26 1 0 0 0 0 0 0 198 0 110 178 104 10 28 74 0 2 4 30 0 4 2 0 0 6 0 0 0 0 
166 103 2 1 0 0 0 0 0 0 144 2 108 146 68 10 2 78 0 2 0 2 0 0 0 0 0 14 0 0 0 0 
145 0 29 63 239 3 0 0 0 0 100 0 0 0 0 10 0 2 6 4 20 0 110 86 276 26 36 22 110 32 0 0 
119 0 2 88 197 5 0 0 0 0 84 0 0 0 0 0 0 0 4 6 44 2 88 90 228 12 30 2 114 6 0 0 
118 1 8 44 162 0 0 0 0 0 86 0 0 0 0 0 0 0 2 2 20 4 68 52 194 28 46 2 56 20 0 0 
116 0 4 40 214 12 0 0 0 0 84 0 0 0 0 0 0 0 0 2 16 0 40 74 262 24 46 2 118 20 0 0 
113 0 15 29 167 0 0 0 0 0 86 0 0 0 0 2 0 0 0 6 4 0 36 34 220 16 40 2 58 14 0 0 
127 0 14 46 261 0 0 0 0 0 84 0 0 0 0 0 0 0 2 4 4 4 168 36 264 72 34 10 118 6 0 0 
183 147 33 4 1 0 0 0 0 0 172 0 22 234 74 4 10 34 12 2 4 12 2 20 28 0 4 2 0 0 0 0 
266 144 6 5 0 0 0 0 0 0 154 6 148 54 128 128 86 50 0 0 0 2 20 0 22 2 2 8 2 0 0 0 
249 103 15 27 0 0 0 0 0 0 184 8 114 34 64 56 66 50 0 14 2 24 58 0 2 0 14 14 24 0 0 0 
156 66 55 1 0 0 0 0 0 0 136 18 40 58 22 130 40 22 22 26 28 24 0 0 0 0 0 0 4 0 0 0 
102 106 15 0 0 0 0 0 0 0 78 4 48 110 32 68 46 34 2 4 4 46 0 0 0 0 0 0 0 0 0 0 
245 120 28 0 0 0 0 0 0 0 194 58 34 82 88 82 76 60 12 40 8 86 0 0 0 0 0 2 0 0 0 0 
177 48 41 4 0 0 0 0 0 0 148 50 18 18 72 78 54 22 30 16 6 42 6 2 2 0 0 0 0 0 0 0 
120 89 23 0 0 0 0 0 0 0 96 4 22 80 50 38 70 44 2 4 0 54 0 0 0 0 0 0 0 0 0 0 
294 99 27 15 0 0 0 0 0 0 190 238 70 78 84 6 54 74 4 36 10 30 14 4 10 0 0 0 0 0 0 0 
225 32 30 17 1 0 0 0 0 0 140 156 20 4 62 42 36 34 30 20 14 32 14 16 10 0 0 0 0 0 0 0 
142 50 28 14 0 0 0 0 0 0 114 54 6 16 64 18 50 52 12 34 0 28 14 0 10 0 0 0 0 0 0 0 
258 56 17 50 0 0 0 0 0 0 106 240 46 4 34 60 26 42 18 94 2 8 50 2 22 6 2 0 0 0 0 0 
119 49 20 30 0 0 0 0 0 0 90 48 8 14 48 14 28 52 4 78 0 10 32 0 22 0 0 0 0 0 0 0 
140 53 31 40 0 0 0 0 0 0 102 56 24 4 56 26 36 36 32 70 0 38 54 0 32 0 8 0 0 0 0 0 
299 32 47 6 1 0 0 0 0 0 212 220 28 6 44 98 34 52 36 22 28 38 0 24 0 0 0 2 0 0 0 0 
258 34 14 1 1 0 0 0 0 0 190 258 58 20 24 16 8 60 8 12 24 14 0 16 0 0 0 2 0 0 0 0 
197 49 13 0 0 0 0 0 0 0 168 136 14 16 46 42 22 64 6 32 12 30 0 2 0 0 0 2 0 0 0 0 
205 4 31 6 9 0 0 0 0 0 120 194 24 0 6 16 4 72 16 2 42 6 0 42 6 2 2 12 2 0 0 0 
292 44 123 11 36 1 0 0 0 0 188 170 12 22 14 114 94 126 14 24 30 14 2 16 50 6 28 32 40 0 0 0 
353 73 21 7 5 0 0 0 0 0 132 358 16 4 112 22 6 138 82 20 18 12 0 16 6 2 2 12 2 0 0 0 
120 73 110 7 3 0 0 0 0 0 98 10 4 48 14 126 118 76 0 14 14 4 4 2 10 0 4 2 22 0 0 0 
213 157 70 1 0 0 0 0 0 0 158 52 22 62 138 112 114 72 4 68 26 30 2 2 0 0 0 2 4 0 0 0 
143 40 145 18 3 0 0 0 0 0 112 12 12 20 4 146 122 56 16 44 54 18 12 0 18 0 4 2 42 0 0 0 
177 42 62 1 0 0 0 0 0 0 164 36 14 22 18 136 56 32 14 36 22 16 0 0 0 0 0 2 4 0 0 0 
