227 71 31 9 3 10 25 3 1 36 12 1 0 0 0 0 0 0 0 0 0 0 0 0 0 0 0 0 0 0 0 0 
19 23 27 0 0 0 4 0 4 16 0 0 2 0 0 0 3 0 0 2 0 7 0 0 0 0 0 0 0 0 0 0 
52 8 24 0 29 0 0 0 0 0 0 0 0 0 0 0 0 0 0 0 0 0 0 0 0 0 0 0 0 0 0 0 
66 0 0 0 22 1 24 0 0 0 0 0 0 0 0 0 0 0 0 0 0 0 0 0 0 0 0 0 0 0 0 0 
102 123 19 0 27 0 29 0 0 0 0 8 6 0 0 0 5 0 0 0 0 0 0 0 0 0 0 0 0 0 0 0 
198 10 64 0 28 29 0 0 9 0 0 0 0 0 15 0 0 0 0 0 0 4 4 0 0 0 0 4 4 0 0 0 
278 137 29 11 13 4 7 17 0 0 5 15 0 0 0 0 0 0 0 0 0 0 0 0 0 3 0 0 2 4 0 0 
5 0 0 0 0 0 0 0 0 0 0 0 0 0 0 0 0 0 0 0 0 0 0 0 0 0 0 0 0 0 0 0 
25 2 46 0 0 0 0 0 0 0 0 0 0 0 0 0 0 0 0 0 0 0 0 0 0 0 0 0 0 0 0 0 
133 0 51 0 0 25 3 0 0 0 11 0 0 0 0 0 0 0 0 0 0 0 0 0 0 0 0 0 0 0 0 0 
104 23 0 11 2 0 0 0 0 0 0 0 0 0 0 0 0 0 0 0 0 0 0 0 0 0 0 0 0 0 0 0 
0 0 0 0 0 6 3 15 7 4 0 8 0 0 0 0 0 0 0 0 0 0 0 0 0 0 0 0 0 0 0 0 
134 66 39 18 0 17 13 10 0 0 0 0 0 0 0 0 0 0 0 0 0 0 0 0 0 0 0 0 0 0 0 0 
44 80 37 1 16 0 0 0 0 0 0 0 0 0 0 0 0 0 0 0 0 0 0 0 0 0 0 0 0 0 0 0 
195 224 50 10 29 0 45 0 0 0 0 0 0 0 0 0 0 0 0 0 0 0 0 0 0 0 0 0 0 0 0 0 
81 2 36 0 0 2 2 5 9 17 0 0 0 6 4 0 0 0 4 0 0 0 0 0 0 0 0 0 0 0 0 0 
102 0 28 0 2 34 0 0 0 0 0 0 5 0 2 5 0 15 0 0 0 0 0 0 0 0 0 0 0 0 0 0 
53 13 25 18 0 12 34 0 0 0 0 0 0 0 0 0 0 0 0 0 0 0 0 0 0 0 0 0 0 0 0 0 
44 41 16 0 15 0 22 16 0 0 0 0 0 0 0 0 0 0 0 0 0 0 0 0 0 0 0 0 0 0 0 0 
89 163 2 33 20 12 10 13 0 0 0 10 0 0 0 0 0 0 0 0 0 0 0 0 0 0 0 0 0 0 0 0 
20 6 47 0 0 0 0 0 0 0 0 0 0 0 0 0 0 0 0 0 0 0 0 0 0 0 0 0 0 0 0 0 
71 10 22 16 0 0 1 13 5 18 15 0 0 0 0 9 0 0 0 0 0 0 0 0 0 0 0 0 0 0 0 0 
111 14 0 6 0 0 0 0 0 0 0 0 0 0 0 23 0 0 0 0 0 0 0 0 0 0 0 0 0 0 0 0 
81 5 5 10 20 5 9 0 0 0 0 3 0 0 0 0 0 0 0 0 0 0 0 0 0 0 0 0 0 0 0 0 
121 73 27 27 17 23 8 21 6 0 0 0 2 0 0 0 0 0 0 0 2 0 0 0 0 0 0 0 0 0 0 0 
31 0 0 0 0 0 0 0 0 0 0 0 0 0 0 0 0 0 0 0 0 0 0 0 0 0 0 0 0 0 0 0 
85 0 16 14 0 0 0 0 0 0 0 0 0 0 0 0 0 0 0 0 0 0 0 0 0 0 0 0 0 0 0 0 
14 0 0 5 3 15 0 0 0 0 0 0 0 0 0 0 0 0 0 0 0 0 0 0 0 0 0 0 0 0 0 0 
47 7 21 0 0 2 0 5 0 0 2 0 9 0 0 0 0 0 0 0 0 0 0 0 0 0 0 0 0 0 0 0 
94 116 3 46 33 0 0 0 2 18 0 0 0 0 0 0 0 0 0 0 0 0 0 0 2 8 0 0 0 0 0 0 
29 1 8 0 13 17 10 0 0 0 0 5 2 20 0 0 0 0 0 0 0 0 0 0 0 0 0 0 0 0 0 0 
58 6 0 0 0 3 0 49 0 0 0 0 0 0 0 0 0 0 0 0 0 0 0 0 0 0 0 0 0 0 0 0 
85 28 4 31 0 0 0 8 0 0 0 0 0 2 0 11 9 0 0 0 0 0 0 0 0 0 0 0 0 0 0 0 
80 1 5 0 0 1 0 19 0 0 0 0 0 0 0 0 0 0 0 0 0 0 0 0 0 0 0 0 0 0 0 0 
36 12 0 27 35 0 10 11 0 0 0 0 3 0 0 0 0 0 0 0 0 0 0 0 0 0 0 0 0 0 0 0 
128 37 30 8 5 35 20 27 14 26 3 0 33 0 0 0 0 0 0 0 0 0 0 0 0 0 0 0 0 0 0 0 
185 29 7 0 12 0 0 0 0 0 0 0 0 0 0 0 0 0 0 0 0 0 0 0 0 0 0 0 0 0 0 0 
90 52 14 38 3 19 11 67 0 0 0 0 0 0 0 0 0 0 0 0 1 0 0 0 0 0 0 0 0 0 0 0 
67 26 0 0 6 0 0 0 0 0 0 0 0 0 0 0 0 0 0 0 0 0 0 0 0 0 0 0 0 0 0 0 
7 45 0 0 0 0 0 0 0 0 0 0 0 0 0 0 0 0 0 0 0 0 0 0 0 0 0 0 0 0 0 0 
140 45 16 6 0 14 0 0 0 0 0 0 0 0 0 4 0 0 0 0 0 0 2 6 0 0 7 1 2 2 1 0 
148 6 23 27 0 20 0 0 0 17 0 0 0 0 0 0 0 0 0 0 0 0 0 0 0 0 0 0 0 0 0 0 
132 85 0 15 15 17 39 41 32 7 0 8 0 0 0 0 0 5 0 0 0 15 0 0 0 0 0 0 0 0 0 0 
12 5 47 1 0 3 16 0 0 0 0 0 0 0 0 0 0 0 0 0 0 0 0 0 0 0 0 0 0 0 0 0 
93 38 32 3 30 3 0 0 13 12 0 0 0 0 0 0 0 0 0 0 0 0 0 0 0 0 0 0 0 0 0 0 
19 13 44 0 0 0 0 0 0 0 0 0 0 0 0 0 0 0 0 0 0 0 0 0 0 0 0 0 0 0 0 0 
47 0 0 0 0 7 31 0 0 0 0 0 0 0 0 0 0 0 0 0 0 0 0 0 0 0 0 0 0 0 0 0 
136 16 1 30 0 0 0 0 0 0 0 7 14 0 0 0 0 0 0 0 0 0 0 0 0 0 0 0 0 0 0 0 
41 58 4 34 2 14 54 0 0 0 0 0 0 0 0 0 0 0 0 0 0 0 0 0 0 0 0 0 0 0 0 0 
121 17 8 0 0 10 0 0 0 0 8 0 0 14 0 0 0 0 0 0 0 0 0 0 0 0 0 0 0 0 0 0 
157 132 19 21 38 81 20 0 0 0 0 0 0 0 0 0 0 0 0 0 0 0 0 0 0 0 0 0 0 0 0 0 
87 133 35 24 85 31 12 11 0 3 7 0 0 14 0 0 0 0 0 0 0 0 0 0 0 0 0 0 0 0 0 0 
135 2 38 32 33 0 38 23 0 0 4 0 0 0 0 0 0 0 0 0 0 0 0 0 0 0 0 0 0 0 0 0 
150 43 61 1 0 32 0 0 0 0 0 0 0 0 0 0 0 0 0 0 0 0 0 0 0 0 0 0 0 0 0 0 
86 0 21 0 22 0 6 3 5 13 2 0 17 0 0 3 4 0 9 0 1 0 0 1 0 0 0 0 0 0 0 0 
66 33 90 12 10 10 6 5 33 0 6 3 24 7 0 0 11 0 0 0 0 0 0 0 0 0 0 0 0 0 0 0 
83 0 4 0 0 27 0 28 18 0 0 0 0 0 0 0 0 0 0 0 0 0 0 0 0 0 0 0 0 0 0 0 
44 0 32 0 0 8 16 4 8 0 0 0 0 0 26 0 0 0 0 0 0 0 0 0 0 0 0 0 0 0 0 0 
61 6 25 11 17 0 0 0 9 0 4 0 14 3 0 2 2 2 4 0 0 0 0 0 0 0 0 0 0 0 0 0 
235 133 82 20 14 0 2 0 0 0 0 0 0 0 0 0 0 0 0 0 0 0 0 0 0 0 0 0 0 0 0 0 
127 188 61 0 6 31 23 0 0 0 48 0 0 4 0 0 0 10 0 0 0 0 0 0 0 0 0 0 0 0 0 0 
112 22 55 18 12 31 37 26 6 18 23 11 5 0 0 0 0 0 10 0 0 0 5 0 0 0 0 0 0 0 0 0 
