7 0 1 1 0 0 3 0 0 1 0 1 0 0 0 0 0 1 0 0 0 0 0 0 0 0 0 0 1 0 0 0 
7 0 1 1 0 0 3 0 0 1 0 1 0 0 0 0 0 1 0 0 0 0 0 0 0 0 0 0 1 0 0 0 
7 0 1 1 0 0 3 0 0 1 0 1 0 0 0 0 0 1 0 0 0 0 0 0 0 0 0 0 1 0 0 0 
7 0 1 1 0 0 3 0 0 1 0 1 0 0 0 0 0 1 0 0 0 0 0 0 0 0 0 0 1 0 0 0 
38 5 3 8 22 4 5 13 16 12 32 6 63 12 25 34 27 3 24 63 29 28 125 43 10 3 1 1 10 5 52 0 
38 5 3 8 22 4 5 13 16 12 32 6 63 12 25 34 27 3 24 63 29 28 125 43 10 3 1 1 10 5 52 0 
38 5 3 8 22 4 5 13 16 12 32 6 63 12 25 34 27 3 24 63 29 28 125 43 10 3 1 1 10 5 52 0 
38 5 3 8 22 4 5 13 16 12 32 6 63 12 25 34 27 3 24 63 29 28 125 43 10 3 1 1 10 5 52 0 
59 1 22 20 7 2 5 3 20 4 0 2 0 0 1 17 1 1 38 9 55 5 93 8 5 2 2 2 0 7 0 0 
59 1 22 20 7 2 5 3 20 4 0 2 0 0 1 17 1 1 38 9 55 5 93 8 5 2 2 2 0 7 0 0 
59 1 22 20 7 2 5 3 20 4 0 2 0 0 1 17 1 1 38 9 55 5 93 8 5 2 2 2 0 7 0 0 
59 1 22 20 7 2 5 3 20 4 0 2 0 0 1 17 1 1 38 9 55 5 93 8 5 2 2 2 0 7 0 0 
59 1 22 20 7 2 5 3 20 4 0 2 0 0 1 17 1 1 38 9 55 5 93 8 5 2 2 2 0 7 0 0 
59 1 22 20 7 2 5 3 20 4 0 2 0 0 1 17 1 1 38 9 55 5 93 8 5 2 2 2 0 7 0 0 
59 1 22 20 7 2 5 3 20 4 0 2 0 0 1 17 1 1 38 9 55 5 93 8 5 2 2 2 0 7 0 0 
59 1 22 20 7 2 5 3 20 4 0 2 0 0 1 17 1 1 38 9 55 5 93 8 5 2 2 2 0 7 0 0 
59 1 22 20 7 2 5 3 20 4 0 2 0 0 1 17 1 1 38 9 55 5 93 8 5 2 2 2 0 7 0 0 
59 1 22 20 7 2 5 3 20 4 0 2 0 0 1 17 1 1 38 9 55 5 93 8 5 2 2 2 0 7 0 0 
59 1 22 20 7 2 5 3 20 4 0 2 0 0 1 17 1 1 38 9 55 5 93 8 5 2 2 2 0 7 0 0 
59 1 22 20 7 2 5 3 20 4 0 2 0 0 1 17 1 1 38 9 55 5 93 8 5 2 2 2 0 7 0 0 
59 1 22 20 7 2 5 3 20 4 0 2 0 0 1 17 1 1 38 9 55 5 93 8 5 2 2 2 0 7 0 0 
96 1 188 25 16 2 43 5 20 4 0 4 4 0 2 46 40 3 40 12 73 7 98 15 6 22 2 3 1 8 0 0 
59 1 22 20 7 2 5 3 20 4 0 2 0 0 1 17 1 1 38 9 55 5 93 8 5 2 2 2 0 7 0 0 
59 1 22 20 7 2 5 3 20 4 0 2 0 0 1 17 1 1 38 9 55 5 93 8 5 2 2 2 0 7 0 0 
59 1 22 20 7 2 5 3 20 4 0 2 0 0 1 17 1 1 38 9 55 5 93 8 5 2 2 2 0 7 0 0 
59 1 22 20 7 2 5 3 20 4 0 2 0 0 1 17 1 1 38 9 55 5 93 8 5 2 2 2 0 7 0 0 
195 115 134 157 348 408 155 117 175 216 159 78 251 515 559 703 294 953 562 1170 1077 1433 340 942 407 101 87 130 91 138 21 0 
38 4 2 4 12 7 3 2 3 1 11 48 4 40 20 7 1 2 52 15 28 48 52 47 12 0 0 3 3 1 0 0 
38 4 2 4 12 7 3 2 3 1 11 48 4 40 20 7 1 2 52 15 28 48 52 47 12 0 0 3 3 1 0 0 
38 4 2 4 12 7 3 2 3 1 11 48 4 40 20 7 1 2 52 15 28 48 52 47 12 0 0 3 3 1 0 0 
38 4 2 4 12 7 3 2 3 1 11 48 4 40 20 7 1 2 52 15 28 48 52 47 12 0 0 3 3 1 0 0 
38 4 2 4 12 7 3 2 3 1 11 48 4 40 20 7 1 2 52 15 28 48 52 47 12 0 0 3 3 1 0 0 
38 4 2 4 12 7 3 2 3 1 11 48 4 40 20 7 1 2 52 15 28 48 52 47 12 0 0 3 3 1 0 0 
24 1 0 20 0 1 0 1 2 0 0 1 0 0 0 0 0 0 16 1 4 11 2 2 0 0 0 4 12 0 0 0 
24 1 0 20 0 1 0 1 2 0 0 1 0 0 0 0 0 0 16 1 4 11 2 2 0 0 0 4 12 0 0 0 
24 1 0 20 0 1 0 1 2 0 0 1 0 0 0 0 0 0 16 1 4 11 2 2 0 0 0 4 12 0 0 0 
24 1 0 20 0 1 0 1 2 0 0 1 0 0 0 0 0 0 16 1 4 11 2 2 0 0 0 4 12 0 0 0 
24 1 0 20 0 1 0 1 2 0 0 1 0 0 0 0 0 0 16 1 4 11 2 2 0 0 0 4 12 0 0 0 
24 1 0 20 0 1 0 1 2 0 0 1 0 0 0 0 0 0 16 1 4 11 2 2 0 0 0 4 12 0 0 0 
24 1 0 20 0 1 0 1 2 0 0 1 0 0 0 0 0 0 16 1 4 11 2 2 0 0 0 4 12 0 0 0 
24 1 0 20 0 1 0 1 2 0 0 1 0 0 0 0 0 0 16 1 4 11 2 2 0 0 0 4 12 0 0 0 
24 1 0 20 0 1 0 1 2 0 0 1 0 0 0 0 0 0 16 1 4 11 2 2 0 0 0 4 12 0 0 0 
24 1 0 20 0 1 0 1 2 0 0 1 0 0 0 0 0 0 16 1 4 11 2 2 0 0 0 4 12 0 0 0 
24 1 0 20 0 1 0 1 2 0 0 1 0 0 0 0 0 0 16 1 4 11 2 2 0 0 0 4 12 0 0 0 
273 14 46 51 36 23 45 19 99 53 36 35 29 44 130 140 75 22 281 166 254 169 685 160 23 49 6 49 28 13 8 0 
368 34 49 45 58 79 29 124 86 33 37 54 73 557 216 327 105 116 701 344 405 571 1410 478 92 67 19 34 41 28 15 0 
242 9 10 7 12 5 4 7 64 7 20 27 7 36 77 30 10 11 210 98 105 114 382 89 8 10 3 7 14 9 1 0 
242 9 10 7 12 5 4 7 64 7 20 27 7 36 77 30 10 11 210 98 105 114 382 89 8 10 3 7 14 9 1 0 
242 9 10 7 12 5 4 7 64 7 20 27 7 36 77 30 10 11 210 98 105 114 382 89 8 10 3 7 14 9 1 0 
304 14 12 31 24 13 7 10 65 8 31 74 11 76 97 37 11 13 268 114 133 169 432 134 20 10 3 14 27 10 1 0 
242 9 10 7 12 5 4 7 64 7 20 27 7 36 77 30 10 11 210 98 105 114 382 89 8 10 3 7 14 9 1 0 
242 9 10 7 12 5 4 7 64 7 20 27 7 36 77 30 10 11 210 98 105 114 382 89 8 10 3 7 14 9 1 0 
242 9 10 7 12 5 4 7 64 7 20 27 7 36 77 30 10 11 210 98 105 114 382 89 8 10 3 7 14 9 1 0 
268 13 13 10 31 9 7 21 69 504 331 31 8 40 81 83 20 31 220 105 119 120 419 92 26 34 3 42 18 23 31 0 
242 9 10 7 12 5 4 7 64 7 20 27 7 36 77 30 10 11 210 98 105 114 382 89 8 10 3 7 14 9 1 0 
242 9 10 7 12 5 4 7 64 7 20 27 7 36 77 30 10 11 210 98 105 114 382 89 8 10 3 7 14 9 1 0 
242 9 10 7 12 5 4 7 64 7 20 27 7 36 77 30 10 11 210 98 105 114 382 89 8 10 3 7 14 9 1 0 
242 9 10 7 12 5 4 7 64 7 20 27 7 36 77 30 10 11 210 98 105 114 382 89 8 10 3 7 14 9 1 0 
242 9 10 7 12 5 4 7 64 7 20 27 7 36 77 30 10 11 210 98 105 114 382 89 8 10 3 7 14 9 1 0 
242 9 10 7 12 5 4 7 64 7 20 27 7 36 77 30 10 11 210 98 105 114 382 89 8 10 3 7 14 9 1 0 
242 9 10 7 12 5 4 7 64 7 20 27 7 36 77 30 10 11 210 98 105 114 382 89 8 10 3 7 14 9 1 0 
572 268 222 209 383 753 228 356 453 367 269 245 260 792 952 805 521 359 2341 1706 1974 2461 2601 2157 600 184 63 380 372 166 103 0 
560 230 119 146 205 610 156 121 248 294 182 164 160 334 381 507 774 2164 831 1173 1107 1305 3812 877 365 363 88 338 316 203 191 0 
337 97 71 54 309 207 52 123 132 79 65 106 77 141 240 398 119 206 1173 718 737 848 1146 808 282 36 13 48 81 70 38 0 
409 94 71 101 69 230 91 171 245 418 122 667 530 1196 2218 114 336 1593 287 282 297 362 1411 290 85 834 415 423 209 693 70 0 
455 135 144 336 349 930 444 196 254 109 230 112 159 306 555 595 277 516 1181 2209 1318 1279 1246 2002 761 146 103 230 255 137 59 0 
11 0 2 3 6 2 5 4 2 11 3 1 7 3 15 16 4 13 82 39 18 63 111 26 8 2 3 2 3 0 1 0 
111 10 12 33 32 16 9 15 11 16 27 40 20 18 60 45 61 65 44 244 100 97 546 107 34 52 22 377 52 3 7 0 
165 179 28 77 262 117 97 17 791 44 35 233 67 821 284 85 158 98 99 133 134 195 1430 239 121 20 41 446 112 128 18 0 
20 7 7 3 15 3 1 8 5 4 6 27 9 3 12 17 16 4 23 46 45 36 339 27 8 4 5 0 48 1 2 0 
31 7 8 6 21 5 6 12 7 15 9 28 16 6 27 33 20 17 105 84 63 99 449 53 16 6 8 2 51 1 3 0 
20 7 7 3 15 3 1 8 5 4 6 27 9 3 12 17 16 4 23 46 45 36 339 27 8 4 5 0 48 1 2 0 
20 7 7 3 15 3 1 8 5 4 6 27 9 3 12 17 16 4 23 46 45 36 339 27 8 4 5 0 48 1 2 0 
20 7 7 3 15 3 1 8 5 4 6 27 9 3 12 17 16 4 23 46 45 36 339 27 8 4 5 0 48 1 2 0 
20 7 7 3 15 3 1 8 5 4 6 27 9 3 12 17 16 4 23 46 45 36 339 27 8 4 5 0 48 1 2 0 
20 7 7 3 15 3 1 8 5 4 6 27 9 3 12 17 16 4 23 46 45 36 339 27 8 4 5 0 48 1 2 0 
20 7 7 3 15 3 1 8 5 4 6 27 9 3 12 17 16 4 23 46 45 36 339 27 8 4 5 0 48 1 2 0 
20 7 7 3 15 3 1 8 5 4 6 27 9 3 12 17 16 4 23 46 45 36 339 27 8 4 5 0 48 1 2 0 
40 11 15 16 25 18 10 12 11 10 10 33 21 23 42 38 43 58 83 107 162 171 412 204 50 14 8 11 56 5 5 0 
20 7 7 3 15 3 1 8 5 4 6 27 9 3 12 17 16 4 23 46 45 36 339 27 8 4 5 0 48 1 2 0 
39 12 21 16 35 161 27 17 9 8 66 33 42 10 23 47 27 15 44 77 81 82 495 69 27 13 6 4 54 4 5 0 
363 79 89 229 103 318 104 80 110 77 141 85 98 449 412 285 195 256 308 648 465 694 1238 861 337 63 53 497 175 97 31 0 
463 258 403 340 552 853 330 350 310 380 377 183 323 1216 864 910 579 631 1222 1843 2175 3018 890 2381 865 162 171 241 270 228 125 0 
1322 891 651 991 1301 2657 882 791 1363 1375 1086 473 764 1702 2451 3682 1754 1533 3585 5687 6758 7924 3769 7136 2537 637 289 970 1353 441 257 0 
1825 1036 1189 1732 1856 4163 1400 1311 1396 1851 1631 815 1083 2897 3002 4851 2695 2726 5192 8845 8785 11484 7543 10259 3411 883 673 3283 1297 728 663 0 
26 50 11 16 10 11 1 13 12 23 12 8 4 4 18 22 21 80 29 21 19 21 180 18 19 2 3 67 46 8 23 0 
10 8 13 4 10 9 0 6 4 16 5 1 0 5 10 20 13 3 62 43 65 63 137 44 10 3 2 6 2 2 2 0 
8 2 6 2 2 5 0 2 1 4 1 1 1 3 67 3 4 2 1 22 2 7 141 8 3 0 4 26 0 4 2 0 
8 2 6 2 2 5 0 2 1 4 1 1 1 3 67 3 4 2 1 22 2 7 141 8 3 0 4 26 0 4 2 0 
8 2 6 2 2 5 0 2 1 4 1 1 1 3 67 3 4 2 1 22 2 7 141 8 3 0 4 26 0 4 2 0 
8 2 6 2 2 5 0 2 1 4 1 1 1 3 67 3 4 2 1 22 2 7 141 8 3 0 4 26 0 4 2 0 
8 2 6 2 2 5 0 2 1 4 1 1 1 3 67 3 4 2 1 22 2 7 141 8 3 0 4 26 0 4 2 0 
130 14 14 37 37 15 24 31 71 37 20 18 6 4 31 51 108 11 96 159 231 105 436 66 39 29 6 39 91 72 142 0 
130 14 14 37 37 15 24 31 71 37 20 18 6 4 31 51 108 11 96 159 231 105 436 66 39 29 6 39 91 72 142 0 
130 14 14 37 37 15 24 31 71 37 20 18 6 4 31 51 108 11 96 159 231 105 436 66 39 29 6 39 91 72 142 0 
130 14 14 37 37 15 24 31 71 37 20 18 6 4 31 51 108 11 96 159 231 105 436 66 39 29 6 39 91 72 142 0 
130 14 14 37 37 15 24 31 71 37 20 18 6 4 31 51 108 11 96 159 231 105 436 66 39 29 6 39 91 72 142 0 
130 14 14 37 37 15 24 31 71 37 20 18 6 4 31 51 108 11 96 159 231 105 436 66 39 29 6 39 91 72 142 0 
130 14 14 37 37 15 24 31 71 37 20 18 6 4 31 51 108 11 96 159 231 105 436 66 39 29 6 39 91 72 142 0 
130 14 14 37 37 15 24 31 71 37 20 18 6 4 31 51 108 11 96 159 231 105 436 66 39 29 6 39 91 72 142 0 
130 14 14 37 37 15 24 31 71 37 20 18 6 4 31 51 108 11 96 159 231 105 436 66 39 29 6 39 91 72 142 0 
130 14 14 37 37 15 24 31 71 37 20 18 6 4 31 51 108 11 96 159 231 105 436 66 39 29 6 39 91 72 142 0 
130 14 14 37 37 15 24 31 71 37 20 18 6 4 31 51 108 11 96 159 231 105 436 66 39 29 6 39 91 72 142 0 
130 14 14 37 37 15 24 31 71 37 20 18 6 4 31 51 108 11 96 159 231 105 436 66 39 29 6 39 91 72 142 0 
130 14 14 37 37 15 24 31 71 37 20 18 6 4 31 51 108 11 96 159 231 105 436 66 39 29 6 39 91 72 142 0 
146 19 15 40 54 23 31 116 80 56 25 21 9 10 43 125 127 14 148 197 256 133 838 110 81 31 7 41 94 74 143 0 
320 109 117 230 248 1532 269 184 227 354 218 101 129 193 422 967 483 389 828 1308 1550 1455 714 1591 430 131 67 178 383 183 182 0 
920 521 611 877 947 1289 668 729 613 954 842 395 460 934 1525 2694 1690 927 3210 5429 4402 5545 5745 5079 2138 420 260 987 1249 310 326 0 
7 6 15 7 7 5 5 1 1 3 1 4 1 2 12 15 26 2 10 34 14 49 104 38 10 8 1 8 6 2 4 0 
93 24 11 16 11 24 14 87 11 170 29 72 9 24 14 14 4 19 38 19 11 25 142 10 13 11 3 243 103 178 42 0 
72 21 6 4 4 5 1 8 8 166 16 25 2 20 7 13 4 6 11 7 7 14 31 6 4 7 0 117 104 195 17 0 
69 19 6 4 3 4 1 7 8 166 16 25 2 18 7 1 2 6 9 6 7 12 31 6 4 7 0 117 95 164 17 0 
69 19 6 4 3 4 1 7 8 166 16 25 2 18 7 1 2 6 9 6 7 12 31 6 4 7 0 117 95 164 17 0 
91 26 22 16 24 62 1 14 14 176 18 30 7 158 36 7 11 9 15 10 11 17 46 30 7 17 7 164 227 179 90 0 
20 5 4 11 2 14 10 82 0 1 12 46 7 6 1 1 0 3 2 2 2 4 9 0 0 1 1 12 21 12 11 0 
52 14 1 6 1 5 1 7 6 23 9 26 6 37 8 0 1 6 10 5 6 15 33 8 4 2 0 66 45 117 8 0 
55 15 1 6 2 6 1 8 6 23 9 26 6 39 8 12 3 6 12 6 6 15 33 8 4 2 0 67 50 148 8 0 
55 15 1 6 2 6 1 8 6 23 9 26 6 39 8 12 3 6 12 6 6 15 33 8 4 2 0 67 50 148 8 0 
150 106 80 60 141 1214 370 54 101 37 49 74 80 178 194 216 144 433 207 294 431 461 1628 1369 269 51 16 99 53 77 94 0 
34 2 6 3 2 26 2 0 0 0 0 4 1 1 2 10 5 2 3 4 11 5 58 32 21 0 0 15 1 0 0 0 
34 2 6 3 2 26 2 0 0 0 0 4 1 1 2 10 5 2 3 4 11 5 58 32 21 0 0 15 1 0 0 0 
34 2 6 3 2 26 2 0 0 0 0 4 1 1 2 10 5 2 3 4 11 5 58 32 21 0 0 15 1 0 0 0 
34 2 6 3 2 26 2 0 0 0 0 4 1 1 2 10 5 2 3 4 11 5 58 32 21 0 0 15 1 0 0 0 
34 2 6 3 2 26 2 0 0 0 0 4 1 1 2 10 5 2 3 4 11 5 58 32 21 0 0 15 1 0 0 0 
34 2 6 3 2 26 2 0 0 0 0 4 1 1 2 10 5 2 3 4 11 5 58 32 21 0 0 15 1 0 0 0 
34 2 6 3 2 26 2 0 0 0 0 4 1 1 2 10 5 2 3 4 11 5 58 32 21 0 0 15 1 0 0 0 
34 2 6 3 2 26 2 0 0 0 0 4 1 1 2 10 5 2 3 4 11 5 58 32 21 0 0 15 1 0 0 0 
34 2 6 3 2 26 2 0 0 0 0 4 1 1 2 10 5 2 3 4 11 5 58 32 21 0 0 15 1 0 0 0 
34 2 6 3 2 26 2 0 0 0 0 4 1 1 2 10 5 2 3 4 11 5 58 32 21 0 0 15 1 0 0 0 
34 2 6 3 2 26 2 0 0 0 0 4 1 1 2 10 5 2 3 4 11 5 58 32 21 0 0 15 1 0 0 0 
34 2 6 3 2 26 2 0 0 0 0 4 1 1 2 10 5 2 3 4 11 5 58 32 21 0 0 15 1 0 0 0 
34 2 6 3 2 26 2 0 0 0 0 4 1 1 2 10 5 2 3 4 11 5 58 32 21 0 0 15 1 0 0 0 
34 2 6 3 2 26 2 0 0 0 0 4 1 1 2 10 5 2 3 4 11 5 58 32 21 0 0 15 1 0 0 0 
34 2 6 3 2 26 2 0 0 0 0 4 1 1 2 10 5 2 3 4 11 5 58 32 21 0 0 15 1 0 0 0 
34 2 6 3 2 26 2 0 0 0 0 4 1 1 2 10 5 2 3 4 11 5 58 32 21 0 0 15 1 0 0 0 
34 2 6 3 2 26 2 0 0 0 0 4 1 1 2 10 5 2 3 4 11 5 58 32 21 0 0 15 1 0 0 0 
34 2 6 3 2 26 2 0 0 0 0 4 1 1 2 10 5 2 3 4 11 5 58 32 21 0 0 15 1 0 0 0 
34 2 6 3 2 26 2 0 0 0 0 4 1 1 2 10 5 2 3 4 11 5 58 32 21 0 0 15 1 0 0 0 
48 4 71 26 20 29 13 12 1 3 0 24 3 14 14 25 21 4 31 18 52 18 166 57 26 1 11 18 6 2 3 0 
34 2 6 3 2 26 2 0 0 0 0 4 1 1 2 10 5 2 3 4 11 5 58 32 21 0 0 15 1 0 0 0 
34 2 6 3 2 26 2 0 0 0 0 4 1 1 2 10 5 2 3 4 11 5 58 32 21 0 0 15 1 0 0 0 
34 2 6 3 2 26 2 0 0 0 0 4 1 1 2 10 5 2 3 4 11 5 58 32 21 0 0 15 1 0 0 0 
34 2 6 3 2 26 2 0 0 0 0 4 1 1 2 10 5 2 3 4 11 5 58 32 21 0 0 15 1 0 0 0 
34 2 6 3 2 26 2 0 0 0 0 4 1 1 2 10 5 2 3 4 11 5 58 32 21 0 0 15 1 0 0 0 
34 2 6 3 2 26 2 0 0 0 0 4 1 1 2 10 5 2 3 4 11 5 58 32 21 0 0 15 1 0 0 0 
34 2 6 3 2 26 2 0 0 0 0 4 1 1 2 10 5 2 3 4 11 5 58 32 21 0 0 15 1 0 0 0 
34 2 6 3 2 26 2 0 0 0 0 4 1 1 2 10 5 2 3 4 11 5 58 32 21 0 0 15 1 0 0 0 
34 2 6 3 2 26 2 0 0 0 0 4 1 1 2 10 5 2 3 4 11 5 58 32 21 0 0 15 1 0 0 0 
47 2 6 14 2 26 2 0 0 0 1 4 2 1 2 10 5 2 3 5 11 5 63 34 21 0 0 15 2 0 0 0 
34 2 6 3 2 26 2 0 0 0 0 4 1 1 2 10 5 2 3 4 11 5 58 32 21 0 0 15 1 0 0 0 
18 26 10 7 12 4 6 21 14 29 10 5 4 26 13 32 54 25 98 48 70 56 513 119 26 19 3 8 14 4 65 0 
0 12 3 1 7 4 2 11 12 24 2 2 1 7 7 10 15 8 65 38 37 20 273 89 19 13 0 1 6 2 62 0 
0 12 3 1 7 4 2 11 12 24 2 2 1 7 7 10 15 8 65 38 37 20 273 89 19 13 0 1 6 2 62 0 
0 12 3 1 7 4 2 11 12 24 2 2 1 7 7 10 15 8 65 38 37 20 273 89 19 13 0 1 6 2 62 0 
0 12 3 1 7 4 2 11 12 24 2 2 1 7 7 10 15 8 65 38 37 20 273 89 19 13 0 1 6 2 62 0 
0 12 3 1 7 4 2 11 12 24 2 2 1 7 7 10 15 8 65 38 37 20 273 89 19 13 0 1 6 2 62 0 
0 12 3 1 7 4 2 11 12 24 2 2 1 7 7 10 15 8 65 38 37 20 273 89 19 13 0 1 6 2 62 0 
0 12 3 1 7 4 2 11 12 24 2 2 1 7 7 10 15 8 65 38 37 20 273 89 19 13 0 1 6 2 62 0 
0 12 3 1 7 4 2 11 12 24 2 2 1 7 7 10 15 8 65 38 37 20 273 89 19 13 0 1 6 2 62 0 
0 12 3 1 7 4 2 11 12 24 2 2 1 7 7 10 15 8 65 38 37 20 273 89 19 13 0 1 6 2 62 0 
0 12 3 1 7 4 2 11 12 24 2 2 1 7 7 10 15 8 65 38 37 20 273 89 19 13 0 1 6 2 62 0 
0 12 3 1 7 4 2 11 12 24 2 2 1 7 7 10 15 8 65 38 37 20 273 89 19 13 0 1 6 2 62 0 
0 12 3 1 7 4 2 11 12 24 2 2 1 7 7 10 15 8 65 38 37 20 273 89 19 13 0 1 6 2 62 0 
0 12 3 1 7 4 2 11 12 24 2 2 1 7 7 10 15 8 65 38 37 20 273 89 19 13 0 1 6 2 62 0 
0 12 3 1 7 4 2 11 12 24 2 2 1 7 7 10 15 8 65 38 37 20 273 89 19 13 0 1 6 2 62 0 
0 12 3 1 7 4 2 11 12 24 2 2 1 7 7 10 15 8 65 38 37 20 273 89 19 13 0 1 6 2 62 0 
0 12 3 1 7 4 2 11 12 24 2 2 1 7 7 10 15 8 65 38 37 20 273 89 19 13 0 1 6 2 62 0 
0 12 3 1 7 4 2 11 12 24 2 2 1 7 7 10 15 8 65 38 37 20 273 89 19 13 0 1 6 2 62 0 
0 12 3 1 7 4 2 11 12 24 2 2 1 7 7 10 15 8 65 38 37 20 273 89 19 13 0 1 6 2 62 0 
0 12 3 1 7 4 2 11 12 24 2 2 1 7 7 10 15 8 65 38 37 20 273 89 19 13 0 1 6 2 62 0 
0 12 3 1 7 4 2 11 12 24 2 2 1 7 7 10 15 8 65 38 37 20 273 89 19 13 0 1 6 2 62 0 
0 12 3 1 7 4 2 11 12 24 2 2 1 7 7 10 15 8 65 38 37 20 273 89 19 13 0 1 6 2 62 0 
0 12 3 1 7 4 2 11 12 24 2 2 1 7 7 10 15 8 65 38 37 20 273 89 19 13 0 1 6 2 62 0 
15 12 16 3 18 4 3 11 25 26 7 2 2 10 8 11 22 10 65 53 42 38 302 105 21 13 0 2 6 3 62 0 
39 1 23 5 14 12 23 19 70 78 43 46 8 19 26 19 24 34 71 93 47 43 342 137 51 28 6 8 32 10 71 0 
0 12 3 1 7 4 2 11 12 24 2 2 1 7 7 10 15 8 65 38 37 20 273 89 19 13 0 1 6 2 62 0 
0 12 3 1 7 4 2 11 12 24 2 2 1 7 7 10 15 8 65 38 37 20 273 89 19 13 0 1 6 2 62 0 
0 12 3 1 7 4 2 11 12 24 2 2 1 7 7 10 15 8 65 38 37 20 273 89 19 13 0 1 6 2 62 0 
0 12 3 1 7 4 2 11 12 24 2 2 1 7 7 10 15 8 65 38 37 20 273 89 19 13 0 1 6 2 62 0 
0 12 3 1 7 4 2 11 12 24 2 2 1 7 7 10 15 8 65 38 37 20 273 89 19 13 0 1 6 2 62 0 
0 12 3 1 7 4 2 11 12 24 2 2 1 7 7 10 15 8 65 38 37 20 273 89 19 13 0 1 6 2 62 0 
0 12 3 1 7 4 2 11 12 24 2 2 1 7 7 10 15 8 65 38 37 20 273 89 19 13 0 1 6 2 62 0 
0 12 3 1 7 4 2 11 12 24 2 2 1 7 7 10 15 8 65 38 37 20 273 89 19 13 0 1 6 2 62 0 
0 12 3 1 7 4 2 11 12 24 2 2 1 7 7 10 15 8 65 38 37 20 273 89 19 13 0 1 6 2 62 0 
0 12 3 1 7 4 2 11 12 24 2 2 1 7 7 10 15 8 65 38 37 20 273 89 19 13 0 1 6 2 62 0 
0 12 3 1 7 4 2 11 12 24 2 2 1 7 7 10 15 8 65 38 37 20 273 89 19 13 0 1 6 2 62 0 
0 12 3 1 7 4 2 11 12 24 2 2 1 7 7 10 15 8 65 38 37 20 273 89 19 13 0 1 6 2 62 0 
0 12 3 1 7 4 2 11 12 24 2 2 1 7 7 10 15 8 65 38 37 20 273 89 19 13 0 1 6 2 62 0 
0 12 3 1 7 4 2 11 12 24 2 2 1 7 7 10 15 8 65 38 37 20 273 89 19 13 0 1 6 2 62 0 
0 12 3 1 7 4 2 11 12 24 2 2 1 7 7 10 15 8 65 38 37 20 273 89 19 13 0 1 6 2 62 0 
0 12 3 1 7 4 2 11 12 24 2 2 1 7 7 10 15 8 65 38 37 20 273 89 19 13 0 1 6 2 62 0 
0 12 3 1 7 4 2 11 12 24 2 2 1 7 7 10 15 8 65 38 37 20 273 89 19 13 0 1 6 2 62 0 
0 12 3 1 7 4 2 11 12 24 2 2 1 7 7 10 15 8 65 38 37 20 273 89 19 13 0 1 6 2 62 0 
149 71 76 72 76 182 106 93 183 80 77 97 135 628 386 221 308 1848 349 404 525 836 2748 566 184 118 70 162 67 82 85 0 
180 80 42 55 151 118 108 119 87 63 420 37 55 58 129 362 260 37 283 550 213 174 1504 389 103 44 36 38 66 149 292 0 
0 12 3 1 7 4 2 11 12 24 2 2 1 7 7 10 15 8 65 38 37 20 273 89 19 13 0 1 6 2 62 0 
0 12 3 1 7 4 2 11 12 24 2 2 1 7 7 10 15 8 65 38 37 20 273 89 19 13 0 1 6 2 62 0 
0 12 3 1 7 4 2 11 12 24 2 2 1 7 7 10 15 8 65 38 37 20 273 89 19 13 0 1 6 2 62 0 
0 12 3 1 7 4 2 11 12 24 2 2 1 7 7 10 15 8 65 38 37 20 273 89 19 13 0 1 6 2 62 0 
0 12 3 1 7 4 2 11 12 24 2 2 1 7 7 10 15 8 65 38 37 20 273 89 19 13 0 1 6 2 62 0 
0 12 3 1 7 4 2 11 12 24 2 2 1 7 7 10 15 8 65 38 37 20 273 89 19 13 0 1 6 2 62 0 
0 12 3 1 7 4 2 11 12 24 2 2 1 7 7 10 15 8 65 38 37 20 273 89 19 13 0 1 6 2 62 0 
0 12 3 1 7 4 2 11 12 24 2 2 1 7 7 10 15 8 65 38 37 20 273 89 19 13 0 1 6 2 62 0 
0 12 3 1 7 4 2 11 12 24 2 2 1 7 7 10 15 8 65 38 37 20 273 89 19 13 0 1 6 2 62 0 
0 12 3 1 7 4 2 11 12 24 2 2 1 7 7 10 15 8 65 38 37 20 273 89 19 13 0 1 6 2 62 0 
0 12 3 1 7 4 2 11 12 24 2 2 1 7 7 10 15 8 65 38 37 20 273 89 19 13 0 1 6 2 62 0 
34 29 20 45 28 24 23 39 22 35 16 6 5 14 45 83 80 20 137 128 273 68 719 147 48 23 11 8 10 7 77 0 
45 21 10 19 15 19 10 25 18 79 51 8 4 14 15 20 21 10 71 62 39 23 294 94 27 35 9 16 34 24 539 0 
0 12 3 1 7 4 2 11 12 24 2 2 1 7 7 10 15 8 65 38 37 20 273 89 19 13 0 1 6 2 62 0 
0 12 3 1 7 4 2 11 12 24 2 2 1 7 7 10 15 8 65 38 37 20 273 89 19 13 0 1 6 2 62 0 
0 12 3 1 7 4 2 11 12 24 2 2 1 7 7 10 15 8 65 38 37 20 273 89 19 13 0 1 6 2 62 0 
107 56 27 3 17 12 14 53 23 89 337 10 13 14 15 19 17 14 70 51 49 23 292 126 45 30 6 16 77 66 98 0 
496 218 230 540 430 1171 462 319 392 337 422 260 274 729 1076 1407 1075 1642 1360 2180 2370 2802 6180 3920 873 601 125 447 1138 195 165 0 
694 295 134 233 435 404 222 328 143 436 284 217 214 320 587 1156 707 231 2348 1704 1684 1616 4076 1361 501 137 109 196 404 259 149 0 
635 439 412 543 701 1815 490 545 635 556 515 380 598 987 1337 1959 973 1080 2183 4133 4106 5078 5522 4707 1863 320 109 541 695 337 240 0 
1802 839 832 1146 1567 4686 1312 1432 1158 1200 900 662 805 1851 2826 4086 2108 3531 4539 6644 7327 8168 9760 10640 3919 728 327 935 1346 679 357 0 
0 0 0 0 0 0 0 0 0 0 0 0 0 0 0 0 0 0 0 0 0 0 0 0 0 0 0 0 0 0 0 0 
47 7 1 3 6 4 6 2 0 4 2 0 0 2 0 10 2 0 6 5 2 5 18 3 5 10 1 1 2 2 0 0 
0 0 1 2 4 1 2 1 2 3 1 1 1 1 12 6 1 1 33 14 5 15 125 54 7 3 1 2 10 2 0 0 
0 0 1 2 4 1 2 1 2 3 1 1 1 1 12 6 1 1 33 14 5 15 125 54 7 3 1 2 10 2 0 0 
0 0 1 1 27 1 0 0 1 1 1 1 0 3 5 5 20 1 4 6 6 5 25 25 2 2 0 0 1 0 1 0 
115 71 78 225 169 414 137 74 141 145 62 41 52 216 394 677 201 65 635 499 915 622 835 780 278 51 30 132 145 58 18 0 
603 61 32 170 119 42 183 95 112 53 87 15 25 34 171 309 173 130 344 204 272 341 1140 408 186 107 28 34 109 32 16 0 
625 80 44 175 131 93 224 92 296 140 112 50 207 319 404 304 200 99 374 245 321 372 1419 438 227 140 34 66 155 52 34 0 
581 47 26 160 118 38 178 82 110 51 87 15 22 32 149 264 158 56 341 182 262 326 1107 399 176 107 27 32 106 30 15 0 
581 47 26 160 118 38 178 82 110 51 87 15 22 32 149 264 158 56 341 182 262 326 1107 399 176 107 27 32 106 30 15 0 
581 47 26 160 118 38 178 82 110 51 87 15 22 32 149 264 158 56 341 182 262 326 1107 399 176 107 27 32 106 30 15 0 
581 47 26 160 118 38 178 82 110 51 87 15 22 32 149 264 158 56 341 182 262 326 1107 399 176 107 27 32 106 30 15 0 
581 47 26 160 118 38 178 82 110 51 87 15 22 32 149 264 158 56 341 182 262 326 1107 399 176 107 27 32 106 30 15 0 
581 47 26 160 118 38 178 82 110 51 87 15 22 32 149 264 158 56 341 182 262 326 1107 399 176 107 27 32 106 30 15 0 
581 47 26 160 118 38 178 82 110 51 87 15 22 32 149 264 158 56 341 182 262 326 1107 399 176 107 27 32 106 30 15 0 
581 47 26 160 118 38 178 82 110 51 87 15 22 32 149 264 158 56 341 182 262 326 1107 399 176 107 27 32 106 30 15 0 
581 47 26 160 118 38 178 82 110 51 87 15 22 32 149 264 158 56 341 182 262 326 1107 399 176 107 27 32 106 30 15 0 
581 47 26 160 118 38 178 82 110 51 87 15 22 32 149 264 158 56 341 182 262 326 1107 399 176 107 27 32 106 30 15 0 
581 47 26 160 118 38 178 82 110 51 87 15 22 32 149 264 158 56 341 182 262 326 1107 399 176 107 27 32 106 30 15 0 
581 47 26 160 118 38 178 82 110 51 87 15 22 32 149 264 158 56 341 182 262 326 1107 399 176 107 27 32 106 30 15 0 
581 47 26 160 118 38 178 82 110 51 87 15 22 32 149 264 158 56 341 182 262 326 1107 399 176 107 27 32 106 30 15 0 
581 47 26 160 118 38 178 82 110 51 87 15 22 32 149 264 158 56 341 182 262 326 1107 399 176 107 27 32 106 30 15 0 
581 47 26 160 118 38 178 82 110 51 87 15 22 32 149 264 158 56 341 182 262 326 1107 399 176 107 27 32 106 30 15 0 
581 47 26 160 118 38 178 82 110 51 87 15 22 32 149 264 158 56 341 182 262 326 1107 399 176 107 27 32 106 30 15 0 
593 51 26 160 118 39 179 83 110 106 88 15 23 32 157 274 159 56 344 187 264 327 1108 400 181 107 27 32 114 32 22 0 
581 47 26 160 118 38 178 82 110 51 87 15 22 32 149 264 158 56 341 182 262 326 1107 399 176 107 27 32 106 30 15 0 
694 93 87 367 354 363 271 125 183 601 207 63 61 186 355 863 271 123 920 519 906 798 2114 979 405 159 53 100 235 80 30 0 
581 47 26 160 118 38 178 82 110 51 87 15 22 32 149 264 158 56 341 182 262 326 1107 399 176 107 27 32 106 30 15 0 
581 47 26 160 118 38 178 82 110 51 87 15 22 32 149 264 158 56 341 182 262 326 1107 399 176 107 27 32 106 30 15 0 
581 47 26 160 118 38 178 82 110 51 87 15 22 32 149 264 158 56 341 182 262 326 1107 399 176 107 27 32 106 30 15 0 
581 47 26 160 118 38 178 82 110 51 87 15 22 32 149 264 158 56 341 182 262 326 1107 399 176 107 27 32 106 30 15 0 
581 47 26 160 118 38 178 82 110 51 87 15 22 32 149 264 158 56 341 182 262 326 1107 399 176 107 27 32 106 30 15 0 
581 47 26 160 118 38 178 82 110 51 87 15 22 32 149 264 158 56 341 182 262 326 1107 399 176 107 27 32 106 30 15 0 
588 47 26 165 119 38 178 84 110 51 94 15 22 32 150 264 158 57 342 184 266 328 1124 401 176 107 27 32 106 31 15 0 
587 47 28 162 119 39 178 89 110 52 87 15 22 33 149 273 167 56 348 186 288 330 1182 404 176 107 27 36 107 30 15 0 
812 63 100 253 188 58 299 297 125 74 154 26 40 76 215 408 331 85 564 344 382 481 1505 483 237 149 91 124 533 118 47 0 
1233 270 255 913 707 1452 585 359 622 576 490 226 391 1238 1299 1981 1324 517 2191 3044 2579 3119 6092 3562 1141 335 150 385 535 377 191 0 
822 152 152 415 321 762 309 226 246 198 308 113 187 384 669 840 558 1219 1038 1037 1321 1840 1781 1526 498 259 72 213 257 125 51 0 
688 112 54 283 526 101 277 137 284 199 141 53 245 75 400 486 396 73 506 748 500 463 2308 953 309 175 45 67 209 103 71 0 
739 143 188 284 196 83 274 137 197 181 173 154 139 204 571 605 429 261 673 722 665 578 1994 687 537 232 87 112 247 109 76 0 
1018 356 215 471 620 609 782 413 554 292 648 242 330 795 1023 1279 801 724 1422 1477 1851 1683 7742 1874 2176 316 465 381 350 236 84 0 
770 182 130 354 364 610 352 331 245 701 382 134 288 770 776 1174 458 482 1548 1687 1626 2032 2744 2346 712 234 91 176 354 249 57 0 
1268 362 429 869 798 916 571 513 457 734 527 415 412 1710 2025 1496 2403 8530 1880 1843 2534 3546 8398 2681 1073 2004 706 1658 716 1306 239 0 
942 173 243 404 431 839 367 349 588 441 452 341 331 1305 923 996 580 417 1406 2719 2154 2210 2695 3033 867 331 189 852 411 211 180 0 
1417 212 279 426 624 330 393 335 237 390 276 157 183 326 651 1195 676 290 1463 1629 1609 1587 5048 1600 982 851 116 527 778 115 156 0 
6 0 3 3 29 2 0 7 1 2 1 1 0 4 7 15 29 1 13 11 32 11 101 31 2 3 0 4 3 0 1 0 
15 1 4 16 10 0 4 4 0 4 22 0 3 1 6 33 25 2 25 35 20 16 29 15 12 4 2 18 9 3 2 0 
1749 1783 662 874 1048 2159 984 816 3641 1180 857 1427 682 2322 1746 2470 1792 843 2588 4529 4385 5168 9562 5450 2661 631 633 841 863 487 235 0 
2122 1382 1005 1497 1459 3261 1390 1371 1331 1827 1419 1016 912 2319 3010 4449 2449 2965 5200 8352 7678 8290 9078 9804 4067 933 704 1240 1498 798 459 0 
1680 413 438 1074 988 1232 2138 878 719 867 961 253 597 1317 1945 3366 1757 1048 3256 3321 4000 3710 8985 4525 2136 432 267 594 944 390 198 0 
204 23 38 49 67 48 53 86 36 38 16 16 10 31 86 234 105 108 209 204 250 260 949 140 106 47 42 179 90 42 11 0 
151 16 34 43 51 21 37 65 19 19 14 12 6 13 54 130 90 33 165 165 138 158 574 83 79 38 39 168 82 15 8 0 
151 16 34 43 51 21 37 65 19 19 14 12 6 13 54 130 90 33 165 165 138 158 574 83 79 38 39 168 82 15 8 0 
153 16 34 44 51 21 37 65 19 20 14 12 6 13 52 132 90 33 165 165 138 159 575 83 83 38 39 169 82 15 8 0 
151 16 34 43 51 21 37 65 19 19 14 12 6 13 54 130 90 33 165 165 138 158 574 83 79 38 39 168 82 15 8 0 
151 16 34 43 51 21 37 65 19 19 14 12 6 13 54 130 90 33 165 165 138 158 574 83 79 38 39 168 82 15 8 0 
151 16 34 43 51 21 37 65 19 19 14 12 6 13 54 130 90 33 165 165 138 158 574 83 79 38 39 168 82 15 8 0 
151 16 34 43 51 21 37 65 19 19 14 12 6 13 54 130 90 33 165 165 138 158 574 83 79 38 39 168 82 15 8 0 
151 16 34 43 51 21 37 65 19 19 14 12 6 13 54 130 90 33 165 165 138 158 574 83 79 38 39 168 82 15 8 0 
190 18 40 45 51 14 44 65 22 19 14 16 6 15 54 131 90 35 166 166 140 159 584 103 79 38 39 168 82 15 9 0 
151 16 34 43 51 21 37 65 19 19 14 12 6 13 54 130 90 33 165 165 138 158 574 83 79 38 39 168 82 15 8 0 
151 16 34 43 51 21 37 65 19 19 14 12 6 13 54 130 90 33 165 165 138 158 574 83 79 38 39 168 82 15 8 0 
490 226 498 475 533 294 254 416 172 328 189 111 146 157 678 1163 653 575 1114 1389 1025 1243 3836 1007 486 170 158 1089 966 150 154 0 
475 48 51 84 133 78 45 44 48 129 78 29 40 90 142 266 156 60 438 522 392 634 1456 510 321 68 12 49 252 28 57 0 
543 76 79 127 224 298 116 89 93 267 125 63 95 289 262 406 228 95 603 837 648 966 1852 1263 546 119 23 160 300 64 87 0 
475 48 51 84 133 78 45 44 48 129 78 29 40 90 142 266 156 60 438 522 392 634 1456 510 321 68 12 49 252 28 57 0 
475 48 51 84 133 78 45 44 48 129 78 29 40 90 142 266 156 60 438 522 392 634 1456 510 321 68 12 49 252 28 57 0 
493 67 62 135 162 94 67 61 59 329 92 40 44 107 174 410 263 119 599 827 607 706 1665 615 377 92 19 172 276 36 65 0 
492 56 67 93 175 98 47 52 70 141 149 42 86 201 193 277 190 66 474 589 459 673 1690 604 371 76 33 61 258 32 61 0 
661 179 142 213 308 437 225 142 131 696 226 113 131 434 386 833 377 307 1169 1273 1387 1536 2678 1641 897 161 45 163 344 114 103 0 
608 106 100 162 311 417 157 175 126 179 180 74 81 319 347 764 308 330 836 1118 944 1266 2079 1454 704 161 38 157 322 120 83 0 
475 48 51 84 133 78 45 44 48 129 78 29 40 90 142 266 156 60 438 522 392 634 1456 510 321 68 12 49 252 28 57 0 
569 157 144 170 210 296 203 113 177 336 180 82 132 305 372 530 377 329 892 1036 808 1004 2866 1043 510 280 28 108 368 208 86 0 
475 48 51 84 133 78 45 44 48 129 78 29 40 90 142 266 156 60 438 522 392 634 1456 510 321 68 12 49 252 28 57 0 
514 73 71 103 198 95 66 63 64 159 151 36 49 114 176 385 211 72 628 710 627 770 2227 660 378 85 13 57 284 33 62 0 
547 125 96 149 178 487 143 121 96 211 111 82 99 338 315 470 400 346 709 1183 831 1175 1676 1189 493 98 143 124 296 73 71 0 
475 48 51 84 133 78 45 44 48 129 78 29 40 90 142 266 156 60 438 522 392 634 1456 510 321 68 12 49 252 28 57 0 
533 75 86 218 196 157 118 158 95 181 132 70 65 114 258 676 260 97 765 1029 620 933 2400 887 434 108 21 93 289 47 66 0 
602 100 119 190 267 221 137 105 108 190 180 60 80 197 265 498 370 129 784 897 837 1109 2885 1070 509 125 57 209 438 69 79 0 
649 164 153 200 307 449 238 166 355 417 182 125 162 637 574 782 435 241 956 1558 1270 1459 3432 1814 946 200 84 208 392 191 89 0 
1062 562 332 746 944 1377 493 442 606 1401 870 357 612 1620 1568 2699 1659 1245 2775 3964 4124 4795 7514 6037 1358 880 201 692 1014 772 210 0 
1039 418 341 845 630 868 380 444 474 795 684 390 337 763 1252 1856 1046 756 2253 3347 3267 5349 4447 3109 1365 304 172 860 900 187 214 0 
1206 581 478 898 1250 2783 768 675 797 1143 689 443 608 1158 1729 2873 1810 1671 3075 4679 5868 6283 6776 6321 2213 758 619 855 1205 724 300 0 
783 156 146 180 374 277 154 160 190 309 378 184 111 238 413 825 465 314 1163 1290 1300 1561 3275 1601 580 241 168 608 1232 211 284 0 
2242 1024 1131 1554 2086 4352 1356 1177 1657 2002 1701 939 819 2824 2891 4454 2648 1534 5674 8543 8215 9490 9828 10139 5297 886 631 2730 1831 736 606 0 
0 0 0 0 0 0 0 0 0 0 0 0 0 0 0 0 0 0 0 0 0 0 0 0 0 0 0 0 0 0 0 0 
0 0 0 0 0 0 0 0 0 0 0 0 0 0 0 0 0 0 0 0 0 0 0 0 0 0 0 0 0 0 0 0 
0 0 0 0 0 0 0 0 0 0 0 0 0 0 0 0 0 0 0 0 0 0 0 0 0 0 0 0 0 0 0 0 
0 0 0 0 0 0 0 0 0 0 0 0 0 0 0 0 0 0 0 0 0 0 0 0 0 0 0 0 0 0 0 0 
0 0 0 0 0 0 0 0 0 0 0 0 0 0 0 0 0 0 0 0 0 0 0 0 0 0 0 0 0 0 0 0 
0 0 0 0 0 0 0 0 0 0 0 0 0 0 0 0 0 0 0 0 0 0 0 0 0 0 0 0 0 0 0 0 
0 0 0 0 0 0 0 0 0 0 0 0 0 0 0 0 0 0 0 0 0 0 0 0 0 0 0 0 0 0 0 0 
0 0 0 0 0 0 0 0 0 0 0 0 0 0 0 0 0 0 0 0 0 0 0 0 0 0 0 0 0 0 0 0 
52 23 1 2 9 4 16 1 0 2 2 0 4 1 5 25 4 6 5 16 33 19 244 9 2 1 1 1 0 3 16 0 
52 23 1 2 9 4 16 1 0 2 2 0 4 1 5 25 4 6 5 16 33 19 244 9 2 1 1 1 0 3 16 0 
52 23 1 2 9 4 16 1 0 2 2 0 4 1 5 25 4 6 5 16 33 19 244 9 2 1 1 1 0 3 16 0 
52 23 1 2 9 4 16 1 0 2 2 0 4 1 5 25 4 6 5 16 33 19 244 9 2 1 1 1 0 3 16 0 
52 23 1 2 9 4 16 1 0 2 2 0 4 1 5 25 4 6 5 16 33 19 244 9 2 1 1 1 0 3 16 0 
52 23 1 2 9 4 16 1 0 2 2 0 4 1 5 25 4 6 5 16 33 19 244 9 2 1 1 1 0 3 16 0 
52 23 1 2 9 4 16 1 0 2 2 0 4 1 5 25 4 6 5 16 33 19 244 9 2 1 1 1 0 3 16 0 
52 23 1 2 9 4 16 1 0 2 2 0 4 1 5 25 4 6 5 16 33 19 244 9 2 1 1 1 0 3 16 0 
52 23 1 2 9 4 16 1 0 2 2 0 4 1 5 25 4 6 5 16 33 19 244 9 2 1 1 1 0 3 16 0 
52 23 1 2 9 4 16 1 0 2 2 0 4 1 5 25 4 6 5 16 33 19 244 9 2 1 1 1 0 3 16 0 
52 23 1 2 9 4 16 1 0 2 2 0 4 1 5 25 4 6 5 16 33 19 244 9 2 1 1 1 0 3 16 0 
52 23 1 2 9 4 16 1 0 2 2 0 4 1 5 25 4 6 5 16 33 19 244 9 2 1 1 1 0 3 16 0 
52 23 1 2 9 4 16 1 0 2 2 0 4 1 5 25 4 6 5 16 33 19 244 9 2 1 1 1 0 3 16 0 
248 63 64 146 111 34 430 194 101 34 81 22 32 54 104 158 78 17 315 210 264 200 930 132 137 41 29 14 54 12 36 0 
52 23 1 2 9 4 16 1 0 2 2 0 4 1 5 25 4 6 5 16 33 19 244 9 2 1 1 1 0 3 16 0 
52 23 1 2 9 4 16 1 0 2 2 0 4 1 5 25 4 6 5 16 33 19 244 9 2 1 1 1 0 3 16 0 
52 23 1 2 9 4 16 1 0 2 2 0 4 1 5 25 4 6 5 16 33 19 244 9 2 1 1 1 0 3 16 0 
52 23 1 2 9 4 16 1 0 2 2 0 4 1 5 25 4 6 5 16 33 19 244 9 2 1 1 1 0 3 16 0 
72 27 4 4 12 7 45 7 2 17 4 9 5 23 16 37 4 9 17 20 49 23 259 13 27 7 14 17 213 72 80 0 
52 23 1 2 9 4 16 1 0 2 2 0 4 1 5 25 4 6 5 16 33 19 244 9 2 1 1 1 0 3 16 0 
52 23 1 2 9 4 16 1 0 2 2 0 4 1 5 25 4 6 5 16 33 19 244 9 2 1 1 1 0 3 16 0 
52 23 1 2 9 4 16 1 0 2 2 0 4 1 5 25 4 6 5 16 33 19 244 9 2 1 1 1 0 3 16 0 
52 23 1 2 9 4 16 1 0 2 2 0 4 1 5 25 4 6 5 16 33 19 244 9 2 1 1 1 0 3 16 0 
0 0 0 1 1 0 4 0 1 0 1 0 0 0 0 0 0 0 0 0 0 0 0 0 12 0 0 0 0 0 0 0 
0 0 0 1 1 0 4 0 1 0 1 0 0 0 0 0 0 0 0 0 0 0 0 0 12 0 0 0 0 0 0 0 
0 0 0 1 1 0 4 0 1 0 1 0 0 0 0 0 0 0 0 0 0 0 0 0 12 0 0 0 0 0 0 0 
0 0 0 1 1 0 4 0 1 0 1 0 0 0 0 0 0 0 0 0 0 0 0 0 12 0 0 0 0 0 0 0 
17 3 0 2 11 0 111 5 11 3 41 7 0 1 1 1 0 1 1 5 1 1 12 2 88 4 0 2 2 3 1 0 
26 0 8 34 24 2 142 6 12 3 13 2 3 1 0 3 2 2 4 2 3 3 33 4 225 2 1 0 0 0 3 0 
21 2 5 16 15 1 468 1 9 0 30 12 1 7 5 7 11 6 5 3 35 23 119 4 81 3 7 16 2 1 6 0 
5 0 0 1 0 0 18 2 0 0 2 0 0 0 0 0 0 0 0 0 0 0 0 0 9 0 1 0 0 0 0 0 
5 0 0 1 0 0 18 2 0 0 2 0 0 0 0 0 0 0 0 0 0 0 0 0 9 0 1 0 0 0 0 0 
5 0 0 1 0 0 18 2 0 0 2 0 0 0 0 0 0 0 0 0 0 0 0 0 9 0 1 0 0 0 0 0 
5 0 0 1 0 0 18 2 0 0 2 0 0 0 0 0 0 0 0 0 0 0 0 0 9 0 1 0 0 0 0 0 
11 4 1 1 4 9 100 1 0 2 2 1 1 1 4 7 4 0 4 7 21 1 57 19 9 2 0 1 1 2 0 0 
11 4 1 1 4 9 100 1 0 2 2 1 1 1 4 7 4 0 4 7 21 1 57 19 9 2 0 1 1 2 0 0 
11 4 1 1 4 9 100 1 0 2 2 1 1 1 4 7 4 0 4 7 21 1 57 19 9 2 0 1 1 2 0 0 
11 4 1 1 4 9 100 1 0 2 2 1 1 1 4 7 4 0 4 7 21 1 57 19 9 2 0 1 1 2 0 0 
11 4 1 1 4 9 100 1 0 2 2 1 1 1 4 7 4 0 4 7 21 1 57 19 9 2 0 1 1 2 0 0 
11 4 1 1 4 9 100 1 0 2 2 1 1 1 4 7 4 0 4 7 21 1 57 19 9 2 0 1 1 2 0 0 
11 4 1 1 4 9 100 1 0 2 2 1 1 1 4 7 4 0 4 7 21 1 57 19 9 2 0 1 1 2 0 0 
11 4 1 1 4 9 100 1 0 2 2 1 1 1 4 7 4 0 4 7 21 1 57 19 9 2 0 1 1 2 0 0 
11 4 1 1 4 9 100 1 0 2 2 1 1 1 4 7 4 0 4 7 21 1 57 19 9 2 0 1 1 2 0 0 
23 9 38 2 7 17 106 4 2 18 13 10 34 73 33 165 26 19 10 48 55 60 166 26 16 8 66 29 41 50 13 0 
0 0 0 0 0 0 0 0 0 0 0 0 0 0 0 0 0 0 0 0 0 0 0 0 1 0 0 0 0 0 0 0 
0 0 0 0 0 0 0 0 0 0 0 0 0 0 0 0 0 0 0 0 0 0 0 0 1 0 0 0 0 0 0 0 
0 0 0 0 0 0 0 0 0 0 0 0 0 0 0 0 0 0 0 0 0 0 0 0 1 0 0 0 0 0 0 0 
0 0 0 0 0 0 0 0 0 0 0 0 0 0 0 0 0 0 0 0 0 0 0 0 1 0 0 0 0 0 0 0 
0 0 0 0 0 0 0 0 0 0 0 0 0 0 0 0 0 0 0 0 0 0 0 0 1 0 0 0 0 0 0 0 
28 3 1 2 17 2 101 19 4 8 8 2 3 8 6 3 4 0 5 4 13 15 50 0 92 1 2 5 0 0 1 0 
28 3 1 2 17 2 101 19 4 8 8 2 3 8 6 3 4 0 5 4 13 15 50 0 92 1 2 5 0 0 1 0 
28 3 1 2 17 2 101 19 4 8 8 2 3 8 6 3 4 0 5 4 13 15 50 0 92 1 2 5 0 0 1 0 
28 3 1 2 17 2 101 19 4 8 8 2 3 8 6 3 4 0 5 4 13 15 50 0 92 1 2 5 0 0 1 0 
36 2 4 4 4 0 208 4 0 4 35 3 0 0 0 3 8 4 2 3 1 3 9 0 78 1 4 1 2 0 3 0 
31 2 2 2 4 0 184 4 0 4 34 3 0 0 0 1 7 4 2 3 1 3 7 0 60 0 4 1 2 0 2 0 
31 2 2 2 4 0 184 4 0 4 34 3 0 0 0 1 7 4 2 3 1 3 7 0 60 0 4 1 2 0 2 0 
31 2 2 2 4 0 184 4 0 4 34 3 0 0 0 1 7 4 2 3 1 3 7 0 60 0 4 1 2 0 2 0 
11 4 1 1 2 0 75 4 8 1 20 0 1 4 23 4 3 1 1 1 12 3 23 0 0 2 1 2 1 1 0 0 
23 15 16 107 40 40 668 45 9 20 28 28 11 12 10 14 12 17 38 6 88 11 83 9 0 10 0 10 12 24 6 0 
63 5 7 6 37 6 687 5 23 7 72 6 8 5 8 7 18 9 4 6 5 3 59 5 49 25 17 10 2 16 4 0 
39 3 7 5 31 5 480 3 23 6 68 4 8 3 3 5 15 5 1 2 4 1 46 3 28 23 17 9 1 6 3 0 
39 3 7 5 31 5 480 3 23 6 68 4 8 3 3 5 15 5 1 2 4 1 46 3 28 23 17 9 1 6 3 0 
41 2 6 3 18 4 327 2 0 5 7 6 1 2 5 3 11 4 3 4 4 2 20 2 36 2 17 7 1 10 2 0 
24 9 13 7 71 43 628 14 5 7 20 16 1 4 8 9 19 9 7 4 51 9 95 27 18 18 4 4 3 5 3 0 
60 6 8 6 77 14 438 8 3 5 13 16 2 5 5 6 16 4 5 5 41 3 52 21 51 17 20 7 1 11 3 0 
9 2 1 4 18 2 259 6 1 1 8 3 0 2 2 3 0 1 0 1 1 2 9 0 4 1 1 0 1 1 0 0 
9 2 1 4 18 2 259 6 1 1 8 3 0 2 2 3 0 1 0 1 1 2 9 0 4 1 1 0 1 1 0 0 
1 0 0 0 0 0 0 0 0 0 0 0 1 0 0 0 0 0 0 0 0 0 0 0 0 0 0 0 0 0 0 0 
0 0 0 0 0 0 1 0 0 0 0 0 0 0 0 0 0 0 0 0 0 0 0 0 0 0 0 0 0 0 0 0 
0 0 0 0 0 0 0 0 0 2 2 0 0 0 0 0 0 0 0 1 0 0 1 1 0 1 1 0 0 0 0 0 
0 0 0 0 0 0 0 0 0 2 2 0 0 0 0 0 0 0 0 1 0 0 1 1 0 1 1 0 0 0 0 0 
0 0 0 0 0 0 0 0 0 2 2 0 0 0 0 0 0 0 0 1 0 0 1 1 0 1 1 0 0 0 0 0 
0 0 0 0 0 0 0 0 0 2 2 0 0 0 0 0 0 0 0 1 0 0 1 1 0 1 1 0 0 0 0 0 
0 0 0 0 0 0 0 0 0 2 2 0 0 0 0 0 0 0 0 1 0 0 1 1 0 1 1 0 0 0 0 0 
104 13 11 16 2 8 20 16 2 37 26 10 8 24 10 157 13 2 9 22 26 9 36 9 12 5 5 11 7 3 0 0 
89 5 2 1 1 1 18 5 0 36 18 2 0 2 0 1 3 0 3 2 11 3 8 3 10 1 2 1 3 1 0 0 
89 5 2 1 1 1 18 5 0 36 18 2 0 2 0 1 3 0 3 2 11 3 8 3 10 1 2 1 3 1 0 0 
89 5 2 1 1 1 18 5 0 36 18 2 0 2 0 1 3 0 3 2 11 3 8 3 10 1 2 1 3 1 0 0 
89 5 2 1 1 1 18 5 0 36 18 2 0 2 0 1 3 0 3 2 11 3 8 3 10 1 2 1 3 1 0 0 
89 5 2 1 1 1 18 5 0 36 18 2 0 2 0 1 3 0 3 2 11 3 8 3 10 1 2 1 3 1 0 0 
89 5 2 1 1 1 18 5 0 36 18 2 0 2 0 1 3 0 3 2 11 3 8 3 10 1 2 1 3 1 0 0 
89 5 2 1 1 1 18 5 0 36 18 2 0 2 0 1 3 0 3 2 11 3 8 3 10 1 2 1 3 1 0 0 
89 5 2 1 1 1 18 5 0 36 18 2 0 2 0 1 3 0 3 2 11 3 8 3 10 1 2 1 3 1 0 0 
89 5 2 1 1 1 18 5 0 36 18 2 0 2 0 1 3 0 3 2 11 3 8 3 10 1 2 1 3 1 0 0 
89 5 2 1 1 1 18 5 0 36 18 2 0 2 0 1 3 0 3 2 11 3 8 3 10 1 2 1 3 1 0 0 
89 5 2 1 1 1 18 5 0 36 18 2 0 2 0 1 3 0 3 2 11 3 8 3 10 1 2 1 3 1 0 0 
89 5 2 1 1 1 18 5 0 36 18 2 0 2 0 1 3 0 3 2 11 3 8 3 10 1 2 1 3 1 0 0 
89 5 2 1 1 1 18 5 0 36 18 2 0 2 0 1 3 0 3 2 11 3 8 3 10 1 2 1 3 1 0 0 
89 5 2 1 1 1 18 5 0 36 18 2 0 2 0 1 3 0 3 2 11 3 8 3 10 1 2 1 3 1 0 0 
94 6 2 1 5 1 19 5 1 42 68 2 0 2 1 2 8 3 9 17 15 13 46 5 12 2 7 13 3 1 2 0 
6 1 2 3 3 3 0 1 4 73 101 0 0 0 2 2 3 1 0 1 0 0 3 1 1 6 1 4 1 3 2 0 
6 1 2 3 3 3 0 1 4 73 101 0 0 0 2 2 3 1 0 1 0 0 3 1 1 6 1 4 1 3 2 0 
6 1 2 3 3 3 0 1 4 73 101 0 0 0 2 2 3 1 0 1 0 0 3 1 1 6 1 4 1 3 2 0 
22 15 2 23 11 48 13 14 8 245 168 33 5 67 36 12 36 25 6 11 23 35 151 15 12 113 11 38 69 252 67 0 
0 1 0 13 1 31 3 0 0 213 29 1 0 2 2 0 3 1 0 2 1 1 13 3 3 16 1 3 2 35 4 0 
0 1 0 13 1 31 3 0 0 213 29 1 0 2 2 0 3 1 0 2 1 1 13 3 3 16 1 3 2 35 4 0 
16 3 0 13 2 31 3 3 0 214 32 1 1 2 2 1 6 5 5 5 1 2 50 18 5 17 3 3 2 36 12 0 
0 1 0 13 1 31 3 0 0 213 29 1 0 2 2 0 3 1 0 2 1 1 13 3 3 16 1 3 2 35 4 0 
0 1 0 13 1 31 3 0 0 213 29 1 0 2 2 0 3 1 0 2 1 1 13 3 3 16 1 3 2 35 4 0 
38 6 0 14 10 34 4 1 0 257 195 2 2 18 11 4 9 18 3 11 9 6 46 5 4 176 7 48 4 74 18 0 
0 1 0 13 1 31 3 0 0 213 29 1 0 2 2 0 3 1 0 2 1 1 13 3 3 16 1 3 2 35 4 0 
0 1 0 13 1 31 3 0 0 213 29 1 0 2 2 0 3 1 0 2 1 1 13 3 3 16 1 3 2 35 4 0 
0 1 0 13 1 31 3 0 0 213 29 1 0 2 2 0 3 1 0 2 1 1 13 3 3 16 1 3 2 35 4 0 
0 1 0 13 1 31 3 0 0 213 29 1 0 2 2 0 3 1 0 2 1 1 13 3 3 16 1 3 2 35 4 0 
0 1 0 13 1 31 3 0 0 213 29 1 0 2 2 0 3 1 0 2 1 1 13 3 3 16 1 3 2 35 4 0 
0 1 0 13 1 31 3 0 0 213 29 1 0 2 2 0 3 1 0 2 1 1 13 3 3 16 1 3 2 35 4 0 
0 1 0 13 1 31 3 0 0 213 29 1 0 2 2 0 3 1 0 2 1 1 13 3 3 16 1 3 2 35 4 0 
0 1 0 13 1 31 3 0 0 213 29 1 0 2 2 0 3 1 0 2 1 1 13 3 3 16 1 3 2 35 4 0 
181 70 134 92 72 375 81 75 79 362 274 88 109 307 262 144 137 499 223 301 370 556 327 568 147 162 81 273 625 318 73 0 
11 1 0 0 1 0 0 1 0 1 4 0 1 0 0 1 3 4 5 3 0 1 37 15 1 5 1 0 0 1 0 0 
38 5 0 1 9 3 1 1 0 45 167 1 2 16 9 4 6 17 3 9 8 5 33 2 1 160 6 45 2 39 14 0 
38 5 0 1 9 3 1 1 0 45 167 1 2 16 9 4 6 17 3 9 8 5 33 2 1 160 6 45 2 39 14 0 
38 5 0 1 9 3 1 1 0 45 167 1 2 16 9 4 6 17 3 9 8 5 33 2 1 160 6 45 2 39 14 0 
38 5 0 1 9 3 1 1 0 45 167 1 2 16 9 4 6 17 3 9 8 5 33 2 1 160 6 45 2 39 14 0 
38 5 0 1 9 3 1 1 0 45 167 1 2 16 9 4 6 17 3 9 8 5 33 2 1 160 6 45 2 39 14 0 
38 5 0 1 9 3 1 1 0 45 167 1 2 16 9 4 6 17 3 9 8 5 33 2 1 160 6 45 2 39 14 0 
38 5 0 1 9 3 1 1 0 45 167 1 2 16 9 4 6 17 3 9 8 5 33 2 1 160 6 45 2 39 14 0 
38 5 0 1 9 3 1 1 0 45 167 1 2 16 9 4 6 17 3 9 8 5 33 2 1 160 6 45 2 39 14 0 
38 5 0 1 9 3 1 1 0 45 167 1 2 16 9 4 6 17 3 9 8 5 33 2 1 160 6 45 2 39 14 0 
38 5 0 1 9 3 1 1 0 45 167 1 2 16 9 4 6 17 3 9 8 5 33 2 1 160 6 45 2 39 14 0 
38 5 0 1 9 3 1 1 0 45 167 1 2 16 9 4 6 17 3 9 8 5 33 2 1 160 6 45 2 39 14 0 
2 0 0 0 0 0 0 1 0 0 0 10 0 0 0 0 0 0 0 0 0 0 0 1 0 0 0 0 0 0 1 0 
2 0 0 0 0 0 0 1 0 0 0 10 0 0 0 0 0 0 0 0 0 0 0 1 0 0 0 0 0 0 1 0 
64 4 1 4 6 5 64 0 0 186 65 1 1 0 22 6 5 0 39 12 5 4 54 8 3 9 5 30 0 39 13 0 
64 1 1 1 6 3 3 0 0 100 51 0 1 0 21 6 3 0 33 8 2 3 41 6 0 5 4 26 0 34 3 0 
64 1 1 1 6 3 3 0 0 100 51 0 1 0 21 6 3 0 33 8 2 3 41 6 0 5 4 26 0 34 3 0 
64 1 1 1 6 3 3 0 0 100 51 0 1 0 21 6 3 0 33 8 2 3 41 6 0 5 4 26 0 34 3 0 
64 1 1 1 6 3 3 0 0 100 51 0 1 0 21 6 3 0 33 8 2 3 41 6 0 5 4 26 0 34 3 0 
64 1 1 1 6 3 3 0 0 100 51 0 1 0 21 6 3 0 33 8 2 3 41 6 0 5 4 26 0 34 3 0 
64 1 1 1 6 3 3 0 0 100 51 0 1 0 21 6 3 0 33 8 2 3 41 6 0 5 4 26 0 34 3 0 
64 1 1 1 6 3 3 0 0 100 51 0 1 0 21 6 3 0 33 8 2 3 41 6 0 5 4 26 0 34 3 0 
64 1 1 1 6 3 3 0 0 100 51 0 1 0 21 6 3 0 33 8 2 3 41 6 0 5 4 26 0 34 3 0 
64 1 1 1 6 3 3 0 0 100 51 0 1 0 21 6 3 0 33 8 2 3 41 6 0 5 4 26 0 34 3 0 
73 4 1 14 9 35 7 0 0 386 168 1 1 3 25 9 6 1 33 13 5 4 54 13 2 20 5 40 2 53 13 0 
64 1 1 1 6 3 3 0 0 100 51 0 1 0 21 6 3 0 33 8 2 3 41 6 0 5 4 26 0 34 3 0 
64 1 1 1 6 3 3 0 0 100 51 0 1 0 21 6 3 0 33 8 2 3 41 6 0 5 4 26 0 34 3 0 
64 1 1 1 6 3 3 0 0 100 51 0 1 0 21 6 3 0 33 8 2 3 41 6 0 5 4 26 0 34 3 0 
64 1 1 1 6 3 3 0 0 100 51 0 1 0 21 6 3 0 33 8 2 3 41 6 0 5 4 26 0 34 3 0 
64 1 1 1 6 3 3 0 0 100 51 0 1 0 21 6 3 0 33 8 2 3 41 6 0 5 4 26 0 34 3 0 
64 1 1 1 6 3 3 0 0 100 51 0 1 0 21 6 3 0 33 8 2 3 41 6 0 5 4 26 0 34 3 0 
64 1 1 1 6 3 3 0 0 100 51 0 1 0 21 6 3 0 33 8 2 3 41 6 0 5 4 26 0 34 3 0 
64 1 1 1 6 3 3 0 0 100 51 0 1 0 21 6 3 0 33 8 2 3 41 6 0 5 4 26 0 34 3 0 
64 1 1 1 6 3 3 0 0 100 51 0 1 0 21 6 3 0 33 8 2 3 41 6 0 5 4 26 0 34 3 0 
64 1 1 1 6 3 3 0 0 100 51 0 1 0 21 6 3 0 33 8 2 3 41 6 0 5 4 26 0 34 3 0 
64 1 1 1 6 3 3 0 0 100 51 0 1 0 21 6 3 0 33 8 2 3 41 6 0 5 4 26 0 34 3 0 
64 1 1 1 6 3 3 0 0 100 51 0 1 0 21 6 3 0 33 8 2 3 41 6 0 5 4 26 0 34 3 0 
64 1 1 1 6 3 3 0 0 100 51 0 1 0 21 6 3 0 33 8 2 3 41 6 0 5 4 26 0 34 3 0 
64 1 1 1 6 3 3 0 0 100 51 0 1 0 21 6 3 0 33 8 2 3 41 6 0 5 4 26 0 34 3 0 
64 1 1 1 6 3 3 0 0 100 51 0 1 0 21 6 3 0 33 8 2 3 41 6 0 5 4 26 0 34 3 0 
64 1 1 1 6 3 3 0 0 100 51 0 1 0 21 6 3 0 33 8 2 3 41 6 0 5 4 26 0 34 3 0 
230 193 103 134 129 54 49 49 58 198 117 28 98 285 192 408 376 48 576 455 338 196 1112 469 109 83 25 72 49 96 34 0 
203 116 103 179 203 873 175 194 209 298 250 128 262 1019 462 518 593 364 723 1232 1364 1636 1333 1504 510 153 66 200 140 190 22 0 
6 2 0 12 2 32 4 0 0 268 64 1 0 2 1 2 3 0 0 2 2 0 6 7 1 14 1 2 1 18 6 0 
12 1 2 2 5 0 1 0 0 80 33 6 0 1 0 0 1 0 6 3 1 0 3 0 3 3 2 2 1 2 51 0 
12 1 2 2 4 0 1 0 0 26 25 5 0 1 0 0 0 0 0 2 1 0 1 0 3 1 1 1 0 1 48 0 
94 32 34 11 19 34 7 6 27 444 396 13 16 68 28 9 9 6 8 95 23 13 73 12 12 36 8 75 39 164 69 0 
77 32 32 9 13 34 6 6 26 381 376 12 15 67 27 9 8 5 5 92 22 13 71 12 9 34 7 74 37 164 20 0 
193 44 74 31 35 48 10 11 31 733 605 16 25 76 36 60 21 24 13 107 41 21 128 34 19 104 23 110 59 211 38 0 
23 8 30 19 17 8 1 2 3 241 138 3 6 2 5 11 10 16 6 4 16 4 34 16 3 10 1 14 15 16 5 0 
83 5 12 3 3 6 2 2 2 56 96 1 4 7 4 40 3 3 2 11 3 4 22 6 7 59 15 22 7 33 11 0 
147 4 1 26 2 32 10 45 0 236 78 2 0 3 1 1 6 2 0 28 2 0 12 6 2 12 3 4 2 29 33 0 
6 1 0 0 0 0 2 0 0 4 10 0 0 0 0 1 0 0 0 4 0 0 0 0 0 0 1 1 0 1 2 0 
6 1 0 0 0 0 2 0 0 4 10 0 0 0 0 1 0 0 0 4 0 0 0 0 0 0 1 1 0 1 2 0 
6 1 0 0 0 0 2 0 0 4 10 0 0 0 0 1 0 0 0 4 0 0 0 0 0 0 1 1 0 1 2 0 
147 4 1 26 2 32 10 45 0 236 78 2 0 3 1 1 6 2 0 28 2 0 12 6 2 12 3 4 2 29 33 0 
31 2 1 0 0 1 2 1 1 7 19 0 0 1 0 1 1 0 0 1 0 3 4 1 1 2 0 3 1 7 0 0 
31 2 1 0 0 1 2 1 1 7 19 0 0 1 0 1 1 0 0 1 0 3 4 1 1 2 0 3 1 7 0 0 
172 5 2 26 2 33 11 46 1 237 87 2 0 4 1 1 7 2 0 27 2 3 16 7 3 14 2 6 3 35 31 0 
0 0 0 0 0 0 0 0 0 1 0 0 0 0 0 0 0 0 0 0 0 0 0 0 0 0 0 0 0 1 0 0 
0 0 0 0 0 0 0 0 0 1 0 0 0 0 0 0 0 0 0 0 0 0 0 0 0 0 0 0 0 1 0 0 
0 0 0 0 0 0 0 0 0 0 0 0 0 0 0 0 0 0 0 0 0 0 0 0 0 0 0 0 0 0 0 0 
0 0 0 0 1 0 0 0 0 3 2 0 0 0 1 0 0 0 0 0 0 0 1 0 0 1 0 1 0 0 1 0 
0 0 0 0 1 0 0 0 0 3 2 0 0 0 1 0 0 0 0 0 0 0 1 0 0 1 0 1 0 0 1 0 
0 0 0 0 1 0 0 0 0 3 2 0 0 0 1 0 0 0 0 0 0 0 1 0 0 1 0 1 0 0 1 0 
0 1 0 0 1 0 0 0 0 16 6 0 0 0 2 0 0 0 0 2 0 0 0 3 0 0 0 2 0 1 0 0 
0 1 0 0 1 0 0 0 0 16 2 0 0 0 0 0 0 0 0 0 0 0 0 1 0 0 0 0 0 1 0 0 
0 1 0 0 1 0 0 1 1 17 4 1 0 0 0 0 0 0 1 2 1 1 3 1 0 1 0 0 0 2 1 0 
0 1 0 0 1 0 0 0 0 16 2 0 0 0 0 0 0 0 0 0 0 0 0 1 0 0 0 0 0 1 0 0 
0 1 0 0 1 0 0 0 0 16 2 0 0 0 0 0 0 0 0 0 0 0 0 1 0 0 0 0 0 1 0 0 
0 1 0 12 2 0 0 1 0 34 8 0 0 0 0 0 0 0 0 0 0 0 1 1 0 0 1 0 1 1 1 0 
0 1 0 0 1 0 0 0 0 16 2 0 0 0 0 0 0 0 0 0 0 0 0 1 0 0 0 0 0 1 0 0 
0 0 0 12 1 0 0 1 0 18 6 0 0 0 0 0 0 0 0 0 0 0 1 0 0 0 1 0 1 0 1 0 
103 37 51 16 29 40 9 8 29 418 439 13 19 75 35 11 10 9 7 96 28 17 99 19 13 47 10 85 57 442 32 0 
73 23 1 13 9 0 2 3 4 156 95 4 16 12 2 5 5 1 3 11 31 2 46 8 3 7 0 8 1 6 13 0 
73 23 1 13 9 0 2 3 4 156 95 4 16 12 2 5 5 1 3 11 31 2 46 8 3 7 0 8 1 6 13 0 
73 23 1 13 9 0 2 3 4 156 95 4 16 12 2 5 5 1 3 11 31 2 46 8 3 7 0 8 1 6 13 0 
75 23 1 13 9 0 2 1 4 156 95 4 16 12 2 5 5 1 3 11 31 2 46 8 3 7 0 8 1 6 13 0 
73 23 1 13 9 0 2 3 4 156 95 4 16 12 2 5 5 1 3 11 31 2 46 8 3 7 0 8 1 6 13 0 
73 23 1 13 9 0 2 3 4 156 95 4 16 12 2 5 5 1 3 11 31 2 46 8 3 7 0 8 1 6 13 0 
73 23 1 13 9 0 2 3 4 156 95 4 16 12 2 5 5 1 3 11 31 2 46 8 3 7 0 8 1 6 13 0 
73 23 1 13 9 0 2 3 4 156 95 4 16 12 2 5 5 1 3 11 31 2 46 8 3 7 0 8 1 6 13 0 
73 23 1 13 9 0 2 3 4 156 95 4 16 12 2 5 5 1 3 11 31 2 46 8 3 7 0 8 1 6 13 0 
73 23 1 13 9 0 2 3 4 156 95 4 16 12 2 5 5 1 3 11 31 2 46 8 3 7 0 8 1 6 13 0 
73 23 1 13 9 0 2 3 4 156 95 4 16 12 2 5 5 1 3 11 31 2 46 8 3 7 0 8 1 6 13 0 
73 23 1 13 9 0 2 3 4 156 95 4 16 12 2 5 5 1 3 11 31 2 46 8 3 7 0 8 1 6 13 0 
73 23 1 13 9 0 2 3 4 156 95 4 16 12 2 5 5 1 3 11 31 2 46 8 3 7 0 8 1 6 13 0 
73 23 1 13 9 0 2 3 4 156 95 4 16 12 2 5 5 1 3 11 31 2 46 8 3 7 0 8 1 6 13 0 
73 23 1 13 9 0 2 3 4 156 95 4 16 12 2 5 5 1 3 11 31 2 46 8 3 7 0 8 1 6 13 0 
73 23 1 13 9 0 2 3 4 156 95 4 16 12 2 5 5 1 3 11 31 2 46 8 3 7 0 8 1 6 13 0 
73 23 1 13 9 0 2 3 4 156 95 4 16 12 2 5 5 1 3 11 31 2 46 8 3 7 0 8 1 6 13 0 
73 23 1 13 9 0 2 3 4 156 95 4 16 12 2 5 5 1 3 11 31 2 46 8 3 7 0 8 1 6 13 0 
73 23 1 13 9 0 2 3 4 156 95 4 16 12 2 5 5 1 3 11 31 2 46 8 3 7 0 8 1 6 13 0 
73 23 1 13 9 0 2 3 4 156 95 4 16 12 2 5 5 1 3 11 31 2 46 8 3 7 0 8 1 6 13 0 
73 23 1 13 9 0 2 3 4 156 95 4 16 12 2 5 5 1 3 11 31 2 46 8 3 7 0 8 1 6 13 0 
73 23 1 13 9 0 2 3 4 156 95 4 16 12 2 5 5 1 3 11 31 2 46 8 3 7 0 8 1 6 13 0 
73 23 1 13 9 0 2 3 4 156 95 4 16 12 2 5 5 1 3 11 31 2 46 8 3 7 0 8 1 6 13 0 
73 23 1 13 9 0 2 3 4 156 95 4 16 12 2 5 5 1 3 11 31 2 46 8 3 7 0 8 1 6 13 0 
73 23 1 13 9 0 2 3 4 156 95 4 16 12 2 5 5 1 3 11 31 2 46 8 3 7 0 8 1 6 13 0 
153 107 11 32 54 24 12 36 49 439 842 18 31 33 23 56 26 40 16 132 112 36 204 85 40 85 5 115 30 234 27 0 
197 50 24 97 311 67 164 49 162 295 181 145 80 61 174 205 147 52 119 382 544 325 1152 225 82 56 19 65 28 110 41 0 
22 87 7 2 8 2 1 2 1 24 33 3 1 2 3 5 3 8 4 27 3 4 63 26 19 1 1 2 2 3 2 0 
325 26 6 42 14 6 22 7 7 430 302 20 19 15 4 30 8 2 11 39 44 10 174 19 15 26 2 17 32 43 45 0 
0 1 0 2 0 1 0 0 3 0 0 0 0 0 4 2 0 0 1 1 0 1 0 0 0 0 0 0 0 0 0 0 
0 1 0 2 0 1 0 0 3 0 0 0 0 0 4 2 0 0 1 1 0 1 0 0 0 0 0 0 0 0 0 0 
0 1 0 2 0 1 0 0 3 0 0 0 0 0 4 2 0 0 1 1 0 1 0 0 0 0 0 0 0 0 0 0 
0 1 0 2 0 1 0 0 3 0 0 0 0 0 4 2 0 0 1 1 0 1 0 0 0 0 0 0 0 0 0 0 
2 3 1 1 0 0 2 1 1 1 0 1 2 0 1 1 5 0 1 3 1 3 3 2 2 0 0 1 1 1 1 0 
10 8 1 5 2 3 2 2 7 1 0 1 2 0 161 5 8 1 7 13 9 8 41 6 13 0 0 1 1 1 2 0 
8 4 0 2 2 2 0 1 3 0 0 0 0 0 158 4 3 1 5 9 8 6 38 4 11 0 0 0 0 0 1 0 
21 12 5 8 8 11 7 3 13 12 13 3 23 24 211 19 17 24 24 120 60 19 173 27 37 14 1 4 6 17 4 0 
10 10 19 20 19 4 19 9 12 11 0 1 2 10 22 8 0 1 12 9 1 14 24 10 5 6 0 5 3 4 0 0 
10 10 19 20 19 4 19 9 12 11 0 1 2 10 22 8 0 1 12 9 1 14 24 10 5 6 0 5 3 4 0 0 
24 0 1 6 0 10 10 0 2 16 0 0 1 0 0 2 1 0 0 1 0 2 6 3 0 0 0 0 3 0 0 0 
24 0 1 6 0 10 10 0 2 16 0 0 1 0 0 2 1 0 0 1 0 2 6 3 0 0 0 0 3 0 0 0 
24 0 1 6 0 10 10 0 2 16 0 0 1 0 0 2 1 0 0 1 0 2 6 3 0 0 0 0 3 0 0 0 
24 0 1 6 0 10 10 0 2 16 0 0 1 0 0 2 1 0 0 1 0 2 6 3 0 0 0 0 3 0 0 0 
24 0 1 6 0 10 10 0 2 16 0 0 1 0 0 2 1 0 0 1 0 2 6 3 0 0 0 0 3 0 0 0 
24 0 1 6 0 10 10 0 2 16 0 0 1 0 0 2 1 0 0 1 0 2 6 3 0 0 0 0 3 0 0 0 
24 0 1 6 0 10 10 0 2 16 0 0 1 0 0 2 1 0 0 1 0 2 6 3 0 0 0 0 3 0 0 0 
24 0 1 6 0 10 10 0 2 16 0 0 1 0 0 2 1 0 0 1 0 2 6 3 0 0 0 0 3 0 0 0 
24 0 1 6 0 10 10 0 2 16 0 0 1 0 0 2 1 0 0 1 0 2 6 3 0 0 0 0 3 0 0 0 
24 0 1 6 0 10 10 0 2 16 0 0 1 0 0 2 1 0 0 1 0 2 6 3 0 0 0 0 3 0 0 0 
24 0 1 6 0 10 10 0 2 16 0 0 1 0 0 2 1 0 0 1 0 2 6 3 0 0 0 0 3 0 0 0 
24 0 1 6 0 10 10 0 2 16 0 0 1 0 0 2 1 0 0 1 0 2 6 3 0 0 0 0 3 0 0 0 
24 0 1 6 0 10 10 0 2 16 0 0 1 0 0 2 1 0 0 1 0 2 6 3 0 0 0 0 3 0 0 0 
24 0 1 6 0 10 10 0 2 16 0 0 1 0 0 2 1 0 0 1 0 2 6 3 0 0 0 0 3 0 0 0 
24 0 1 6 0 10 10 0 2 16 0 0 1 0 0 2 1 0 0 1 0 2 6 3 0 0 0 0 3 0 0 0 
153 26 32 78 39 175 40 6 58 15 2 14 15 25 264 84 33 12 33 217 55 71 128 127 39 19 2 74 13 5 8 0 
133 7 28 65 23 151 22 2 40 9 2 13 9 9 13 59 13 4 24 11 4 30 76 24 5 12 1 70 9 0 6 0 
133 7 28 65 23 151 22 2 40 9 2 13 9 9 13 59 13 4 24 11 4 30 76 24 5 12 1 70 9 0 6 0 
133 7 28 65 23 151 22 2 40 9 2 13 9 9 13 59 13 4 24 11 4 30 76 24 5 12 1 70 9 0 6 0 
133 7 28 65 23 151 22 2 40 9 2 13 9 9 13 59 13 4 24 11 4 30 76 24 5 12 1 70 9 0 6 0 
133 7 28 65 23 151 22 2 40 9 2 13 9 9 13 59 13 4 24 11 4 30 76 24 5 12 1 70 9 0 6 0 
133 7 28 65 23 151 22 2 40 9 2 13 9 9 13 59 13 4 24 11 4 30 76 24 5 12 1 70 9 0 6 0 
133 7 28 65 23 151 22 2 40 9 2 13 9 9 13 59 13 4 24 11 4 30 76 24 5 12 1 70 9 0 6 0 
256 60 61 115 72 366 166 26 224 49 25 53 48 77 106 178 80 39 149 217 163 257 1060 1508 157 28 16 100 125 59 19 0 
144 7 17 65 23 151 22 2 40 9 2 13 9 9 13 59 13 4 24 11 4 30 76 24 5 12 1 70 9 0 6 0 
133 7 28 65 23 151 22 2 40 9 2 13 9 9 13 59 13 4 24 11 4 30 76 24 5 12 1 70 9 0 6 0 
158 18 47 73 43 166 43 11 54 20 2 14 26 144 45 68 38 19 104 29 8 45 174 38 46 19 3 83 12 7 6 0 
133 7 28 65 23 151 22 2 40 9 2 13 9 9 13 59 13 4 24 11 4 30 76 24 5 12 1 70 9 0 6 0 
133 7 28 65 23 151 22 2 40 9 2 13 9 9 13 59 13 4 24 11 4 30 76 24 5 12 1 70 9 0 6 0 
133 7 28 65 23 151 22 2 40 9 2 13 9 9 13 59 13 4 24 11 4 30 76 24 5 12 1 70 9 0 6 0 
133 7 28 65 23 151 22 2 40 9 2 13 9 9 13 59 13 4 24 11 4 30 76 24 5 12 1 70 9 0 6 0 
133 7 28 65 23 151 22 2 40 9 2 13 9 9 13 59 13 4 24 11 4 30 76 24 5 12 1 70 9 0 6 0 
133 7 28 65 23 151 22 2 40 9 2 13 9 9 13 59 13 4 24 11 4 30 76 24 5 12 1 70 9 0 6 0 
133 7 28 65 23 151 22 2 40 9 2 13 9 9 13 59 13 4 24 11 4 30 76 24 5 12 1 70 9 0 6 0 
133 7 28 65 23 151 22 2 40 9 2 13 9 9 13 59 13 4 24 11 4 30 76 24 5 12 1 70 9 0 6 0 
133 7 28 65 23 151 22 2 40 9 2 13 9 9 13 59 13 4 24 11 4 30 76 24 5 12 1 70 9 0 6 0 
157 7 29 69 23 159 32 2 40 23 2 13 10 9 13 59 14 4 24 12 4 32 82 27 5 12 1 70 12 0 6 0 
133 7 28 65 23 151 22 2 40 9 2 13 9 9 13 59 13 4 24 11 4 30 76 24 5 12 1 70 9 0 6 0 
133 7 28 65 23 151 22 2 40 9 2 13 9 9 13 59 13 4 24 11 4 30 76 24 5 12 1 70 9 0 6 0 
133 7 28 65 23 151 22 2 40 9 2 13 9 9 13 59 13 4 24 11 4 30 76 24 5 12 1 70 9 0 6 0 
145 7 28 53 23 151 22 2 40 9 2 13 9 9 13 59 13 4 24 11 4 30 76 24 5 12 1 70 9 0 6 0 
157 7 29 69 23 159 32 2 40 23 2 13 10 9 13 59 14 4 24 12 4 32 82 27 5 12 1 70 12 0 6 0 
250 81 75 179 587 657 430 122 133 145 100 343 235 587 515 232 122 407 234 300 337 443 2724 1518 270 132 106 336 92 278 40 0 
196 58 126 135 71 237 74 136 144 48 55 48 30 121 105 488 160 81 266 404 351 416 1059 357 140 44 9 109 78 146 42 0 
360 173 142 223 306 594 160 135 151 308 126 172 312 301 604 1156 542 82 600 945 816 1196 2467 1003 419 680 377 276 270 291 222 0 
525 270 356 498 561 3070 1225 260 404 305 367 354 383 690 846 1166 540 411 1608 1964 1957 2408 7366 5314 780 174 154 524 408 284 118 0 
180 4 2 1 0 23 2 10 0 42 116 4 8 18 11 1 1 1 4 7 1 0 2 25 0 3 10 38 1 7 6 0 
180 4 2 1 0 23 2 10 0 42 116 4 8 18 11 1 1 1 4 7 1 0 2 25 0 3 10 38 1 7 6 0 
180 4 2 1 0 23 2 10 0 42 116 4 8 18 11 1 1 1 4 7 1 0 2 25 0 3 10 38 1 7 6 0 
180 4 2 1 0 23 2 10 0 42 116 4 8 18 11 1 1 1 4 7 1 0 2 25 0 3 10 38 1 7 6 0 
180 4 2 1 0 23 2 10 0 42 116 4 8 18 11 1 1 1 4 7 1 0 2 25 0 3 10 38 1 7 6 0 
180 4 2 1 0 23 2 10 0 42 116 4 8 18 11 1 1 1 4 7 1 0 2 25 0 3 10 38 1 7 6 0 
180 4 2 1 0 23 2 10 0 42 116 4 8 18 11 1 1 1 4 7 1 0 2 25 0 3 10 38 1 7 6 0 
180 4 2 1 0 23 2 10 0 42 116 4 8 18 11 1 1 1 4 7 1 0 2 25 0 3 10 38 1 7 6 0 
188 4 2 1 0 23 2 14 2 42 116 4 14 35 15 1 2 2 4 7 2 1 4 25 9 3 10 38 14 7 6 0 
180 4 2 1 0 23 2 10 0 42 116 4 8 18 11 1 1 1 4 7 1 0 2 25 0 3 10 38 1 7 6 0 
180 4 2 1 0 23 2 10 0 42 116 4 8 18 11 1 1 1 4 7 1 0 2 25 0 3 10 38 1 7 6 0 
180 4 2 1 0 23 2 10 0 42 116 4 8 18 11 1 1 1 4 7 1 0 2 25 0 3 10 38 1 7 6 0 
180 4 2 1 0 23 2 10 0 42 116 4 8 18 11 1 1 1 4 7 1 0 2 25 0 3 10 38 1 7 6 0 
333 70 55 76 246 216 113 131 167 102 301 115 721 2567 1260 81 103 106 165 223 154 161 818 268 130 105 144 301 113 268 32 0 
31 10 3 1 10 12 8 1 47 10 88 3 3 29 18 2 1 17 11 0 2 6 28 5 3 40 1 14 10 29 9 0 
9 1 1 0 1 1 0 0 1 1 7 23 4 5 2 1 0 8 0 15 0 2 1 11 2 30 35 18 1 6 0 0 
0 0 0 0 0 0 0 0 0 3 2 0 0 0 0 0 0 0 0 2 1 0 3 1 0 1 0 1 0 0 0 0 
0 0 0 0 0 0 0 0 0 3 2 0 0 0 0 0 0 0 0 2 1 0 3 1 0 1 0 1 0 0 0 0 
0 0 0 0 0 0 0 0 0 3 2 0 0 0 0 0 0 0 0 2 1 0 3 1 0 1 0 1 0 0 0 0 
0 0 0 0 0 0 0 0 0 3 2 0 0 0 0 0 0 0 0 2 1 0 3 1 0 1 0 1 0 0 0 0 
63 3 5 29 5 3 1 34 0 335 63 1 5 16 4 10 6 2 5 5 3 1 17 8 0 13 5 29 1 41 17 0 
54 29 28 32 63 43 15 22 11 27 27 56 25 14 229 56 38 62 124 45 53 41 165 21 39 30 6 771 61 37 145 0 
41 19 20 22 53 34 7 14 7 21 18 48 14 8 25 20 31 42 106 24 8 9 58 4 9 21 4 119 66 32 124 0 
41 19 20 22 53 34 7 14 7 21 18 48 14 8 25 20 31 42 106 24 8 9 58 4 9 21 4 119 66 32 124 0 
41 19 20 22 53 34 7 14 7 21 18 48 14 8 25 20 31 42 106 24 8 9 58 4 9 21 4 119 66 32 124 0 
41 19 20 22 53 34 7 14 7 21 18 48 14 8 25 20 31 42 106 24 8 9 58 4 9 21 4 119 66 32 124 0 
98 25 36 31 73 47 12 26 19 27 22 114 17 14 27 32 44 64 129 30 13 18 89 4 19 23 73 184 108 39 179 0 
76 23 59 24 61 49 11 20 8 23 20 136 20 9 34 38 35 78 109 29 15 10 64 5 14 39 138 176 191 44 148 0 
46 22 21 22 53 34 7 14 7 55 28 49 14 8 26 20 31 42 106 27 8 9 65 7 10 26 6 127 81 39 126 0 
147 38 64 103 105 50 28 22 31 143 39 122 29 23 37 30 60 75 142 41 23 22 140 18 33 52 22 329 179 61 227 0 
21 1 4 1 7 9 1 4 9 4 1 52 1 2 0 7 10 14 5 2 1 8 12 0 3 1 68 42 28 3 24 0 
21 1 4 1 7 9 1 4 9 4 1 52 1 2 0 7 10 14 5 2 1 8 12 0 3 1 68 42 28 3 24 0 
21 1 4 1 7 9 1 4 9 4 1 52 1 2 0 7 10 14 5 2 1 8 12 0 3 1 68 42 28 3 24 0 
21 1 4 1 7 9 1 4 9 4 1 52 1 2 0 7 10 14 5 2 1 8 12 0 3 1 68 42 28 3 24 0 
16 5 5 6 36 46 0 5 11 10 18 15 4 41 17 14 6 15 21 20 24 48 127 26 13 64 15 255 6 5 47 0 
3 0 2 0 13 0 0 0 0 0 0 0 0 0 0 0 0 0 0 0 0 0 0 0 0 1 0 1 11 0 2 0 
270 127 146 186 190 242 191 129 184 301 127 139 108 431 378 778 386 174 585 852 829 702 2089 837 206 94 64 386 375 144 161 0 
153 71 57 120 106 90 32 30 59 139 41 94 38 67 104 45 69 81 104 146 102 111 430 68 74 53 44 868 110 70 385 0 
108 24 43 51 65 20 22 13 24 128 25 57 22 16 23 18 28 36 49 32 14 9 73 12 22 32 19 229 131 37 130 0 
134 37 59 74 100 43 25 17 29 143 45 69 29 25 25 21 36 48 68 59 21 14 108 23 32 37 29 355 302 52 173 0 
110 24 43 51 65 20 22 13 24 128 25 57 22 16 23 18 28 36 49 32 14 9 73 12 22 32 19 227 131 37 130 0 
4 0 2 0 1 0 0 0 0 0 0 6 0 0 0 0 0 0 1 0 0 0 2 0 0 0 1 3 45 1 4 0 
18 1 5 3 6 2 1 0 1 1 0 3 0 4 1 2 2 6 18 3 1 1 9 0 3 0 0 0 32 2 30 0 
18 1 5 3 6 2 1 0 1 1 0 3 0 4 1 2 2 6 18 3 1 1 9 0 3 0 0 0 32 2 30 0 
34 19 22 13 50 8 15 5 3 28 9 62 10 15 15 12 14 21 27 23 17 8 59 9 30 4 3 143 104 16 74 0 
14 1 3 2 6 0 0 0 1 1 0 1 0 2 0 2 2 4 5 2 1 1 7 0 1 0 0 0 24 1 25 0 
3 1 0 0 11 0 0 0 0 5 6 0 0 0 0 1 0 1 2 2 2 0 11 1 1 2 0 1 0 0 1 0 
3 1 0 0 11 0 0 0 0 5 6 0 0 0 0 1 0 1 2 2 2 0 11 1 1 2 0 1 0 0 1 0 
0 0 0 0 0 0 0 0 0 5 24 0 0 1 0 0 0 0 1 0 0 0 0 1 2 1 0 0 0 0 0 0 
0 0 0 0 0 0 0 0 0 5 24 0 0 1 0 0 0 0 1 0 0 0 0 1 2 1 0 0 0 0 0 0 
0 0 0 0 0 0 0 0 0 5 24 0 0 1 0 0 0 0 1 0 0 0 0 1 2 1 0 0 0 0 0 0 
0 0 0 0 0 0 0 0 0 5 24 0 0 1 0 0 0 0 1 0 0 0 0 1 2 1 0 0 0 0 0 0 
12 1 0 0 0 0 0 0 1 9 6 0 1 1 0 0 1 0 0 0 0 0 1 0 0 4 0 0 1 1 7 0 
12 1 0 0 0 0 0 0 1 9 6 0 1 1 0 0 1 0 0 0 0 0 1 0 0 4 0 0 1 1 7 0 
12 1 0 0 0 0 0 0 1 9 6 0 1 1 0 0 1 0 0 0 0 0 1 0 0 4 0 0 1 1 7 0 
12 1 0 0 0 0 0 0 1 9 6 0 1 1 0 0 1 0 0 0 0 0 1 0 0 4 0 0 1 1 7 0 
0 0 0 0 0 0 0 1 1 1 2 1 0 0 0 0 0 0 1 2 1 1 3 0 0 1 0 0 0 1 1 0 
0 0 0 0 0 0 0 1 1 1 2 1 0 0 0 0 0 0 1 2 1 1 3 0 0 1 0 0 0 1 1 0 
0 0 0 0 1 0 0 0 0 30 1 0 0 0 0 0 0 0 0 1 0 0 1 0 0 1 0 0 0 0 1 0 
0 0 0 0 1 0 0 0 0 30 1 0 0 0 0 0 0 0 0 1 0 0 1 0 0 1 0 0 0 0 1 0 
37 19 18 21 26 26 8 24 21 8 12 10 58 25 63 56 110 652 89 130 133 231 344 110 75 13 8 23 60 14 6 0 
0 1 2 1 0 0 0 0 0 40 2 0 0 0 1 1 4 21 2 2 1 6 61 2 1 1 0 0 0 1 0 0 
0 1 2 1 0 0 0 0 0 40 2 0 0 0 1 1 4 21 2 2 1 6 61 2 1 1 0 0 0 1 0 0 
0 1 2 1 0 0 0 0 0 40 2 0 0 0 1 1 4 21 2 2 1 6 61 2 1 1 0 0 0 1 0 0 
0 1 2 1 0 0 0 0 0 40 2 0 0 0 1 1 4 21 2 2 1 6 61 2 1 1 0 0 0 1 0 0 
0 1 2 1 0 0 0 0 0 40 2 0 0 0 1 1 4 21 2 2 1 6 61 2 1 1 0 0 0 1 0 0 
416 322 274 318 277 901 239 271 236 397 444 211 339 1615 1217 1029 2365 10985 1182 1176 1874 2665 7160 1753 770 350 195 449 568 420 95 0 
187 151 83 139 147 227 207 132 311 161 192 102 300 3174 818 533 553 2518 627 707 1372 1241 2141 1142 1726 131 69 234 258 293 43 0 
83 18 26 1 3 54 2 5 4 91 69 2 5 16 15 3 4 15 1 7 8 6 57 11 4 34 13 27 11 43 10 0 
88 19 27 1 5 54 3 6 4 97 100 3 24 16 16 5 5 19 2 9 9 6 61 15 5 45 18 67 24 66 17 0 
84 18 26 1 3 54 2 5 4 90 71 2 6 16 15 3 4 15 1 8 8 6 58 11 4 34 14 28 11 43 10 0 
139 37 45 8 17 67 6 18 22 100 319 11 18 77 65 15 15 24 14 53 25 15 121 24 15 66 19 55 57 106 28 0 
189 34 30 2 11 70 8 18 9 168 209 14 26 78 61 8 13 34 4 23 17 12 122 23 32 54 22 56 19 183 28 0 
106 16 4 1 8 16 6 13 5 104 140 12 21 62 46 5 9 19 3 16 9 6 65 12 28 20 9 29 8 140 18 0 
106 16 4 1 8 16 6 13 5 104 140 12 21 62 46 5 9 19 3 16 9 6 65 12 28 20 9 29 8 140 18 0 
106 16 4 1 8 16 6 13 5 104 140 12 21 62 46 5 9 19 3 16 9 6 65 12 28 20 9 29 8 140 18 0 
123 20 27 3 10 18 8 16 11 104 249 13 25 77 48 8 14 20 4 21 21 8 75 15 28 35 10 35 9 148 22 0 
106 16 4 1 8 16 6 13 5 104 140 12 21 62 46 5 9 19 3 16 9 6 65 12 28 20 9 29 8 140 18 0 
106 16 4 1 8 16 6 13 5 104 140 12 21 62 46 5 9 19 3 16 9 6 65 12 28 20 9 29 8 140 18 0 
17 4 23 2 2 2 2 3 6 16 109 1 4 15 2 3 5 1 1 5 12 2 10 3 0 15 1 6 1 8 4 0 
0 1 0 0 0 0 0 0 0 5 6 0 0 0 0 0 0 0 2 0 0 0 3 2 0 2 0 1 0 1 2 0 
0 1 0 0 0 0 0 0 0 5 6 0 0 0 0 0 0 0 2 0 0 0 3 2 0 2 0 1 0 1 2 0 
16 1 0 0 0 0 0 1 0 14 3 0 0 0 0 0 1 0 0 0 0 0 3 0 0 1 0 1 4 9 26 0 
16 1 0 0 0 0 0 1 0 14 3 0 0 0 0 0 1 0 0 0 0 0 3 0 0 1 0 1 4 9 26 0 
16 1 0 0 0 0 0 1 0 14 3 0 0 0 0 0 1 0 0 0 0 0 3 0 0 1 0 1 4 9 26 0 
16 1 0 0 0 0 0 1 0 14 3 0 0 0 0 0 1 0 0 0 0 0 3 0 0 1 0 1 4 9 26 0 
16 1 0 0 0 0 0 1 0 14 3 0 0 0 0 0 1 0 0 0 0 0 3 0 0 1 0 1 4 9 26 0 
16 1 0 0 0 0 0 1 0 14 3 0 0 0 0 0 1 0 0 0 0 0 3 0 0 1 0 1 4 9 26 0 
16 1 0 0 0 0 0 1 0 14 3 0 0 0 0 0 1 0 0 0 0 0 3 0 0 1 0 1 4 9 26 0 
76 2 27 31 5 7 0 32 0 289 45 0 2 0 1 9 3 3 2 3 1 1 9 6 1 5 1 4 0 7 10 0 
10 0 24 1 1 5 0 0 0 4 10 0 0 0 1 0 0 0 0 1 0 0 3 0 1 0 0 3 0 0 2 0 
10 0 24 1 1 5 0 0 0 4 10 0 0 0 1 0 0 0 0 1 0 0 3 0 1 0 0 3 0 0 2 0 
10 0 24 1 1 5 0 0 0 4 10 0 0 0 1 0 0 0 0 1 0 0 3 0 1 0 0 3 0 0 2 0 
0 0 0 0 0 0 0 0 0 6 1 0 0 0 1 0 0 0 0 1 0 0 0 1 0 1 0 1 0 1 2 0 
0 2 0 2 3 0 1 0 0 16 13 0 0 1 3 1 0 0 22 6 0 2 10 4 0 7 1 0 0 5 15 0 
0 2 0 2 3 0 1 0 0 16 13 0 0 1 3 1 0 0 22 6 0 2 10 4 0 7 1 0 0 5 15 0 
0 2 0 2 4 0 1 0 0 36 69 0 0 1 3 2 2 0 23 6 0 2 21 4 0 10 1 3 2 20 21 0 
0 2 0 2 4 0 1 0 0 42 70 0 0 1 4 2 2 0 23 7 0 2 21 5 0 11 1 4 2 21 23 0 
0 2 0 2 3 0 1 0 0 16 13 0 0 1 3 1 0 0 22 6 0 2 10 4 0 7 1 0 0 5 15 0 
0 2 0 2 3 0 1 0 0 16 13 0 0 1 3 1 0 0 22 6 0 2 10 4 0 7 1 0 0 5 15 0 
6 0 0 0 1 1 0 0 0 11 4 0 0 0 0 0 0 0 1 1 0 0 3 0 0 1 0 0 0 1 4 0 
6 0 0 0 1 1 0 0 0 11 4 0 0 0 0 0 0 0 1 1 0 0 3 0 0 1 0 0 0 1 4 0 
6 0 0 0 1 1 0 0 0 11 4 0 0 0 0 0 0 0 1 1 0 0 3 0 0 1 0 0 0 1 4 0 
6 0 0 0 1 1 0 0 0 11 4 0 0 0 0 0 0 0 1 1 0 0 3 0 0 1 0 0 0 1 4 0 
144 7 0 1 2 3 1 2 0 51 465 1 1 2 0 1 5 2 7 2 10 0 7 3 0 6 1 1 2 7 16 0 
0 0 0 0 1 0 0 0 0 3 1 0 0 0 0 0 0 0 0 1 0 0 1 0 0 0 0 0 0 1 1 0 
0 0 0 0 1 0 0 0 0 3 1 0 0 0 0 0 0 0 0 1 0 0 1 0 0 0 0 0 0 1 1 0 
5 1 0 0 0 0 0 0 0 21 7 0 0 0 0 0 0 0 0 0 0 0 1 0 1 1 0 0 3 0 0 0 
5 1 0 0 0 0 0 0 0 21 7 0 0 0 0 0 0 0 0 0 0 0 1 0 1 1 0 0 3 0 0 0 
12 1 0 1 0 0 0 3 0 60 74 1 0 0 0 0 2 0 0 2 0 0 8 0 1 2 1 4 3 5 22 0 
0 1 0 0 0 1 1 0 1 3 29 0 0 0 0 0 0 0 0 1 1 0 1 2 0 1 0 0 1 1 1 0 
0 1 0 0 0 1 1 0 1 3 29 0 0 0 0 0 0 0 0 1 1 0 1 2 0 1 0 0 1 1 1 0 
0 0 0 12 1 0 0 0 0 28 2 0 0 0 0 0 0 0 0 0 0 0 2 0 0 1 0 0 0 0 1 0 
0 0 0 12 1 0 0 0 0 28 2 0 0 0 0 0 0 0 0 0 0 0 2 0 0 1 0 0 0 0 1 0 
0 0 0 0 0 0 0 0 0 6 27 0 0 0 0 0 0 0 1 1 1 1 0 1 0 4 0 1 0 1 2 0 
0 0 0 0 0 0 0 0 0 6 27 0 0 0 0 0 0 0 1 1 1 1 0 1 0 4 0 1 0 1 2 0 
157 20 13 11 41 5 5 9 4 7 28 15 3 6 14 49 13 13 313 50 92 61 2 52 61 9 6 7 2 3 2 0 
157 20 13 11 41 5 5 9 4 8 28 15 3 6 14 49 13 13 313 50 92 61 2 52 61 23 6 7 2 3 2 0 
157 20 13 11 42 6 5 9 4 38 76 15 3 7 15 49 13 13 319 52 92 61 5 56 64 14 6 12 2 6 6 0 
133 62 106 43 53 284 61 33 64 44 104 66 94 254 216 107 126 494 176 266 356 528 173 517 110 81 56 188 64 85 10 0 
133 62 106 43 53 284 61 33 64 44 104 66 94 254 216 107 126 494 176 266 356 528 173 517 110 81 56 188 64 85 10 0 
133 62 106 43 53 284 61 33 64 44 104 66 94 254 216 107 126 494 176 266 356 528 173 517 110 81 56 188 64 85 10 0 
133 62 106 43 53 284 61 33 64 44 104 66 94 254 216 107 126 494 176 266 356 528 173 517 110 81 56 188 64 85 10 0 
28 0 0 0 1 1 0 0 0 44 18 0 2 2 2 4 4 1 0 1 2 2 20 1 0 0 1 3 1 2 14 0 
28 0 0 0 1 1 0 0 0 44 18 0 2 2 2 4 4 1 0 1 2 2 20 1 0 0 1 3 1 2 14 0 
28 0 0 0 1 1 0 0 0 44 18 0 2 2 2 4 4 1 0 1 2 2 20 1 0 0 1 3 1 2 14 0 
28 0 0 0 1 1 0 0 0 44 18 0 2 2 2 4 4 1 0 1 2 2 20 1 0 0 1 3 1 2 14 0 
28 0 0 0 1 1 0 0 0 44 18 0 2 2 2 4 4 1 0 1 2 2 20 1 0 0 1 3 1 2 14 0 
28 0 0 0 1 1 0 0 0 44 18 0 2 2 2 4 4 1 0 1 2 2 20 1 0 0 1 3 1 2 14 0 
28 0 0 0 1 1 0 0 0 44 18 0 2 2 2 4 4 1 0 1 2 2 20 1 0 0 1 3 1 2 14 0 
28 0 0 0 1 1 0 0 0 44 18 0 2 2 2 4 4 1 0 1 2 2 20 1 0 0 1 3 1 2 14 0 
28 0 0 0 1 1 0 0 0 44 18 0 2 2 2 4 4 1 0 1 2 2 20 1 0 0 1 3 1 2 14 0 
28 0 0 0 1 1 0 0 0 44 18 0 2 2 2 4 4 1 0 1 2 2 20 1 0 0 1 3 1 2 14 0 
30 1 0 1 5 3 0 1 3 47 21 2 2 3 22 9 8 4 4 12 45 2 57 5 0 0 1 3 2 2 15 0 
297 246 185 418 320 891 455 228 243 345 244 188 228 558 1015 1735 1025 291 1140 1749 2084 1572 2736 2277 526 145 155 370 559 143 329 0 
2 1 0 1 4 2 0 1 3 3 4 2 1 1 20 5 4 3 4 11 43 0 37 4 0 0 0 0 1 0 2 0 
177 34 31 17 117 98 29 30 72 121 840 39 20 173 125 61 65 92 24 109 46 73 369 35 20 505 27 144 55 374 189 0 
0 1 0 2 0 1 0 1 4 78 67 0 0 0 2 1 3 0 0 0 0 0 2 1 0 2 0 5 0 3 3 0 
59 10 4 3 15 11 0 4 3 93 173 8 4 8 5 12 7 5 4 8 19 5 40 6 19 16 5 23 3 22 38 0 
59 10 4 3 15 11 0 4 3 93 173 8 4 8 5 12 7 5 4 8 19 5 40 6 19 16 5 23 3 22 38 0 
59 10 4 3 15 11 0 4 3 93 173 8 4 8 5 12 7 5 4 8 19 5 40 6 19 16 5 23 3 22 38 0 
0 0 0 0 0 0 0 0 0 3 1 0 0 0 0 0 0 0 0 0 0 0 0 0 0 2 0 0 0 0 0 0 
0 0 0 0 0 0 0 0 0 3 1 0 0 0 0 0 0 0 0 0 0 0 0 0 0 2 0 0 0 0 0 0 
0 1 0 0 0 0 0 1 0 11 11 2 0 0 0 5 2 0 0 2 1 1 18 1 0 1 1 0 0 1 2 0 
0 1 0 0 0 0 0 1 0 11 11 2 0 0 0 5 2 0 0 2 1 1 18 1 0 1 1 0 0 1 2 0 
0 1 0 0 0 0 0 1 0 11 11 2 0 0 0 5 2 0 0 2 1 1 18 1 0 1 1 0 0 1 2 0 
0 1 0 0 0 0 0 1 0 11 11 2 0 0 0 5 2 0 0 2 1 1 18 1 0 1 1 0 0 1 2 0 
0 1 0 0 0 0 0 1 0 11 11 2 0 0 0 5 2 0 0 2 1 1 18 1 0 1 1 0 0 1 2 0 
0 1 0 13 1 0 2 0 0 23 4 1 0 0 0 0 4 1 0 2 0 0 2 0 0 1 1 0 0 10 26 0 
0 1 0 13 1 0 2 0 0 23 4 1 0 0 0 0 4 1 0 2 0 0 2 0 0 1 1 0 0 10 26 0 
0 1 0 13 1 0 2 0 0 23 4 1 0 0 0 0 4 1 0 2 0 0 2 0 0 1 1 0 0 10 26 0 
0 1 0 13 1 0 2 0 0 23 4 1 0 0 0 0 4 1 0 2 0 0 2 0 0 1 1 0 0 10 26 0 
21 4 1 2 6 3 17 0 1 251 32 4 4 4 1 0 2 5 2 7 7 1 13 6 6 8 3 5 12 25 8 0 
10 1 0 0 2 1 2 0 0 247 18 4 0 0 0 0 1 3 0 5 3 0 4 4 0 6 0 3 3 5 7 0 
10 1 0 0 2 1 2 0 0 247 18 4 0 0 0 0 1 3 0 5 3 0 4 4 0 6 0 3 3 5 7 0 
10 1 0 0 2 1 2 0 0 247 18 4 0 0 0 0 1 3 0 5 3 0 4 4 0 6 0 3 3 5 7 0 
10 1 0 0 2 1 2 0 0 247 18 4 0 0 0 0 1 3 0 5 3 0 4 4 0 6 0 3 3 5 7 0 
15 5 3 2 8 9 15 0 9 5 82 1 4 7 1 2 2 3 2 6 5 6 13 2 7 5 3 3 9 22 4 0 
141 96 33 49 73 484 98 32 96 132 93 67 111 438 277 131 53 83 160 245 289 373 83 982 146 117 24 73 44 163 27 0 
141 96 33 49 73 484 98 32 96 132 93 67 111 438 277 131 53 83 160 245 289 373 83 982 146 117 24 73 44 163 27 0 
144 96 33 49 73 484 98 32 96 132 93 67 111 438 277 131 53 83 160 245 289 373 83 979 146 117 24 73 44 163 27 0 
141 96 33 49 73 484 98 32 96 132 93 67 111 438 277 131 53 83 160 245 289 373 83 982 146 117 24 73 44 163 27 0 
141 96 33 49 73 484 98 32 96 132 93 67 111 438 277 131 53 83 160 245 289 373 83 982 146 117 24 73 44 163 27 0 
141 96 33 49 73 484 98 32 96 132 93 67 111 438 277 131 53 83 160 245 289 373 83 982 146 117 24 73 44 163 27 0 
141 96 33 49 73 484 98 32 96 132 93 67 111 438 277 131 53 83 160 245 289 373 83 982 146 117 24 73 44 163 27 0 
141 96 33 49 73 484 98 32 96 132 93 67 111 438 277 131 53 83 160 245 289 373 83 982 146 117 24 73 44 163 27 0 
141 96 33 49 73 484 98 32 96 132 93 67 111 438 277 131 53 83 160 245 289 373 83 982 146 117 24 73 44 163 27 0 
0 1 0 0 0 0 0 0 0 3 4 0 0 0 0 0 0 0 0 0 0 0 1 0 0 1 0 0 0 0 0 0 
0 1 0 0 0 0 0 0 0 3 4 0 0 0 0 0 0 0 0 0 0 0 1 0 0 1 0 0 0 0 0 0 
22 0 1 0 1 4 0 1 1 22 15 0 0 13 9 1 0 1 1 1 0 0 11 3 1 5 2 4 2 3 3 0 
22 0 1 0 1 4 0 1 1 22 15 0 0 13 9 1 0 1 1 1 0 0 11 3 1 5 2 4 2 3 3 0 
22 0 1 0 1 4 0 1 1 22 15 0 0 13 9 1 0 1 1 1 0 0 11 3 1 5 2 4 2 3 3 0 
36 9 1 1 5 14 3 8 9 23 23 12 52 138 152 17 9 10 8 13 10 12 66 8 27 8 4 11 6 6 5 0 
0 0 0 0 0 0 0 0 0 1 0 0 0 0 0 0 0 0 0 0 0 0 0 0 0 0 0 0 0 0 0 0 
0 0 0 1 0 0 0 0 0 17 66 0 0 0 0 1 0 0 0 0 0 0 2 1 0 0 0 0 0 1 2 0 
67 18 26 13 33 30 48 31 20 42 57 59 15 92 56 62 27 18 126 129 300 89 674 102 79 21 32 30 19 14 13 0 
67 18 26 13 33 30 48 31 20 42 57 59 15 92 56 62 27 18 126 129 300 89 674 102 79 21 32 30 19 14 13 0 
67 18 26 13 33 30 48 31 20 42 57 59 15 92 56 62 27 18 126 129 300 89 674 102 79 21 32 30 19 14 13 0 
216 78 83 79 121 272 114 109 110 199 129 191 65 291 402 388 126 73 349 547 723 558 1623 627 328 53 51 97 79 206 24 0 
23 2 6 18 7 34 1 18 3 0 1 88 0 19 11 4 0 2 2 5 3 0 12 13 3 10 1 2 4 15 0 0 
62 6 10 8 51 6 13 5 9 29 18 16 8 96 32 15 11 11 61 151 68 38 362 36 21 13 2 3 21 4 14 0 
62 6 10 8 51 6 13 5 9 29 18 16 8 96 32 15 11 11 61 151 68 38 362 36 21 13 2 3 21 4 14 0 
62 6 10 8 51 6 13 5 9 29 18 16 8 96 32 15 11 11 61 151 68 38 362 36 21 13 2 3 21 4 14 0 
62 6 10 8 51 6 13 5 9 29 18 16 8 96 32 15 11 11 61 151 68 38 362 36 21 13 2 3 21 4 14 0 
62 6 10 8 51 6 13 5 9 29 18 16 8 96 32 15 11 11 61 151 68 38 362 36 21 13 2 3 21 4 14 0 
62 6 10 8 51 6 13 5 9 29 18 16 8 96 32 15 11 11 61 151 68 38 362 36 21 13 2 3 21 4 14 0 
62 6 10 8 51 6 13 5 9 29 18 16 8 96 32 15 11 11 61 151 68 38 362 36 21 13 2 3 21 4 14 0 
62 6 10 8 51 6 13 5 9 29 18 16 8 96 32 15 11 11 61 151 68 38 362 36 21 13 2 3 21 4 14 0 
141 42 39 31 96 25 21 44 36 43 34 66 19 125 115 87 125 30 281 366 165 140 1050 88 55 19 28 39 33 8 21 0 
149 15 168 486 82 61 78 52 121 19 32 81 25 47 35 38 10 18 9 12 6 17 50 15 16 22 22 53 15 65 7 0 
149 15 168 486 82 61 78 52 121 19 32 81 25 47 35 38 10 18 9 12 6 17 50 15 16 22 22 53 15 65 7 0 
151 15 166 486 82 61 78 52 121 19 32 81 25 47 35 38 10 18 9 12 6 17 50 15 16 22 22 53 15 65 7 0 
149 15 168 486 82 61 78 52 121 19 32 81 25 47 35 38 10 18 9 12 6 17 50 15 16 22 22 53 15 65 7 0 
149 15 168 486 82 61 78 52 121 19 32 81 25 47 35 38 10 18 9 12 6 17 50 15 16 22 22 53 15 65 7 0 
298 133 255 911 183 393 175 124 396 346 165 294 859 6722 3408 284 245 432 192 189 225 336 1295 326 166 235 142 312 189 867 55 0 
38 7 26 471 8 22 5 7 24 4 15 73 2 40 23 4 1 11 2 1 3 92 58 2 2 10 6 13 20 510 4 0 
248 27 178 527 167 495 168 78 256 100 55 107 39 79 58 75 18 34 79 36 36 45 123 42 52 35 47 423 189 125 17 0 
97 22 44 17 64 281 75 235 187 33 9 142 18 55 17 35 4 14 11 22 70 44 130 31 49 44 17 26 14 14 30 0 
0 0 0 0 1 1 2 5 12 0 0 2 0 0 0 1 0 0 0 0 0 0 1 0 0 0 0 0 0 0 0 0 
62 3 11 3 9 216 18 8 119 13 2 5 0 25 10 13 2 6 5 12 19 17 16 16 8 3 5 7 7 2 3 0 
62 3 11 3 9 216 18 8 119 13 2 5 0 25 10 13 2 6 5 12 19 17 16 16 8 3 5 7 7 2 3 0 
62 3 11 3 9 216 18 8 119 13 2 5 0 25 10 13 2 6 5 12 19 17 16 16 8 3 5 7 7 2 3 0 
267 208 159 173 349 1848 286 142 229 292 229 249 282 764 720 659 323 427 717 997 1372 1343 2737 1914 818 110 60 191 152 300 126 0 
357 176 159 440 253 590 250 220 295 351 285 157 240 412 758 1025 713 223 832 1757 1571 1625 2639 1481 820 86 46 210 232 299 84 0 
57 73 35 53 45 558 107 26 55 48 49 24 71 345 169 85 97 72 160 257 317 286 1594 623 349 38 17 55 32 48 29 0 
57 73 35 53 45 558 107 26 55 48 49 24 71 345 169 85 97 72 160 257 317 286 1594 623 349 38 17 55 32 48 29 0 
2607 929 841 1568 1357 3299 1239 1168 1307 1479 1416 890 938 2690 2852 4623 2295 4319 5066 7474 8969 9903 8653 9515 3340 761 358 1236 1082 750 536 0 
3043 1020 1343 1725 1651 3386 1657 1988 1811 1518 1589 1229 1330 3150 3824 5210 2571 3302 6816 9290 9504 10900 13898 12050 4746 729 1548 1501 1446 1056 471 0 
2415 773 634 1159 1434 3429 1448 1292 1083 1524 1341 1227 1239 3730 2350 3795 1916 1882 3595 5651 6461 6823 10447 7504 3449 800 332 859 1531 673 376 0 
0 0 2 1 2 4 0 5 13 3 3 46 1 2 11 11 1 1 25 42 18 8 154 23 7 0 1 3 4 0 1 0 
2062 584 587 846 894 2082 739 797 803 799 937 591 750 2056 2397 2704 2083 3360 3033 4525 5626 5818 11312 5514 1917 766 212 676 606 631 293 0 
1711 368 355 500 450 3956 784 459 568 358 743 571 479 1666 1166 1474 954 1390 1560 2241 2621 2879 15250 4778 3076 391 150 432 588 547 189 0 
1361 146 159 303 224 505 247 320 235 195 297 289 276 915 545 947 428 503 837 1476 1684 1441 4373 1719 568 164 53 176 266 218 111 0 
1461 168 268 339 278 559 269 359 254 285 321 370 301 1024 628 1206 551 643 1000 1660 1967 1737 4840 1947 626 182 70 260 325 249 127 0 
1361 146 159 303 224 505 247 320 235 195 297 289 276 915 545 947 428 503 837 1476 1684 1441 4373 1719 568 164 53 176 266 218 111 0 
1361 146 159 303 224 505 247 320 235 195 297 289 276 915 545 947 428 503 837 1476 1684 1441 4373 1719 568 164 53 176 266 218 111 0 
1361 146 159 303 224 505 247 320 235 195 297 289 276 915 545 947 428 503 837 1476 1684 1441 4373 1719 568 164 53 176 266 218 111 0 
1361 146 159 303 224 505 247 320 235 195 297 289 276 915 545 947 428 503 837 1476 1684 1441 4373 1719 568 164 53 176 266 218 111 0 
1361 146 159 303 224 505 247 320 235 195 297 289 276 915 545 947 428 503 837 1476 1684 1441 4373 1719 568 164 53 176 266 218 111 0 
1416 176 177 330 313 616 270 352 270 252 357 314 313 1119 767 1050 540 887 1035 1694 2019 1821 4778 2115 655 190 59 220 305 261 129 0 
1361 146 159 303 224 505 247 320 235 195 297 289 276 915 545 947 428 503 837 1476 1684 1441 4373 1719 568 164 53 176 266 218 111 0 
1374 157 163 307 231 508 269 324 236 196 301 291 285 938 560 963 440 506 846 1482 1689 1455 4418 1739 583 165 53 179 285 252 112 0 
1361 146 159 303 224 505 247 320 235 195 297 289 276 915 545 947 428 503 837 1476 1684 1441 4373 1719 568 164 53 176 266 218 111 0 
1361 146 159 303 224 505 247 320 235 195 297 289 276 915 545 947 428 503 837 1476 1684 1441 4373 1719 568 164 53 176 266 218 111 0 
1502 172 203 339 276 522 274 371 248 220 344 349 334 927 597 995 502 560 953 1596 1801 1542 4993 1805 593 171 59 186 283 225 125 0 
1502 172 203 339 276 522 274 371 248 220 344 349 334 927 597 995 502 560 953 1596 1801 1542 4993 1805 593 171 59 186 283 225 125 0 
1361 146 159 303 224 505 247 320 235 195 297 289 276 915 545 947 428 503 837 1476 1684 1441 4373 1719 568 164 53 176 266 218 111 0 
1394 182 165 318 236 508 252 337 256 200 313 293 278 919 589 976 465 510 903 1512 1723 1478 4769 1742 581 168 56 181 271 228 114 0 
1361 146 159 303 224 505 247 320 235 195 297 289 276 915 545 947 428 503 837 1476 1684 1441 4373 1719 568 164 53 176 266 218 111 0 
1361 146 159 303 224 505 247 320 235 195 297 289 276 915 545 947 428 503 837 1476 1684 1441 4373 1719 568 164 53 176 266 218 111 0 
1361 146 159 303 224 505 247 320 235 195 297 289 276 915 545 947 428 503 837 1476 1684 1441 4373 1719 568 164 53 176 266 218 111 0 
1361 146 159 303 224 505 247 320 235 195 297 289 276 915 545 947 428 503 837 1476 1684 1441 4373 1719 568 164 53 176 266 218 111 0 
1483 200 217 412 337 756 339 414 358 410 461 373 411 1159 746 1245 599 577 1191 2237 2224 2048 6302 2491 777 234 87 275 430 332 163 0 
1361 146 159 303 224 505 247 320 235 195 297 289 276 915 545 947 428 503 837 1476 1684 1441 4373 1719 568 164 53 176 266 218 111 0 
1361 146 159 303 224 505 247 320 235 195 297 289 276 915 545 947 428 503 837 1476 1684 1441 4373 1719 568 164 53 176 266 218 111 0 
1361 146 159 303 224 505 247 320 235 195 297 289 276 915 545 947 428 503 837 1476 1684 1441 4373 1719 568 164 53 176 266 218 111 0 
1574 204 300 559 338 624 376 425 289 365 432 419 335 1057 703 1384 708 693 1243 2075 2157 1984 5949 2140 716 202 81 310 373 271 148 0 
1623 302 341 497 534 1262 590 593 411 494 573 486 443 1303 1138 1852 864 1243 1580 3083 3481 3027 6761 3364 1282 315 159 401 588 399 203 0 
1694 373 338 721 540 1466 509 539 449 404 567 416 501 1417 1305 1799 989 1910 2142 2701 3349 3745 5972 3552 1101 422 115 598 484 397 171 0 
1752 335 386 764 627 865 800 735 418 610 670 454 497 1344 1051 1813 1078 1004 1771 3068 3044 2515 7761 3264 1474 413 173 415 441 431 378 0 
4 0 1 2 2 1 1 159 1 7 1 2 0 0 1 6 3 0 5 20 4 6 34 6 5 1 0 0 3 2 1 0 
261 48 69 98 121 127 101 306 37 89 71 103 72 44 116 177 236 79 378 462 262 206 1704 310 187 36 21 106 86 29 39 0 
141 24 109 40 57 65 27 44 29 95 27 96 27 113 95 281 135 175 185 251 306 354 509 274 71 20 17 89 64 36 17 0 
141 24 109 40 57 65 27 44 29 95 27 96 27 113 95 281 135 175 185 251 306 354 509 274 71 20 17 89 64 36 17 0 
443 96 193 131 197 104 295 252 79 136 100 252 121 199 213 422 285 254 459 483 503 511 1653 427 144 77 27 127 131 52 54 0 
813 490 469 918 926 1781 492 766 676 577 635 411 387 1083 1226 1934 1155 533 2181 3262 3669 3679 5150 4142 1453 333 204 407 628 315 216 0 
57 55 57 12 29 80 45 32 92 53 20 15 20 222 141 106 65 381 57 177 320 326 739 301 1103 18 13 34 58 64 8 0 
141 26 44 36 54 19 27 55 13 25 47 66 58 12 56 56 76 57 122 126 123 103 652 92 27 7 6 10 19 7 14 0 
141 26 44 36 54 19 27 55 13 25 47 66 58 12 56 56 76 57 122 126 123 103 652 92 27 7 6 10 19 7 14 0 
141 26 44 36 54 19 27 55 13 25 47 66 58 12 56 56 76 57 122 126 123 103 652 92 27 7 6 10 19 7 14 0 
141 26 44 36 54 19 27 55 13 25 47 66 58 12 56 56 76 57 122 126 123 103 652 92 27 7 6 10 19 7 14 0 
141 26 44 36 54 19 27 55 13 25 47 66 58 12 56 56 76 57 122 126 123 103 652 92 27 7 6 10 19 7 14 0 
171 33 52 61 67 50 66 67 24 51 54 69 84 69 99 110 100 87 194 170 246 246 1065 319 55 18 14 21 34 67 25 0 
11 4 0 2 4 4 2 3 25 5 16 2 3 0 1 6 3 0 6 11 6 7 50 11 4 0 0 0 0 0 3 0 
0 0 0 0 0 0 0 1 0 6 4 0 3 15 4 0 1 0 3 1 0 0 1 1 0 17 0 2 0 2 5 0 
0 0 0 0 0 0 0 1 0 6 4 0 3 15 4 0 1 0 3 1 0 0 1 1 0 17 0 2 0 2 5 0 
6 0 0 4 0 1 0 0 0 4 3 0 0 0 5 2 1 0 1 2 0 0 12 3 0 3 0 1 1 0 1 0 
6 0 0 4 0 1 0 0 0 4 3 0 0 0 5 2 1 0 1 2 0 0 12 3 0 3 0 1 1 0 1 0 
5 0 0 12 1 0 0 0 0 16 4 0 0 0 0 0 0 0 0 0 0 0 1 0 0 0 4 0 1 2 2 0 
5 0 0 12 1 0 0 0 0 16 4 0 0 0 0 0 0 0 0 0 0 0 1 0 0 0 4 0 1 2 2 0 
5 0 0 12 1 0 0 0 0 16 4 0 0 0 0 0 0 0 0 0 0 0 1 0 0 0 4 0 1 2 2 0 
0 0 0 0 0 0 0 0 0 1 2 0 0 0 0 0 0 0 0 0 0 0 0 1 0 0 0 0 0 0 0 0 
0 0 0 0 0 0 0 0 0 1 2 0 0 0 0 0 0 0 0 0 0 0 0 1 0 0 0 0 0 0 0 0 
0 1 0 0 0 0 0 0 1 37 14 0 0 0 0 2 1 0 0 2 0 0 4 0 0 5 0 2 0 3 11 0 
0 2 1 1 1 0 0 0 0 23 25 0 0 0 1 0 1 0 4 4 2 0 3 2 1 5 1 7 0 1 14 0 
0 2 1 1 1 0 0 0 0 23 25 0 0 0 1 0 1 0 4 4 2 0 3 2 1 5 1 7 0 1 14 0 
0 0 0 0 0 0 1 0 0 9 8 1 0 0 0 0 1 0 0 0 2 0 2 0 2 1 1 3 0 10 0 0 
0 1 0 0 0 0 0 0 0 8 1 0 0 0 0 1 0 0 0 0 0 0 0 1 0 1 0 0 0 1 2 0 
0 0 0 0 0 0 0 0 0 27 2 0 0 0 1 0 0 0 0 1 0 0 0 1 0 1 0 1 0 0 0 0 
0 1 0 1 0 0 0 0 0 74 94 2 0 0 12 1 4 0 0 2 3 0 2 3 0 4 0 6 0 5 13 0 
0 1 0 1 0 0 0 0 0 74 94 2 0 0 12 1 4 0 0 2 3 0 2 3 0 4 0 6 0 5 13 0 
0 1 0 1 0 0 0 0 0 74 94 2 0 0 12 1 4 0 0 2 3 0 2 3 0 4 0 6 0 5 13 0 
0 1 0 1 0 0 0 0 0 74 94 2 0 0 12 1 4 0 0 2 3 0 2 3 0 4 0 6 0 5 13 0 
0 1 0 1 0 0 0 0 0 74 94 2 0 0 12 1 4 0 0 2 3 0 2 3 0 4 0 6 0 5 13 0 
0 1 0 1 0 0 0 0 0 74 94 2 0 0 12 1 4 0 0 2 3 0 2 3 0 4 0 6 0 5 13 0 
0 1 0 1 0 0 0 0 0 74 94 2 0 0 12 1 4 0 0 2 3 0 2 3 0 4 0 6 0 5 13 0 
0 1 0 1 0 0 0 0 0 74 94 2 0 0 12 1 4 0 0 2 3 0 2 3 0 4 0 6 0 5 13 0 
0 1 0 1 0 0 0 0 0 74 94 2 0 0 12 1 4 0 0 2 3 0 2 3 0 4 0 6 0 5 13 0 
0 1 0 1 0 0 0 0 0 74 94 2 0 0 12 1 4 0 0 2 3 0 2 3 0 4 0 6 0 5 13 0 
0 1 0 1 0 0 0 0 0 74 94 2 0 0 12 1 4 0 0 2 3 0 2 3 0 4 0 6 0 5 13 0 
20 3 5 6 10 6 6 3 6 85 118 3 2 6 33 22 11 2 21 72 22 30 181 48 7 8 9 10 6 6 14 0 
2 1 1 0 1 0 0 1 0 17 7 0 0 0 1 1 0 0 1 2 0 0 2 3 0 5 1 1 0 6 4 0 
2 0 0 0 0 0 0 1 0 0 0 0 0 0 0 0 0 0 0 0 0 0 0 0 0 0 0 0 0 0 0 0 
0 0 0 1 0 0 61 0 0 5 5 0 0 0 0 0 2 0 6 2 0 1 10 0 2 1 0 1 2 11 1 0 
0 0 0 1 0 0 61 0 0 5 5 0 0 0 0 0 2 0 6 2 0 1 10 0 2 1 0 1 2 11 1 0 
0 0 0 0 1 0 0 0 0 7 15 0 0 0 1 0 0 0 2 0 0 0 0 1 1 1 0 4 0 0 1 0 
114 2 1 1 1 1 0 2 2 28 38 1 0 1 2 1 1 1 3 5 0 0 9 12 1 3 1 7 1 6 1 0 
41 1 1 0 4 2 0 0 0 60 25 0 0 0 1 1 1 0 0 4 1 1 3 0 0 4 2 33 1 27 8 0 
37 1 1 0 4 2 0 0 0 60 29 0 0 0 1 1 1 0 0 4 1 1 3 0 0 4 2 33 1 27 8 0 
37 1 1 0 4 2 0 0 0 60 29 0 0 0 1 1 1 0 0 4 1 1 3 0 0 4 2 33 1 27 8 0 
37 1 1 0 4 2 0 0 0 60 29 0 0 0 1 1 1 0 0 4 1 1 3 0 0 4 2 33 1 27 8 0 
37 1 1 0 4 2 0 0 0 60 29 0 0 0 1 1 1 0 0 4 1 1 3 0 0 4 2 33 1 27 8 0 
37 1 1 0 4 2 0 0 0 60 29 0 0 0 1 1 1 0 0 4 1 1 3 0 0 4 2 33 1 27 8 0 
48 24 29 28 32 39 28 32 13 16 16 9 22 14 61 83 88 29 101 124 93 133 167 84 291 13 10 249 398 53 29 0 
7 1 0 0 1 0 0 0 0 2 1 0 1 0 0 0 1 1 0 1 0 0 2 0 7 0 0 3 5 0 2 0 
7 1 0 0 1 0 0 0 0 2 1 0 1 0 0 0 1 1 0 1 0 0 2 0 7 0 0 3 5 0 2 0 
7 1 0 0 1 0 0 0 0 2 1 0 1 0 0 0 1 1 0 1 0 0 2 0 7 0 0 3 5 0 2 0 
7 1 0 0 1 0 0 0 0 2 1 0 1 0 0 0 1 1 0 1 0 0 2 0 7 0 0 3 5 0 2 0 
7 1 0 0 1 0 0 0 0 2 1 0 1 0 0 0 1 1 0 1 0 0 2 0 7 0 0 3 5 0 2 0 
77 41 43 24 33 26 17 27 11 24 122 8 10 16 31 89 35 17 72 101 117 96 572 80 56 10 1 85 28 13 7 0 
3 1 0 0 1 3 1 9 0 0 2 0 0 1 2 1 0 0 0 5 2 5 68 2 1 1 0 3 1 1 0 0 
23 4 34 1 6 2 0 1 0 42 235 1 1 6 7 1 5 1 1 5 13 6 40 8 2 13 1 11 2 15 36 0 
23 4 34 1 6 2 0 1 0 42 235 1 1 6 7 1 5 1 1 5 13 6 40 8 2 13 1 11 2 15 36 0 
23 4 34 1 6 2 0 1 0 42 235 1 1 6 7 1 5 1 1 5 13 6 40 8 2 13 1 11 2 15 36 0 
23 4 34 1 6 2 0 1 0 42 235 1 1 6 7 1 5 1 1 5 13 6 40 8 2 13 1 11 2 15 36 0 
23 4 34 1 6 2 0 1 0 42 235 1 1 6 7 1 5 1 1 5 13 6 40 8 2 13 1 11 2 15 36 0 
23 4 34 1 6 2 0 1 0 42 235 1 1 6 7 1 5 1 1 5 13 6 40 8 2 13 1 11 2 15 36 0 
23 4 34 1 6 2 0 1 0 42 235 1 1 6 7 1 5 1 1 5 13 6 40 8 2 13 1 11 2 15 36 0 
23 4 34 1 6 2 0 1 0 42 235 1 1 6 7 1 5 1 1 5 13 6 40 8 2 13 1 11 2 15 36 0 
23 4 34 1 6 2 0 1 0 42 235 1 1 6 7 1 5 1 1 5 13 6 40 8 2 13 1 11 2 15 36 0 
23 4 34 1 6 2 0 1 0 42 235 1 1 6 7 1 5 1 1 5 13 6 40 8 2 13 1 11 2 15 36 0 
20 0 1 3 2 2 0 2 9 16 7 1 0 1 3 4 12 2 5 6 8 2 85 12 13 3 1 0 3 0 0 0 
20 0 1 3 2 2 0 2 9 16 7 1 0 1 3 4 12 2 5 6 8 2 85 12 13 3 1 0 3 0 0 0 
20 0 1 3 2 2 0 2 9 16 7 1 0 1 3 4 12 2 5 6 8 2 85 12 13 3 1 0 3 0 0 0 
20 0 1 3 2 2 0 2 9 16 7 1 0 1 3 4 12 2 5 6 8 2 85 12 13 3 1 0 3 0 0 0 
20 0 1 3 2 2 0 2 9 16 7 1 0 1 3 4 12 2 5 6 8 2 85 12 13 3 1 0 3 0 0 0 
20 0 1 3 2 2 0 2 9 16 7 1 0 1 3 4 12 2 5 6 8 2 85 12 13 3 1 0 3 0 0 0 
20 0 1 3 2 2 0 2 9 16 7 1 0 1 3 4 12 2 5 6 8 2 85 12 13 3 1 0 3 0 0 0 
0 0 0 0 0 0 0 0 0 1 1 0 0 0 0 0 1 0 0 1 0 0 0 0 0 0 0 0 0 0 0 0 
269 84 132 75 88 458 73 58 68 406 410 75 114 275 240 140 151 514 248 315 388 549 416 552 151 266 75 295 76 212 86 0 
85 27 19 19 18 66 13 18 17 346 154 14 6 28 18 11 14 8 8 15 14 12 103 14 18 56 18 78 24 324 32 0 
62 2 13 13 6 36 6 3 1 257 127 1 0 3 5 6 6 4 4 12 11 5 76 9 12 21 8 63 3 76 30 0 
62 2 13 13 6 36 6 3 1 257 127 1 0 3 5 6 6 4 4 12 11 5 76 9 12 21 8 63 3 76 30 0 
62 2 13 13 6 36 6 3 1 257 127 1 0 3 5 6 6 4 4 12 11 5 76 9 12 21 8 63 3 76 30 0 
62 2 13 13 6 36 6 3 1 257 127 1 0 3 5 6 6 4 4 12 11 5 76 9 12 21 8 63 3 76 30 0 
62 2 13 13 6 36 6 3 1 257 127 1 0 3 5 6 6 4 4 12 11 5 76 9 12 21 8 63 3 76 30 0 
62 2 13 13 6 36 6 3 1 257 127 1 0 3 5 6 6 4 4 12 11 5 76 9 12 21 8 63 3 76 30 0 
62 2 13 13 6 36 6 3 1 257 127 1 0 3 5 6 6 4 4 12 11 5 76 9 12 21 8 63 3 76 30 0 
62 2 13 13 6 36 6 3 1 257 127 1 0 3 5 6 6 4 4 12 11 5 76 9 12 21 8 63 3 76 30 0 
62 2 13 13 6 36 6 3 1 259 129 1 0 3 5 6 6 4 4 13 11 5 77 10 12 22 9 63 3 76 30 0 
62 2 13 13 6 36 6 3 1 257 127 1 0 3 5 6 6 4 4 12 11 5 76 9 12 21 8 63 3 76 30 0 
62 2 13 13 6 36 6 3 1 257 127 1 0 3 5 6 6 4 4 12 11 5 76 9 12 21 8 63 3 76 30 0 
62 2 13 13 6 36 6 3 1 257 127 1 0 3 5 6 6 4 4 12 11 5 76 9 12 21 8 63 3 76 30 0 
195 64 119 56 59 320 67 36 65 298 170 67 94 256 218 112 132 495 180 278 364 531 228 525 122 101 64 247 67 158 39 0 
105 19 18 28 55 176 69 27 50 425 205 18 10 199 108 35 32 74 47 217 18 56 287 38 30 57 134 288 46 230 62 0 
15 0 0 8 1 3 0 0 1 80 19 6 0 0 5 0 0 1 1 0 1 1 0 1 0 1 0 0 0 2 7 0 
15 0 0 8 1 3 0 0 1 80 19 6 0 0 5 0 0 1 1 0 1 1 0 1 0 1 0 0 0 2 7 0 
6 4 1 0 3 0 0 22 17 71 6 2 1 2 3 1 5 1 2 4 2 6 11 1 0 3 3 7 3 6 15 0 
0 0 0 0 0 0 0 0 0 14 21 0 0 0 0 1 3 0 0 1 0 0 1 1 0 4 0 3 0 3 1 0 
0 0 0 2 0 0 61 0 0 0 3 0 0 0 4 1 2 0 7 2 0 1 21 3 2 4 0 2 1 1 1 0 
0 0 0 1 66 0 0 0 0 13 9 0 0 0 4 1 1 0 2 3 0 0 15 3 0 5 0 1 2 1 4 0 
0 0 0 1 66 0 0 0 0 13 9 0 0 0 4 1 1 0 2 3 0 0 15 3 0 5 0 1 2 1 4 0 
0 0 0 1 1 0 0 0 0 80 16 1 1 12 4 1 3 1 2 3 0 0 16 3 1 8 0 6 1 2 5 0 
15 2 1 1 6 2 2 11 16 93 11 3 0 0 0 3 8 6 1 0 3 2 5 3 0 2 1 10 4 4 1 0 
5 0 0 0 4 0 0 2 16 88 5 2 0 0 0 2 3 0 0 0 0 0 1 2 0 1 1 10 1 4 4 0 
5 0 0 0 4 0 0 2 16 88 5 2 0 0 0 2 3 0 0 0 0 0 1 2 0 1 1 10 1 4 4 0 
0 0 0 16 1 2 0 0 0 73 13 0 0 0 1 0 1 0 2 1 0 0 4 1 0 5 0 2 0 1 6 0 
0 0 0 16 1 2 0 0 0 73 13 0 0 0 1 0 1 0 2 1 0 0 4 1 0 5 0 2 0 1 6 0 
0 0 0 0 0 0 0 0 0 3 1 1 0 0 2 0 1 0 0 3 5 4 7 0 7 1 0 1 0 0 1 0 
0 5 12 18 6 6 3 8 5 256 161 8 0 1 9 12 19 3 14 20 9 9 105 8 19 10 5 14 7 18 41 0 
0 5 12 18 6 6 3 8 5 256 161 8 0 1 9 12 19 3 14 20 9 9 105 8 19 10 5 14 7 18 41 0 
0 5 12 18 6 6 3 8 5 256 161 8 0 1 9 12 19 3 14 20 9 9 105 8 19 10 5 14 7 18 41 0 
0 5 12 18 6 6 3 8 5 256 161 8 0 1 9 12 19 3 14 20 9 9 105 8 19 10 5 14 7 18 41 0 
0 5 12 18 6 6 3 8 5 256 161 8 0 1 9 12 19 3 14 20 9 9 105 8 19 10 5 14 7 18 41 0 
22 5 13 19 6 15 3 9 5 262 162 8 0 1 9 12 19 4 14 22 9 10 105 8 19 39 6 18 22 19 44 0 
0 5 12 18 6 6 3 8 5 256 161 8 0 1 9 12 19 3 14 20 9 9 105 8 19 10 5 14 7 18 41 0 
0 5 12 18 6 6 3 8 5 256 161 8 0 1 9 12 19 3 14 20 9 9 105 8 19 10 5 14 7 18 41 0 
0 5 12 18 6 6 3 8 5 256 161 8 0 1 9 12 19 3 14 20 9 9 105 8 19 10 5 14 7 18 41 0 
0 5 12 18 6 6 3 8 5 256 161 8 0 1 9 12 19 3 14 20 9 9 105 8 19 10 5 14 7 18 41 0 
9 0 0 0 0 0 0 0 0 2 1 0 0 0 0 0 0 0 0 0 0 1 0 0 0 0 0 2 0 1 1 0 
0 0 0 0 1 0 0 0 0 6 6 0 0 0 0 0 1 0 0 0 0 5 2 5 0 1 0 2 1 0 1 0 
33 5 0 0 3 1 0 4 0 64 40 26 1 1 2 2 4 1 1 2 1 2 9 2 4 11 1 4 2 0 2 0 
29 3 0 0 3 1 0 4 0 62 40 21 1 1 2 2 4 1 1 2 1 2 9 2 4 11 1 4 2 0 2 0 
29 3 0 0 3 1 0 4 0 62 40 21 1 1 2 2 4 1 1 2 1 2 9 2 4 11 1 4 2 0 2 0 
29 3 0 0 3 1 0 4 0 62 40 21 1 1 2 2 4 1 1 2 1 2 9 2 4 11 1 4 2 0 2 0 
29 3 0 0 3 1 0 4 0 62 40 21 1 1 2 2 4 1 1 2 1 2 9 2 4 11 1 4 2 0 2 0 
3 2 0 0 1 1 1 3 34 3 1 3 1 2 1 0 0 4 2 1 2 2 2 1 0 0 0 0 0 1 0 0 
159 10 6 16 32 93 175 28 171 159 16 118 17 268 123 48 44 26 30 70 98 112 126 108 25 20 49 320 37 84 22 0 
159 10 6 16 32 93 175 28 171 159 16 118 17 268 123 48 44 26 30 70 98 112 126 108 25 20 49 320 37 84 22 0 
136 10 5 17 20 41 5 20 179 144 58 116 31 308 146 46 51 49 31 45 98 108 82 96 24 106 35 118 17 149 14 0 
136 10 5 17 20 41 5 20 179 144 58 116 31 308 146 46 51 49 31 45 98 108 82 96 24 106 35 118 17 149 14 0 
136 10 5 17 20 41 5 20 179 144 58 116 31 308 146 46 51 49 31 45 98 108 82 96 24 106 35 118 17 149 14 0 
174 22 12 25 34 57 12 26 193 131 279 123 34 330 161 71 68 83 34 60 104 120 201 109 36 178 37 148 26 243 31 0 
218 21 11 29 26 100 7 31 341 160 60 160 55 429 199 63 75 62 38 56 113 117 224 119 39 112 61 137 24 157 18 0 
268 41 23 49 76 215 199 69 587 216 81 229 462 414 930 81 123 124 75 137 156 140 300 186 90 133 102 464 93 258 35 0 
268 34 20 29 38 166 192 61 495 207 24 207 124 443 235 84 88 58 41 80 129 131 272 152 99 18 263 445 145 193 22 0 
371 59 40 65 89 295 208 87 772 276 89 313 529 554 1005 116 154 147 84 174 185 156 485 231 122 154 382 543 184 427 46 0 
180 19 14 10 14 89 188 43 271 116 13 157 76 289 145 29 39 37 12 36 36 26 129 54 76 21 327 445 99 202 15 0 
131 6 3 8 6 21 173 13 151 57 8 101 13 246 116 19 22 23 5 9 15 12 51 22 14 18 299 317 98 199 8 0 
293 87 76 198 117 166 110 376 380 485 39 406 174 623 250 107 174 166 170 170 294 235 405 297 150 33 56 158 124 84 35 0 
272 77 196 114 96 292 211 71 178 400 51 204 88 556 469 458 633 289 322 940 509 531 1336 565 289 42 35 100 162 46 40 0 
165 30 59 41 18 140 98 22 124 255 8 164 21 298 143 57 107 204 29 16 40 74 311 65 66 20 9 21 12 10 11 0 
165 30 59 41 18 140 98 22 124 255 8 164 21 298 143 57 107 204 29 16 40 74 311 65 66 20 9 21 12 10 11 0 
165 30 59 41 18 140 98 22 124 255 8 164 21 298 143 57 107 204 29 16 40 74 311 65 66 20 9 21 12 10 11 0 
107 47 137 73 78 152 113 49 74 145 43 40 67 258 327 403 526 85 294 925 470 459 1032 501 223 22 26 79 150 36 29 0 
0 1 0 0 0 0 0 0 0 5 3 0 0 0 0 0 0 0 1 0 0 0 0 1 0 2 0 0 0 1 1 0 
0 0 0 0 0 0 0 0 0 6 0 0 0 0 0 0 0 0 0 0 0 0 0 0 0 0 0 0 0 0 0 0 
0 3 2 2 5 3 1 3 5 77 57 8 0 1 8 10 3 0 20 15 8 6 100 8 19 4 2 2 5 26 60 0 
0 4 2 15 6 3 3 3 5 101 65 10 0 1 9 10 7 1 20 19 9 6 102 10 19 5 3 3 5 36 86 0 
0 1 0 0 0 0 0 0 0 10 19 1 0 0 0 0 0 0 0 1 0 0 3 1 0 4 0 1 0 0 2 0 
0 1 0 0 0 0 0 0 0 10 19 1 0 0 0 0 0 0 0 1 0 0 3 1 0 4 0 1 0 0 2 0 
0 1 0 0 0 0 0 0 0 10 19 1 0 0 0 0 0 0 0 1 0 0 3 1 0 4 0 1 0 0 2 0 
11 111 2 0 1 22 1 1 0 14 9 3 0 0 7 1 2 0 1 6 1 1 7 21 3 13 2 1 3 7 9 0 
0 0 0 0 1 0 0 1 0 9 2 1 0 0 1 0 1 0 1 0 1 12 10 0 0 0 1 0 0 0 2 0 
0 0 0 0 0 0 0 0 0 6 1 0 0 0 0 0 1 0 0 1 0 0 0 0 0 0 0 0 0 0 2 0 
0 0 1 0 2 2 1 0 0 73 20 0 0 1 0 0 1 0 0 0 2 0 5 0 0 4 3 27 1 33 5 0 
11 5 6 3 7 321 19 2 2 10 6 27 3 32 26 15 9 22 13 68 31 46 64 309 36 1 3 10 8 11 2 0 
0 1 1 2 3 3 1 2 4 113 76 1 0 0 2 1 5 0 0 1 2 0 4 2 0 5 4 30 0 35 4 0 
0 1 1 2 3 3 1 2 4 113 76 1 0 0 2 1 5 0 0 1 2 0 4 2 0 5 4 30 0 35 4 0 
27 8 5 28 2 4 17 3 16 91 77 5 15 2 3 5 5 0 1 5 1 2 10 6 24 6 2 7 0 23 11 0 
0 1 0 0 0 0 0 0 0 6 1 0 0 0 1 0 0 0 0 1 1 0 2 1 0 2 0 1 0 1 3 0 
0 0 0 0 5 0 0 0 0 5 0 0 0 0 0 0 0 0 0 0 0 0 0 0 0 2 0 0 0 0 2 0 
0 1 0 0 0 0 0 0 1 17 8 0 0 0 0 0 2 0 0 2 1 0 2 1 0 17 0 5 1 2 3 0 
0 1 0 0 0 0 0 0 1 17 8 0 0 0 0 0 2 0 0 2 1 0 2 1 0 17 0 5 1 2 3 0 
10 4 0 7 2 4 1 0 3 131 56 5 0 0 4 2 2 1 0 3 2 1 5 5 0 20 0 5 3 7 22 0 
0 0 0 0 0 0 0 0 0 8 1 0 0 0 0 1 0 0 0 0 0 0 0 1 0 1 0 0 0 0 2 0 
0 0 0 0 0 0 0 0 0 8 1 0 0 0 0 1 0 0 0 0 0 0 0 1 0 1 0 0 0 0 2 0 
3 0 0 0 1 0 1 0 0 8 14 0 0 0 0 1 0 0 0 0 0 1 2 1 0 1 0 0 0 0 3 0 
0 0 0 0 0 0 0 0 0 8 1 0 0 0 0 1 0 0 0 0 0 0 0 1 0 1 0 0 0 0 2 0 
3 0 0 0 1 0 1 0 0 1 13 0 0 0 0 0 0 0 0 0 0 1 2 0 0 0 0 0 0 0 1 0 
60 8 60 6 28 41 29 22 24 56 210 16 11 26 28 30 15 25 18 53 8 46 240 25 14 44 5 26 15 34 25 0 
6 0 1 9 38 17 2 0 1 75 32 14 1 10 6 0 0 2 0 4 2 2 9 1 0 2 1 0 1 19 8 0 
0 1 0 0 1 0 0 0 0 12 6 0 0 0 0 0 1 0 2 5 1 0 4 12 0 2 0 2 0 3 3 0 
0 1 0 0 1 0 0 0 0 12 6 0 0 0 0 0 1 0 2 5 1 0 4 12 0 2 0 2 0 3 3 0 
0 2 1 0 0 0 0 0 0 13 5 1 0 0 1 0 0 0 0 3 0 0 6 3 0 4 2 8 18 7 2 0 
0 2 1 0 0 0 0 0 0 13 5 1 0 0 1 0 0 0 0 3 0 0 6 3 0 4 2 8 18 7 2 0 
0 1 0 1 9 0 0 0 1 46 12 0 0 6 0 1 0 0 1 1 1 1 3 2 0 5 2 1 0 3 16 0 
13 0 3 2 4 5 10 4 2 16 74 2 0 3 2 4 5 3 12 15 8 10 207 15 4 10 1 8 10 12 5 0 
13 0 3 2 4 5 10 4 2 16 74 2 0 3 2 4 5 3 12 15 8 10 207 15 4 10 1 8 10 12 5 0 
0 1 0 12 1 31 3 0 0 198 25 1 0 2 1 0 2 0 0 1 1 0 5 3 1 9 1 1 0 16 3 0 
0 1 0 12 1 31 3 0 0 198 25 1 0 2 1 0 2 0 0 1 1 0 5 3 1 9 1 1 0 16 3 0 
0 1 0 12 1 31 3 0 0 198 25 1 0 2 1 0 2 0 0 1 1 0 5 3 1 9 1 1 0 16 3 0 
0 1 0 12 1 31 3 0 0 198 25 1 0 2 1 0 2 0 0 1 1 0 5 3 1 9 1 1 0 16 3 0 
