0 174 139 98 119 73 68 80 51 112 67 96 68 66 107 116 85 73 132 108 100 154 139 96 162 124 146 164 0 0 0 0 
0 120 128 96 134 83 59 83 61 105 81 98 73 88 89 124 81 91 121 113 110 125 139 98 143 147 142 149 0 0 0 0 
0 100 135 102 131 96 61 94 76 130 103 90 96 92 100 130 95 80 118 105 121 142 158 109 184 161 168 168 0 0 0 0 
0 139 152 120 113 87 93 111 86 92 96 134 85 98 101 126 78 121 132 121 122 192 148 119 158 142 167 174 0 0 0 0 
0 186 190 169 193 168 177 165 151 160 168 144 114 138 140 153 207 164 148 175 183 197 185 167 198 201 172 170 0 0 0 0 
0 101 154 114 108 97 116 121 117 86 118 83 48 86 102 84 126 99 72 97 131 96 114 74 110 150 89 90 0 0 0 0 
0 119 185 167 136 145 150 156 120 152 172 102 106 90 114 138 168 133 134 112 139 153 175 177 219 206 174 147 0 0 0 0 
0 185 244 186 164 145 171 160 133 148 132 133 126 136 162 129 192 103 110 119 165 154 125 128 200 210 195 93 0 0 0 0 
0 165 269 222 162 165 128 120 142 186 159 108 140 141 138 177 175 106 156 163 158 163 213 242 252 300 250 188 0 0 0 0 
0 119 144 69 75 61 57 48 62 66 49 34 47 62 56 61 75 53 45 41 89 65 72 65 61 93 62 66 0 0 0 0 
0 63 25 30 23 18 12 22 9 24 14 30 21 24 36 13 17 8 31 16 7 37 43 10 34 12 22 145 0 0 0 0 
0 79 72 63 58 45 56 42 55 40 61 59 33 30 56 71 34 62 40 61 54 77 53 66 37 76 44 43 0 0 0 0 
0 135 87 76 77 85 106 58 87 84 74 122 95 90 109 98 162 90 110 133 122 161 109 158 168 174 128 145 0 0 0 0 
0 137 162 103 99 72 61 70 88 98 75 47 75 78 64 72 94 45 90 97 107 79 115 108 130 163 151 79 0 0 0 0 
0 175 141 71 60 78 71 74 38 89 64 64 43 80 55 51 59 35 42 61 46 50 68 19 53 37 39 67 0 0 0 0 
0 53 61 61 44 43 30 37 40 62 36 51 45 42 46 56 49 27 47 47 35 61 107 78 93 102 77 148 0 0 0 0 
0 170 138 95 105 87 75 77 87 121 89 64 70 98 89 80 112 74 108 101 140 135 125 133 115 182 136 109 0 0 0 0 
0 177 177 74 74 84 75 95 65 108 87 90 58 96 71 69 77 57 77 90 116 103 108 55 95 81 87 74 0 0 0 0 
0 100 95 50 52 47 43 53 35 57 46 50 36 54 44 38 48 29 42 40 48 52 55 24 43 41 29 89 0 0 0 0 
0 121 94 58 84 60 51 32 48 57 35 62 44 46 70 37 37 46 63 51 48 64 55 64 48 54 42 48 0 0 0 0 
0 91 138 94 88 63 78 87 67 112 84 103 59 107 92 93 90 63 78 85 97 113 121 87 98 140 126 119 0 0 0 0 
0 184 187 132 180 128 131 139 136 152 122 104 87 112 118 137 141 121 131 126 146 169 167 116 170 175 151 142 0 0 0 0 
0 134 199 175 131 111 158 153 138 140 138 136 84 154 166 105 190 135 122 134 190 181 157 112 197 181 157 144 0 0 0 0 
0 80 93 83 61 81 62 50 55 76 61 41 49 45 44 63 70 33 56 49 63 62 62 85 101 123 98 53 0 0 0 0 
0 61 73 70 39 34 39 27 30 20 14 43 16 49 45 26 18 34 27 27 30 45 35 22 24 36 47 47 0 0 0 0 
0 88 48 56 42 53 48 50 39 52 39 59 39 45 53 52 65 54 45 87 46 91 53 104 69 78 77 57 0 0 0 0 
0 73 86 77 57 52 46 55 74 82 57 68 56 64 64 82 58 47 58 75 60 95 128 98 108 138 134 139 0 0 0 0 
0 164 142 43 66 49 56 60 80 60 78 47 62 64 64 73 88 48 60 71 121 78 94 54 99 90 96 96 0 0 0 0 
0 267 210 123 143 111 86 95 80 110 78 89 46 73 63 52 59 50 50 78 62 87 79 46 59 48 58 46 0 0 0 0 
0 166 210 148 130 134 112 109 123 141 90 64 116 104 101 117 114 84 101 99 120 133 123 148 160 198 141 89 0 0 0 0 
0 66 93 83 62 54 47 53 51 59 56 63 54 86 66 78 71 49 66 63 58 81 90 109 110 138 124 85 0 0 0 0 
0 72 59 71 49 54 34 46 31 50 45 37 31 56 39 28 51 50 29 47 40 47 37 48 49 63 65 28 0 0 0 0 
0 99 94 50 61 40 48 54 52 59 73 57 68 59 54 45 54 55 57 71 55 89 51 58 76 66 48 52 0 0 0 0 
0 63 74 52 52 37 26 28 48 47 46 24 44 41 52 50 59 42 70 55 72 55 55 90 72 116 87 115 0 0 0 0 
0 84 85 87 78 46 69 62 63 48 81 82 92 72 81 80 58 82 66 61 64 162 79 71 92 81 68 62 0 0 0 0 
0 114 156 137 119 95 89 70 100 111 123 103 129 113 118 118 92 103 145 110 108 144 128 133 132 170 144 163 0 0 0 0 
0 136 154 150 130 88 125 76 98 105 164 157 209 86 117 147 54 129 133 82 112 264 126 129 100 133 92 71 0 0 0 0 
0 51 59 44 45 42 41 27 46 44 45 43 50 61 41 51 48 50 77 56 65 56 89 79 85 113 87 89 0 0 0 0 
0 102 88 93 103 67 75 55 77 62 85 86 62 87 88 84 75 101 109 72 109 114 101 71 95 97 94 113 0 0 0 0 
0 99 68 154 96 108 74 109 58 82 77 74 64 47 106 70 88 87 83 52 73 93 116 58 79 110 94 67 0 0 0 0 
0 237 306 193 206 163 166 147 99 166 153 130 111 123 194 119 169 103 116 111 143 167 138 104 131 148 171 115 0 0 0 0 
0 91 80 57 58 44 57 58 49 60 40 76 38 68 74 39 62 43 62 58 66 92 49 73 78 78 65 70 0 0 0 0 
0 129 114 109 66 51 72 51 35 62 46 53 43 90 46 33 53 39 75 57 82 79 100 86 91 113 84 124 0 0 0 0 
0 75 59 43 50 31 48 32 45 36 51 32 35 40 46 24 46 40 46 29 53 68 48 35 50 53 53 47 0 0 0 0 
0 91 105 158 143 77 115 85 80 101 99 119 70 149 104 104 127 113 183 89 138 164 123 167 160 145 169 133 0 0 0 0 
0 103 137 89 82 65 61 59 65 102 52 55 73 68 46 66 62 39 53 76 61 69 88 93 116 137 108 73 0 0 0 0 
0 77 77 47 51 40 36 40 42 52 41 47 25 60 35 49 60 38 53 77 83 74 81 59 79 65 78 76 0 0 0 0 
0 71 53 37 69 54 33 35 53 41 48 44 48 40 47 59 64 45 44 77 49 60 48 93 65 82 92 52 0 0 0 0 
0 70 71 52 54 43 33 21 48 42 41 26 42 49 45 48 50 36 68 51 63 50 60 76 57 92 62 80 0 0 0 0 
0 66 49 77 50 42 45 44 48 35 61 60 62 34 49 70 24 55 46 35 47 95 52 44 35 53 29 39 0 0 0 0 
0 43 22 6 17 15 20 20 8 20 9 14 14 19 19 10 20 13 20 18 20 18 15 18 31 38 18 22 0 0 0 0 
0 47 54 79 66 35 59 74 13 32 8 24 33 40 29 39 65 18 65 11 21 37 28 71 28 31 45 27 0 0 0 0 
0 51 63 52 42 16 52 36 34 30 20 58 33 46 26 27 38 33 43 35 46 39 36 34 42 50 30 49 0 0 0 0 
0 58 86 50 69 36 43 48 39 81 40 36 30 49 27 37 72 43 41 76 63 88 86 71 54 70 63 82 0 0 0 0 
0 61 35 31 36 32 27 18 26 35 47 38 20 25 29 32 42 32 51 54 24 39 35 47 60 63 53 53 0 0 0 0 
0 39 23 25 64 12 23 77 44 19 17 22 21 42 32 17 39 22 38 9 7 43 34 42 9 37 30 16 0 0 0 0 
0 51 72 48 56 19 52 47 26 24 12 92 23 52 19 45 41 30 54 25 30 40 39 52 25 31 39 39 0 0 0 0 
0 51 45 30 31 37 25 11 20 14 19 11 11 15 13 24 16 24 13 21 26 53 29 44 27 47 28 18 0 0 0 0 
0 48 22 24 34 4 19 50 35 12 14 29 13 31 17 30 22 12 17 7 9 28 31 12 5 23 14 7 0 0 0 0 
0 67 57 55 56 52 59 56 42 34 18 50 35 45 42 56 45 34 26 36 60 50 57 41 49 70 58 59 0 0 0 0 
0 119 104 76 79 64 59 49 62 86 55 81 67 84 88 70 95 65 93 112 90 109 101 124 122 149 114 108 0 0 0 0 
0 68 27 37 81 52 46 75 38 48 34 37 34 52 55 44 76 71 52 34 60 51 37 32 74 37 31 72 0 0 0 0 
0 67 64 48 57 30 26 20 24 16 21 36 10 13 30 17 15 20 21 29 30 36 15 8 10 17 29 19 0 0 0 0 
0 147 112 65 87 53 45 46 46 47 39 43 26 28 46 26 35 19 29 37 49 38 49 14 43 29 41 47 0 0 0 0 
0 91 87 52 76 40 24 48 58 33 39 41 26 45 36 48 26 19 44 29 33 61 51 36 43 41 39 62 0 0 0 0 
0 107 92 93 73 80 73 59 79 87 71 120 72 76 107 111 130 96 112 130 119 123 108 162 152 155 164 177 0 0 0 0 
0 157 220 133 124 104 95 96 98 125 157 136 160 115 129 162 65 150 128 119 133 229 126 150 182 151 150 103 0 0 0 0 
0 88 101 70 73 71 76 29 80 71 115 46 110 100 77 70 90 61 107 106 84 64 118 112 86 117 85 87 0 0 0 0 
0 57 53 33 40 28 26 24 32 24 29 34 32 17 45 25 16 26 28 29 42 38 41 32 54 42 50 45 0 0 0 0 
0 182 139 109 222 156 124 152 113 136 147 142 131 94 171 120 207 139 134 91 161 157 136 78 139 141 182 145 0 0 0 0 
0 127 103 98 79 56 118 72 41 55 58 82 60 88 84 45 84 61 79 62 85 104 89 61 83 104 101 105 0 0 0 0 
0 72 26 20 55 14 33 43 26 26 31 31 42 49 67 31 39 34 50 28 43 68 58 36 74 53 56 46 0 0 0 0 
0 77 47 23 49 28 26 28 42 46 38 42 29 56 20 34 47 32 62 40 53 36 64 70 60 81 77 52 0 0 0 0 
0 53 33 38 52 20 39 34 23 41 16 44 35 58 33 21 33 13 17 27 26 32 40 28 21 38 27 22 0 0 0 0 
0 18 12 2 4 5 8 2 3 15 1 7 4 11 5 4 8 12 2 7 2 12 10 7 5 9 6 10 0 0 0 0 
0 80 60 57 65 58 68 51 42 54 56 53 73 68 74 46 81 45 46 52 64 84 56 45 84 86 84 69 0 0 0 0 
0 79 61 24 59 21 20 24 31 49 47 22 20 20 19 28 57 25 55 54 62 55 41 24 63 50 61 45 0 0 0 0 
0 55 15 18 21 4 5 15 8 11 28 8 10 16 19 6 16 15 16 15 8 17 9 7 11 30 15 10 0 0 0 0 
0 35 21 33 64 24 36 54 12 35 6 31 25 35 31 32 44 13 37 16 13 54 52 77 30 56 52 32 0 0 0 0 
0 51 39 40 45 35 39 60 36 42 31 57 39 36 39 45 73 70 56 44 60 68 68 63 70 79 49 74 0 0 0 0 
0 95 59 57 39 37 37 40 24 29 32 34 19 32 45 20 33 28 25 13 64 40 29 15 48 35 34 34 0 0 0 0 
0 63 74 51 57 29 26 45 47 41 27 32 27 45 41 49 31 30 40 39 37 47 52 47 50 46 39 65 0 0 0 0 
0 115 160 95 75 71 55 62 61 96 99 88 83 82 76 96 63 87 71 90 88 120 82 90 119 101 106 79 0 0 0 0 
0 14 12 7 6 8 10 2 15 8 11 8 12 14 6 15 14 9 26 12 13 12 16 13 12 13 6 10 0 0 0 0 
0 113 94 75 90 76 89 63 35 61 63 50 70 51 101 61 81 52 72 61 73 78 68 84 70 90 137 70 0 0 0 0 
0 13 14 5 7 4 8 9 0 6 2 4 7 13 6 8 5 5 4 3 5 1 23 3 10 5 5 8 0 0 0 0 
0 14 23 27 12 6 16 25 14 17 17 12 17 18 12 10 17 10 31 9 23 19 9 25 17 21 12 19 0 0 0 0 
0 105 73 43 66 48 49 46 38 56 43 29 25 32 43 31 44 29 36 31 19 40 41 32 30 45 47 21 0 0 0 0 
0 76 84 81 108 71 61 118 93 69 71 75 42 93 62 74 91 69 84 62 70 125 90 68 93 62 85 89 0 0 0 0 
0 24 9 4 7 11 9 4 5 5 2 4 3 1 6 3 6 4 5 6 5 8 4 2 6 6 1 3 0 0 0 0 
0 16 24 25 19 10 15 15 7 28 9 6 4 17 6 9 9 7 23 11 8 22 9 18 16 22 12 11 0 0 0 0 
0 55 32 32 22 29 19 24 38 31 42 29 15 26 39 33 33 38 35 16 23 40 54 29 50 68 76 54 0 0 0 0 
0 40 76 50 31 16 36 53 49 33 18 16 17 27 32 20 33 22 22 24 36 24 16 13 31 26 18 4 0 0 0 0 
0 58 66 68 29 50 34 37 62 52 31 61 33 47 68 66 38 52 54 56 51 82 104 71 69 107 88 164 0 0 0 0 
0 253 211 142 140 109 80 64 79 105 57 75 47 70 64 58 58 27 57 66 76 70 83 57 64 75 70 56 0 0 0 0 
0 14 12 11 7 5 2 0 2 12 4 10 0 6 9 6 15 9 7 10 5 8 3 0 3 5 7 2 0 0 0 0 
0 33 24 20 20 13 15 16 23 20 17 20 17 20 29 31 30 23 43 25 29 22 37 29 35 44 49 61 0 0 0 0 
0 68 126 77 54 56 47 65 54 71 90 79 70 88 62 97 45 84 65 77 83 124 99 88 106 91 95 68 0 0 0 0 
3 118 140 138 112 118 69 102 66 118 76 71 66 75 83 99 89 94 97 88 95 112 105 89 105 141 132 119 0 0 0 0 
0 59 89 51 37 45 42 34 32 43 30 28 35 53 73 22 41 28 22 12 17 41 19 27 17 18 11 10 0 0 0 0 
0 59 38 21 32 19 14 9 20 40 13 12 21 35 14 10 29 18 19 17 34 20 28 32 45 106 55 17 0 0 0 0 
0 121 79 63 87 74 68 57 79 61 74 68 41 80 68 50 82 67 77 63 79 107 71 81 97 76 87 102 0 0 0 0 
0 140 127 48 116 82 81 68 110 95 95 125 49 225 90 78 150 179 223 73 136 153 119 197 173 109 193 162 0 0 0 0 
0 71 82 35 53 53 38 31 23 42 30 27 29 30 49 47 39 28 51 44 47 40 48 35 56 55 56 48 0 0 0 0 
0 59 38 25 61 46 16 37 30 21 25 11 21 4 16 33 24 17 9 34 13 8 25 38 19 31 67 19 0 0 0 0 
0 12 26 10 26 27 22 11 72 10 34 11 20 24 32 41 25 13 38 25 34 16 53 46 33 39 44 43 0 0 0 0 
0 22 26 12 43 23 29 39 41 12 23 43 20 30 25 24 35 14 18 12 23 25 21 36 20 25 19 19 0 0 0 0 
0 21 22 11 40 10 15 8 9 9 22 28 5 23 10 3 15 15 50 12 12 13 12 22 35 15 29 32 0 0 0 0 
0 9 19 11 61 27 49 79 4 18 3 39 32 41 18 34 70 12 45 4 7 51 37 87 24 41 50 40 0 0 0 0 
0 41 34 21 42 32 29 6 11 11 9 17 7 10 14 26 4 16 13 16 3 12 6 14 8 15 16 14 0 0 0 0 
0 72 59 30 47 17 16 24 19 14 18 29 9 23 32 18 11 16 13 26 33 27 7 7 9 11 22 15 0 0 0 0 
0 141 89 71 118 66 31 28 33 40 25 30 21 45 30 25 14 21 31 43 35 33 46 18 49 46 26 42 0 0 0 0 
0 53 53 55 43 55 31 31 36 41 46 30 48 21 44 35 49 48 27 45 35 63 42 77 62 61 69 47 0 0 0 0 
0 85 69 39 58 23 33 31 48 40 41 38 31 49 60 28 55 33 38 46 68 67 51 42 84 83 64 55 0 0 0 0 
0 114 83 43 68 38 42 57 63 73 35 44 34 78 41 38 54 62 75 58 98 65 85 89 98 92 98 80 0 0 0 0 
0 80 58 58 103 52 71 72 51 56 35 46 69 58 59 37 88 28 40 42 52 57 61 31 48 68 84 40 0 0 0 0 
0 106 42 41 33 10 29 26 14 15 23 18 32 30 11 22 29 22 9 34 10 47 21 12 22 31 24 31 0 0 0 0 
0 92 76 74 40 35 51 74 45 42 50 46 37 51 45 29 58 51 47 56 102 83 60 62 75 86 54 65 0 0 0 0 
0 42 48 53 18 33 18 11 35 28 18 10 11 43 15 39 3 29 24 39 10 13 48 27 11 46 8 36 0 0 0 0 
0 112 144 62 53 61 55 49 67 92 67 64 56 86 50 96 59 60 55 73 67 63 79 84 90 75 93 91 0 0 0 0 
0 45 32 32 25 29 5 8 21 19 22 8 30 11 18 25 22 16 39 35 25 21 49 41 17 14 27 12 0 0 0 0 
0 81 75 40 42 26 53 59 45 39 42 34 45 54 42 34 51 30 19 25 49 30 33 21 40 49 29 37 0 0 0 0 
0 31 62 60 58 46 42 65 76 57 51 72 62 55 54 82 43 64 61 49 53 65 83 92 69 113 68 156 0 0 0 0 
0 19 30 19 23 8 19 21 36 24 5 5 8 16 13 7 9 10 9 9 6 17 9 8 13 30 44 40 0 0 0 0 
0 99 79 73 85 47 33 42 37 37 17 18 29 28 20 22 24 13 15 14 21 20 31 12 21 21 17 9 0 0 0 0 
