240 9 7 15 20 0 58 81 58 1 6 76 1 6 12 198 15 0 56 55 77 0 2 0 0 0 4 32 0 0 0 0 
76 4 22 16 10 0 0 0 0 0 0 20 20 6 13 0 10 0 0 9 24 0 0 51 0 0 0 70 0 0 0 0 
113 0 125 0 0 0 0 0 0 0 0 0 109 0 0 0 0 0 0 0 41 0 0 51 0 0 0 54 0 0 0 0 
216 0 250 0 0 0 0 0 0 0 0 0 288 0 0 0 0 0 0 0 1 0 0 42 0 0 0 0 0 0 0 0 
185 0 269 0 0 0 0 0 0 0 0 0 294 0 0 0 0 0 0 0 30 0 0 123 0 0 0 24 0 0 0 0 
83 0 303 0 0 0 0 0 0 0 0 0 338 0 0 0 0 0 0 0 135 0 0 0 0 0 0 88 0 0 0 0 
111 0 342 0 0 0 0 0 0 0 0 0 354 0 0 0 0 0 0 0 137 0 0 0 0 0 0 68 0 0 0 0 
92 0 281 0 0 0 0 0 0 0 0 0 316 0 0 0 0 0 0 0 124 0 0 9 0 0 0 78 0 0 0 0 
47 0 36 0 0 0 0 0 0 0 0 0 24 0 0 0 0 1 0 0 9 0 0 81 0 0 0 81 0 0 0 0 
119 0 68 0 0 0 0 0 0 0 0 0 51 0 0 0 0 5 0 0 21 0 0 99 0 0 0 105 0 0 0 0 
33 0 150 0 0 0 0 0 0 0 0 0 145 0 0 0 0 0 0 0 3 0 0 69 0 0 0 16 0 0 0 0 
25 0 167 0 0 0 0 0 0 0 0 0 199 0 0 0 0 0 0 0 46 0 0 33 0 0 0 61 0 0 0 0 
141 0 57 0 0 0 0 0 0 0 0 0 27 0 0 0 0 0 0 0 0 0 0 57 0 0 0 57 0 0 0 0 
288 0 319 0 0 0 0 0 0 0 0 0 76 0 0 0 0 0 0 0 0 0 0 69 0 0 0 14 0 0 0 0 
373 0 8 0 0 0 0 0 0 0 0 0 363 0 0 0 0 0 0 0 0 0 0 56 0 0 0 52 0 0 0 0 
