1304 3253 4106 2978 2979 2670 1521 877 418 1723 1568 1569 850 388 466 61 327 38 0 0 0 0 0 0 0 0 0 0 0 0 0 0 
1243 8563 6992 4417 5729 3006 1476 1268 474 3085 1462 629 321 602 615 69 513 58 0 0 0 0 0 0 0 0 0 0 0 0 0 0 
21636 51575 43078 25048 25745 18217 10147 6221 3127 5868 2353 3149 891 1159 848 199 107 53 0 0 0 0 0 0 0 0 0 0 0 0 0 0 
19675 30709 25773 15199 14289 7585 4705 2532 2546 5632 2379 2132 1005 1414 368 1 98 109 0 0 0 0 0 0 0 0 0 0 0 0 0 0 
30001 42730 37216 21844 18655 14359 9153 6188 5469 4721 3407 2825 2446 1951 317 40 178 117 0 0 0 0 0 0 0 0 0 0 0 0 0 0 
15669 42143 32071 18462 16239 12061 8084 6117 3323 2699 2397 2252 1487 998 334 17 54 5 0 0 0 0 0 0 0 0 0 0 0 0 0 0 
23263 30621 27672 16539 13169 9113 6185 5317 2548 3679 4135 2770 872 503 279 80 85 0 0 0 0 0 0 0 0 0 0 0 0 0 0 0 
30116 51552 40319 20168 14595 12273 7280 6145 5837 4442 3899 2634 2270 1526 434 23 18 9 0 0 0 0 0 0 0 0 0 0 0 0 0 0 
27733 28141 27606 17740 14690 11714 7136 4200 6419 4765 2319 2007 1057 2799 556 4 41 37 0 0 0 0 0 0 0 0 0 0 0 0 0 0 
27586 42913 33277 18909 14066 13126 7437 4763 3228 2688 3686 3486 1644 1942 320 113 58 14 0 0 0 0 0 0 0 0 0 0 0 0 0 0 
14118 26577 20516 11464 10886 8273 6046 3340 2796 2860 1601 1279 869 1400 603 196 5 36 0 0 0 0 0 0 0 0 0 0 0 0 0 0 
28839 39633 31344 18566 14583 11870 7447 5100 6315 4127 3850 3403 2108 2301 472 39 111 91 0 0 0 0 0 0 0 0 0 0 0 0 0 0 
19392 28625 25881 15447 11830 11300 7026 3767 3982 3752 3094 3676 944 1802 596 25 15 32 0 0 0 0 0 0 0 0 0 0 0 0 0 0 
24584 45163 37244 23775 15315 15206 8127 5948 6401 3381 4948 5037 2108 2802 418 42 28 15 0 0 0 0 0 0 0 0 0 0 0 0 0 0 
32755 46275 46388 30641 21883 19611 13249 7954 6017 3926 6652 4165 1319 1191 595 306 79 0 0 0 0 0 0 0 0 0 0 0 0 0 0 0 
23772 40456 40863 25177 19071 17740 10151 8204 4196 3779 4874 3462 879 884 286 62 21 0 0 0 0 0 0 0 0 0 0 0 0 0 0 0 
29795 42022 42737 28066 17365 20106 10013 8464 5556 2805 7098 4981 1612 1133 450 179 45 87 0 0 0 0 0 0 0 0 0 0 0 0 0 0 
28880 46357 39706 25719 16808 17485 9632 8102 4885 2853 5870 4505 1703 1116 232 106 175 105 0 0 0 0 0 0 0 0 0 0 0 0 0 0 
26458 37316 33251 21152 12807 15429 8001 6341 5886 3091 5191 5162 1591 1615 176 52 78 106 0 0 0 0 0 0 0 0 0 0 0 0 0 0 
15743 27296 24046 15675 10993 10349 6274 6075 4238 2053 3451 2910 1051 733 214 123 142 19 0 0 0 0 0 0 0 0 0 0 0 0 0 0 
22777 32529 29779 18392 12626 13045 7057 5271 4742 4336 4794 4750 1363 1167 280 31 15 3 0 0 0 0 0 0 0 0 0 0 0 0 0 0 
24674 33069 33514 22089 15406 12751 8937 5713 5934 3335 3924 1717 848 1160 334 109 50 1 0 0 0 0 0 0 0 0 0 0 0 0 0 0 
20743 26910 25198 16029 9714 10063 6535 5066 5756 3011 4232 3176 1262 1738 413 67 12 99 0 0 0 0 0 0 0 0 0 0 0 0 0 0 
7203 11878 11006 8147 5142 5296 3601 2839 1724 1122 959 576 463 608 54 2 1 8 0 0 0 0 0 0 0 0 0 0 0 0 0 0 
15255 26536 20349 14087 9007 9039 5964 4276 4897 2342 2357 2292 963 1227 191 1 12 0 0 0 0 0 0 0 0 0 0 0 0 0 0 0 
22439 29103 29283 20329 14952 12767 8118 5296 6196 3119 4069 3738 1117 1560 285 41 64 2 0 0 0 0 0 0 0 0 0 0 0 0 0 0 
11309 15709 14014 10346 5841 7135 3229 4295 3231 1687 1815 1886 418 559 51 10 51 4 0 0 0 0 0 0 0 0 0 0 0 0 0 0 
16311 24211 22366 15399 16780 12074 6834 4067 2906 4454 1394 1189 341 2011 364 15 97 34 0 0 0 0 0 0 0 0 0 0 0 0 0 0 
19187 23730 21845 16183 15807 11396 7483 4697 4591 3502 2170 1916 584 2155 501 52 95 7 0 0 0 0 0 0 0 0 0 0 0 0 0 0 
12833 14721 14966 8995 10211 7102 4336 3075 1173 3780 1315 1290 593 706 384 20 28 3 0 0 0 0 0 0 0 0 0 0 0 0 0 0 
2675 5530 2697 3337 763 231 129 270 1825 247 151 86 1559 872 19 0 0 0 0 0 0 0 0 0 0 0 0 0 0 0 0 0 
