85 0 0 7 3 2 5 1 0 5 2 1 0 3 0 1 2 1 2 3 1 2 0 1 0 0 0 0 0 0 0 0 
85 1 2 5 4 2 3 2 0 3 2 2 1 2 4 2 1 1 0 0 1 1 0 4 0 0 0 0 0 0 0 0 
83 3 6 5 2 2 2 1 0 3 1 1 3 1 1 0 2 1 4 1 4 2 0 0 0 0 0 0 0 0 0 0 
86 2 4 2 4 0 4 2 0 1 3 2 2 0 1 3 1 5 0 2 0 2 0 2 0 0 0 0 0 0 0 0 
86 0 0 6 4 2 4 2 0 0 4 4 0 2 1 5 1 1 0 3 2 1 0 0 0 0 0 0 0 0 0 0 
84 2 2 7 3 2 3 1 0 0 3 3 2 1 2 2 3 1 0 0 3 3 0 1 0 0 0 0 0 0 0 0 
84 2 2 8 2 2 2 2 0 0 2 4 2 3 2 1 2 2 0 2 1 0 0 3 0 0 0 0 0 0 0 0 
85 2 2 5 4 1 2 3 0 0 3 1 4 2 1 4 1 0 1 1 0 4 0 2 0 0 0 0 0 0 0 0 
84 0 0 6 4 2 2 4 0 0 4 0 4 0 2 3 2 2 1 2 3 0 0 1 0 0 0 0 0 0 0 0 
84 2 2 7 3 2 1 3 0 0 3 0 5 3 1 2 1 3 3 0 1 2 0 0 0 0 0 0 0 0 0 0 
84 3 3 7 2 1 2 2 0 0 2 0 6 1 3 0 2 1 1 2 2 1 0 3 0 0 0 0 0 0 0 0 
84 1 1 3 6 1 2 4 0 1 3 0 4 2 3 2 0 0 1 3 0 1 0 4 0 0 0 0 0 0 0 0 
86 0 0 4 6 2 2 4 0 2 2 0 4 0 0 5 4 0 1 1 4 1 0 0 0 0 0 0 0 0 0 0 
83 3 3 7 3 2 1 2 0 1 1 0 6 4 2 4 1 0 3 0 0 0 0 2 0 0 0 0 0 0 0 0 
84 3 3 5 4 1 1 3 0 2 1 0 5 0 1 2 1 0 1 4 2 4 0 1 0 0 0 0 0 0 0 0 
88 0 0 2 6 0 4 4 0 1 5 2 0 5 0 0 0 3 2 0 0 4 0 2 0 0 0 0 0 0 0 0 
89 1 0 2 5 0 4 3 0 3 4 0 2 2 0 0 0 1 2 0 0 4 0 5 0 0 0 0 0 0 0 0 
91 3 0 1 4 0 2 3 0 2 9 0 0 3 0 0 0 1 1 0 0 2 0 3 0 0 0 0 0 0 0 0 
89 2 0 4 3 1 3 2 0 0 1 5 4 3 1 0 0 1 1 2 0 2 0 2 0 0 0 0 0 0 0 0 
86 0 0 6 4 2 4 2 0 0 3 0 5 3 5 2 3 0 0 3 0 0 0 0 0 0 0 0 0 0 0 0 
86 2 2 5 3 2 3 1 0 0 2 1 7 6 2 2 1 0 0 1 0 0 0 0 0 0 0 0 0 0 0 0 
87 2 2 4 3 1 3 2 0 0 2 4 4 2 4 1 1 0 0 4 0 0 0 0 0 0 0 0 0 0 0 0 
87 2 2 4 3 1 4 1 0 2 5 0 3 0 0 3 1 2 1 5 0 0 0 0 0 0 0 0 0 0 0 0 
86 0 0 5 5 2 3 3 0 2 1 0 5 0 0 4 3 4 2 3 0 0 0 0 0 0 0 0 0 0 0 0 
86 2 0 8 2 2 4 0 0 2 0 0 8 0 0 4 2 4 2 0 0 0 0 0 0 0 0 0 0 0 0 0 
87 3 0 6 3 1 2 2 0 6 2 0 3 0 0 1 1 2 1 5 0 0 0 0 0 0 0 0 0 0 0 0 
86 1 0 7 3 2 2 3 0 2 3 3 1 0 0 6 3 0 0 1 2 2 0 0 0 0 0 0 0 0 0 0 
87 0 0 4 5 1 2 5 0 2 3 1 2 0 0 6 0 0 0 0 6 4 0 0 0 0 0 0 0 0 0 0 
86 3 0 8 2 2 1 2 0 6 2 3 0 0 0 3 2 0 0 0 1 4 0 0 0 0 0 0 0 0 0 0 
87 3 0 6 3 1 1 3 0 2 0 5 4 0 0 4 1 0 0 0 3 2 0 0 0 0 0 0 0 0 0 0 
86 0 0 4 6 2 2 4 0 1 4 3 0 0 5 0 3 2 0 0 4 0 0 2 0 0 0 0 0 0 0 0 
86 1 0 5 5 2 2 3 0 3 3 1 2 0 2 0 1 2 0 0 4 0 0 5 0 0 0 0 0 0 0 0 
87 3 0 5 4 1 1 3 0 2 5 4 0 0 3 0 1 1 0 0 2 0 0 3 0 0 0 0 0 0 0 0 
87 2 0 5 4 1 3 2 0 0 0 4 6 2 3 1 1 1 0 0 2 0 0 2 0 0 0 0 0 0 0 0 
88 0 0 2 6 0 3 5 0 3 0 2 3 1 1 3 0 4 0 2 1 3 0 1 0 0 0 0 0 0 0 0 
88 2 2 1 5 0 3 3 0 1 0 2 5 1 4 4 0 2 0 0 1 1 0 3 0 0 0 0 0 0 0 0 
88 2 2 2 4 0 4 2 0 1 0 1 6 1 0 1 3 5 0 0 2 2 0 2 0 0 0 0 0 0 0 0 
87 3 3 3 3 0 3 2 0 1 2 1 4 2 0 2 1 2 0 4 5 0 0 0 0 0 0 0 0 0 0 0 
86 3 2 4 4 0 3 2 0 1 2 0 6 2 0 5 2 3 0 0 2 0 0 1 0 0 0 0 0 0 0 0 
87 4 1 5 3 0 2 2 0 3 7 0 1 1 0 3 1 1 0 0 4 0 0 3 0 0 0 0 0 0 0 0 
86 4 2 10 2 0 3 1 0 2 1 0 3 6 0 2 1 1 0 0 2 0 0 2 0 0 0 0 0 0 0 0 
84 2 2 8 4 2 2 2 0 0 2 1 3 2 2 2 1 1 3 0 1 4 0 0 0 0 0 0 0 0 0 0 
87 2 0 5 4 2 2 2 0 2 3 2 3 0 0 4 0 2 2 0 0 4 0 2 0 0 0 0 0 0 0 0 
88 5 3 4 2 1 1 1 0 2 1 2 4 0 4 5 0 1 1 0 0 1 0 2 0 0 0 0 0 0 0 0 
87 3 1 9 4 1 2 2 0 2 0 1 2 0 6 1 0 2 0 0 0 3 0 2 0 0 0 0 0 0 0 0 
84 2 3 7 2 2 2 2 0 5 0 0 3 6 2 2 0 0 0 0 0 0 0 6 0 0 0 0 0 0 0 0 
87 3 1 7 1 2 2 1 0 4 3 0 4 3 5 0 0 0 0 0 0 0 0 5 0 0 0 0 0 0 0 0 
88 5 3 6 1 1 1 1 0 3 2 0 3 2 4 5 0 0 0 0 0 0 0 3 0 0 0 0 0 0 0 0 
86 2 5 7 2 2 2 2 0 0 2 1 2 1 1 5 1 1 0 0 0 0 0 6 0 0 0 0 0 0 0 0 
85 3 2 7 2 2 1 2 0 0 5 0 4 0 0 2 2 1 5 0 0 0 0 5 0 0 0 0 0 0 0 0 
87 3 1 6 2 1 2 2 0 0 2 4 4 0 0 1 1 7 0 0 0 0 0 5 0 0 0 0 0 0 0 0 
87 6 3 8 0 1 1 0 0 0 4 1 4 0 0 3 3 2 1 0 0 0 0 4 0 0 0 0 0 0 0 0 
86 1 2 8 4 2 2 3 0 1 2 0 1 2 0 0 6 2 0 0 0 4 0 2 0 0 0 0 0 0 0 0 
86 3 2 5 3 2 2 1 0 0 5 0 5 6 0 0 3 1 0 0 0 2 0 2 0 0 0 0 0 0 0 0 
86 4 2 5 3 1 1 2 0 5 2 0 3 2 0 0 5 2 0 0 0 3 0 2 0 0 0 0 0 0 0 0 
88 4 5 4 3 1 2 1 0 0 3 0 3 2 0 0 6 2 0 0 0 2 0 2 0 0 0 0 0 0 0 0 
86 2 4 5 3 1 3 2 0 1 2 0 3 0 4 0 5 0 2 0 4 1 0 0 0 0 0 0 0 0 0 0 
87 2 2 3 4 0 4 2 0 3 0 1 5 0 3 0 7 0 1 0 3 0 0 1 0 0 0 0 0 0 0 0 
86 5 2 6 3 0 2 1 0 2 3 3 2 0 4 0 1 1 2 0 2 0 0 3 0 0 0 0 0 0 0 0 
87 3 5 6 3 0 3 2 0 0 1 2 2 0 1 0 2 5 1 0 3 0 0 2 0 0 0 0 0 0 0 0 
84 2 2 8 2 2 4 0 0 0 0 0 8 0 0 0 0 0 0 2 2 6 0 6 0 0 0 0 0 0 0 0 
87 3 0 8 1 2 3 0 0 0 0 3 8 0 0 0 0 0 0 0 5 3 0 5 0 0 0 0 0 0 0 0 
88 5 3 6 1 1 2 0 0 0 0 2 6 0 0 0 0 0 0 5 4 2 0 3 0 0 0 0 0 0 0 0 
86 2 1 10 3 2 3 1 0 1 0 2 2 1 0 0 0 0 2 6 1 1 0 4 0 0 0 0 0 0 0 0 
85 3 3 5 3 2 0 3 0 0 0 6 3 6 0 0 0 2 2 2 2 0 0 1 0 0 0 0 0 0 0 0 
87 3 2 3 4 1 0 4 0 4 0 3 3 2 0 0 0 2 1 6 1 0 0 2 0 0 0 0 0 0 0 0 
87 6 6 3 2 0 0 2 0 1 0 2 6 2 0 0 0 1 1 1 5 0 0 3 0 0 0 0 0 0 0 0 
87 1 3 7 3 2 2 3 0 1 1 1 1 1 2 0 0 4 0 4 4 1 0 0 0 0 0 0 0 0 0 0 
86 3 3 3 4 0 1 4 0 1 4 1 3 0 5 0 2 0 0 5 0 2 0 1 0 0 0 0 0 0 0 0 
87 4 1 5 3 0 1 3 0 4 0 3 4 0 3 0 2 2 0 2 0 1 0 3 0 0 0 0 0 0 0 0 
86 4 5 6 3 0 1 3 0 0 1 1 4 0 2 0 1 1 0 2 0 6 0 2 0 0 0 0 0 0 0 0 
86 2 4 3 5 0 3 3 0 0 2 2 2 0 0 4 5 0 0 3 0 2 0 2 0 0 0 0 0 0 0 0 
87 2 2 1 6 0 2 4 0 0 7 0 2 0 0 3 3 0 0 7 0 0 0 2 0 0 0 0 0 0 0 0 
86 5 5 3 3 0 0 3 0 0 2 3 5 0 0 4 3 0 0 0 0 0 0 6 0 0 0 0 0 0 0 0 
87 3 2 7 5 0 2 3 0 0 1 1 3 0 0 1 2 0 0 3 0 0 0 8 0 0 0 0 0 0 0 0 
88 0 0 12 4 2 4 2 0 0 0 0 0 4 4 4 1 1 0 0 1 1 0 0 0 0 0 0 0 0 0 0 
88 0 2 9 5 2 3 3 0 0 0 0 0 1 1 1 8 2 0 0 0 1 0 2 0 0 0 0 0 0 0 0 
88 0 2 10 4 2 3 3 0 0 0 0 0 1 0 0 1 3 0 4 5 1 0 1 0 0 0 0 0 0 0 0 
88 0 2 6 6 0 3 5 0 1 1 0 0 2 1 1 2 0 0 2 0 3 0 4 0 0 0 0 0 0 0 0 
85 0 0 8 1 2 5 1 2 5 1 2 0 1 1 2 3 1 2 3 1 0 0 1 0 0 0 0 0 0 0 0 
84 2 4 5 2 1 3 2 1 3 2 1 2 2 3 1 1 2 0 0 1 0 0 3 0 0 0 0 0 0 0 0 
85 2 4 4 1 2 3 1 2 3 1 2 2 1 2 0 1 2 4 2 4 0 0 0 0 0 0 0 0 0 0 0 
85 2 4 3 3 1 2 3 1 0 3 3 2 2 0 3 1 4 0 2 0 0 0 2 0 0 0 0 0 0 0 0 
86 0 0 6 4 0 4 4 0 0 4 4 0 2 3 2 3 0 0 2 2 0 0 1 0 0 0 0 0 0 0 0 
84 2 2 8 2 0 4 2 0 0 4 2 2 2 2 0 2 2 0 0 3 0 0 2 0 0 0 0 0 0 0 0 
84 3 3 6 3 0 2 3 0 0 2 3 3 6 0 2 1 1 0 3 1 0 0 1 0 0 0 0 0 0 0 0 
86 1 1 5 2 2 3 2 2 0 3 1 4 3 1 2 3 0 2 0 0 0 0 2 0 0 0 0 0 0 0 0 
86 0 0 6 2 2 4 2 2 0 4 0 4 1 4 0 0 4 2 0 4 0 0 1 0 0 0 0 0 0 0 0 
83 3 3 8 1 1 3 1 1 0 2 0 6 6 1 0 2 2 3 0 0 0 0 0 0 0 0 0 0 0 0 0 
84 3 3 6 2 1 2 2 1 0 3 0 5 2 1 0 1 0 5 0 2 0 0 4 0 0 0 0 0 0 0 0 
86 0 0 4 4 2 2 4 2 1 2 0 5 2 3 2 2 0 3 0 0 0 3 0 0 0 0 0 0 0 0 0 
86 1 1 3 4 2 1 4 2 3 2 0 3 2 0 5 2 0 1 0 4 0 1 0 0 0 0 0 0 0 0 0 
83 3 3 7 2 1 2 2 1 1 1 0 6 2 2 5 1 0 4 0 1 0 1 0 0 0 0 0 0 0 0 0 
85 2 2 5 3 1 2 3 1 2 2 0 4 2 1 0 1 0 4 0 1 1 1 1 0 0 0 0 0 0 0 0 
88 0 0 2 4 2 2 4 2 1 4 2 4 1 0 0 0 3 2 0 0 1 1 2 0 0 0 0 0 0 0 0 
90 2 0 1 3 2 1 3 2 4 5 0 2 1 0 0 0 1 2 0 0 0 3 1 0 0 0 0 0 0 0 0 
90 2 0 2 3 1 2 3 1 0 8 0 2 2 0 0 0 1 1 0 0 0 2 2 0 0 0 0 0 0 0 0 
88 2 0 5 2 1 3 2 1 0 2 5 5 3 0 1 1 1 1 3 0 0 0 0 0 0 0 0 0 0 0 0 
87 0 0 4 2 3 3 2 3 0 2 1 6 5 3 2 2 0 3 0 0 0 0 0 0 0 0 0 0 0 0 0 
86 2 2 6 2 0 4 2 0 0 2 0 9 5 2 2 2 0 0 0 0 0 0 0 0 0 0 0 0 0 0 0 
87 3 3 3 1 2 2 1 2 0 4 4 3 3 1 1 0 0 2 3 0 0 0 0 0 0 0 0 0 0 0 0 
86 1 1 6 2 1 4 2 1 2 4 0 3 0 3 1 1 2 4 3 0 0 0 0 0 0 0 0 0 0 0 0 
87 0 0 4 5 0 3 5 0 2 0 0 6 0 1 3 4 5 3 0 0 0 0 0 0 0 0 0 0 0 0 0 
85 3 0 10 1 0 4 1 0 3 1 0 7 0 1 1 1 3 3 1 0 0 0 0 0 0 0 0 0 0 0 0 
88 3 0 4 4 0 1 4 0 5 3 0 3 0 1 1 1 2 3 2 0 0 0 0 0 0 0 0 0 0 0 0 
86 0 0 6 2 2 4 2 2 3 2 3 0 0 3 4 3 0 0 0 4 2 0 0 0 0 0 0 0 0 0 0 
86 1 0 7 1 2 4 1 2 2 3 2 2 0 2 3 0 0 0 0 4 0 0 0 0 0 0 0 0 0 0 0 
87 3 0 6 2 1 2 2 1 7 1 3 0 0 0 3 2 0 0 0 2 0 0 0 0 0 0 0 0 0 0 0 
86 2 0 7 2 1 3 2 1 1 1 4 4 0 3 2 1 0 0 0 3 0 0 1 0 0 0 0 0 0 0 0 
86 0 0 4 4 2 2 4 2 1 3 3 1 3 1 0 3 2 0 0 4 0 1 2 0 0 0 0 0 0 0 0 
87 2 0 4 3 2 1 3 2 4 4 1 1 1 1 0 1 2 0 0 3 0 3 1 0 0 0 0 0 0 0 0 
86 2 0 6 3 1 2 3 1 0 4 4 2 1 1 0 1 1 0 0 4 0 2 2 0 0 0 0 0 0 0 0 
88 2 0 3 3 2 1 3 2 0 0 5 5 5 1 2 1 2 1 0 0 0 0 0 0 0 0 0 0 0 0 0 
88 0 0 2 4 2 2 4 2 3 0 2 3 1 0 2 0 4 1 0 2 0 3 0 0 0 0 0 0 0 0 0 
88 2 2 2 2 2 2 2 2 1 0 2 5 5 0 4 0 4 0 0 0 0 2 0 0 0 0 0 0 0 0 0 
88 3 3 1 3 1 1 3 1 1 0 1 6 2 0 4 0 2 2 0 3 0 1 0 0 0 0 0 0 0 0 0 
86 3 3 4 2 1 2 2 1 1 3 0 6 0 2 0 1 4 2 0 5 0 0 0 0 0 0 0 0 0 0 0 
87 2 1 4 2 2 2 2 2 1 3 0 6 0 2 5 2 1 0 0 3 0 0 0 0 0 0 0 0 0 0 0 
86 5 2 7 1 1 1 1 1 3 5 0 3 2 1 1 1 2 0 0 2 0 0 0 0 0 0 0 0 0 0 0 
87 3 1 9 2 2 1 2 2 2 1 0 2 6 1 0 2 0 0 0 3 0 0 0 0 0 0 0 0 0 0 0 
84 2 2 6 2 2 2 2 2 0 4 1 3 2 2 0 0 2 4 0 0 0 0 0 0 0 0 0 0 0 0 0 
87 3 0 6 2 1 2 2 1 3 1 3 4 0 2 3 0 2 1 0 0 0 0 3 0 0 0 0 0 0 0 0 
88 5 3 5 1 1 1 1 1 2 1 2 3 3 3 3 0 1 1 0 0 0 0 2 0 0 0 0 0 0 0 0 
86 2 1 10 1 2 3 1 2 3 0 0 2 2 6 0 0 1 0 0 0 0 0 3 0 0 0 0 0 0 0 0 
85 3 3 6 2 0 3 2 0 4 1 0 4 6 2 2 0 0 0 0 0 0 2 3 0 0 0 0 0 0 0 0 
