19 50 56 48 40 50 55 26 59 36 49 31 41 33 67 60 57 60 50 63 53 27 40 60 45 30 41 60 47 56 26 24 
30 10 0 0 10 0 10 10 0 0 0 10 9 30 9 18 32 31 30 18 9 10 18 0 0 20 20 10 20 9 20 41 
19 16 26 13 17 10 3 12 8 8 6 8 3 8 9 3 2 3 10 5 18 10 7 1 13 10 11 13 9 6 3 4 
36 14 12 8 1 7 11 6 16 7 0 8 5 0 2 7 4 9 6 9 22 2 15 0 7 0 15 1 6 2 13 0 
10 2 0 3 1 0 4 4 0 3 1 1 5 1 5 0 0 0 0 0 0 1 0 0 2 0 0 0 1 1 0 0 
35 30 35 27 28 8 20 23 2 27 17 7 10 30 25 11 4 18 12 4 22 36 6 4 28 19 34 5 33 18 30 10 
37 15 15 27 16 26 16 10 31 14 23 25 8 24 13 17 13 46 9 20 9 8 25 28 10 14 28 12 25 26 28 26 
19 0 0 0 0 0 0 1 0 0 0 0 0 0 0 1 0 0 0 0 0 0 0 0 0 0 0 0 0 0 0 0 
60 93 25 47 40 40 50 106 19 107 63 70 48 60 35 39 160 54 112 81 43 27 64 39 30 51 13 42 24 33 43 81 
26 24 22 26 22 12 13 9 12 19 12 33 23 21 12 6 18 11 12 27 17 11 20 24 13 15 9 23 24 16 24 9 
23 39 29 18 22 17 17 19 37 28 25 9 17 18 15 9 13 19 36 32 29 35 22 25 62 39 9 26 50 31 13 30 
81 64 67 76 83 57 53 53 65 67 75 57 96 84 50 59 67 57 50 46 93 67 79 72 61 75 83 76 67 53 60 56 
79 35 41 31 64 29 45 34 27 61 65 22 34 24 77 53 52 52 52 41 78 68 66 19 33 17 51 58 24 46 35 50 
24 7 2 7 9 8 3 0 1 25 0 0 4 9 2 4 21 0 0 0 1 4 2 7 8 0 0 4 0 7 12 1 
26 21 8 8 6 7 17 20 4 5 9 9 20 12 8 0 9 12 19 0 13 25 12 8 10 6 14 6 20 15 0 12 
22 14 11 25 24 22 27 4 9 18 7 10 10 29 19 16 11 12 20 16 19 10 23 20 14 31 18 18 11 29 19 15 
9 7 5 0 0 4 0 9 0 7 6 5 0 10 0 0 12 9 1 0 0 0 5 10 0 0 5 1 5 10 5 7 
16 3 28 2 18 1 1 14 16 2 15 17 4 31 14 3 16 16 27 15 0 27 13 30 1 25 14 16 2 1 3 30 
20 7 14 16 0 12 25 14 28 24 17 17 7 20 14 12 0 7 11 10 20 12 15 7 7 21 7 14 0 12 0 15 
47 55 65 16 42 23 28 47 40 23 38 48 37 34 35 43 49 53 44 32 40 41 42 38 52 22 36 64 63 37 16 37 
5 1 4 0 2 1 0 0 0 3 3 3 2 0 1 0 1 1 6 0 1 4 0 0 0 3 3 3 1 6 0 4 
41 18 16 22 22 28 49 17 33 38 17 14 11 29 15 19 24 30 16 18 26 22 18 30 26 27 22 11 12 22 28 20 
7 1 0 0 2 5 4 0 4 2 2 3 2 5 0 3 0 0 0 0 0 0 0 0 1 1 2 1 0 0 0 0 
1 1 0 0 0 0 0 0 2 0 0 1 0 0 0 0 0 1 0 0 2 0 0 0 0 0 0 0 0 1 0 0 
23 4 0 0 5 11 0 0 8 7 4 4 0 4 10 9 0 7 0 0 16 5 12 4 12 4 0 0 11 0 5 8 
9 16 15 7 6 15 14 10 24 13 10 5 15 16 13 16 10 15 13 28 9 14 14 16 11 13 9 9 10 1 11 14 
5 2 0 3 2 0 2 5 2 1 2 1 0 3 0 0 2 3 2 1 2 3 2 2 3 2 2 3 0 1 5 1 
10 10 0 0 0 0 0 10 11 0 0 10 0 10 1 0 0 11 10 11 0 0 0 11 10 11 0 27 11 0 11 0 
4 2 0 0 1 0 1 1 0 1 0 1 2 1 1 0 2 2 0 0 0 1 1 0 0 0 2 1 1 0 0 1 
100 90 121 91 88 55 38 104 105 97 74 118 90 100 57 146 93 48 140 104 85 89 65 64 40 94 73 81 126 92 183 65 
3 0 1 3 3 0 0 0 0 0 1 0 2 0 2 0 3 3 0 0 0 0 0 0 0 1 0 0 0 5 0 0 
32 15 9 18 12 18 9 17 7 11 8 19 13 12 1 6 20 8 18 8 33 8 10 11 7 9 7 15 20 20 21 10 
14 7 14 12 16 13 10 8 6 10 20 16 18 9 8 6 8 14 10 8 14 6 6 13 10 8 10 10 0 11 8 11 
10 4 16 2 10 6 8 12 14 9 6 8 12 4 10 10 6 16 4 12 10 10 8 4 6 10 14 8 6 16 8 0 
14 7 7 7 5 7 5 1 8 8 3 7 6 5 11 7 5 4 4 5 10 6 8 5 4 8 2 3 3 8 6 1 
30 15 22 12 7 19 21 26 5 42 27 13 18 25 3 32 25 15 42 23 16 19 37 17 37 9 15 17 35 18 19 27 
18 0 0 0 1 0 1 0 8 16 0 0 0 0 0 0 2 0 0 18 7 8 0 0 11 7 0 9 0 1 1 0 
14 1 7 2 5 2 9 0 1 0 0 0 0 10 1 2 1 0 4 3 0 0 1 3 1 12 3 2 1 7 0 4 
45 29 19 19 2 20 9 25 19 33 39 18 26 25 22 2 26 10 8 4 13 21 25 14 38 16 19 24 19 36 6 34 
45 2 18 19 16 2 20 35 22 3 2 35 1 2 21 0 35 4 49 31 21 2 1 19 31 21 36 39 16 19 33 22 
2 1 1 0 1 0 0 0 0 2 1 1 2 0 1 1 0 1 2 0 1 2 1 0 0 2 0 1 0 4 2 1 
7 0 2 6 5 3 3 1 6 4 3 0 1 4 4 4 3 1 4 3 3 3 5 1 8 2 4 2 3 4 1 2 
54 26 18 40 13 26 9 22 4 27 23 21 27 31 4 48 17 25 18 5 34 28 4 18 21 12 21 27 34 19 14 66 
9 4 6 3 4 4 2 10 2 11 5 6 9 3 4 0 4 12 3 0 2 3 8 9 2 6 8 7 10 2 7 8 
58 24 29 27 15 9 11 17 14 44 20 6 25 25 38 35 18 27 10 25 20 28 38 23 23 50 29 24 15 68 24 30 
27 17 0 25 2 34 0 0 17 8 3 17 0 1 1 0 40 17 19 32 1 17 26 17 18 0 9 18 17 17 14 0 
8 5 9 6 0 3 6 10 6 8 6 4 3 7 2 9 8 7 2 6 12 9 6 2 5 8 8 2 5 4 9 4 
27 16 7 12 20 14 15 18 14 16 16 9 14 15 18 19 24 10 13 10 16 13 23 19 11 20 14 12 16 15 16 8 
35 5 7 0 5 12 10 17 11 0 7 2 11 11 7 21 14 17 1 4 2 0 5 6 5 19 0 8 5 7 5 4 
14 4 5 12 7 5 8 2 7 6 6 1 5 7 10 6 11 7 9 7 5 9 12 2 10 2 6 10 9 7 5 7 
14 12 0 3 16 10 13 3 11 4 18 11 12 1 3 2 11 11 1 3 2 26 0 8 21 22 1 0 3 2 11 10 
15 2 7 5 8 3 5 2 1 0 10 15 1 7 8 1 19 3 6 6 8 12 5 3 6 7 5 6 6 2 10 10 
6 18 9 14 15 22 12 9 18 14 20 30 19 6 9 11 19 9 9 8 12 9 15 6 12 13 9 9 8 12 19 6 
48 12 25 25 24 19 23 28 45 34 12 15 23 25 70 23 9 53 1 14 27 23 15 24 16 27 62 33 11 19 39 41 
5 0 5 8 0 0 0 0 0 0 4 0 0 0 0 0 0 0 4 0 6 0 0 0 0 0 0 0 0 0 0 0 
61 29 25 55 25 51 29 20 44 44 34 28 47 22 17 27 12 25 45 42 38 11 37 12 26 20 18 16 50 12 41 18 
26 2 14 16 15 15 12 5 17 16 21 14 25 23 22 14 18 7 17 7 17 8 13 22 24 9 12 17 6 18 19 22 
12 14 7 15 1 12 9 9 10 8 15 15 12 11 5 7 10 14 11 7 11 14 9 9 17 7 9 11 12 10 4 13 
73 65 46 54 65 66 71 90 46 19 72 56 54 76 77 31 38 63 41 74 30 67 58 46 66 55 74 66 98 72 58 51 
2 1 1 0 0 0 4 2 2 0 0 0 0 1 0 4 0 0 0 0 2 2 0 0 2 0 2 0 4 0 0 2 
11 5 0 5 0 5 1 4 0 0 2 1 1 6 0 5 0 10 5 0 0 0 0 4 5 0 5 8 5 8 0 0 
7 0 2 2 0 2 4 2 1 2 3 3 2 2 3 0 2 1 1 0 1 0 0 2 3 1 2 2 0 0 1 2 
26 3 5 5 14 6 4 15 6 14 4 9 2 15 6 7 12 5 5 3 4 1 7 7 10 20 3 15 5 2 16 16 
30 2 11 25 11 36 20 28 7 39 28 22 13 36 5 14 5 16 12 16 16 4 13 6 31 9 10 18 3 18 23 17 
21 5 17 5 9 5 10 2 6 16 4 4 8 4 2 4 20 4 6 2 2 28 0 14 10 25 13 2 10 17 22 17 
5 6 3 7 3 3 4 9 3 9 3 6 6 4 5 5 4 2 6 0 1 1 5 4 5 3 3 2 2 5 1 3 
111 127 90 111 117 56 151 45 57 63 101 54 67 128 71 56 73 108 137 85 84 90 45 36 121 83 115 53 80 88 87 95 
17 14 27 11 24 15 21 20 14 22 32 26 16 17 31 23 24 17 11 13 29 19 19 26 14 17 17 11 22 13 15 9 
3 1 1 3 1 0 1 1 0 2 1 1 1 2 3 4 1 1 2 0 2 3 2 0 0 1 1 0 1 2 0 0 
56 38 35 48 43 32 74 40 24 26 39 18 57 10 33 27 24 40 35 34 51 78 33 14 47 86 60 25 14 54 68 16 
7 0 0 12 0 6 25 12 0 10 10 6 0 12 0 12 0 5 0 0 0 6 0 0 0 0 6 10 10 6 0 0 
37 16 3 19 19 21 16 0 19 16 2 19 33 0 2 6 19 16 6 3 0 22 5 3 31 9 2 30 6 9 3 3 
24 1 2 1 10 1 0 1 2 4 0 0 10 0 12 4 1 2 0 1 2 11 11 2 2 0 2 0 11 1 10 3 
109 74 130 136 106 82 163 147 104 55 106 72 97 123 108 108 119 166 78 153 157 113 82 117 83 70 81 102 84 97 114 132 
17 1 0 0 0 0 0 5 1 7 6 1 0 12 1 0 0 6 1 1 0 7 0 6 1 0 1 0 0 1 0 6 
24 15 14 14 15 16 8 7 17 12 22 8 8 20 8 11 7 7 18 16 13 9 9 15 11 18 10 11 13 17 6 10 
26 37 29 12 28 16 16 13 20 12 5 23 19 19 16 19 12 34 2 22 29 20 12 35 22 13 5 13 13 12 16 6 
22 0 66 0 22 10 11 22 22 11 27 0 30 20 23 11 11 11 30 11 0 11 27 23 43 33 11 20 0 11 20 0 
73 26 12 13 13 51 34 0 0 12 31 15 0 24 31 13 31 0 1 26 30 27 0 2 16 24 12 12 24 13 15 24 
14 2 12 10 11 16 3 4 10 5 9 2 7 5 11 7 10 14 9 7 12 8 4 10 6 16 15 9 18 7 6 4 
11 2 14 7 4 4 2 5 6 0 10 2 6 7 5 3 4 4 2 2 2 12 4 6 0 1 5 3 0 5 9 8 
7 6 9 10 4 0 14 9 4 14 4 6 6 7 23 6 4 4 11 20 8 6 6 12 10 8 8 14 4 18 15 6 
12 0 0 0 0 0 0 3 0 0 0 0 0 0 6 3 0 3 0 0 0 0 0 0 0 0 0 0 0 0 0 0 
1 0 0 0 0 0 0 0 0 0 0 0 0 0 0 0 0 0 0 0 0 0 0 0 0 0 0 1 0 0 0 0 
54 44 39 52 27 41 27 35 60 30 40 25 64 47 12 51 36 37 15 35 43 40 43 30 37 34 38 49 49 18 48 12 
2 0 4 2 0 2 0 6 2 0 2 2 3 2 0 4 0 0 0 0 0 0 0 0 0 0 0 0 2 0 0 1 
17 4 16 3 10 6 8 12 14 9 7 8 12 4 10 10 6 16 4 12 10 10 8 4 6 10 14 8 6 16 8 0 
27 9 15 4 5 7 11 41 5 7 10 12 14 16 6 14 7 12 24 10 12 0 4 6 15 17 9 21 21 17 22 11 
10 10 0 0 0 0 9 0 0 0 0 0 0 9 9 0 0 0 0 0 0 0 9 9 0 0 16 0 9 0 9 9 
81 64 72 85 72 79 24 120 74 60 19 67 96 36 108 28 36 24 56 48 55 43 80 57 32 44 90 72 60 80 60 56 
26 0 4 0 0 4 5 3 0 6 0 11 15 4 4 0 0 10 9 8 0 0 7 0 24 0 0 0 10 12 8 0 
16 0 1 2 2 1 0 0 1 3 1 2 2 2 1 1 0 2 3 0 1 1 2 3 1 2 2 2 2 2 1 5 
28 49 46 25 22 3 21 12 28 9 25 7 51 20 15 17 10 39 24 29 20 23 13 34 20 34 23 43 20 18 14 30 
116 111 79 128 59 78 86 53 61 103 86 99 108 80 59 88 38 117 113 70 88 95 58 89 120 63 80 96 111 62 79 48 
1 0 0 0 0 0 0 0 0 0 0 0 0 0 0 0 0 0 0 0 0 0 0 0 0 0 0 0 0 0 0 0 
14 9 4 4 9 6 2 3 5 4 2 4 0 10 9 8 5 11 8 7 6 5 13 4 5 5 7 3 5 6 6 3 
80 80 50 88 78 138 72 49 76 104 129 99 40 73 48 96 57 125 88 72 52 83 85 102 16 64 75 69 90 38 98 48 
17 0 4 9 14 5 0 16 5 0 1 21 4 0 6 18 9 16 19 0 21 0 3 0 1 23 10 0 3 3 7 0 
87 72 66 90 52 84 60 78 114 84 91 41 54 61 75 41 30 84 54 42 55 90 61 74 72 68 67 68 55 96 84 80 
55 18 18 23 23 29 43 13 20 24 26 11 14 31 20 23 15 29 13 23 29 22 23 31 26 17 21 12 35 32 11 24 
9 0 2 3 0 0 0 0 5 2 0 0 0 6 4 0 2 0 1 0 0 0 1 1 0 4 0 10 0 0 0 1 
23 25 20 10 25 15 23 9 11 16 3 8 31 17 18 9 8 14 25 18 36 16 24 23 10 19 29 6 18 18 8 15 
10 5 5 6 3 4 4 5 4 4 5 3 6 4 3 7 4 7 10 10 4 2 11 7 3 4 2 4 4 1 3 5 
27 32 33 30 27 47 6 27 38 32 18 25 49 31 13 61 19 2 25 21 34 30 25 39 21 18 22 36 24 30 20 44 
27 27 24 6 14 26 26 10 25 9 15 8 11 13 10 15 12 30 20 39 35 9 8 20 18 20 37 16 20 14 19 31 
34 7 10 21 1 9 8 4 6 8 15 1 6 18 9 9 29 17 12 10 8 7 4 9 15 13 7 11 22 19 4 15 
2 0 0 0 0 0 0 0 0 0 0 0 0 0 0 0 0 0 0 0 0 0 0 0 0 0 0 0 0 0 0 0 
25 28 9 2 4 4 4 14 14 4 7 3 6 3 4 5 7 4 9 15 6 7 17 9 5 2 2 3 4 15 8 6 
28 3 55 21 33 9 14 39 20 8 7 11 34 38 9 10 27 9 45 22 15 26 26 6 18 23 35 3 19 26 11 26 
11 7 3 2 5 4 6 2 1 1 6 2 6 4 2 3 5 4 4 2 4 1 1 3 6 6 3 2 4 3 2 4 
14 5 6 2 8 13 9 2 4 16 11 4 9 4 4 2 5 10 1 8 2 7 6 7 7 6 5 1 3 3 6 6 
35 6 6 18 13 10 19 35 24 10 36 12 8 1 24 24 0 19 6 18 41 11 6 6 8 5 11 6 0 24 24 18 
8 12 11 10 6 10 9 1 9 12 2 8 8 7 4 9 7 6 7 6 6 10 12 7 3 14 10 6 10 7 5 3 
23 17 23 18 21 21 26 16 17 21 7 25 9 18 14 16 22 16 22 35 14 17 22 25 19 19 18 12 19 23 26 18 
1 0 0 0 0 0 0 0 0 0 0 0 0 0 0 0 0 0 0 0 0 0 0 0 0 0 0 0 0 0 0 0 
14 19 10 19 17 10 13 18 19 18 12 8 9 6 8 9 14 14 14 11 6 13 17 9 12 6 10 19 9 22 23 16 
138 186 142 151 159 80 176 87 80 86 123 111 122 147 87 99 139 159 170 173 115 132 86 93 151 149 179 88 110 102 115 111 
11 2 5 9 10 7 8 10 4 8 3 8 7 9 1 7 1 4 4 2 3 7 1 9 6 5 5 5 5 6 6 2 
22 11 2 12 12 7 15 7 10 7 13 10 12 15 9 12 18 12 14 20 9 5 12 15 6 6 12 8 10 6 3 10 
3 1 5 0 2 2 4 0 2 2 0 0 1 0 1 1 1 3 0 1 2 1 2 1 1 0 0 0 0 0 0 1 
3 1 1 2 0 2 0 2 0 2 4 3 0 0 0 1 2 1 1 5 1 2 1 1 0 0 1 1 0 0 4 1 
33 3 14 24 10 7 14 28 5 20 14 17 13 14 6 16 4 9 2 14 14 5 9 19 26 6 8 4 15 9 12 10 
23 13 14 17 18 13 15 13 6 15 11 10 14 11 18 20 20 25 15 12 16 16 8 22 20 14 10 9 23 21 10 14 
7 3 4 4 7 9 3 6 4 5 7 5 5 7 2 5 10 3 2 9 1 10 5 5 2 3 4 3 6 7 2 4 
26 5 10 15 16 4 10 17 0 7 7 13 14 9 11 3 10 13 6 9 9 9 5 18 21 15 7 13 11 16 22 9 
2 2 2 0 0 2 5 2 2 0 0 0 0 0 0 0 5 0 0 2 0 6 0 0 4 0 2 0 4 0 0 0 
11 0 0 0 0 0 0 11 1 10 10 10 10 1 0 0 10 0 0 0 0 10 18 0 0 0 0 10 10 11 1 10 
16 11 4 11 5 10 12 9 10 12 5 10 5 11 7 11 7 7 6 9 16 4 10 8 10 11 6 10 13 7 10 0 
5 3 3 4 7 2 4 1 5 7 0 7 6 4 6 3 6 4 5 2 3 10 3 6 3 3 2 2 4 3 4 0 
8 4 3 3 3 5 4 3 7 4 7 7 2 2 6 3 3 5 3 5 4 1 5 7 1 6 5 1 2 5 5 2 
16 34 8 3 14 15 1 5 3 47 12 26 24 17 4 26 35 16 16 12 23 26 1 17 17 24 14 21 27 0 6 23 
25 24 39 18 26 28 39 34 35 6 58 17 15 17 12 26 16 30 24 10 33 17 21 25 30 15 39 20 13 31 14 21 
1 0 1 0 1 1 1 0 0 1 0 0 1 0 0 0 0 0 1 0 0 0 0 1 0 0 0 0 0 0 1 1 
8 3 5 3 2 10 0 5 5 3 0 2 1 12 7 2 3 5 3 2 2 2 11 7 5 3 1 1 5 4 5 7 
3 0 0 0 0 0 0 0 0 0 1 0 1 0 1 0 0 0 0 1 0 0 0 1 0 0 0 0 0 1 0 1 
7 3 2 4 4 6 4 5 5 5 9 0 4 4 2 5 6 4 0 6 1 1 4 1 1 7 2 3 3 2 2 3 
2 0 0 0 0 0 1 0 2 0 0 1 0 0 0 2 0 0 0 0 0 1 0 0 0 0 0 0 0 0 0 0 
6 6 6 4 2 3 2 5 0 4 3 6 5 6 5 3 0 5 2 5 6 4 3 7 5 2 2 4 1 5 4 0 
10 4 10 16 11 15 4 7 6 1 0 3 13 10 5 6 5 9 6 1 10 13 14 12 10 1 6 5 16 3 8 2 
42 3 10 24 8 20 24 8 10 29 25 6 5 4 26 11 3 9 10 6 22 5 4 27 20 6 4 12 23 10 6 12 
22 22 20 22 21 75 76 20 21 22 21 20 20 0 21 0 1 42 3 60 41 21 1 22 0 20 21 39 21 22 21 0 
20 0 0 0 20 10 21 11 0 9 0 27 10 0 20 11 30 0 17 24 9 1 0 9 20 10 10 9 0 20 0 20 
51 7 14 31 22 31 12 23 23 17 12 41 26 24 23 22 26 22 42 37 9 31 15 17 14 27 12 19 23 27 14 5 
0 0 0 0 0 0 0 0 0 0 0 0 0 0 0 0 0 0 0 0 0 0 0 0 0 0 0 0 0 0 0 0 
54 24 21 10 19 24 21 17 17 28 15 18 32 22 40 28 25 19 16 18 21 13 13 12 21 20 15 21 19 39 34 36 
23 30 27 8 25 24 17 35 12 12 11 7 29 10 9 26 15 38 17 3 20 17 20 17 17 19 19 32 13 27 24 8 
12 1 0 3 0 0 1 0 0 2 1 6 7 0 2 0 1 1 0 0 0 4 1 0 1 0 0 0 1 1 0 4 
22 2 10 16 18 8 8 17 11 6 6 12 10 10 14 0 4 8 4 12 8 6 6 6 22 4 18 14 12 12 14 0 
33 16 8 9 10 18 9 25 29 13 1 18 34 3 36 11 19 33 29 18 11 3 17 13 26 23 42 3 35 0 27 9 
14 5 4 0 2 3 4 9 2 3 2 4 1 4 0 2 11 2 2 4 15 14 2 4 5 3 17 3 4 10 1 4 
35 11 20 14 23 12 15 8 23 13 9 11 7 9 12 23 9 24 9 25 17 7 10 22 10 12 11 11 8 13 15 11 
21 11 5 6 5 8 10 22 14 9 13 7 6 2 3 5 8 9 9 6 4 3 3 3 5 2 5 10 1 14 4 6 
110 86 129 88 93 54 37 97 105 93 72 114 87 99 57 150 91 50 137 104 80 80 62 64 40 92 76 79 119 93 180 64 
9 7 0 0 0 0 0 0 0 7 0 12 0 0 0 13 0 0 0 0 0 7 0 0 0 0 0 0 1 0 7 0 
29 13 0 44 36 12 1 12 24 11 13 0 1 12 36 11 22 23 33 0 1 36 20 2 0 12 0 12 13 30 22 25 
25 12 20 13 9 14 15 4 23 11 15 16 11 23 17 6 12 19 26 16 15 9 16 8 11 17 15 14 17 25 12 13 
12 3 1 5 0 1 6 6 13 3 8 9 0 3 1 15 2 31 16 1 9 0 2 5 2 5 0 0 11 5 1 2 
3 2 1 2 1 0 0 1 0 0 2 2 2 0 0 0 0 0 2 0 0 1 3 0 1 0 0 2 0 2 1 0 
42 19 22 25 42 19 16 15 23 25 32 10 24 15 9 36 28 20 25 33 21 23 22 22 33 24 29 27 16 20 35 16 
41 24 46 42 39 40 26 31 30 10 41 46 12 43 37 12 55 31 58 54 36 26 18 56 88 30 38 12 26 44 30 17 
35 12 12 11 14 0 1 1 0 0 25 0 15 30 0 11 0 15 0 14 3 11 15 3 3 0 0 1 0 31 36 3 
6 8 0 4 0 0 4 0 0 0 0 1 0 1 0 5 0 4 0 1 0 0 0 0 0 0 0 0 4 0 0 0 
22 10 12 24 1 6 6 13 21 25 6 22 13 6 16 13 1 2 21 18 26 23 10 1 6 9 14 25 5 25 18 6 
24 1 2 7 24 5 3 8 14 6 10 11 1 0 2 6 3 6 5 3 4 10 20 13 18 20 6 22 10 11 3 24 
13 7 4 4 7 6 4 6 6 2 3 1 4 18 13 3 3 2 5 7 9 3 5 9 6 5 6 3 6 8 7 3 
16 3 9 2 6 10 8 3 2 7 9 8 6 11 5 4 3 8 8 3 7 4 4 3 5 8 4 6 7 12 1 5 
20 5 5 12 8 13 3 10 10 1 15 8 8 2 4 4 2 9 10 10 8 6 13 13 11 12 9 2 2 9 9 10 
9 3 12 5 5 5 7 6 4 3 3 2 1 8 2 4 8 6 6 3 7 8 3 1 1 2 6 7 2 1 5 2 
7 2 3 1 4 5 0 1 4 1 3 1 2 6 1 0 5 2 2 7 1 3 2 2 3 4 0 0 2 1 4 2 
11 5 7 3 2 4 2 4 3 3 3 5 1 4 6 6 2 6 4 3 4 4 10 1 2 5 5 3 2 3 7 0 
13 6 3 12 5 6 3 15 4 15 4 7 11 1 5 3 2 9 4 12 7 13 7 2 3 5 15 4 3 15 4 2 
41 18 12 15 6 2 8 3 4 22 10 6 11 15 3 22 6 13 2 11 2 6 17 7 7 1 3 18 12 3 19 14 
9 2 4 3 4 4 7 1 7 1 3 4 2 8 4 4 3 0 0 6 4 2 2 8 1 3 6 3 2 5 0 0 
16 7 8 10 6 7 12 14 5 14 13 5 9 4 5 15 8 9 12 12 11 6 9 6 11 8 12 16 8 2 9 8 
14 2 0 2 4 0 0 0 7 0 6 7 7 1 7 9 10 0 1 0 3 7 1 8 10 18 12 0 8 2 0 4 
19 24 25 33 0 27 33 8 9 22 1 9 23 10 35 0 35 30 15 32 27 10 16 25 33 8 9 17 15 16 25 32 
7 5 7 5 4 8 4 0 6 5 5 2 4 4 4 1 4 2 10 2 5 2 2 6 5 3 4 4 8 2 9 0 
35 17 22 33 11 22 5 15 25 20 17 7 17 20 21 15 13 8 25 21 14 17 21 19 22 15 13 20 15 27 25 15 
3 0 1 3 1 1 3 0 4 1 2 1 0 0 1 0 2 2 2 2 1 0 0 0 1 2 1 1 1 3 3 0 
19 15 4 17 18 13 6 8 12 10 7 8 6 2 5 8 5 8 12 6 4 2 3 8 5 7 9 3 4 6 7 7 
15 27 9 5 10 4 6 18 11 6 5 13 8 15 12 13 4 2 14 10 10 11 5 15 10 9 8 8 9 7 5 12 
37 57 31 32 41 23 12 28 25 24 30 33 35 37 28 25 36 34 38 35 24 34 21 21 40 19 25 35 35 29 15 41 
5 2 1 2 1 2 1 0 0 0 1 0 3 1 3 3 0 0 2 1 1 1 4 1 0 3 2 1 0 1 1 1 
1 1 1 3 1 1 0 0 1 0 0 1 1 0 0 1 0 1 0 0 0 0 0 0 1 1 0 0 0 3 0 0 
0 0 0 0 0 0 0 0 0 0 0 0 0 0 0 0 0 0 0 0 0 0 0 0 0 0 0 0 0 0 0 0 
19 13 19 6 10 15 12 14 13 12 12 14 15 17 15 12 11 12 18 9 5 10 15 10 8 9 11 10 16 11 11 9 
7 0 0 0 0 0 0 1 0 0 0 0 0 1 0 0 0 0 0 0 0 0 0 0 0 0 0 0 0 0 0 0 
50 32 38 23 39 22 32 14 20 46 2 28 20 11 50 21 1 49 36 55 50 56 96 21 91 25 50 22 51 10 37 34 
7 1 0 4 2 4 8 0 0 3 1 0 8 1 3 0 2 2 6 1 3 1 7 2 1 2 6 1 0 5 2 1 
16 12 6 7 1 0 4 1 3 11 1 2 5 2 0 9 0 2 4 2 8 2 3 11 3 2 1 9 11 8 3 11 
34 29 23 31 30 8 20 25 17 24 30 24 33 23 22 30 19 24 28 19 28 24 21 19 27 16 27 28 27 25 35 23 
25 27 15 30 13 35 4 51 31 27 32 35 13 13 21 6 20 32 12 33 9 12 7 44 13 4 39 35 18 24 25 2 
37 34 9 17 0 17 10 42 8 17 18 22 9 26 27 16 0 10 17 18 1 0 17 9 9 9 0 18 10 0 21 2 
15 9 17 16 9 6 5 9 6 11 5 11 12 13 3 7 9 12 6 9 8 6 9 17 5 7 8 9 4 7 6 8 
12 9 6 8 8 3 6 4 12 8 7 4 6 8 5 6 11 4 5 4 9 6 7 11 4 7 3 3 5 5 8 3 
101 39 26 22 81 36 21 36 32 69 54 38 45 49 33 82 62 73 45 50 98 41 73 66 49 71 47 44 55 42 35 73 
4 0 0 0 0 0 0 0 0 0 0 0 0 0 0 0 0 0 0 0 0 0 0 0 0 0 0 0 0 0 0 0 
88 52 29 28 60 57 40 57 36 26 26 56 76 76 24 48 52 40 60 36 49 44 53 44 40 48 72 41 44 36 48 64 
64 32 38 18 27 28 36 40 27 69 55 48 33 35 18 40 48 50 76 30 53 52 30 31 43 39 39 58 21 37 23 35 
37 52 64 62 86 32 78 45 33 83 39 41 43 45 51 88 42 87 39 36 54 65 25 64 49 42 49 32 50 51 52 32 
2 0 0 0 0 1 0 1 0 0 0 0 1 0 0 1 0 0 1 0 0 1 0 0 1 0 0 0 0 0 1 2 
11 0 6 0 5 0 0 10 0 0 0 0 6 1 6 0 6 0 0 0 0 0 0 0 5 0 12 0 5 0 0 0 
19 8 4 13 17 15 5 4 8 7 4 7 9 7 12 15 7 9 5 15 8 7 3 6 5 12 10 12 2 6 23 11 
0 0 0 0 0 0 0 0 0 0 0 0 0 0 0 0 0 0 0 0 0 0 0 0 0 0 0 0 0 0 0 0 
23 7 9 7 2 8 2 3 7 10 3 7 4 5 5 10 7 4 4 7 2 4 9 9 9 14 4 4 6 9 17 7 
16 4 0 0 0 3 9 0 0 10 4 0 4 6 0 0 0 0 0 2 5 0 0 0 3 0 0 0 5 2 7 3 
6 5 3 0 3 0 7 3 4 5 2 3 1 4 2 2 0 4 2 3 5 1 2 0 0 3 1 2 0 1 1 2 
8 0 2 4 2 3 2 1 2 3 4 6 0 2 1 3 0 4 3 2 0 3 3 1 0 1 1 1 2 2 2 3 
1 0 0 0 1 0 0 0 0 0 0 0 0 0 0 0 0 0 0 0 0 0 0 0 0 0 0 0 0 0 0 0 
4 1 3 3 0 0 0 1 1 5 0 0 1 0 0 2 0 0 0 3 0 0 2 0 0 1 1 1 0 1 2 0 
28 17 25 12 15 16 15 13 11 11 11 12 18 17 23 8 13 11 5 11 8 20 18 18 8 14 10 24 25 5 18 7 
4 1 1 1 2 2 0 3 1 1 0 3 0 0 1 1 2 1 4 0 0 2 4 0 4 0 1 1 0 2 2 0 
9 7 4 2 3 4 5 5 2 7 8 3 5 8 2 4 3 5 3 4 5 4 6 7 4 3 4 1 3 2 6 4 
12 0 0 12 0 1 12 0 0 0 0 0 0 0 1 13 0 1 20 1 0 0 0 0 20 11 10 0 11 0 0 0 
28 8 16 15 20 15 8 14 27 17 8 14 18 11 29 9 14 16 21 16 7 15 24 21 25 9 3 3 15 11 10 9 
12 12 2 2 7 1 3 8 10 5 3 4 6 6 6 9 6 4 4 8 4 2 8 4 8 4 7 10 8 4 13 6 
2 0 0 2 0 2 2 0 2 0 0 0 0 0 2 2 4 0 0 0 0 0 0 0 6 0 2 0 0 0 0 0 
19 18 0 13 12 13 24 13 19 13 0 18 0 49 18 18 14 26 48 13 12 0 14 22 12 0 0 13 24 31 26 0 
16 0 0 0 0 0 0 0 0 0 0 1 0 0 0 0 0 1 1 1 0 0 0 0 1 1 0 0 0 0 1 0 
15 8 4 14 19 8 11 14 9 10 15 2 10 8 13 5 12 7 10 9 17 5 10 15 13 7 5 9 11 6 8 10 
40 64 20 23 21 37 13 20 6 13 14 30 10 45 35 31 24 23 22 22 13 21 14 24 32 14 30 10 26 36 41 30 
0 0 0 0 0 0 0 0 0 0 0 0 0 0 0 0 0 0 0 0 0 0 0 0 0 0 0 0 0 0 0 0 
9 0 4 1 5 12 18 6 8 7 11 5 7 2 3 3 4 10 4 25 7 4 6 3 5 1 15 7 4 12 4 4 
52 52 36 32 14 24 25 41 46 31 15 25 38 18 23 29 33 38 33 28 38 30 23 15 26 26 40 25 53 21 25 24 
7 2 0 0 0 0 4 2 0 0 4 0 1 0 0 0 0 2 1 0 0 1 0 6 0 1 5 0 0 3 4 4 
13 6 4 3 2 2 3 4 3 3 4 1 3 3 4 1 2 3 1 2 3 6 2 5 4 2 4 1 5 2 1 3 
1 0 0 0 0 0 0 0 0 0 0 0 0 0 0 0 0 0 0 0 0 0 0 0 0 0 0 0 0 0 0 0 
37 32 51 40 22 55 26 26 61 42 38 48 28 49 24 32 51 57 33 25 23 48 45 43 31 43 19 40 35 33 39 21 
11 2 2 1 2 1 8 1 1 1 0 3 3 0 2 7 8 1 0 2 7 3 0 1 1 2 6 1 1 2 7 8 
22 11 23 14 22 23 14 11 8 18 22 15 28 13 13 8 9 16 16 15 21 10 10 16 17 14 10 17 5 20 11 14 
17 29 27 3 31 45 0 17 3 2 2 26 50 14 2 15 39 14 2 4 40 26 39 13 1 12 28 15 54 3 65 25 
8 4 5 2 4 7 1 3 7 8 7 2 4 2 6 4 3 7 0 3 4 6 5 4 7 2 5 3 1 1 3 0 
10 2 16 6 5 5 3 4 6 0 11 2 6 6 4 2 5 5 2 2 2 12 5 6 1 1 4 3 1 5 10 6 
23 18 27 26 21 13 18 23 9 20 13 36 11 21 10 12 15 20 27 26 3 26 39 19 11 31 15 20 30 34 9 10 
2 1 0 3 0 0 0 1 0 1 0 0 0 2 0 2 0 0 3 0 0 0 2 0 0 0 2 5 4 0 0 0 
15 2 10 11 18 2 8 18 4 0 6 12 11 10 8 0 4 8 4 12 8 6 6 6 22 4 12 14 12 12 9 0 
0 0 0 0 0 0 0 0 0 0 0 0 0 0 0 0 0 0 0 0 0 0 0 0 0 0 0 0 0 0 0 0 
28 15 21 13 15 20 15 16 16 13 9 19 11 9 16 17 9 25 13 18 13 7 16 22 10 24 14 19 8 4 14 11 
0 0 0 0 0 0 0 0 0 0 0 0 0 0 0 0 0 0 0 0 0 0 0 0 0 0 0 0 0 0 0 0 
19 12 15 13 7 12 6 12 4 21 17 15 28 26 13 12 12 21 11 25 10 14 20 8 28 14 24 20 15 15 11 10 
60 38 58 39 40 44 26 29 37 45 58 55 42 58 28 34 63 42 31 22 44 44 50 50 34 60 51 27 43 37 51 51 
22 13 9 24 11 4 1 16 9 13 4 5 6 7 3 6 17 18 5 4 21 11 5 3 20 2 6 5 36 4 18 13 
2 0 0 0 1 1 0 0 1 0 1 3 0 1 0 2 1 0 1 1 0 0 0 2 0 0 0 1 1 1 0 1 
6 5 12 0 6 0 0 6 6 6 18 12 12 0 1 10 0 5 8 6 0 1 6 12 0 6 0 6 0 0 5 6 
13 10 9 9 15 3 17 15 10 10 4 11 7 14 14 9 4 9 12 9 12 14 4 11 4 17 9 20 3 6 11 12 
48 25 43 12 40 19 14 18 15 14 16 22 14 25 23 20 14 28 25 19 24 17 34 23 15 28 24 24 9 23 23 19 
40 22 32 22 28 16 27 37 34 47 17 36 50 51 20 27 36 33 39 33 32 14 44 38 15 42 37 25 46 55 41 22 
11 0 7 0 7 14 7 0 0 0 0 0 4 2 8 3 0 14 14 4 0 7 7 0 6 0 6 0 0 4 6 0 
0 0 0 0 0 0 0 0 0 0 0 0 0 0 0 0 0 0 0 0 0 0 0 0 0 0 0 0 0 0 0 0 
34 38 7 33 33 24 22 24 23 16 23 17 20 7 13 18 18 20 33 21 62 18 47 7 34 5 29 26 28 21 8 10 
14 4 7 0 0 9 0 8 6 7 9 0 3 3 9 6 2 12 4 1 6 11 9 9 6 30 7 0 3 3 15 0 
25 12 6 4 7 8 3 5 7 6 10 9 14 3 9 7 9 7 7 8 12 5 5 5 7 7 8 2 4 6 10 15 
1 0 0 0 1 1 1 0 0 1 0 0 0 0 1 0 1 0 1 0 1 2 3 1 1 0 1 0 0 1 0 0 
0 0 0 0 0 0 0 0 0 0 0 0 0 0 0 0 0 0 0 0 0 0 0 0 0 0 0 0 0 0 0 0 
2 0 0 0 0 0 0 0 0 0 0 0 0 0 0 0 1 0 0 0 0 0 0 0 0 0 1 0 0 0 0 0 
16 1 6 3 7 2 7 0 0 10 2 3 6 12 1 1 0 0 1 10 0 2 8 0 7 2 2 10 15 6 2 1 
11 7 5 11 13 9 9 9 17 13 11 14 5 13 12 3 8 17 0 6 8 9 13 8 9 14 8 11 5 10 10 9 
23 1 5 2 2 3 4 5 0 4 3 2 5 1 1 0 4 5 1 7 11 1 2 5 3 13 2 5 8 4 4 2 
10 1 1 4 0 9 2 8 0 0 1 1 2 11 2 1 4 1 0 9 1 1 0 8 4 5 9 2 7 1 3 2 
66 2 5 60 40 30 57 36 27 74 39 41 15 28 15 40 81 28 29 46 14 26 26 53 38 75 50 57 48 42 14 30 
2 0 0 0 1 0 0 0 0 0 0 0 0 0 0 0 0 0 1 0 0 0 0 0 0 0 0 1 0 0 0 0 
48 26 21 51 40 25 10 17 30 7 22 13 33 26 17 45 39 17 24 27 17 27 43 13 39 22 32 21 27 34 33 34 
6 0 0 0 12 6 1 0 6 0 0 11 6 0 1 0 5 6 5 1 6 0 0 5 6 1 0 0 5 0 0 0 
25 3 8 8 5 2 4 2 7 5 7 1 6 11 8 2 7 7 7 3 3 7 10 1 5 5 3 5 4 6 6 3 
29 8 14 9 10 12 21 10 6 17 8 5 18 15 4 9 9 9 3 11 14 3 6 5 14 15 12 14 8 11 7 8 
12 8 10 4 5 6 0 3 5 2 8 4 4 4 1 13 4 0 13 12 1 6 2 13 4 12 12 5 1 4 1 4 
0 0 0 0 0 0 0 0 0 0 0 0 0 0 0 0 0 0 0 0 0 0 0 0 0 0 0 0 0 0 0 0 
28 19 18 12 12 11 16 25 13 11 17 23 11 15 10 14 18 15 21 18 12 12 15 11 18 21 18 11 18 13 17 7 
42 17 16 13 17 14 23 11 16 4 19 8 2 12 23 14 20 6 6 19 25 13 7 5 12 26 11 20 10 15 11 32 
33 21 28 26 23 24 23 24 20 24 33 34 22 9 35 12 17 29 31 34 2 34 22 10 14 17 28 20 18 30 14 52 
36 21 13 11 13 12 26 2 2 7 12 28 11 20 22 23 18 6 15 11 10 11 4 6 17 11 9 12 13 2 24 13 
6 0 0 0 1 1 2 1 1 0 0 1 0 0 2 0 0 1 0 0 0 0 0 2 2 1 1 2 0 3 1 1 
60 18 18 9 44 24 15 34 24 16 25 34 6 34 9 11 30 26 22 19 7 42 35 22 38 34 13 28 27 23 24 22 
3 0 1 0 1 0 0 1 0 0 0 0 0 0 1 0 2 2 1 0 1 0 0 0 1 0 0 0 1 0 0 0 
16 1 3 0 8 3 4 2 2 1 0 0 0 0 1 7 4 17 2 8 0 2 6 3 2 12 2 1 3 9 7 3 
34 47 1 1 16 1 0 16 0 0 49 2 17 16 1 32 4 17 16 0 1 3 17 33 17 0 1 17 17 16 2 16 
1 0 0 0 0 1 0 0 1 0 0 0 0 0 0 0 0 0 0 0 0 0 0 0 0 0 0 0 0 1 0 0 
44 28 12 29 33 46 75 64 36 48 36 41 43 56 36 36 9 32 28 47 38 38 36 49 58 45 13 46 18 28 72 2 
9 12 20 16 6 7 14 12 20 23 7 10 5 9 11 15 9 10 13 10 13 12 12 1 13 10 11 11 8 10 14 9 
12 6 5 5 6 9 6 5 4 8 6 5 3 4 8 6 0 9 8 11 9 9 4 2 7 5 6 6 6 4 5 3 
41 23 18 18 6 6 14 30 0 23 37 16 25 0 54 9 39 7 14 23 7 8 15 16 7 18 30 9 0 7 14 19 
23 22 13 22 11 21 5 15 8 13 18 8 19 11 23 14 8 13 8 23 17 14 6 8 25 8 13 15 4 21 13 13 
0 0 0 0 0 0 0 0 0 0 0 0 0 0 0 0 0 0 0 0 0 0 0 0 0 0 0 0 0 0 0 0 
36 0 1 19 19 34 3 2 1 1 16 2 16 2 1 1 17 16 30 35 1 1 20 4 3 3 5 1 20 17 17 1 
32 24 41 23 23 32 12 29 31 8 23 28 7 26 33 41 9 19 5 28 33 2 32 19 16 5 15 16 22 19 28 5 
2 1 4 1 2 0 1 0 1 0 4 5 1 0 2 1 2 0 3 2 6 2 4 3 0 1 1 3 0 4 0 1 
9 3 5 5 4 4 4 7 9 4 1 4 8 0 5 7 5 8 3 5 3 5 6 2 3 5 7 8 6 7 3 4 
41 15 21 36 17 32 15 24 32 25 20 30 17 23 23 12 29 44 34 20 16 33 22 16 20 10 31 25 15 28 33 23 
3 3 0 6 2 5 0 4 4 1 3 4 2 6 2 4 4 3 3 4 3 6 2 2 3 2 0 4 1 4 2 1 
2 0 1 0 0 0 0 0 0 0 0 0 0 2 0 0 1 0 0 0 0 0 0 1 0 0 0 1 0 0 0 0 
1 0 0 1 1 1 0 0 0 0 0 0 0 0 0 0 0 0 0 0 0 0 0 0 0 0 0 0 0 0 0 0 
173 121 117 125 142 145 138 77 101 132 124 134 147 74 97 108 91 93 73 104 157 284 134 85 72 198 101 106 76 181 193 118 
4 0 0 1 0 2 0 1 0 0 0 0 0 0 0 0 0 0 0 0 0 0 0 0 2 2 1 0 0 0 0 0 
5 0 1 4 0 0 0 0 0 1 0 3 0 0 0 0 1 1 0 0 0 1 1 3 1 1 0 3 0 0 0 0 
0 0 0 0 0 0 0 0 0 0 0 0 0 0 0 0 0 0 0 0 0 0 0 0 0 0 0 0 0 0 0 0 
46 13 22 22 36 17 15 28 14 10 12 31 16 13 25 10 13 17 11 27 12 16 16 20 28 16 35 17 21 24 32 14 
6 4 4 0 6 6 2 0 0 2 4 2 0 0 6 4 0 3 3 2 4 2 6 4 2 2 7 2 2 0 0 1 
11 0 4 2 0 6 2 4 2 1 4 4 4 4 0 0 6 3 5 5 4 4 0 6 0 2 0 2 2 2 0 0 
21 16 9 10 8 19 16 11 10 23 21 12 11 5 0 20 18 28 31 10 29 16 13 23 22 17 16 30 6 5 10 15 
44 7 15 7 23 50 16 17 15 9 21 28 5 13 29 53 32 19 31 12 6 17 15 28 24 19 27 42 9 28 33 20 
11 1 3 0 0 4 0 0 0 1 1 1 1 1 8 0 0 1 1 0 0 0 8 0 0 0 4 4 5 1 1 0 
8 5 5 9 8 6 10 10 18 12 10 10 8 13 10 8 16 2 10 8 6 11 9 4 6 8 12 10 4 17 8 6 
121 86 136 84 188 111 130 59 150 131 61 125 105 89 97 109 93 82 157 108 134 124 87 53 148 111 83 131 90 90 134 70 
27 7 3 3 16 1 9 12 5 5 8 5 9 6 8 11 8 11 13 10 8 7 11 8 9 6 4 17 10 7 11 9 
2 0 0 0 0 5 0 1 1 0 0 1 1 0 0 4 2 0 0 1 0 1 0 1 0 1 0 0 0 1 2 0 
23 2 10 10 25 2 17 17 4 8 6 20 10 13 8 0 12 8 4 12 8 6 6 14 25 4 20 17 20 12 16 0 
130 111 183 129 93 89 108 102 101 157 72 112 94 103 134 133 154 97 122 111 102 128 124 74 94 64 146 91 138 118 126 97 
8 14 10 8 7 4 5 9 8 13 6 7 5 4 5 4 5 7 10 9 9 6 5 11 8 10 11 5 8 2 8 6 
10 3 2 5 8 1 2 1 6 7 3 7 3 3 4 4 6 2 1 5 2 0 4 1 0 2 4 2 9 3 3 8 
17 0 1 7 5 2 0 2 4 1 0 0 0 4 1 3 4 2 4 0 5 1 1 0 0 0 2 1 2 5 0 0 
12 3 3 4 1 2 8 5 3 4 7 6 4 8 2 7 4 0 4 4 11 1 6 4 6 4 3 4 5 4 1 0 
38 28 22 43 33 15 31 49 24 19 27 17 29 38 14 27 28 24 19 19 16 15 27 31 18 32 21 34 11 27 33 19 
5 0 0 0 1 1 0 0 0 0 0 1 0 0 2 0 1 1 0 1 0 0 0 0 1 5 0 1 0 0 0 0 
19 6 9 6 10 12 11 9 9 11 14 7 5 12 2 13 12 7 4 13 8 2 13 8 8 2 11 3 5 8 9 6 
14 0 1 5 6 0 17 5 1 2 6 2 0 5 9 5 11 15 13 8 6 6 12 0 0 7 5 5 5 17 0 0 
48 5 14 7 14 16 15 7 34 28 36 4 26 0 29 9 27 40 3 22 2 14 33 8 2 49 0 21 1 38 18 2 
15 12 5 5 11 11 14 16 9 17 8 13 17 9 12 19 14 13 13 5 10 12 15 14 21 15 13 12 13 10 10 10 
13 15 0 0 13 7 11 0 2 1 2 7 15 0 6 1 2 5 2 2 0 2 7 1 1 0 1 1 7 0 0 8 
8 5 7 8 5 1 2 5 5 5 6 4 4 3 3 4 2 3 5 2 5 2 4 6 3 4 6 5 0 7 6 4 
79 97 65 16 53 50 52 82 32 86 110 70 59 28 78 98 108 50 115 62 32 66 77 80 37 31 41 43 65 11 44 65 
24 2 27 13 0 9 18 0 10 17 0 38 27 9 24 12 16 9 9 0 0 9 37 0 10 9 29 16 10 18 9 9 
7 0 8 0 0 0 0 0 0 4 0 4 3 5 0 3 10 0 0 0 4 0 0 0 10 4 4 5 0 0 0 0 
0 0 0 0 0 0 0 0 0 0 0 0 0 0 0 0 0 0 0 0 0 0 0 0 0 0 0 0 0 0 0 0 
30 19 22 34 12 20 6 13 25 24 19 7 14 19 18 13 12 8 25 21 15 17 23 22 20 16 15 22 20 24 27 16 
15 16 12 0 6 15 9 6 0 1 18 7 18 19 9 5 1 2 7 0 12 8 0 5 5 7 7 0 8 4 0 18 
14 3 9 12 11 9 6 5 5 16 13 6 7 16 13 8 13 13 9 8 6 13 3 9 8 6 12 7 13 9 11 9 
3 2 2 0 0 0 1 1 2 0 0 0 4 0 2 1 2 1 2 1 2 0 1 0 1 1 1 1 2 0 1 0 
8 8 10 2 4 10 2 6 8 10 12 6 8 6 12 6 10 12 16 6 18 4 10 14 8 8 5 8 5 2 8 6 
7 9 0 4 4 3 0 8 4 1 4 0 4 0 4 0 2 4 9 4 12 0 0 4 1 0 8 3 4 0 4 4 
40 2 0 0 0 11 0 11 1 0 11 22 13 12 1 0 11 0 17 14 1 13 12 13 11 3 30 12 0 12 13 12 
3 2 1 0 1 0 2 0 0 0 2 0 1 2 1 3 1 0 1 1 2 1 1 0 0 2 0 2 0 2 1 0 
24 32 24 22 16 10 15 7 33 30 28 22 23 16 27 15 20 29 13 15 15 21 7 27 9 22 16 23 16 23 35 32 
45 17 8 31 16 51 35 42 61 49 16 31 27 65 14 51 64 32 29 50 49 25 22 36 45 39 24 36 40 31 32 48 
8 8 14 15 10 13 9 19 12 9 0 8 7 11 8 17 12 7 11 14 8 7 13 11 4 12 7 12 13 11 15 12 
2 0 0 1 0 0 0 0 1 0 0 0 0 0 0 0 0 1 0 1 0 1 1 1 0 1 2 2 0 0 0 0 
67 96 28 56 39 70 37 80 54 53 92 76 96 90 51 58 50 72 80 34 88 48 50 72 33 81 72 56 47 30 99 42 
2 1 1 0 0 0 0 0 0 1 0 0 0 1 0 0 0 0 0 1 0 1 0 0 1 0 1 0 0 0 0 0 
24 1 1 0 1 0 5 0 16 14 0 0 4 0 1 6 1 0 1 1 3 0 1 1 16 0 1 5 0 0 5 0 
4 0 0 0 0 0 0 0 1 0 0 1 0 2 0 0 0 3 0 2 1 0 1 0 0 0 0 0 0 0 0 0 
60 28 30 60 43 17 20 25 28 47 47 14 23 30 48 52 2 32 35 26 20 45 33 23 40 26 12 11 17 8 23 51 
62 17 33 60 46 58 28 64 51 71 15 37 9 27 31 39 53 69 27 39 16 82 43 16 17 30 28 42 13 57 20 10 
22 13 6 6 26 7 8 18 20 10 1 4 8 17 25 7 7 9 11 1 8 7 5 3 28 0 9 19 5 5 25 16 
3 1 0 2 3 1 0 1 5 1 0 1 0 3 0 2 0 1 3 5 1 0 4 1 3 2 0 2 3 3 4 0 
27 10 10 0 30 17 10 18 10 0 0 0 20 0 18 9 20 9 10 10 20 0 1 10 10 0 21 0 10 20 18 10 
28 15 27 0 9 20 21 18 2 23 32 2 19 9 18 20 8 24 8 0 1 15 18 3 16 3 1 26 62 1 13 14 
18 0 7 0 0 0 0 7 1 0 0 0 0 17 0 7 0 0 9 8 0 0 0 0 0 0 15 7 0 7 0 0 
0 0 0 0 0 0 0 0 0 0 0 0 0 0 0 0 0 0 0 0 0 0 0 0 0 0 0 0 0 0 0 0 
0 0 0 0 0 0 0 0 0 0 0 0 0 0 0 0 0 0 0 0 0 0 0 0 0 0 0 0 0 0 0 0 
4 6 5 2 6 2 2 4 7 3 5 9 2 4 4 6 1 5 3 4 4 0 4 3 1 4 10 5 3 10 7 4 
31 21 13 14 10 17 22 21 27 11 28 36 11 19 20 25 11 18 17 21 17 27 25 26 21 27 21 24 7 13 22 30 
11 18 4 5 6 5 3 7 9 8 5 5 5 2 1 6 7 11 0 8 7 8 8 3 5 9 6 4 8 2 9 9 
2 0 0 0 0 1 0 0 0 0 0 0 1 0 0 0 0 0 0 1 0 0 0 0 0 0 0 0 0 0 0 0 
40 22 17 31 29 32 19 22 32 25 41 40 22 24 24 33 18 29 27 30 26 19 39 20 28 20 32 32 37 37 26 40 
22 10 10 7 6 4 4 5 10 4 4 7 4 7 4 9 8 3 5 3 7 8 3 6 8 8 7 7 8 5 5 7 
3 2 2 1 2 0 0 4 0 1 1 6 0 3 6 2 2 1 3 2 1 4 5 4 2 0 3 1 2 2 3 0 
24 17 14 12 11 20 18 9 16 20 7 11 11 25 20 10 19 14 14 10 16 17 18 18 8 12 15 13 18 14 17 13 
12 4 5 4 8 5 0 4 3 5 4 2 6 3 5 5 11 7 5 5 3 6 7 4 9 6 7 2 8 8 6 5 
1 0 0 0 0 0 0 0 0 0 0 0 0 1 0 0 0 0 0 0 1 0 0 1 0 1 0 0 0 1 0 0 
19 4 3 6 5 2 8 7 3 7 3 3 3 11 6 18 4 4 8 5 3 7 3 5 3 12 6 7 11 5 5 10 
36 33 32 30 41 11 28 36 23 27 22 46 46 43 32 42 22 22 41 26 17 33 18 23 32 36 31 29 36 41 31 50 
35 12 4 9 7 4 8 5 1 4 6 5 9 5 5 9 13 8 12 7 14 8 6 4 9 13 9 3 12 8 6 3 
22 25 8 28 24 45 12 7 22 60 8 22 22 40 24 15 12 28 22 16 36 19 35 28 10 33 44 16 79 24 12 22 
11 0 0 0 2 0 1 0 2 0 0 2 0 0 2 5 0 0 3 1 0 0 3 2 0 0 0 0 0 1 0 2 
62 23 20 31 5 13 23 57 47 13 23 22 13 12 3 14 17 44 13 40 12 11 3 2 13 11 11 33 34 30 3 39 
22 6 1 5 7 14 2 7 4 10 5 10 6 7 10 5 8 8 7 12 4 11 11 4 8 3 1 10 8 8 12 4 
1 0 0 0 0 0 0 0 0 1 0 0 0 0 0 0 0 0 0 0 0 0 0 0 0 0 0 0 0 1 0 0 
21 17 12 12 16 14 9 17 7 9 7 7 11 6 5 17 11 6 10 9 12 10 18 7 9 6 9 10 7 15 6 9 
58 28 40 21 41 39 38 47 39 24 37 26 29 21 23 14 28 11 28 31 40 26 35 39 47 23 41 40 24 22 21 35 
7 8 8 16 0 8 4 8 4 8 4 6 3 7 8 9 5 5 14 17 1 26 4 13 0 8 0 12 16 8 9 8 
1 0 0 1 1 0 0 2 0 2 0 0 1 0 2 0 0 1 2 0 0 0 1 0 3 1 0 0 0 0 3 1 
50 10 13 32 15 12 28 5 18 14 26 18 14 10 15 17 9 16 12 13 60 16 7 7 6 2 42 33 17 38 12 15 
8 0 0 4 0 0 0 1 1 5 1 1 0 1 0 1 3 2 0 3 0 0 0 3 3 2 3 5 0 0 2 0 
11 4 2 3 5 4 6 4 3 1 4 5 4 3 4 5 3 4 4 5 4 5 0 7 9 8 4 6 2 3 9 3 
1 1 0 0 0 2 1 0 2 0 0 2 0 1 0 2 2 0 0 0 0 0 1 2 1 1 1 2 0 0 0 2 
1 0 0 0 0 2 0 0 0 0 0 1 0 0 1 0 0 0 0 0 0 1 0 0 1 0 0 1 0 0 0 0 
2 2 1 0 0 1 1 0 1 4 0 1 3 0 0 1 0 0 1 2 1 0 2 0 0 2 0 0 2 0 0 0 
0 0 0 0 0 0 0 0 0 0 0 0 0 0 0 0 0 0 0 0 0 0 0 0 0 0 0 0 0 0 0 0 
42 22 20 4 7 36 23 17 33 43 26 20 22 39 16 36 27 19 16 29 43 11 39 9 26 7 22 20 37 47 24 24 
16 24 18 24 26 25 16 15 24 17 32 24 16 32 16 32 21 16 2 9 26 12 26 40 24 16 50 35 41 9 21 9 
1 0 0 0 0 0 0 0 0 0 0 0 0 0 0 0 0 0 0 0 0 0 0 0 0 0 0 0 0 0 0 1 
15 4 5 5 13 10 7 1 5 9 9 4 4 15 6 9 10 11 7 4 7 10 9 8 7 10 7 7 12 0 9 8 
2 0 0 1 1 0 0 0 0 1 0 0 0 0 0 0 0 0 1 0 1 0 0 0 1 0 0 0 0 0 1 1 
0 0 0 0 0 0 0 0 0 0 0 0 0 0 0 0 0 0 0 0 0 0 0 0 0 0 0 0 0 0 0 0 
6 3 6 8 7 5 5 3 3 4 8 3 4 9 1 5 3 12 3 3 2 9 3 3 3 7 4 7 3 2 9 0 
10 1 3 1 9 8 7 0 9 18 0 0 8 1 0 8 0 9 1 2 7 0 1 2 1 12 0 0 7 1 22 1 
36 13 10 53 31 28 27 51 18 16 28 26 37 17 23 19 57 32 48 21 6 12 6 8 14 39 16 27 10 12 35 29 
70 32 32 8 32 45 31 15 18 35 40 15 21 26 32 30 36 20 10 10 24 5 25 29 40 36 38 30 40 35 29 27 
23 3 4 2 2 11 6 22 4 7 9 2 13 0 4 2 8 18 17 11 4 5 1 2 17 6 13 14 3 7 8 3 
9 0 7 4 1 4 3 0 6 0 3 6 1 10 6 0 1 3 7 3 3 0 4 6 3 0 0 1 4 4 5 3 
26 15 5 6 12 13 0 4 6 17 1 18 9 8 11 5 5 9 4 21 4 9 6 4 11 18 4 5 8 8 11 7 
2 1 0 0 1 5 0 0 1 1 1 2 3 1 0 0 1 1 1 2 3 1 0 3 4 0 3 2 1 0 1 2 
1 0 0 3 0 1 0 0 1 1 0 2 0 1 2 0 2 0 1 0 0 0 2 0 1 0 0 1 0 0 0 1 
16 15 20 10 9 19 7 20 15 21 10 6 4 16 10 12 15 26 21 28 12 10 16 15 20 16 24 10 16 11 12 17 
31 27 21 15 13 17 16 34 12 52 31 30 18 12 35 42 58 17 43 18 13 32 22 37 23 43 28 22 18 3 50 40 
22 9 16 3 1 39 12 24 3 21 36 6 9 17 34 14 18 7 17 3 11 24 14 14 18 16 13 20 11 4 7 4 
0 0 0 0 0 0 0 0 0 0 0 0 0 0 0 0 0 0 0 0 0 0 0 0 0 0 0 0 0 0 0 0 
5 0 2 1 0 0 0 2 1 1 1 0 0 0 0 0 0 0 0 1 0 0 1 1 1 0 0 1 0 1 1 0 
12 9 4 2 7 10 4 4 9 10 2 5 2 0 0 2 5 1 10 5 7 3 11 1 10 2 2 6 4 3 1 0 
6 3 3 2 4 2 4 1 0 2 3 1 3 0 1 2 2 0 0 0 3 1 0 0 1 5 2 0 0 4 0 4 
2 1 0 3 4 5 4 1 1 0 2 2 1 1 2 0 1 2 3 0 3 1 1 2 1 6 0 4 4 0 3 1 
12 4 11 4 6 13 9 9 10 11 10 9 10 15 8 8 5 4 9 16 14 9 11 8 5 16 11 11 10 15 13 8 
3 0 0 1 0 0 1 0 1 0 0 0 1 0 0 1 0 1 0 0 0 0 1 0 0 0 0 0 0 0 0 0 
20 7 27 8 10 50 34 35 27 28 11 17 19 39 16 17 12 8 20 24 16 13 23 40 16 32 6 12 25 18 24 19 
37 27 26 52 66 50 52 20 38 25 45 21 54 33 51 20 37 38 30 48 40 54 25 52 49 30 41 19 30 44 50 34 
23 10 10 5 0 0 14 26 26 5 15 22 10 10 10 8 5 19 5 12 5 21 0 10 10 10 5 21 10 5 15 12 
16 9 17 19 11 4 7 4 8 7 13 12 5 11 21 15 10 7 16 10 11 12 7 12 9 3 12 14 14 19 9 16 
50 10 27 16 22 20 11 3 12 8 7 14 28 12 20 11 7 16 37 24 13 4 13 14 13 15 17 10 23 6 11 8 
25 35 20 11 31 20 14 1 35 13 35 19 16 29 34 28 8 25 18 27 42 39 25 39 47 18 25 30 19 17 25 41 
6 0 5 0 0 8 0 0 0 0 5 0 0 0 0 0 0 0 0 0 0 6 5 0 0 0 0 0 0 0 0 5 
1 0 0 1 0 0 0 0 0 0 0 0 1 0 0 0 0 0 0 0 0 0 0 1 1 0 1 1 0 0 1 0 
10 0 0 0 4 5 0 4 4 0 0 0 0 0 0 0 5 5 5 5 0 0 0 6 0 0 10 0 5 0 0 0 
42 43 41 50 41 50 45 12 39 92 88 63 63 72 53 42 26 49 41 83 43 50 32 69 39 56 47 44 51 86 29 20 
8 0 0 4 12 0 4 4 4 3 4 7 0 8 4 4 11 4 0 4 0 0 0 0 0 3 6 6 0 0 3 0 
113 88 90 30 18 38 49 45 36 48 56 31 36 4 71 64 50 29 46 64 49 32 37 19 30 27 41 64 53 16 33 32 
19 16 10 15 11 8 3 7 5 8 8 11 20 9 20 12 3 14 8 11 13 13 18 14 6 18 15 8 10 34 7 16 
4 0 0 0 0 0 0 0 0 0 0 0 0 0 0 0 0 0 0 0 0 0 0 0 0 0 0 0 0 0 0 0 
2 0 0 0 0 0 0 0 2 1 0 0 0 0 0 0 0 0 0 0 0 0 1 0 0 0 0 0 1 1 0 0 
84 68 17 76 47 44 49 59 66 32 75 86 55 11 47 47 32 77 24 45 60 58 50 4 61 40 32 34 50 37 50 45 
35 4 5 8 5 3 0 6 4 10 5 2 2 6 3 10 13 4 5 12 4 0 3 0 2 5 10 6 2 6 0 3 
23 7 21 19 20 20 11 17 9 6 8 23 24 19 17 9 4 12 15 24 12 27 17 9 21 12 19 11 11 19 12 27 
0 0 0 0 0 0 0 0 0 0 0 0 0 0 0 0 0 0 0 0 0 0 0 0 0 0 0 0 0 0 0 0 
3 0 0 0 0 0 0 0 0 0 0 0 0 0 0 0 0 0 0 0 0 0 0 0 1 0 0 0 0 0 0 0 
30 24 10 18 8 3 13 20 6 9 10 5 9 11 26 7 12 16 4 13 20 12 14 7 17 19 13 13 4 8 17 6 
12 21 1 20 0 11 0 3 0 1 0 10 1 12 10 0 3 2 11 1 1 0 11 10 10 13 0 3 13 36 0 9 
68 12 90 58 45 97 71 86 112 36 39 9 52 52 38 29 39 89 81 42 108 26 106 48 60 67 123 36 40 83 41 88 
25 18 25 35 15 13 19 32 9 18 9 29 28 21 30 24 21 18 11 56 29 21 23 20 15 24 7 24 38 36 44 26 
10 14 16 7 6 0 30 11 7 0 11 18 13 0 18 8 15 19 7 9 8 10 27 15 20 3 1 12 38 16 13 20 
28 34 35 5 30 17 44 5 32 22 29 42 15 16 24 19 23 38 42 20 10 36 21 3 21 21 9 33 19 6 39 23 
8 4 4 10 1 1 6 2 6 2 2 7 3 0 4 4 2 2 1 1 2 2 4 2 1 2 3 1 2 3 1 3 
47 5 12 14 0 19 4 6 2 6 2 10 7 21 8 9 9 12 7 12 5 6 4 18 6 17 6 11 7 17 0 36 
18 5 1 5 3 4 6 10 4 1 8 1 1 2 7 1 1 1 9 1 3 2 0 1 6 0 7 6 0 4 6 8 
116 79 70 64 85 79 83 99 59 28 97 78 67 76 88 52 54 95 61 83 61 104 69 54 90 78 89 84 131 85 78 76 
19 18 10 10 11 11 8 9 17 4 4 5 4 3 2 2 9 0 6 1 5 9 9 15 17 5 2 3 2 16 1 1 
7 3 3 3 3 4 2 3 3 2 0 5 2 3 1 3 3 3 2 4 0 1 2 3 4 2 4 5 6 4 5 3 
17 9 10 0 1 1 1 0 18 9 9 1 5 5 6 0 0 9 15 15 0 5 5 22 1 0 9 9 6 0 6 0 
33 29 23 28 24 31 27 36 23 20 24 45 15 23 24 28 17 35 33 35 30 31 20 31 21 34 36 34 30 22 33 44 
5 0 0 0 0 0 1 2 0 1 0 1 1 0 0 0 0 2 1 1 1 3 0 2 0 1 1 0 1 1 0 1 
8 5 7 5 2 4 2 4 3 3 3 5 1 4 6 7 2 6 4 3 3 4 8 1 2 5 5 3 3 3 8 0 
31 9 4 2 4 9 3 3 1 16 13 2 5 2 10 9 0 8 10 4 0 10 16 8 12 16 5 3 10 10 2 16 
12 8 0 0 0 0 6 3 5 4 6 2 4 0 0 0 3 5 6 3 5 0 7 3 3 0 4 2 5 0 0 6 
4 0 0 0 3 1 1 0 1 0 1 0 0 0 0 0 0 0 0 0 0 0 0 2 0 0 0 0 0 0 0 0 
42 34 58 36 26 47 46 23 53 28 21 31 16 30 21 20 41 43 54 30 41 25 40 29 15 36 30 11 29 48 21 35 
15 6 0 10 0 11 1 0 4 1 6 0 2 2 2 0 0 0 1 0 1 1 0 2 3 7 7 5 2 2 0 0 
36 17 16 17 20 11 40 27 19 20 24 11 19 29 30 13 21 15 24 15 21 17 23 3 17 18 31 38 13 21 34 14 
14 23 12 21 5 8 4 34 6 12 4 14 6 3 25 35 9 4 15 13 22 2 6 5 11 3 13 25 12 7 12 20 
6 9 4 3 5 5 4 4 5 4 8 5 7 6 1 4 7 6 8 3 9 7 2 7 5 5 10 8 3 6 3 7 
12 12 8 8 11 11 10 5 10 4 0 6 7 4 7 6 10 6 10 9 7 2 13 12 5 9 9 15 9 5 10 7 
3 0 0 0 0 1 2 1 0 0 0 0 0 0 2 0 0 0 0 0 0 0 0 1 0 1 1 0 0 2 1 0 
4 1 3 3 2 0 0 1 4 2 4 0 4 4 6 0 2 4 2 2 7 6 2 2 4 4 2 2 0 7 2 2 
18 11 23 10 12 17 10 18 17 17 22 16 13 14 29 9 13 9 17 15 22 24 17 18 6 11 26 11 26 9 20 8 
19 15 13 16 13 20 15 11 11 18 12 8 26 21 16 13 17 12 17 17 12 5 9 3 10 8 15 8 21 7 11 25 
14 12 4 7 5 5 8 6 11 9 12 10 5 10 4 4 7 3 5 15 13 12 10 13 3 3 5 4 12 11 7 6 
1 0 1 0 0 0 0 0 0 1 0 0 0 0 0 0 0 0 0 0 0 0 0 0 0 0 0 0 0 1 0 0 
12 5 6 5 6 9 2 7 1 1 4 4 4 8 0 2 8 4 5 5 6 4 3 7 3 9 4 5 4 3 4 0 
1 0 0 0 0 1 1 0 0 0 0 0 0 1 0 0 0 0 0 0 0 0 0 0 1 0 0 0 0 0 0 1 
14 0 7 0 2 0 7 2 0 7 0 0 0 0 0 10 6 0 0 0 0 6 0 0 6 9 6 0 0 0 0 0 
9 1 5 10 6 17 4 17 6 11 9 5 5 12 0 9 8 2 12 8 6 8 10 6 11 12 7 4 12 6 5 6 
17 22 35 29 21 56 22 14 14 26 25 44 21 23 17 1 28 16 31 16 39 60 15 39 22 18 37 43 29 42 28 16 
1 0 0 0 0 0 0 0 0 0 0 0 0 0 0 0 0 0 0 1 0 0 0 0 0 0 0 0 0 0 0 0 
0 0 0 0 0 0 0 0 0 0 0 0 0 0 0 0 0 0 0 0 0 0 0 0 0 0 0 0 0 0 0 0 
11 4 1 3 2 2 6 1 3 0 5 1 2 1 3 2 3 3 2 4 3 3 3 0 3 4 3 6 6 0 1 0 
0 0 0 0 0 0 0 0 0 0 0 0 0 0 0 0 0 0 0 0 0 0 0 0 0 0 0 0 0 0 0 0 
6 8 2 2 4 6 2 2 0 0 0 2 0 10 3 0 2 8 2 4 4 0 2 4 4 2 2 2 4 6 2 0 
3 3 0 2 3 3 3 2 1 0 0 1 4 0 4 0 2 2 1 2 1 1 1 1 0 1 2 0 1 4 3 1 
0 0 0 0 0 0 0 0 0 0 0 0 0 0 0 0 0 0 0 0 0 0 0 0 0 0 0 0 0 0 0 0 
95 86 119 89 88 54 36 97 104 90 70 111 87 96 58 140 90 48 135 103 80 80 62 64 40 87 76 80 122 89 178 64 
21 28 18 10 7 21 18 18 22 18 23 9 9 14 19 14 26 12 21 4 17 17 17 11 32 23 8 25 6 34 24 32 
11 14 5 16 10 19 2 13 1 9 21 20 16 15 8 27 14 14 15 18 7 19 14 15 21 7 16 6 23 9 16 3 
22 16 14 7 11 11 14 12 12 9 18 13 11 9 7 8 16 12 17 12 9 9 16 13 14 15 8 13 14 8 13 19 
36 19 29 19 39 20 31 23 25 20 22 21 14 19 30 11 9 21 20 34 21 19 23 26 12 20 18 15 17 35 13 11 
17 7 7 10 6 12 18 13 6 9 17 6 1 3 8 4 5 16 8 15 15 8 1 17 6 7 8 9 14 13 4 5 
25 12 11 19 10 14 10 9 8 24 5 9 9 7 8 10 11 11 13 8 10 22 9 6 10 6 14 12 10 9 7 2 
8 4 4 13 3 4 11 7 5 11 3 9 8 5 14 4 4 5 8 14 5 5 5 1 3 4 11 11 7 10 6 7 
14 8 19 11 12 8 2 10 2 6 4 8 10 3 11 7 4 1 13 6 7 7 8 10 11 5 1 1 3 9 18 4 
14 11 10 8 3 5 7 5 3 4 7 4 8 8 8 10 7 9 5 1 3 4 5 11 1 6 1 3 6 7 8 1 
6 6 0 1 4 10 3 2 3 17 6 7 2 3 7 5 8 4 8 12 6 3 9 9 4 2 9 2 6 8 9 2 
6 4 6 4 1 3 1 4 3 3 0 5 4 3 1 3 1 1 2 3 1 5 2 3 0 2 1 1 1 3 0 2 
47 11 30 3 0 0 3 31 10 32 42 29 39 9 11 31 12 21 18 31 10 11 40 27 55 13 23 10 11 21 30 12 
16 12 13 2 10 0 10 4 3 10 10 8 6 10 9 11 4 1 2 2 2 12 4 0 8 2 10 14 2 4 6 3 
0 0 0 0 0 0 0 0 0 0 0 0 0 0 0 0 0 0 0 0 0 0 0 0 0 0 0 0 0 0 0 0 
19 18 30 18 12 10 30 9 7 8 9 15 20 14 18 16 17 12 17 14 14 14 8 15 12 23 20 22 7 21 10 8 
77 27 24 17 26 25 18 31 26 48 29 39 65 30 28 16 36 59 16 53 70 18 17 66 16 29 71 15 43 26 37 3 
11 4 10 3 3 3 7 4 4 4 7 0 3 7 4 7 2 5 3 1 6 3 4 3 1 10 6 3 4 5 9 6 
40 12 9 19 11 13 10 17 11 7 18 21 13 25 5 21 9 5 15 29 15 11 5 10 15 12 15 15 27 3 17 6 
17 8 6 8 4 2 4 4 0 2 4 0 9 8 14 3 5 3 7 9 7 6 5 12 7 8 7 3 4 4 1 10 
7 1 1 1 0 0 0 3 1 0 1 0 2 4 2 0 0 2 0 0 0 0 0 0 2 0 2 0 0 0 2 0 
34 6 1 0 1 1 7 8 8 0 9 0 19 2 15 3 1 23 7 9 9 2 0 1 12 0 9 8 0 16 11 5 
15 8 0 30 1 32 13 12 26 0 17 1 17 0 21 8 9 16 31 1 9 8 9 0 1 15 0 12 0 28 18 17 
58 18 24 18 10 18 2 2 0 12 21 12 3 8 9 4 0 3 28 2 19 9 4 12 19 6 18 5 19 17 0 3 
11 2 1 0 1 5 2 0 1 0 1 0 3 0 1 7 1 0 0 4 1 2 0 4 2 4 0 2 2 7 1 0 
18 28 7 8 8 7 4 6 7 10 11 9 11 8 6 3 7 14 4 13 6 9 9 7 5 7 2 2 6 6 5 4 
19 4 2 1 3 2 3 1 2 3 2 1 2 1 3 1 1 6 1 0 2 3 1 4 0 5 4 6 2 8 1 0 
8 0 1 3 0 0 2 3 1 0 0 0 2 2 0 0 2 0 4 0 1 1 0 0 2 0 1 0 1 0 2 0 
0 0 0 0 0 0 0 0 0 0 0 0 0 0 0 0 0 0 0 0 0 0 0 0 0 0 0 0 0 0 0 0 
39 56 32 30 1 26 38 39 19 22 23 35 21 12 51 20 1 10 15 37 10 24 18 38 20 22 28 25 31 30 17 25 
2 0 0 0 0 0 1 0 0 0 0 0 0 0 0 0 0 0 0 0 0 0 1 0 0 0 1 0 0 0 1 0 
6 6 7 0 2 7 4 6 4 4 2 3 4 1 2 4 2 6 2 3 2 10 5 2 5 4 3 3 5 2 7 2 
2 0 0 1 0 0 0 0 0 0 0 0 0 0 0 0 0 0 0 0 1 0 0 0 0 0 0 0 0 0 0 0 
25 9 18 22 20 23 9 20 17 12 16 21 11 9 6 5 6 16 15 7 11 21 14 27 4 7 19 13 18 21 19 10 
51 1 12 26 0 0 0 1 0 0 12 1 1 12 12 10 0 0 0 11 14 4 1 0 0 0 1 1 0 12 11 0 
