132 33 25 42 24 32 27 25 30 13 29 28 20 16 18 17 17 12 8 16 19 13 10 15 12 17 16 10 12 15 13 0 
180 89 40 62 56 38 22 30 43 44 35 28 23 31 35 21 22 16 20 22 30 18 20 25 21 19 29 36 30 29 16 0 
64 37 14 27 15 15 7 9 20 10 7 11 20 10 9 12 7 9 2 6 11 6 7 5 13 4 5 5 6 7 7 0 
228 56 51 51 45 36 38 39 36 28 22 34 32 30 27 20 24 25 17 14 22 20 24 20 10 27 24 31 27 37 12 0 
161 58 43 30 33 28 17 34 32 27 30 34 35 21 17 22 23 19 22 13 22 14 6 25 18 17 17 7 14 13 2 0 
82 47 26 22 18 23 22 18 17 18 16 17 20 20 11 11 19 15 9 7 10 4 13 6 13 8 16 12 6 12 7 0 
81 36 20 24 17 25 5 20 23 21 17 19 12 10 18 6 12 14 5 5 9 10 11 8 6 9 9 13 8 6 8 0 
135 31 36 43 22 22 19 10 18 20 15 11 16 10 28 9 17 16 11 11 14 8 16 11 10 12 6 10 5 19 5 0 
111 53 29 27 36 33 24 20 27 28 19 22 32 20 21 18 20 16 13 23 24 18 15 18 22 20 14 14 23 19 5 0 
101 55 33 25 28 33 14 20 12 25 21 24 19 18 14 20 10 26 12 12 15 13 12 20 16 19 17 19 11 12 3 0 
154 48 42 29 41 39 19 25 51 30 22 17 32 16 30 21 22 24 16 22 21 24 23 21 22 16 30 20 25 24 14 0 
86 38 29 28 30 27 16 25 19 19 18 21 16 16 12 12 11 15 9 9 13 19 8 9 11 17 11 16 13 7 9 0 
199 66 62 43 44 61 40 54 39 40 34 30 37 26 26 36 23 25 23 28 28 27 24 27 29 17 29 38 29 44 19 0 
170 50 31 41 52 36 38 55 38 38 30 37 22 33 35 28 17 25 22 26 26 24 13 23 27 16 20 26 39 21 19 0 
127 51 33 37 32 35 21 33 26 36 30 40 27 18 25 32 25 32 24 27 27 15 25 19 22 20 22 25 22 25 11 0 
