0 67 41 17 21 9 8 7 11 24 9 20 15 7 24 26 20 9 34 21 18 21 32 22 40 20 24 49 0 0 0 0 
0 94 64 51 53 32 45 42 22 55 30 46 28 29 52 45 38 34 54 52 43 80 63 47 68 47 73 80 0 0 0 0 
0 81 66 42 56 30 31 27 31 42 34 45 22 26 39 48 36 37 52 49 40 46 53 40 56 51 50 64 0 0 0 0 
0 10 6 12 5 5 3 10 3 6 3 6 9 5 7 10 5 10 9 12 17 11 14 8 11 10 5 22 0 0 0 0 
0 34 25 16 20 17 23 13 15 17 11 15 7 13 14 15 17 9 7 13 15 18 20 14 14 7 16 19 0 0 0 0 
0 24 17 20 19 4 8 21 21 23 29 21 28 19 32 18 26 17 31 20 37 36 31 24 50 30 34 57 0 0 0 0 
0 61 70 46 46 33 36 33 35 29 42 63 29 44 31 47 17 46 47 40 46 73 45 40 55 42 62 51 0 0 0 0 
0 68 56 41 38 29 32 46 20 34 22 39 33 23 36 35 29 39 36 49 39 53 46 40 50 41 53 73 0 0 0 0 
0 97 102 77 73 58 70 69 59 49 46 48 28 48 49 47 59 46 21 64 60 66 65 31 53 56 49 37 0 0 0 0 
0 42 35 48 64 66 52 55 41 47 59 28 29 35 36 48 66 57 30 32 54 39 35 37 53 42 33 37 0 0 0 0 
0 39 51 50 63 62 57 50 64 39 84 32 30 36 43 53 52 55 51 48 51 56 65 49 60 79 47 59 0 0 0 0 
0 62 103 64 45 35 59 71 53 47 34 51 18 50 59 31 74 44 21 49 80 40 49 25 50 71 42 31 0 0 0 0 
0 31 36 23 24 19 14 21 18 30 36 8 16 14 11 18 15 19 11 15 17 18 20 23 12 35 19 17 0 0 0 0 
0 25 16 39 42 60 69 71 36 39 63 38 20 20 43 33 72 60 45 30 50 43 43 41 72 45 31 51 0 0 0 0 
0 58 99 55 44 21 63 71 57 39 35 57 26 59 70 29 77 43 28 47 74 48 39 25 50 70 43 24 0 0 0 0 
0 63 55 63 54 65 62 34 39 46 38 32 41 42 34 40 47 27 34 28 45 43 21 35 60 51 53 24 0 0 0 0 
0 35 48 39 29 38 36 14 30 39 39 15 32 38 26 25 40 25 32 40 31 17 35 27 37 42 28 24 0 0 0 0 
0 37 43 35 30 29 24 24 30 34 34 24 23 23 24 24 30 21 36 36 42 46 38 62 47 70 59 52 0 0 0 0 
0 33 42 22 26 21 16 12 25 22 21 11 17 14 25 21 25 21 14 13 37 25 36 31 23 36 26 28 0 0 0 0 
0 48 43 20 21 24 18 22 21 21 12 13 15 32 9 23 32 20 14 17 32 17 22 18 27 41 26 22 0 0 0 0 
0 26 22 13 11 14 8 21 9 7 13 19 17 19 12 4 11 8 25 9 7 22 26 7 17 8 9 92 0 0 0 0 
0 37 3 17 12 4 4 1 0 17 1 11 4 5 24 9 6 0 6 7 0 15 17 3 17 4 13 53 0 0 0 0 
0 56 50 40 38 21 37 20 26 20 11 38 12 19 32 32 13 32 19 34 25 44 27 23 19 31 27 25 0 0 0 0 
0 23 22 23 20 24 19 22 29 20 50 21 21 11 24 39 21 30 21 27 29 33 26 43 18 45 17 18 0 0 0 0 
0 10 16 8 6 4 6 3 7 12 5 8 2 4 7 6 7 5 4 7 15 5 10 5 7 4 6 4 0 0 0 0 
0 53 23 34 29 49 48 27 26 28 20 20 32 28 23 26 37 20 4 20 29 37 12 15 42 26 29 13 0 0 0 0 
0 35 44 33 30 18 19 29 34 26 25 17 22 16 24 21 29 17 26 28 29 28 32 34 31 37 38 32 0 0 0 0 
0 51 55 26 28 14 27 17 23 27 21 16 20 31 16 21 29 14 28 29 40 24 30 11 34 34 30 21 0 0 0 0 
0 163 131 67 53 71 68 61 33 78 53 59 32 66 47 48 52 34 27 57 42 42 54 17 36 37 35 16 0 0 0 0 
0 12 10 4 7 7 3 13 5 11 11 5 11 14 8 3 7 1 15 4 4 8 14 2 17 0 4 51 0 0 0 0 
0 3 12 2 2 2 2 2 0 3 2 7 12 6 5 0 6 1 7 2 0 8 31 0 7 4 2 61 0 0 0 0 
0 29 5 20 17 13 10 10 10 25 6 16 5 12 14 12 12 3 11 17 9 17 23 24 31 29 21 28 0 0 0 0 
0 44 30 22 23 22 15 20 19 23 22 13 12 12 17 14 18 19 13 18 19 39 29 31 19 39 31 32 0 0 0 0 
0 67 56 28 37 22 24 27 22 44 23 21 18 35 24 23 42 17 36 27 76 40 55 28 52 66 52 38 0 0 0 0 
0 90 84 29 32 36 36 40 31 43 35 38 27 31 24 28 35 25 34 33 62 51 51 26 49 46 44 34 0 0 0 0 
0 70 81 37 33 42 37 50 25 56 44 41 25 55 32 32 34 20 21 48 38 37 44 18 33 29 31 31 0 0 0 0 
0 80 59 24 30 30 30 36 24 40 31 28 19 33 20 20 28 14 17 25 23 22 23 7 17 14 11 39 0 0 0 0 
0 3 5 2 4 1 1 1 0 2 1 8 7 5 7 0 3 1 6 1 0 4 13 0 7 3 1 31 0 0 0 0 
0 19 7 3 11 3 1 2 2 5 1 11 3 7 15 3 4 5 0 4 2 7 2 9 7 12 3 6 0 0 0 0 
0 73 69 43 58 46 41 21 31 35 16 24 25 22 27 16 6 18 20 19 18 25 28 20 11 12 15 16 0 0 0 0 
0 42 58 26 19 24 19 28 12 37 31 27 15 31 24 15 23 16 12 34 25 22 30 11 20 20 24 18 0 0 0 0 
0 14 30 22 26 5 27 20 15 29 7 23 6 18 24 23 21 5 21 9 25 22 22 6 22 37 29 15 0 0 0 0 
0 102 76 53 60 38 55 47 47 55 31 46 31 30 46 49 43 28 49 45 51 56 60 31 66 51 45 46 0 0 0 0 
0 56 62 31 56 49 42 50 54 45 50 19 21 30 33 37 54 53 22 35 43 50 49 49 46 60 40 42 0 0 0 0 
0 45 74 72 52 47 68 59 57 63 59 55 23 66 72 41 75 57 41 64 90 75 77 36 105 82 71 95 0 0 0 0 
0 73 102 73 46 38 59 67 55 39 32 43 30 52 65 32 78 47 39 36 67 48 37 28 46 53 32 16 0 0 0 0 
0 39 34 30 27 45 41 26 29 46 31 19 26 25 16 20 31 18 18 23 30 31 17 27 39 48 35 18 0 0 0 0 
0 20 16 16 10 10 6 6 12 7 10 8 6 8 7 14 10 4 16 7 13 10 10 13 14 25 16 18 0 0 0 0 
0 5 8 13 7 7 5 5 3 3 2 7 5 7 6 5 2 6 9 2 3 13 5 1 8 9 7 8 0 0 0 0 
0 47 56 51 22 25 27 14 21 11 6 25 4 24 31 12 9 20 13 19 22 22 16 7 9 13 21 25 0 0 0 0 
0 48 24 26 21 29 16 19 14 30 20 27 13 15 25 27 21 31 12 49 15 47 25 63 19 31 43 18 0 0 0 0 
0 20 10 20 9 15 17 23 9 10 6 6 9 13 6 6 11 5 6 9 9 10 3 3 16 7 7 2 0 0 0 0 
0 24 15 22 12 15 14 17 17 20 12 18 15 10 18 21 14 8 12 23 8 20 12 19 31 32 29 31 0 0 0 0 
0 21 22 14 16 10 9 4 16 20 11 9 5 9 10 2 11 4 12 17 23 19 39 14 14 20 32 18 0 0 0 0 
0 66 49 9 17 15 16 18 22 12 24 21 18 15 22 23 43 20 25 19 66 35 44 22 53 42 54 48 0 0 0 0 
0 88 82 23 40 25 31 35 48 37 45 22 37 38 32 40 37 20 26 44 48 32 45 21 42 40 37 43 0 0 0 0 
0 157 121 53 63 63 53 51 30 71 46 62 21 43 32 28 38 25 21 52 43 43 49 17 36 32 37 22 0 0 0 0 
0 100 78 59 71 39 24 37 40 28 23 23 18 19 21 14 13 17 20 18 12 33 25 18 19 8 16 19 0 0 0 0 
0 51 47 36 41 41 51 39 52 40 21 18 40 28 31 30 27 29 24 29 32 40 28 20 36 33 20 23 0 0 0 0 
0 41 40 22 23 29 20 18 21 28 14 10 22 23 17 18 28 17 18 12 22 26 17 41 29 52 27 16 0 0 0 0 
0 24 24 21 13 23 15 9 23 23 20 26 22 25 23 23 21 13 27 29 24 27 19 35 40 49 32 34 0 0 0 0 
0 3 8 13 5 1 3 10 2 1 4 1 1 13 6 8 7 9 7 3 4 13 8 1 8 11 7 6 0 0 0 0 
0 27 31 40 18 16 15 24 16 30 18 22 12 37 22 14 22 30 21 24 19 32 22 20 23 36 35 15 0 0 0 0 
0 45 28 31 31 38 19 22 15 20 27 15 19 19 17 14 29 20 8 23 21 15 15 28 26 27 30 13 0 0 0 0 
0 47 41 18 22 13 15 26 23 24 26 15 20 28 17 11 14 13 9 22 15 17 17 10 18 11 9 14 0 0 0 0 
0 27 31 12 20 13 14 15 12 19 20 14 20 18 14 15 16 15 17 23 17 26 13 14 32 21 19 14 0 0 0 0 
0 41 45 26 23 21 15 18 32 26 28 12 23 26 34 33 40 31 40 38 53 39 38 68 59 93 61 80 0 0 0 0 
0 16 16 10 9 3 5 4 10 5 12 4 13 6 6 10 11 6 16 9 11 9 9 15 6 11 12 18 0 0 0 0 
0 5 11 22 8 3 6 17 2 3 8 4 4 25 9 6 11 15 15 5 5 25 18 1 17 15 9 1 0 0 0 0 
0 50 42 35 42 28 33 27 36 25 43 44 51 27 44 43 26 39 25 32 31 74 30 38 39 30 31 29 0 0 0 0 
0 43 68 46 36 37 28 29 36 39 57 34 51 40 44 46 31 42 50 39 39 61 44 56 54 61 59 52 0 0 0 0 
0 19 29 17 13 16 15 3 19 14 18 9 22 22 18 19 24 14 31 27 17 6 28 30 27 40 24 24 0 0 0 0 
0 26 17 22 13 11 12 9 10 14 17 28 27 12 17 23 5 16 18 3 15 36 18 20 11 19 13 7 0 0 0 0 
0 34 49 40 38 35 35 16 32 35 49 45 74 38 33 51 23 34 45 30 32 61 45 45 23 44 32 21 0 0 0 0 
0 20 19 19 18 17 24 6 18 14 20 13 24 23 21 18 25 23 40 25 25 16 44 27 33 42 30 32 0 0 0 0 
0 12 22 11 8 9 10 10 7 8 10 16 7 18 10 20 7 16 19 10 20 29 23 23 31 26 24 25 0 0 0 0 
0 51 48 40 41 19 27 13 26 15 33 39 21 37 27 33 11 34 49 29 33 50 36 30 34 46 38 41 0 0 0 0 
0 35 23 34 45 32 24 20 25 24 27 18 14 29 27 29 37 39 24 24 45 30 28 18 34 22 31 39 0 0 0 0 
0 30 21 72 28 36 11 32 13 20 12 18 4 10 12 15 14 26 12 17 15 19 30 17 12 31 8 8 0 0 0 0 
0 24 11 47 19 31 17 28 5 20 19 9 10 5 29 16 13 18 13 3 8 13 32 6 17 23 22 6 0 0 0 0 
0 51 66 39 40 32 40 30 17 35 40 35 21 28 43 23 30 18 15 29 21 34 36 13 33 29 39 14 0 0 0 0 
0 45 71 47 47 35 35 25 20 40 31 31 14 30 43 24 23 25 16 27 19 26 27 18 23 19 23 9 0 0 0 0 
0 28 17 9 20 25 12 35 19 25 14 22 17 32 26 10 16 11 11 9 4 32 17 14 14 8 13 30 0 0 0 0 
0 51 57 44 32 14 38 19 24 27 16 38 11 29 35 20 27 21 30 30 50 43 20 35 47 46 40 23 0 0 0 0 
0 71 50 59 35 17 53 18 12 26 16 30 14 46 17 13 20 21 33 17 43 39 23 49 39 58 32 35 0 0 0 0 
0 26 27 26 10 13 9 20 7 13 15 15 15 24 16 9 14 9 23 21 12 24 54 9 31 16 19 70 0 0 0 0 
0 41 26 6 19 0 13 7 10 10 11 10 14 18 21 4 18 14 18 4 27 26 13 5 23 19 27 9 0 0 0 0 
0 29 23 25 21 23 20 14 22 13 25 12 11 11 17 11 16 13 9 15 13 24 18 16 14 22 10 24 0 0 0 0 
0 24 32 43 40 16 29 35 23 30 25 29 23 39 27 22 32 27 40 21 43 56 49 36 53 45 49 50 0 0 0 0 
0 35 47 81 55 27 55 18 30 22 18 31 11 49 37 37 45 46 75 22 50 26 19 56 33 35 40 36 0 0 0 0 
0 31 30 15 21 18 18 9 12 27 5 6 19 20 13 6 17 10 10 9 20 14 14 20 22 31 17 19 0 0 0 0 
0 29 32 28 29 16 27 25 27 32 20 35 19 25 14 26 22 16 20 36 13 31 30 30 35 41 35 33 0 0 0 0 
0 53 59 30 36 21 16 26 19 43 26 26 14 25 18 30 40 21 40 57 63 40 54 25 51 38 54 55 0 0 0 0 
0 16 10 11 9 15 12 10 13 5 12 11 4 25 8 9 6 10 7 10 10 17 14 20 11 11 9 1 0 0 0 0 
0 37 25 21 45 33 12 18 19 21 22 14 16 12 18 26 22 19 9 34 19 13 17 46 21 31 47 12 0 0 0 0 
0 14 14 6 12 12 6 9 18 8 13 4 15 11 7 14 9 8 8 14 8 13 6 9 10 11 18 3 0 0 0 0 
0 30 19 7 8 9 6 3 10 3 8 4 7 9 8 16 13 12 6 11 24 24 21 28 19 42 16 21 0 0 0 0 
0 24 28 18 17 12 12 5 22 12 18 10 20 20 15 15 21 11 39 24 24 8 26 30 27 30 27 37 0 0 0 0 
0 26 13 25 18 15 16 14 13 11 23 30 26 14 16 33 9 23 17 20 20 40 13 16 9 19 14 24 0 0 0 0 
0 19 12 28 10 16 7 16 20 8 11 6 6 10 14 16 8 11 9 1 9 9 21 10 7 14 2 3 0 0 0 0 
0 26 15 6 15 11 17 18 6 14 7 13 14 19 17 10 16 10 18 12 19 15 12 16 29 38 18 19 0 0 0 0 
0 17 7 0 2 4 3 2 2 6 2 1 0 0 2 0 4 3 2 6 1 3 3 2 2 0 0 3 0 0 0 0 
0 12 15 8 22 8 7 36 0 9 0 9 7 11 7 12 20 3 15 3 0 15 13 32 3 10 12 10 0 0 0 0 
0 35 39 71 44 27 52 38 13 23 8 15 26 29 22 27 45 15 50 8 21 22 15 39 25 21 33 17 0 0 0 0 
0 25 32 40 19 11 36 23 19 16 13 16 17 21 19 10 29 14 28 18 31 17 15 17 26 31 19 24 0 0 0 0 
0 26 31 12 23 5 16 13 15 14 7 42 16 25 7 17 9 19 15 17 15 22 21 17 16 19 11 25 0 0 0 0 
0 16 16 10 40 9 13 22 14 40 16 6 14 16 8 12 42 14 20 29 26 24 32 21 13 12 10 32 0 0 0 0 
0 26 39 18 14 13 13 15 9 23 15 13 6 15 7 8 10 13 11 29 22 34 29 22 18 26 29 18 0 0 0 0 
0 27 13 15 12 12 6 5 10 14 23 18 5 9 6 12 14 14 23 23 8 16 16 17 36 34 34 27 0 0 0 0 
0 22 16 12 18 15 14 9 10 13 14 4 5 9 10 11 9 7 7 12 4 6 7 6 7 5 7 9 0 0 0 0 
0 29 16 18 47 6 17 52 44 11 17 15 12 31 20 8 20 18 24 8 6 28 20 21 5 25 18 8 0 0 0 0 
0 10 7 7 17 6 6 25 0 8 0 7 9 11 12 9 19 4 14 1 1 15 14 21 4 12 12 8 0 0 0 0 
0 17 24 35 31 14 34 31 7 9 5 37 14 24 13 23 33 14 39 7 13 20 13 38 12 15 28 19 0 0 0 0 
0 34 48 13 25 5 18 16 19 15 7 55 9 28 6 22 8 16 15 18 17 20 26 14 13 16 11 20 0 0 0 0 
0 38 30 24 24 19 15 11 16 11 18 9 8 9 11 16 16 18 13 17 24 47 26 42 26 47 27 18 0 0 0 0 
0 13 15 6 7 18 10 0 4 3 1 2 3 6 2 8 0 6 0 4 2 6 3 2 1 0 1 0 0 0 0 0 
0 29 9 18 27 4 10 37 33 10 12 9 12 27 16 13 17 12 16 6 4 24 17 12 3 19 12 6 0 0 0 0 
0 19 13 6 7 0 9 13 2 2 2 20 1 4 1 17 5 0 1 1 5 4 14 0 2 4 2 1 0 0 0 0 
0 5 2 4 4 0 7 7 1 1 0 8 3 0 1 12 1 3 2 0 7 1 10 3 2 3 2 0 0 0 0 0 
0 47 38 38 39 30 39 37 22 21 8 28 22 29 24 25 20 18 12 15 25 19 24 13 20 28 24 17 0 0 0 0 
0 17 18 14 13 14 11 10 6 11 5 4 9 11 13 10 4 11 9 14 8 4 9 10 10 10 4 5 0 0 0 0 
0 45 45 34 30 21 16 18 14 38 17 23 15 28 26 18 16 15 19 27 26 31 28 21 29 30 30 22 0 0 0 0 
0 28 7 3 26 0 8 15 8 5 7 8 12 15 24 7 10 14 20 9 12 17 4 8 19 9 4 30 0 0 0 0 
0 40 20 34 55 52 38 60 30 43 27 29 22 37 31 37 66 57 32 25 48 34 33 24 55 28 27 42 0 0 0 0 
0 37 44 46 27 21 19 14 16 7 9 23 8 10 20 7 6 14 14 13 16 19 13 6 7 15 16 18 0 0 0 0 
0 30 20 2 30 9 7 6 8 9 12 13 2 3 10 10 9 6 7 16 14 17 2 2 3 2 13 1 0 0 0 0 
0 50 31 4 16 10 15 6 12 11 15 19 10 9 20 16 23 9 14 19 33 18 25 6 29 18 30 22 0 0 0 0 
0 97 81 61 71 43 30 40 34 36 24 24 16 19 26 10 12 10 15 18 16 20 24 8 14 11 11 25 0 0 0 0 
0 57 59 32 58 28 12 40 41 22 23 28 14 36 27 27 13 14 24 19 16 49 31 18 27 11 22 21 0 0 0 0 
0 34 28 20 18 12 12 8 17 11 16 13 12 9 9 21 13 5 20 10 17 12 20 18 16 30 17 41 0 0 0 0 
0 43 42 40 22 41 19 24 18 32 25 17 15 14 23 26 31 26 7 31 21 16 13 33 21 28 39 24 0 0 0 0 
0 16 14 19 22 14 15 13 15 12 8 20 16 14 22 29 20 18 21 25 21 26 25 20 30 20 29 24 0 0 0 0 
0 56 68 33 42 36 19 31 29 45 42 41 52 34 42 51 20 39 36 37 38 52 37 47 55 47 50 40 0 0 0 0 
0 46 88 36 25 37 20 28 28 40 44 35 30 55 39 59 26 53 42 47 48 56 44 57 80 54 66 32 0 0 0 0 
0 27 40 30 27 30 38 10 31 26 65 16 57 40 29 29 43 25 45 45 31 24 52 53 29 32 26 25 0 0 0 0 
0 42 43 26 27 25 31 8 28 23 35 16 34 40 38 28 31 25 44 40 33 29 44 30 36 40 26 30 0 0 0 0 
0 12 10 6 3 6 6 5 12 6 7 6 6 3 13 5 6 8 12 9 11 17 13 12 30 23 17 18 0 0 0 0 
0 45 43 27 37 22 20 19 20 18 22 28 26 14 32 20 10 18 16 20 31 21 28 20 24 19 33 27 0 0 0 0 
0 40 35 24 58 37 27 27 21 28 26 32 16 22 22 22 34 32 26 18 39 22 20 12 25 15 25 21 0 0 0 0 
0 38 28 18 48 24 24 24 22 24 34 24 22 23 35 26 35 32 15 18 32 28 32 17 24 15 30 25 0 0 0 0 
0 43 47 37 24 23 50 31 20 26 23 36 18 35 32 17 36 25 20 32 43 33 27 22 31 42 41 18 0 0 0 0 
0 55 37 45 23 8 46 14 7 10 14 28 19 42 21 11 14 21 37 17 23 44 45 27 29 35 21 67 0 0 0 0 
0 24 9 0 6 0 9 1 3 3 6 9 11 12 14 0 15 3 10 0 9 15 27 1 19 6 18 3 0 0 0 0 
0 41 12 10 41 3 16 33 11 7 7 6 20 22 39 12 9 19 26 14 25 25 3 8 31 18 8 15 0 0 0 0 
0 35 26 12 27 13 16 15 26 23 20 26 16 24 11 23 27 17 19 17 25 16 29 23 22 39 26 24 0 0 0 0 
0 12 5 0 1 0 3 4 1 1 6 1 2 1 0 2 2 3 4 4 6 0 10 9 5 6 7 6 0 0 0 0 
0 21 12 17 24 8 14 11 12 8 8 10 10 6 8 8 11 6 7 9 10 18 13 15 9 14 9 13 0 0 0 0 
0 32 21 21 28 12 25 23 11 33 8 34 25 52 25 13 22 7 10 18 16 14 27 13 12 24 18 9 0 0 0 0 
0 6 8 2 2 1 2 2 1 11 1 6 4 9 3 4 4 10 1 3 2 10 8 5 2 9 5 9 0 0 0 0 
0 12 4 0 2 4 6 0 2 4 0 1 0 2 2 0 4 2 1 4 0 2 2 2 3 0 1 1 0 0 0 0 
0 34 27 17 16 21 28 17 15 11 16 17 24 29 24 13 29 16 5 19 23 25 16 6 39 33 23 23 0 0 0 0 
0 12 11 19 10 6 12 3 9 14 6 8 18 19 13 10 9 9 13 12 17 20 15 13 12 16 8 20 0 0 0 0 
0 49 49 18 49 16 17 20 15 42 18 14 14 8 11 20 46 16 38 36 43 29 20 12 23 6 22 32 0 0 0 0 
0 30 12 6 10 5 3 4 16 7 29 8 6 12 8 8 11 9 17 18 19 26 21 12 40 44 39 13 0 0 0 0 
0 24 9 9 14 3 4 9 5 7 16 5 6 8 10 6 11 9 8 11 4 9 5 5 11 19 13 9 0 0 0 0 
0 31 6 9 7 1 1 6 3 4 12 3 4 8 9 0 5 6 8 4 4 8 4 2 0 11 2 1 0 0 0 0 
0 5 4 6 31 11 16 44 6 15 3 16 16 21 13 16 37 6 19 6 1 18 29 46 10 23 28 18 0 0 0 0 
0 30 17 27 33 13 20 10 6 20 3 15 9 14 18 16 7 7 18 10 12 36 23 31 20 33 24 14 0 0 0 0 
0 12 8 7 3 4 4 6 6 6 2 10 7 1 4 8 6 19 4 2 9 5 11 8 2 8 4 4 0 0 0 0 
0 19 17 23 30 22 20 46 14 24 16 21 15 18 13 18 34 33 25 13 29 29 32 17 34 31 18 33 0 0 0 0 
0 50 48 57 33 37 28 40 21 26 15 23 10 20 28 20 18 25 19 13 49 28 20 15 32 29 16 31 0 0 0 0 
0 45 11 0 6 0 9 0 3 3 17 11 9 12 17 0 15 3 6 0 15 12 9 0 16 6 18 3 0 0 0 0 
0 24 37 23 31 19 20 16 20 25 13 19 16 14 26 26 19 18 19 23 27 15 28 26 26 29 28 47 0 0 0 0 
0 39 37 28 26 10 6 29 27 16 14 13 11 31 15 23 12 12 21 16 10 32 24 21 24 17 11 18 0 0 0 0 
0 42 50 28 26 21 8 17 10 32 29 20 16 14 11 14 20 11 11 22 23 12 13 16 21 21 24 18 0 0 0 0 
0 44 78 37 21 35 17 27 26 44 40 34 30 48 37 51 22 48 34 44 37 45 38 42 62 44 54 29 0 0 0 0 
0 10 12 7 6 8 10 1 15 8 11 4 12 14 6 15 14 9 23 12 10 12 16 13 9 9 6 4 0 0 0 0 
0 4 0 0 0 0 0 1 0 0 0 4 0 0 0 0 0 0 3 0 3 0 0 0 3 4 0 6 0 0 0 0 
0 30 32 12 12 16 7 5 9 10 14 7 14 6 15 14 7 14 18 15 26 12 27 30 15 19 29 20 0 0 0 0 
0 38 32 37 29 23 44 14 5 21 17 17 21 26 34 21 23 16 22 26 20 26 17 35 20 33 43 22 0 0 0 0 
0 0 2 0 1 0 0 1 0 1 0 0 3 0 1 0 1 0 1 0 1 0 19 1 5 0 1 0 0 0 0 0 
0 13 12 5 6 4 8 8 0 5 2 4 4 13 5 8 4 5 3 3 4 1 4 2 5 5 4 8 0 0 0 0 
0 3 7 12 0 1 1 7 1 6 6 0 5 2 1 1 1 0 16 0 5 5 0 8 4 3 0 7 0 0 0 0 
0 11 16 15 12 5 15 18 13 11 11 12 12 16 11 9 16 10 15 9 18 14 9 17 13 18 12 12 0 0 0 0 
0 49 29 17 34 28 25 20 27 35 19 18 10 11 14 12 15 13 15 20 12 18 17 11 13 20 19 8 0 0 0 0 
0 33 9 15 13 14 9 20 1 8 16 7 5 14 15 9 21 10 12 6 2 9 19 16 12 19 25 9 0 0 0 0 
0 28 13 20 28 16 16 47 23 15 11 26 15 27 21 25 31 15 28 10 14 43 19 26 31 14 24 26 0 0 0 0 
0 36 46 33 55 36 22 44 42 21 30 28 9 44 27 31 27 27 29 34 31 55 44 22 41 28 31 33 0 0 0 0 
0 0 0 0 0 0 0 0 0 0 0 0 0 0 0 0 0 0 0 0 0 0 0 0 0 0 0 0 0 0 0 0 
0 24 9 4 7 11 9 4 5 5 2 4 3 1 6 3 6 4 5 6 5 8 4 2 6 6 1 3 0 0 0 0 
0 2 5 16 0 0 0 8 0 10 4 0 0 0 2 2 2 0 11 2 4 5 0 9 4 3 0 3 0 0 0 0 
0 14 19 9 19 10 15 7 7 18 5 6 4 17 4 7 7 7 12 9 4 17 9 9 12 19 12 8 0 0 0 0 
0 12 19 8 20 11 13 7 18 17 17 21 12 10 11 15 19 20 23 7 18 21 20 15 18 34 51 31 0 0 0 0 
0 41 11 19 1 13 4 12 12 8 20 2 0 10 20 5 8 11 4 3 1 3 14 1 18 15 9 1 0 0 0 0 
0 1 3 8 0 0 0 8 0 8 4 0 0 0 2 1 1 0 5 1 4 2 0 3 9 4 0 2 0 0 0 0 
0 39 73 42 31 16 36 45 49 25 14 16 17 27 30 19 32 22 17 23 32 22 16 10 22 22 18 2 0 0 0 0 
0 34 37 33 11 18 14 7 13 11 1 14 7 12 20 5 6 8 5 8 13 10 12 3 0 10 8 22 0 0 0 0 
0 16 18 14 8 12 9 9 14 14 7 17 7 8 19 13 7 15 18 22 18 19 24 17 21 24 25 51 0 0 0 0 
0 161 106 84 89 60 33 18 38 32 22 26 15 14 19 12 5 5 7 9 19 19 25 2 7 4 7 8 0 0 0 0 
0 81 93 44 33 42 39 38 32 62 31 42 27 38 36 38 41 17 42 48 47 43 51 54 53 62 52 36 0 0 0 0 
0 1 1 0 0 0 0 0 0 0 0 0 0 0 0 1 1 0 0 0 0 0 0 0 0 1 0 1 0 0 0 0 
0 13 11 11 7 5 2 0 2 12 4 10 0 6 9 5 14 9 7 10 5 8 3 0 3 4 7 1 0 0 0 0 
0 21 3 3 6 1 5 0 1 5 3 4 5 5 1 6 3 6 1 1 3 2 3 4 2 2 2 3 0 0 0 0 
0 12 21 17 14 12 10 16 22 15 14 16 12 15 28 25 27 17 42 24 26 20 34 25 33 42 47 58 0 0 0 0 
0 27 24 18 12 6 8 7 17 8 19 19 16 9 12 15 16 13 16 6 18 30 24 14 14 27 15 19 0 0 0 0 
0 20 78 35 20 39 17 44 22 47 44 36 24 69 31 61 22 50 29 57 47 48 57 56 73 44 67 37 0 0 0 0 
0 20 20 27 14 13 5 8 14 18 14 22 10 11 13 13 9 24 28 13 23 24 23 11 25 27 23 26 0 0 0 0 
3 44 54 62 30 47 21 46 19 38 16 14 13 25 22 40 26 32 23 35 32 32 34 32 32 48 37 42 0 0 0 0 
0 15 35 15 13 26 19 16 13 23 10 15 16 23 33 8 23 15 10 6 6 17 7 17 7 7 5 4 0 0 0 0 
0 21 19 25 5 13 8 12 9 7 12 9 9 23 26 4 10 7 3 1 6 11 7 5 5 5 3 2 0 0 0 0 
0 11 6 0 2 0 3 0 0 1 0 2 0 2 0 1 1 4 0 0 1 1 1 0 7 27 7 0 0 0 0 0 
0 31 19 13 18 8 9 4 10 26 6 8 12 22 9 5 19 11 8 4 21 13 13 15 23 50 22 10 0 0 0 0 
0 64 31 33 38 38 37 22 33 19 30 21 17 23 22 15 27 16 3 19 25 33 22 9 21 25 12 27 0 0 0 0 
0 39 42 22 33 26 20 27 37 23 26 24 14 28 36 24 37 37 40 30 39 48 30 37 48 34 43 54 0 0 0 0 
0 70 69 8 47 42 41 35 78 50 55 74 33 140 52 36 102 123 118 39 78 93 74 112 98 65 127 97 0 0 0 0 
0 31 49 31 42 28 25 21 17 18 25 12 10 25 26 27 21 29 21 16 28 18 12 22 21 23 12 20 0 0 0 0 
0 19 17 3 4 5 3 2 3 1 3 2 2 2 3 6 12 4 3 7 16 4 10 4 12 13 15 11 0 0 0 0 
0 33 34 7 13 19 19 7 2 7 2 7 5 1 23 8 6 2 17 10 5 4 9 5 12 5 7 11 0 0 0 0 
0 41 24 17 39 32 11 17 7 15 18 6 13 0 12 24 18 11 4 21 9 4 9 29 15 21 37 12 0 0 0 0 
0 18 14 8 22 14 5 20 23 6 7 5 8 4 4 9 6 6 5 13 4 4 16 9 4 10 30 7 0 0 0 0 
0 11 17 10 6 14 8 4 26 10 13 6 20 16 13 11 17 10 30 21 15 9 31 36 28 32 38 41 0 0 0 0 
0 1 9 0 20 13 14 7 46 0 21 5 0 8 19 30 8 3 8 4 19 7 22 10 5 7 6 2 0 0 0 0 
0 19 26 11 29 14 23 37 30 12 9 17 17 23 19 20 32 13 15 9 20 22 20 27 14 24 15 14 0 0 0 0 
0 3 0 1 14 9 6 2 11 0 14 26 3 7 6 4 3 1 3 3 3 3 1 9 6 1 4 5 0 0 0 0 
0 15 5 5 13 4 4 0 5 6 12 17 0 11 4 3 8 7 23 8 6 5 4 6 18 9 15 18 0 0 0 0 
0 6 17 6 27 6 11 8 4 3 10 11 5 12 6 0 7 8 27 4 6 8 8 16 17 6 14 14 0 0 0 0 
0 7 17 6 31 11 23 39 4 10 3 14 15 21 9 8 35 9 21 2 7 16 23 30 17 20 23 21 0 0 0 0 
0 2 2 5 30 16 26 40 0 8 0 25 17 20 9 26 35 3 24 2 0 35 14 57 7 21 27 19 0 0 0 0 
0 21 19 12 22 22 10 1 6 8 3 3 5 7 3 8 0 6 1 5 0 4 0 3 0 4 3 3 0 0 0 0 
0 20 15 9 20 10 19 5 5 3 6 14 2 3 11 18 4 10 12 11 3 8 6 11 8 11 13 11 0 0 0 0 
0 44 36 28 15 13 13 17 13 7 11 15 8 18 25 9 8 16 9 13 15 15 7 7 8 11 15 15 0 0 0 0 
0 28 23 2 32 4 3 7 6 7 7 14 1 5 7 9 3 0 4 13 18 12 0 0 1 0 7 0 0 0 0 0 
0 105 71 52 96 54 22 23 25 31 17 24 15 36 24 19 12 18 17 27 22 27 31 12 41 24 18 17 0 0 0 0 
0 36 18 19 22 12 9 5 8 9 8 6 6 9 6 6 2 3 14 16 13 6 15 6 8 22 8 25 0 0 0 0 
0 14 15 16 9 19 6 5 7 12 8 7 7 7 10 7 16 10 1 11 4 5 7 23 6 9 14 0 0 0 0 0 
0 26 22 23 21 27 13 17 18 21 21 11 23 8 24 18 28 22 16 27 20 29 26 44 47 42 47 40 0 0 0 0 
0 51 26 12 30 11 6 5 14 8 15 7 16 15 29 10 14 15 18 16 16 29 21 12 38 37 30 26 0 0 0 0 
0 34 43 27 28 12 27 26 34 32 26 31 15 34 31 18 41 18 20 30 52 38 30 30 46 46 34 29 0 0 0 0 
0 57 38 27 38 12 18 34 15 43 11 16 15 21 20 19 18 16 34 20 45 31 32 31 48 32 30 34 0 0 0 0 
0 39 32 8 18 15 22 18 38 17 17 26 10 46 16 15 27 43 30 25 41 28 39 41 35 31 42 39 0 0 0 0 
0 29 22 34 64 22 43 39 25 32 13 26 33 45 26 15 35 8 18 22 22 18 29 17 19 33 29 18 0 0 0 0 
0 22 17 8 7 5 6 6 12 5 1 2 13 2 2 5 19 5 0 7 11 12 15 2 6 8 16 2 0 0 0 0 
0 40 11 11 9 3 11 8 1 1 5 8 21 18 5 8 10 8 1 11 3 25 9 4 17 18 17 21 0 0 0 0 
0 66 31 30 24 7 18 18 13 14 18 10 11 12 6 14 19 14 8 23 7 22 12 8 5 13 7 10 0 0 0 0 
0 45 22 17 12 5 5 8 7 9 18 5 11 13 9 7 12 11 4 14 8 14 9 7 10 8 5 9 0 0 0 0 
0 27 40 47 16 21 31 58 22 21 19 15 9 21 14 3 13 22 16 13 72 35 26 17 31 38 22 19 0 0 0 0 
0 21 25 41 16 22 11 6 13 12 6 7 1 7 10 8 3 3 3 14 8 5 7 4 3 14 5 13 0 0 0 0 
0 21 23 12 2 11 7 5 22 16 12 3 10 36 5 31 0 26 21 25 2 8 41 23 8 32 3 23 0 0 0 0 
0 66 91 26 25 31 19 29 30 56 47 29 27 50 20 59 14 36 18 41 34 23 36 40 39 27 51 39 0 0 0 0 
0 11 13 10 6 7 8 2 11 21 9 6 10 11 6 11 12 8 19 11 9 3 13 13 7 9 8 7 0 0 0 0 
0 1 6 0 6 0 0 1 0 0 3 4 0 0 0 0 0 3 0 0 0 3 10 3 0 3 0 0 0 0 0 0 
0 44 26 32 19 29 5 7 21 19 19 4 30 11 18 25 22 13 39 35 25 18 39 38 17 11 27 12 0 0 0 0 
0 31 32 21 20 15 26 25 19 19 17 15 15 22 21 23 18 8 3 10 17 10 13 7 21 12 11 17 0 0 0 0 
0 50 43 19 22 11 27 34 26 20 25 19 30 32 21 11 33 22 16 15 32 20 20 14 19 37 18 20 0 0 0 0 
0 14 25 17 17 12 14 22 19 9 6 11 16 11 10 12 5 12 13 7 13 13 9 12 13 11 5 15 0 0 0 0 
0 7 18 15 18 9 9 15 8 9 11 13 10 5 13 17 5 14 11 6 8 5 10 18 10 16 10 22 0 0 0 0 
0 9 19 7 9 5 13 12 17 7 3 0 5 7 4 6 5 4 9 6 3 4 4 2 11 22 30 0 0 0 0 0 
0 10 11 12 14 3 6 9 19 17 2 5 3 9 9 1 4 6 0 3 3 13 5 6 2 8 14 40 0 0 0 0 
0 91 75 62 67 42 21 31 32 24 14 12 22 16 12 18 8 9 10 7 12 17 17 7 11 7 5 4 0 0 0 0 
0 8 4 11 18 5 12 11 5 13 3 6 7 12 8 4 16 4 5 7 9 3 14 5 10 14 12 5 0 0 0 0 
