189 0 183 0 123 134 0 0 0 0 0 0 0 0 0 0 366 0 0 0 0 0 0 0 0 0 0 0 0 0 0 0 
71 0 238 0 82 34 0 0 0 0 0 0 0 0 0 0 56 0 0 0 0 0 0 0 0 0 0 0 0 0 0 0 
198 0 687 0 26 71 0 0 0 0 0 0 0 0 0 0 135 0 0 0 0 0 0 0 0 0 0 0 0 0 0 0 
161 0 185 0 0 231 0 0 0 0 0 0 0 0 0 0 288 0 0 0 0 0 0 0 0 0 0 0 0 0 0 0 
158 0 495 0 0 142 0 0 0 0 0 0 0 0 0 0 39 0 0 0 0 0 0 0 0 0 0 0 0 0 0 0 
226 0 477 0 40 157 0 0 0 0 0 0 0 0 0 0 187 0 0 0 0 0 0 0 0 0 0 0 0 0 0 0 
198 0 333 0 10 211 0 0 0 0 0 0 0 0 0 20 275 0 0 0 0 0 0 0 0 0 0 0 0 0 0 0 
144 0 381 0 0 150 0 0 0 0 0 0 0 0 0 44 82 0 0 0 0 0 0 0 0 0 0 0 0 0 0 0 
292 24 506 33 11 139 105 0 0 0 0 0 0 0 0 187 72 0 0 0 0 0 0 0 0 0 0 0 0 0 0 0 
266 209 12 198 0 0 156 0 0 0 0 0 0 0 0 237 0 0 0 0 0 0 0 0 0 0 0 0 0 0 0 0 
140 142 108 304 0 0 114 0 0 0 0 0 0 0 0 52 0 0 0 0 0 0 0 0 0 0 0 0 0 0 0 0 
437 507 244 308 59 48 46 2 107 0 0 0 0 0 0 17 47 200 0 0 0 0 0 0 0 0 0 0 0 0 0 0 
251 553 17 202 56 14 0 24 168 0 0 0 0 0 0 0 10 188 0 0 0 0 0 0 0 0 0 0 0 0 0 0 
212 195 0 407 56 0 0 13 87 0 0 0 0 0 0 0 0 57 0 0 0 0 0 0 0 0 0 0 0 0 0 0 
364 538 0 456 43 0 0 98 83 0 0 0 0 0 0 0 0 234 17 0 0 0 0 0 0 0 0 0 0 0 0 0 
235 368 15 248 13 0 0 150 15 0 0 0 0 0 0 0 3 94 27 0 0 0 0 0 0 0 0 0 0 0 0 0 
166 75 89 493 26 17 0 60 3 0 0 0 0 0 0 0 6 4 1 0 0 0 0 0 0 0 0 0 0 0 0 0 
641 526 117 366 80 100 0 54 1 0 0 0 0 0 0 0 304 219 47 0 0 0 0 0 0 0 0 0 0 0 0 0 
430 749 0 253 0 0 0 179 0 0 0 0 0 0 0 0 0 205 79 0 0 0 0 0 0 0 0 0 0 0 0 0 
231 378 15 385 18 10 0 154 0 0 0 0 0 0 0 0 9 116 16 0 0 0 0 0 0 0 0 0 0 0 0 0 
318 494 17 459 2 0 0 165 0 0 0 0 0 0 0 0 0 51 169 0 0 0 0 0 0 0 0 0 0 0 0 0 
260 518 18 196 0 0 0 165 0 0 0 0 0 0 0 0 0 106 119 0 0 0 0 0 0 0 0 0 0 0 0 0 
232 284 14 422 8 10 0 153 0 0 0 0 0 0 0 0 4 45 30 0 0 0 0 0 0 0 0 0 0 0 0 0 
605 294 487 300 16 160 10 8 0 0 0 0 0 0 0 116 8 1 0 0 0 0 0 0 0 0 0 0 0 0 0 0 
575 470 503 0 15 188 1 0 0 0 0 0 0 0 0 140 64 0 0 0 0 0 0 0 0 0 0 0 0 0 0 0 
453 212 482 0 52 235 5 0 0 0 0 0 0 0 0 54 161 0 0 0 0 0 0 0 0 0 0 0 0 0 0 0 
101 20 591 0 0 14 0 0 0 0 0 0 0 0 0 1 0 0 0 0 0 0 0 0 0 0 0 0 0 0 0 0 
695 871 293 0 80 53 0 0 0 0 0 0 0 0 0 0 3 123 0 129 6 125 2 0 0 0 0 0 0 0 0 0 
659 710 273 0 74 58 0 0 0 0 0 0 0 0 0 0 25 160 0 27 3 81 1 0 0 0 0 0 0 0 0 0 
519 601 362 0 77 47 0 0 0 0 0 0 0 0 0 0 15 113 0 12 3 93 3 0 1 0 0 0 0 0 0 0 
471 685 415 1 3 38 7 0 0 0 0 0 0 0 0 0 0 63 0 11 0 159 0 0 0 5 0 0 0 2 0 0 
