0 3112 3659 1445 2183 110 112 102 1704 0 0 0 0 0 0 0 0 0 0 0 0 0 0 0 0 0 0 0 0 0 0 0 
0 5407 4074 469 240 955 1 599 0 0 0 0 0 0 0 0 0 0 0 0 0 0 0 0 0 0 0 0 0 0 0 0 
0 20431 14429 2564 5872 196 802 260 0 0 0 0 0 0 0 0 0 0 0 0 0 0 0 0 0 0 0 0 0 0 0 0 
0 29476 21261 2145 1 5 2 5 0 0 0 0 0 0 0 0 0 0 0 0 0 0 0 0 0 0 0 0 0 0 0 0 
0 75836 18058 3440 4735 2080 2962 1718 6258 0 0 0 0 0 0 0 0 0 0 0 0 0 0 0 0 0 0 0 0 0 0 0 
0 16955 14220 5780 5467 10 5 34 0 0 0 0 0 0 0 0 0 0 0 0 0 0 0 0 0 0 0 0 0 0 0 0 
0 49371 38897 1569 24 43 91 25 70 0 0 0 0 0 0 0 0 0 0 0 0 0 0 0 0 0 0 0 0 0 0 0 
0 24324 9141 8923 4634 609 2047 81 0 0 0 0 0 0 0 0 0 0 0 0 0 0 0 0 0 0 0 0 0 0 0 0 
0 13581 16898 1443 2152 9925 3196 169 0 0 0 0 0 0 0 0 0 0 0 0 0 0 0 0 0 0 0 0 0 0 0 0 
0 9180 758 709 555 178 113 149 499 0 0 0 0 0 0 0 0 0 0 0 0 0 0 0 0 0 0 0 0 0 0 0 
0 1135 764 88 504 3 4 2 24 0 0 0 0 0 0 0 0 0 0 0 0 0 0 0 0 0 0 0 0 0 0 0 
0 12569 1672 448 626 784 36 78 0 0 0 0 0 0 0 0 0 0 0 0 0 0 0 0 0 0 0 0 0 0 0 0 
0 20661 9188 5460 11216 6351 5 37 0 0 0 0 0 0 0 0 0 0 0 0 0 0 0 0 0 0 0 0 0 0 0 0 
0 13859 5499 12183 6563 2015 11 0 0 0 0 0 0 0 0 0 0 0 0 0 0 0 0 0 0 0 0 0 0 0 0 0 
0 21708 564 856 125 112 248 35 15 26 3 0 0 0 0 0 0 0 0 1 130 0 0 0 0 0 0 0 0 0 0 0 
0 7997 4392 8859 845 2114 903 130 23 0 0 0 0 0 0 0 0 0 0 0 0 0 0 0 0 0 0 0 0 0 0 0 
0 9086 8605 11793 4632 1077 1243 1096 0 0 0 0 0 0 0 0 0 0 0 0 0 0 0 0 0 0 0 0 0 0 0 0 
0 6429 5432 7395 785 0 0 0 0 0 0 0 0 0 0 0 0 0 0 0 0 0 0 0 0 0 0 0 0 0 0 0 
0 15086 21904 4400 2643 342 1254 70 0 0 0 0 0 0 0 0 0 0 0 0 0 0 0 0 0 0 0 0 0 0 0 0 
0 10965 10370 8466 3329 2960 3007 4172 0 0 0 0 0 0 0 0 0 0 0 0 0 0 0 0 0 0 0 0 0 0 0 0 
0 2524 4837 1801 49 98 181 0 0 0 0 0 0 0 0 0 0 0 0 0 0 0 0 0 0 0 0 0 0 0 0 0 
0 8240 8435 5507 1549 8311 314 31 205 0 0 0 0 0 0 0 0 0 0 0 0 0 0 0 0 0 0 0 0 0 0 0 
0 10477 5683 8147 3430 2117 1285 6 0 0 0 0 0 0 0 0 0 0 0 0 0 0 0 0 0 0 0 0 0 0 0 0 
0 8038 7849 5368 5146 2863 177 116 124 652 0 0 0 0 0 0 0 0 0 0 0 0 0 0 0 0 0 0 0 0 0 0 
0 12912 9942 19037 5731 3838 74 18 0 0 0 0 0 0 0 0 0 0 0 0 0 0 0 0 0 0 0 0 0 0 0 0 
0 10209 6327 4946 10574 2206 2281 7 0 0 0 0 0 0 0 0 0 0 0 0 0 0 0 0 0 0 0 0 0 0 0 0 
0 11480 9146 4432 6727 1952 1221 236 156 911 0 0 0 0 0 0 0 0 0 0 0 0 0 0 0 0 0 0 0 0 0 0 
0 27524 11293 6160 38493 15698 2294 177 0 0 0 0 0 0 0 0 0 0 0 0 0 0 0 0 0 0 0 0 0 0 0 0 
0 4820 3310 2401 5531 1590 39 234 0 0 0 0 0 0 0 0 0 0 0 0 0 0 0 0 0 0 0 0 0 0 0 0 
0 3292 2448 1333 2898 1031 49 19 12 56 0 0 0 0 0 0 0 0 0 0 0 0 0 0 0 0 0 0 0 0 0 0 
0 2434 1396 1037 5013 1239 402 1086 0 0 0 0 0 0 0 0 0 0 0 0 0 0 0 0 0 0 0 0 0 0 0 0 
0 1257 1081 690 709 3142 251 174 593 225 0 0 0 0 0 0 0 0 0 0 0 0 0 0 0 0 0 0 0 0 0 0 
0 7005 3885 2552 2910 7641 2483 329 697 1140 0 0 0 0 0 0 0 0 0 0 0 0 0 0 0 0 0 0 0 0 0 0 
0 21530 14155 7162 10233 26759 14681 1082 1988 0 0 0 0 0 0 0 0 0 0 0 0 0 0 0 0 0 0 0 0 0 0 0 
0 20435 8817 5612 3858 11911 5151 557 1839 0 0 0 0 0 0 0 0 0 0 0 0 0 0 0 0 0 0 0 0 0 0 0 
0 19952 11484 6429 7248 15099 5643 1872 1218 1397 0 0 0 0 0 0 0 0 0 0 0 0 0 0 0 0 0 0 0 0 0 0 
0 16758 12036 5657 4931 10727 8535 3763 1401 7 0 0 0 0 0 0 0 0 0 0 0 0 0 0 0 0 0 0 0 0 0 0 
2721 44016 32322 13398 11048 19038 18219 4243 8045 577 250 9 4 0 4 4 2 1 4 105 326 72 366 361 61 30 33 44 39 45 29 44 
0 33131 22873 12116 13285 22081 8216 9985 4852 8504 0 0 0 0 0 0 0 0 0 0 0 0 0 0 0 0 0 0 0 0 0 0 
0 25588 18105 9483 8717 17509 10507 20139 1976 0 0 0 0 0 0 0 0 0 0 0 0 0 0 0 0 0 0 0 0 0 0 0 
0 16820 10735 5829 5094 11763 6113 3971 444 0 0 0 0 0 0 0 0 0 0 0 0 0 0 0 0 0 0 0 0 0 0 0 
0 22378 13117 6884 4961 10905 7350 4645 0 0 0 0 0 0 0 0 0 0 0 0 0 0 0 0 0 0 0 0 0 0 0 0 
0 14047 8144 5620 5020 7999 10698 1745 1747 3688 0 0 0 0 0 0 0 0 0 0 0 0 0 0 0 0 0 0 0 0 0 0 
0 16640 8696 4791 3884 7347 7702 3205 818 612 0 0 0 0 0 0 0 0 0 0 0 0 0 0 0 0 0 0 0 0 0 0 
0 10460 7453 3839 4668 8542 5244 6714 3791 0 0 0 0 0 0 0 0 0 0 0 0 0 0 0 0 0 0 0 0 0 0 0 
0 44452 29828 8103 8359 9239 12679 6197 3411 6670 0 0 0 0 0 0 0 0 0 0 0 0 0 0 0 0 0 0 0 0 0 0 
0 23550 12882 6789 6244 16718 11482 1762 4268 340 108 2 1 0 0 0 0 0 1 63 276 559 0 0 0 0 0 0 0 0 0 0 
0 28370 14931 8755 9172 11945 12345 4836 2525 1590 2 0 0 0 0 0 0 0 0 0 0 0 0 0 0 0 0 0 0 0 0 0 
0 24112 13721 8341 6987 13303 11107 4841 1098 2325 0 0 0 0 0 0 0 0 0 0 0 0 0 0 0 0 0 0 0 0 0 0 
0 33671 19442 9813 7673 11512 8442 9541 5236 0 0 0 0 0 0 0 0 0 0 0 0 0 0 0 0 0 0 0 0 0 0 0 
0 20240 12892 6831 6884 20700 5336 6918 2162 1296 0 0 0 0 0 0 0 0 0 0 0 0 0 0 0 0 0 0 0 0 0 0 
0 27934 18628 9236 9704 10920 10033 24057 4487 525 0 0 0 0 0 0 0 0 0 0 0 0 0 0 0 0 0 0 0 0 0 0 
0 23183 14867 8879 6527 14633 5849 7677 2746 1211 1796 0 0 0 0 0 0 0 0 0 0 0 0 0 0 0 0 0 0 0 0 0 
0 21254 11650 7811 5466 15032 4684 6057 2238 438 0 0 0 0 0 0 0 0 0 0 0 0 0 0 0 0 0 0 0 0 0 0 
0 30145 12575 8053 6578 12558 6838 5546 7833 15 0 0 0 0 0 0 0 0 0 0 0 0 0 0 0 0 0 0 0 0 0 0 
0 17012 9519 5508 5692 8947 4252 4469 4114 4816 49 9 1 0 0 0 1 0 1 32 512 344 0 0 0 0 0 0 0 0 0 0 
0 21264 11313 5702 4861 9216 4256 1936 9540 140 0 0 0 0 0 0 0 0 0 0 0 0 0 0 0 0 0 0 0 0 0 0 
0 18810 9402 6199 5026 10240 4699 2427 4601 680 636 4 0 0 0 0 0 0 0 3 16 25 0 0 0 0 0 0 0 0 0 0 
0 21460 16264 6274 5429 6270 5634 3593 7585 2345 0 0 0 0 0 0 0 0 0 0 0 0 0 0 0 0 0 0 0 0 0 0 
0 22763 14859 7997 6173 9770 3904 2410 4188 1536 1179 0 0 0 0 0 0 0 0 0 0 0 0 0 0 0 0 0 0 0 0 0 
0 38095 13150 6046 5490 9268 4308 2885 3967 1664 184 27 14 9 8 3 6 7 17 255 2240 0 0 0 0 0 0 0 0 0 0 0 
0 9933 5654 3369 3255 8547 4231 1538 3815 2291 98 1 2 0 1 0 0 0 5 372 0 0 0 0 0 0 0 0 0 0 0 0 
0 27341 14597 9651 6449 10744 5893 3416 3957 4281 1624 7 0 0 0 0 0 0 0 0 0 0 0 0 0 0 0 0 0 0 0 0 
0 10671 6878 4181 3384 9850 2599 2182 2303 1982 134 0 0 1 1 1 0 0 0 7 244 0 0 0 0 0 0 0 0 0 0 0 
0 20030 10972 7419 5364 10038 5097 2776 2943 5398 538 0 0 0 0 0 0 0 0 0 0 0 0 0 0 0 0 0 0 0 0 0 
0 12306 7294 3537 2829 4329 2721 1585 2700 2113 186 60 1 9 23 0 0 0 0 9 0 0 0 0 0 0 0 0 0 0 0 0 
0 17652 9048 5931 4772 9610 3842 3022 4374 1163 655 1 0 0 0 0 0 0 1 174 208 0 0 0 0 0 0 0 0 0 0 0 
0 17265 6886 5112 4207 9972 3102 2247 2869 533 36 2 2 0 0 0 1 1 0 236 505 0 0 0 0 0 0 0 0 0 0 0 
0 12953 6165 4437 3181 8557 2388 2046 6634 1322 371 8 22 18 25 14 13 23 20 24 1471 0 0 0 0 0 0 0 0 0 0 0 
0 14704 10115 4922 4639 10000 5197 2340 1257 3213 541 1 0 0 0 0 0 0 0 20 543 0 0 0 0 0 0 0 0 0 0 0 
0 16896 10177 5756 4601 12625 5117 1907 1553 4517 34 0 0 1 0 0 0 0 0 111 348 0 0 0 0 0 0 0 0 0 0 0 
0 18275 11893 7098 4801 5942 3845 2303 1552 4345 33 0 0 1 0 0 0 0 0 14 477 0 0 0 0 0 0 0 0 0 0 0 
0 9343 5119 3327 2757 5450 2021 1969 906 1187 1639 196 0 27 0 0 0 0 0 14 0 0 0 0 0 0 0 0 0 0 0 0 
0 7447 4536 2961 2039 2858 1872 1034 680 1850 115 42 0 0 1 0 0 0 0 14 423 0 0 0 0 0 0 0 0 0 0 0 
0 16632 11701 7419 8081 7039 6795 5568 3119 16624 1689 0 0 0 0 0 0 0 0 0 0 0 0 0 0 0 0 0 0 0 0 0 
0 9860 8025 6110 5558 4820 6207 3806 3084 8590 4669 20 8 4 5 11 2 3 3 2860 924 0 0 0 0 0 0 0 0 0 0 0 
0 33654 22531 7463 9178 4248 5482 3897 2472 4971 1653 42 16 28 17 18 9 17 24 646 4544 511 0 0 0 0 0 0 0 0 0 0 
0 33796 15980 4366 4847 2667 3608 1947 1691 2830 2302 4 0 5 0 0 0 0 0 63 863 6 138 0 0 0 0 0 0 0 0 0 
0 19408 10761 4747 7591 2606 2746 2249 1740 2353 3011 30 21 20 18 11 18 19 16 855 3382 196 276 0 0 0 0 0 0 0 0 0 
0 7207 6769 2697 3276 1940 1743 1295 1102 3285 2213 39 2 23 9 0 1 0 1 270 1003 0 0 0 0 0 0 0 0 0 0 0 
0 24608 20821 8047 7165 4620 3866 4014 2535 7594 3952 28 2 7 7 6 3 8 6 337 4289 26 300 0 0 0 0 0 0 0 0 0 
0 14504 10767 4355 4262 1989 2062 1778 1398 4833 3238 4 6 4 1 0 4 2 0 751 749 0 0 0 0 0 0 0 0 0 0 0 
0 17163 13970 6801 5740 2678 2174 2198 1901 2409 4323 4 4 12 0 0 0 0 7 552 2605 44 266 0 0 0 0 0 0 0 0 0 
0 22395 17196 15549 6698 3507 3617 4035 4068 5527 10721 2315 1965 2448 854 582 1033 921 844 17335 16133 37 472 0 0 0 0 0 0 0 0 0 
0 19348 16262 6643 6489 3966 3238 4916 2594 2951 4131 131 83 113 66 55 74 70 93 10864 700 133 19 151 0 0 0 0 0 0 0 0 
0 11216 31201 168802 17961 14616 3366 8881 8009 6967 467348 320556 172703 119174 105561 82685 80957 82909 70886 35893 1409 72896 5288 0 0 0 0 0 0 0 0 0 
0 2736 3188 8821 2932 862 678 800 1030 1134 8208 3499 2775 1471 882 3918 705 1542 609 6596 13978 268 348 0 0 0 0 0 0 0 0 0 
0 3567 3221 1650 1861 1616 1621 1241 967 1027 1272 254 239 124 203 120 81 75 94 540 1242 4848 282 0 0 0 0 0 0 0 0 0 
0 24874 16392 11775 9543 8549 8681 8602 4984 4120 5235 1319 629 336 296 244 230 202 237 15476 5620 540 0 0 0 0 0 0 0 0 0 0 
0 12321 8510 7501 4725 4510 4507 4614 3135 2494 3509 1279 972 634 572 493 519 490 474 2703 3771 1379 23132 0 0 0 0 0 0 0 0 0 
0 12656 8915 5387 2683 2450 2427 2184 1694 1173 618 23 5 2 12 5 0 1 3 957 2651 1459 139 0 0 0 0 0 0 0 0 0 
0 19930 12745 5018 3646 2648 3067 1317 1301 1239 426 3 3 5 0 0 0 1 0 910 1921 809 409 114 0 0 0 0 0 0 0 0 
0 8607 7511 2780 2357 2692 3219 1654 1899 1055 281 2 2 4 2 1 1 1 1 2047 1561 288 0 0 0 0 0 0 0 0 0 0 
0 3387 3390 1492 1594 982 1278 973 927 748 315 4 1 3 0 0 0 0 0 260 1943 152 132 680 0 0 0 0 0 0 0 0 
0 2850 2185 1134 1111 702 577 481 392 416 101 4 6 4 1 0 3 1 1 183 1305 0 2 0 0 0 0 0 0 0 0 0 
0 23431 15189 6606 6789 7582 5563 3913 3197 2910 1201 15 7 1 6 0 0 5 1 618 7687 484 1843 0 0 0 0 0 0 0 0 0 
0 7386 6768 3093 2591 1822 1258 1133 988 1367 417 3 0 5 5 0 2 0 0 163 1755 795 1128 9 0 0 0 0 0 0 0 0 
0 12293 8303 4193 3245 2426 2043 1902 1761 1547 509 7 2 1 2 1 0 1 3 222 3769 1832 0 0 0 0 0 0 0 0 0 0 
0 5701 5780 1922 2023 1856 1264 1425 1029 1339 493 3 1 2 1 0 0 0 1 170 3350 2159 0 0 0 0 0 0 0 0 0 0 
0 7433 6633 2706 2715 2941 1063 1010 897 973 730 5 0 3 0 0 0 0 0 160 2280 412 197 0 0 0 0 0 0 0 0 0 
0 14936 9023 3630 3415 2301 2353 1432 1371 1061 535 9 6 15 5 4 11 5 2 330 2714 289 645 0 0 0 0 0 0 0 0 0 
0 26408 13534 11032 6526 4943 5055 4263 3456 2539 1080 182 117 125 107 98 109 101 97 3076 2108 4178 746 3885 0 0 0 0 0 0 0 0 
0 14117 12150 2540 2626 1372 1622 1124 848 1019 621 4 10 6 4 6 4 8 5 674 1165 1767 53 159 0 0 0 0 0 0 0 0 
0 15816 11574 3698 3522 2338 2145 1917 1318 1621 727 11 5 10 7 2 1 3 8 431 3810 1255 853 208 0 0 0 0 0 0 0 0 
0 9820 8594 4319 2991 2114 1946 1332 1125 1339 694 14 10 9 9 4 5 4 6 186 1701 628 1904 0 0 0 0 0 0 0 0 0 
0 13010 12691 4920 4320 3127 2722 2329 1782 1924 868 67 39 32 25 16 40 27 39 377 1695 1690 3455 0 0 0 0 0 0 0 0 0 
0 10484 6789 2221 2142 1476 1433 860 665 1060 377 3 1 2 1 0 2 1 5 163 575 749 1071 41 0 0 0 0 0 0 0 0 
0 17425 10980 7781 6957 5862 5042 5571 4098 3781 1545 349 166 121 77 78 94 75 96 2021 4462 1582 18940 121 0 0 0 0 0 0 0 0 
0 7752 6057 3108 3343 1112 1249 1124 985 1055 419 3 1 3 2 0 0 0 1 297 571 2087 21 87 0 0 0 0 0 0 0 0 
0 2456 1080 406 414 226 957 179 104 107 88 0 0 0 0 0 0 0 0 36 104 133 74 0 0 0 0 0 0 0 0 0 
71 5454 3212 2011 1941 1888 1051 736 483 523 301 2 0 1 0 1 1 3 0 105 270 310 1372 6 14 0 0 22 0 0 0 0 
0 8287 5267 3968 2389 2168 1849 2031 1778 607 190 13 1 2 4 4 1 1 1 110 290 1059 1286 136 0 0 0 0 0 0 0 0 
0 11599 6716 4426 3362 2930 2352 2974 1596 1199 519 79 62 45 46 56 27 36 29 377 688 2081 4173 27 0 0 0 0 0 0 0 0 
0 23560 13737 8600 6539 4659 6192 4915 4020 2453 733 109 25 21 21 13 21 14 18 410 1055 3708 3628 36 57 0 0 0 0 0 0 0 
0 6300 3657 3175 2011 1764 1629 1446 915 781 241 42 19 9 16 8 6 9 12 202 377 326 2413 211 0 0 0 0 0 0 0 0 
0 11850 5816 5703 2283 1713 1613 1443 865 495 220 30 22 22 16 11 12 52 34 126 252 731 1017 824 0 0 0 0 0 0 0 0 
0 11055 5203 4682 3583 2438 2239 1732 1479 1087 355 19 4 2 3 0 0 0 2 220 350 562 2307 399 0 0 0 0 0 0 0 0 
0 4414 2525 1475 1116 1211 801 662 488 323 141 4 3 1 2 0 0 1 3 88 158 307 758 113 456 0 0 0 0 0 0 0 
0 9062 4658 4327 2379 1840 1910 1639 1238 759 220 9 2 2 3 1 1 1 2 214 329 483 1167 1124 0 0 0 0 0 0 0 0 
0 10965 5906 5388 2594 2529 1821 1626 1368 842 214 6 4 1 3 0 2 2 1 157 393 601 1797 731 0 0 0 0 0 0 0 0 
0 21457 10926 9154 9386 6055 5158 4153 2680 2287 1102 52 39 31 30 30 69 19 21 891 1230 712 1914 8266 0 0 0 0 0 0 0 0 
0 16705 8027 4235 3443 2675 3614 2593 2471 2526 669 36 20 28 13 7 12 3 14 317 755 358 1326 4934 0 0 0 0 0 0 0 0 
0 62111 53606 19826 17309 22818 30910 14442 19802 17507 4369 356 209 100 80 86 75 173 52 3360 4361 2781 11573 8200 29773 8 0 0 0 0 0 0 
0 32370 38766 8583 8695 10075 10957 6403 8078 9604 1669 161 103 32 59 20 30 37 50 811 2088 727 9889 3735 60 143 0 0 0 0 0 0 
0 19190 15160 4312 4083 2542 3269 2380 1527 1396 725 27 106 33 13 18 14 119 8 303 1198 260 1681 705 114 664 0 0 0 0 0 0 
