10121 1980 236 160 225 8 108 5 12 8 12 12 24 10 15 14 375 0 3 1 0 0 0 0 1 0 0 0 2 87 0 0 
20092 6067 3898 2291 1380 2044 956 1530 1473 1271 1059 1115 989 1720 917 710 1242 2517 4 0 0 0 0 0 0 0 3 0 91 2 47 0 
6863 2905 2705 3030 293 403 74 142 75 27 248 90 37 15 0 0 204 112 0 0 0 0 0 0 0 0 0 0 0 0 0 0 
2664 843 390 361 25 15 12 104 0 11 7 272 0 0 0 0 325 3 0 0 0 0 0 0 0 0 0 0 0 0 0 0 
779 250 322 31 5 1 2 0 0 0 0 21 0 0 0 0 839 18 0 0 0 0 0 0 0 0 0 0 0 0 0 0 
13869 335 572 305 206 240 6 56 16 28 57 15 55 1 32 0 61 169 12 0 0 19 0 0 0 0 0 0 0 0 0 0 
9162 3443 1169 1162 1141 1243 712 1027 1618 566 1130 1562 1480 1255 1316 985 1049 627 8 0 1 1 0 0 10 47 0 0 18 0 0 0 
106 18 0 0 0 0 0 0 0 0 0 0 0 0 0 0 0 0 0 0 0 0 0 0 0 0 0 0 0 0 0 0 
3 0 0 0 0 0 0 0 0 0 0 0 0 0 0 0 0 0 0 0 0 0 0 0 0 0 0 0 0 0 0 0 
3946 818 32 67 44 35 8 27 48 32 51 69 41 40 60 57 29 1 0 0 0 0 0 0 0 0 0 0 0 0 0 0 
3665 1251 1187 1685 266 394 168 362 145 428 669 163 49 104 105 2 354 1185 153 69 426 313 280 5 136 131 153 292 342 330 174 0 
8525 988 6125 142 1335 925 23 2616 1527 188 386 116 83 246 1 184 1704 0 0 0 0 0 0 0 0 0 0 0 0 0 0 0 
16442 4665 4117 1228 1237 1567 288 2814 1017 152 704 212 240 1752 0 13 401 36 0 9 50 4 3 1 9 60 1 96 197 283 40 0 
1103 1110 231 61 41 1292 33 20 136 5 362 236 90 84 0 6 8 0 0 0 0 0 0 0 0 0 0 0 0 0 0 0 
2118 262 277 18 3 114 0 3 0 2 185 5 0 1 0 0 46 194 0 0 0 0 0 0 0 0 0 0 0 0 0 0 
