318 102 82 9 54 11 53 3 5 52 12 1 2 0 0 0 3 0 0 2 0 7 0 0 0 0 0 0 0 0 0 0 
495 270 112 11 68 33 36 17 9 0 5 23 6 0 15 0 5 0 0 0 0 4 4 0 0 3 0 4 6 4 0 0 
193 25 97 11 2 8 6 15 7 4 11 8 0 0 0 0 0 0 0 0 0 0 0 0 0 0 0 0 0 0 0 0 
365 372 162 29 45 19 60 15 9 17 0 0 0 6 4 0 0 0 4 0 0 0 0 0 0 0 0 0 0 0 0 0 
288 217 71 51 37 58 66 29 0 0 0 10 5 0 2 5 0 15 0 0 0 0 0 0 0 0 0 0 0 0 0 0 
283 35 74 32 20 5 10 13 5 18 15 3 0 0 0 32 0 0 0 0 0 0 0 0 0 0 0 0 0 0 0 0 
251 73 43 23 20 38 8 21 6 0 0 0 2 0 0 0 0 0 0 0 2 0 0 0 0 0 0 0 0 0 0 0 
208 130 32 46 46 22 10 54 2 18 2 5 11 20 0 0 0 0 0 0 0 0 0 0 2 8 0 0 0 0 0 0 
329 78 39 66 40 36 30 65 14 26 3 0 36 2 0 11 9 0 0 0 0 0 0 0 0 0 0 0 0 0 0 0 
349 152 21 38 21 19 11 67 0 0 0 0 0 0 0 0 0 0 0 0 1 0 0 0 0 0 0 0 0 0 0 0 
390 141 86 49 15 54 55 41 32 24 0 8 0 0 0 4 0 5 0 0 0 15 2 6 0 0 7 1 2 2 1 0 
295 67 77 33 30 10 31 0 13 12 0 7 14 0 0 0 0 0 0 0 0 0 0 0 0 0 0 0 0 0 0 0 
406 340 66 54 125 113 86 11 0 3 15 0 0 28 0 0 0 0 0 0 0 0 0 0 0 0 0 0 0 0 0 0 
414 78 210 45 65 42 50 31 38 13 12 3 41 7 0 3 15 0 9 0 1 0 0 1 0 0 0 0 0 0 0 0 
423 139 143 31 31 35 18 32 35 0 4 0 14 3 26 2 2 2 4 0 0 0 0 0 0 0 0 0 0 0 0 0 
