122 56 72 76 56 68 76 62 72 54 97 29 0 0 0 0 0 0 0 0 0 0 0 0 0 0 0 0 0 0 0 0 
116 45 86 82 108 71 60 71 67 76 52 23 0 0 0 0 0 0 0 0 0 0 0 0 0 0 0 0 0 0 0 0 
62 33 43 48 53 49 37 33 32 34 39 21 0 0 0 0 0 0 0 0 0 0 0 0 0 0 0 0 0 0 0 0 
84 19 32 39 83 35 67 47 46 73 49 33 0 0 0 0 0 0 0 0 0 0 0 0 0 0 0 0 0 0 0 0 
225 135 189 157 220 185 163 146 151 136 191 41 0 0 0 0 0 0 0 0 0 0 0 0 0 0 0 0 0 0 0 0 
115 73 66 95 119 86 81 95 76 129 124 26 0 0 0 0 0 0 0 0 0 0 0 0 0 0 0 0 0 0 0 0 
183 129 122 88 113 130 119 130 98 99 98 38 0 0 0 0 0 0 0 0 0 0 0 0 0 0 0 0 0 0 0 0 
101 79 78 68 66 66 67 65 78 59 55 27 0 0 0 0 0 0 0 0 0 0 0 0 0 0 0 0 0 0 0 0 
77 54 50 96 62 51 47 43 49 49 76 31 0 0 0 0 0 0 0 0 0 0 0 0 0 0 0 0 0 0 0 0 
126 99 80 77 96 63 88 68 74 82 73 21 0 0 0 0 0 0 0 0 0 0 0 0 0 0 0 0 0 0 0 0 
119 131 62 81 86 74 107 70 82 59 84 19 0 0 0 0 0 0 0 0 0 0 0 0 0 0 0 0 0 0 0 0 
46 17 20 21 20 17 20 34 16 15 13 3 0 0 0 0 0 0 0 0 0 0 0 0 0 0 0 0 0 0 0 0 
180 124 130 142 121 96 127 127 111 144 112 46 0 0 0 0 0 0 0 0 0 0 0 0 0 0 0 0 0 0 0 0 
92 49 64 57 58 49 65 57 83 80 75 7 0 0 0 0 0 0 0 0 0 0 0 0 0 0 0 0 0 0 0 0 
177 78 133 135 140 118 177 113 156 76 124 26 0 0 0 0 0 0 0 0 0 0 0 0 0 0 0 0 0 0 0 0 
429 440 302 347 372 342 384 311 333 310 330 128 0 0 0 0 0 0 0 0 0 0 0 0 0 0 0 0 0 0 0 0 
79 34 31 36 38 45 45 29 17 42 29 14 0 0 0 0 0 0 0 0 0 0 0 0 0 0 0 0 0 0 0 0 
108 86 67 79 114 75 71 58 74 65 90 28 0 0 0 0 0 0 0 0 0 0 0 0 0 0 0 0 0 0 0 0 
81 34 32 41 23 30 43 38 65 41 53 7 0 0 0 0 0 0 0 0 0 0 0 0 0 0 0 0 0 0 0 0 
188 156 132 143 176 123 146 143 126 110 128 43 0 0 0 0 0 0 0 0 0 0 0 0 0 0 0 0 0 0 0 0 
60 34 32 21 22 30 30 29 24 19 20 5 0 0 0 0 0 0 0 0 0 0 0 0 0 0 0 0 0 0 0 0 
134 95 104 143 122 132 100 80 96 76 122 44 0 0 0 0 0 0 0 0 0 0 0 0 0 0 0 0 0 0 0 0 
237 239 171 187 339 211 194 194 165 200 211 93 0 0 0 0 0 0 0 0 0 0 0 0 0 0 0 0 0 0 0 0 
50 24 29 19 26 19 47 56 38 24 27 3 0 0 0 0 0 0 0 0 0 0 0 0 0 0 0 0 0 0 0 0 
150 109 105 123 114 71 112 91 80 89 81 23 0 0 0 0 0 0 0 0 0 0 0 0 0 0 0 0 0 0 0 0 
192 103 121 117 188 120 114 105 87 124 103 27 0 0 0 0 0 0 0 0 0 0 0 0 0 0 0 0 0 0 0 0 
61 43 38 42 40 30 40 27 35 41 29 14 0 0 0 0 0 0 0 0 0 0 0 0 0 0 0 0 0 0 0 0 
438 361 394 456 564 404 526 391 374 390 414 113 0 0 0 0 0 0 0 0 0 0 0 0 0 0 0 0 0 0 0 0 
66 18 32 25 34 31 45 46 34 29 29 18 0 0 0 0 0 0 0 0 0 0 0 0 0 0 0 0 0 0 0 0 
108 102 91 81 119 107 89 77 66 80 100 21 0 0 0 0 0 0 0 0 0 0 0 0 0 0 0 0 0 0 0 0 
55 42 30 35 47 34 41 28 27 33 33 19 0 0 0 0 0 0 0 0 0 0 0 0 0 0 0 0 0 0 0 0 
167 83 102 112 120 95 84 111 101 70 82 33 0 0 0 0 0 0 0 0 0 0 0 0 0 0 0 0 0 0 0 0 
209 143 117 107 162 140 119 121 133 116 135 35 0 0 0 0 0 0 0 0 0 0 0 0 0 0 0 0 0 0 0 0 
115 55 51 63 54 57 68 78 58 53 50 17 0 0 0 0 0 0 0 0 0 0 0 0 0 0 0 0 0 0 0 0 
100 60 73 80 48 75 51 57 84 40 64 13 0 0 0 0 0 0 0 0 0 0 0 0 0 0 0 0 0 0 0 0 
125 81 87 57 97 71 68 94 89 64 61 23 0 0 0 0 0 0 0 0 0 0 0 0 0 0 0 0 0 0 0 0 
105 72 65 68 56 51 46 38 41 60 70 30 0 0 0 0 0 0 0 0 0 0 0 0 0 0 0 0 0 0 0 0 
107 81 60 85 60 61 65 68 78 52 61 22 0 0 0 0 0 0 0 0 0 0 0 0 0 0 0 0 0 0 0 0 
180 114 111 121 92 115 123 109 107 114 89 33 0 0 0 0 0 0 0 0 0 0 0 0 0 0 0 0 0 0 0 0 
94 82 57 57 45 68 63 47 43 35 41 14 0 0 0 0 0 0 0 0 0 0 0 0 0 0 0 0 0 0 0 0 
79 51 42 36 70 50 43 47 43 44 35 23 0 0 0 0 0 0 0 0 0 0 0 0 0 0 0 0 0 0 0 0 
164 101 67 118 102 80 125 64 95 79 94 19 0 0 0 0 0 0 0 0 0 0 0 0 0 0 0 0 0 0 0 0 
187 85 70 70 65 89 91 91 88 79 103 11 0 0 0 0 0 0 0 0 0 0 0 0 0 0 0 0 0 0 0 0 
70 26 34 37 22 41 23 31 23 24 37 6 0 0 0 0 0 0 0 0 0 0 0 0 0 0 0 0 0 0 0 0 
309 259 219 201 315 244 263 252 207 189 267 79 0 0 0 0 0 0 0 0 0 0 0 0 0 0 0 0 0 0 0 0 
191 145 122 105 92 117 137 112 140 103 80 25 0 0 0 0 0 0 0 0 0 0 0 0 0 0 0 0 0 0 0 0 
194 151 128 118 123 138 116 120 98 110 104 49 0 0 0 0 0 0 0 0 0 0 0 0 0 0 0 0 0 0 0 0 
166 140 90 117 86 98 119 123 118 76 93 20 0 0 0 0 0 0 0 0 0 0 0 0 0 0 0 0 0 0 0 0 
103 52 55 62 83 53 60 47 51 67 59 23 0 0 0 0 0 0 0 0 0 0 0 0 0 0 0 0 0 0 0 0 
98 63 60 88 56 52 73 68 49 78 65 23 0 0 0 0 0 0 0 0 0 0 0 0 0 0 0 0 0 0 0 0 
230 136 117 145 124 132 125 129 115 145 115 43 0 0 0 0 0 0 0 0 0 0 0 0 0 0 0 0 0 0 0 0 
169 126 99 109 77 101 139 132 93 109 115 32 0 0 0 0 0 0 0 0 0 0 0 0 0 0 0 0 0 0 0 0 
175 88 84 104 116 70 65 99 105 107 74 14 0 0 0 0 0 0 0 0 0 0 0 0 0 0 0 0 0 0 0 0 
301 156 165 200 242 153 220 167 196 218 184 46 0 0 0 0 0 0 0 0 0 0 0 0 0 0 0 0 0 0 0 0 
140 79 118 104 115 108 123 116 82 92 131 36 0 0 0 0 0 0 0 0 0 0 0 0 0 0 0 0 0 0 0 0 
136 60 55 86 92 91 92 82 85 87 73 60 0 0 0 0 0 0 0 0 0 0 0 0 0 0 0 0 0 0 0 0 
335 272 291 342 385 271 353 267 284 256 307 98 0 0 0 0 0 0 0 0 0 0 0 0 0 0 0 0 0 0 0 0 
80 51 50 68 55 52 66 51 52 48 49 24 0 0 0 0 0 0 0 0 0 0 0 0 0 0 0 0 0 0 0 0 
98 49 41 51 36 33 54 57 39 75 76 15 0 0 0 0 0 0 0 0 0 0 0 0 0 0 0 0 0 0 0 0 
123 60 75 50 42 58 64 62 60 54 45 16 0 0 0 0 0 0 0 0 0 0 0 0 0 0 0 0 0 0 0 0 
337 250 252 263 289 275 251 264 241 220 226 76 0 0 0 0 0 0 0 0 0 0 0 0 0 0 0 0 0 0 0 0 
145 118 114 118 128 103 107 123 74 96 116 40 0 0 0 0 0 0 0 0 0 0 0 0 0 0 0 0 0 0 0 0 
56 26 29 11 47 27 40 35 28 31 23 6 0 0 0 0 0 0 0 0 0 0 0 0 0 0 0 0 0 0 0 0 
456 289 305 271 409 303 332 273 257 336 290 86 0 0 0 0 0 0 0 0 0 0 0 0 0 0 0 0 0 0 0 0 
252 169 162 170 172 145 135 149 158 149 150 51 0 0 0 0 0 0 0 0 0 0 0 0 0 0 0 0 0 0 0 0 
134 104 77 131 81 90 76 84 100 56 88 13 0 0 0 0 0 0 0 0 0 0 0 0 0 0 0 0 0 0 0 0 
129 81 76 96 156 131 119 90 92 123 92 52 0 0 0 0 0 0 0 0 0 0 0 0 0 0 0 0 0 0 0 0 
195 146 124 94 92 135 153 119 149 123 106 32 0 0 0 0 0 0 0 0 0 0 0 0 0 0 0 0 0 0 0 0 
105 68 71 73 58 88 80 68 79 72 66 16 0 0 0 0 0 0 0 0 0 0 0 0 0 0 0 0 0 0 0 0 
95 61 45 36 66 49 46 57 53 43 64 34 0 0 0 0 0 0 0 0 0 0 0 0 0 0 0 0 0 0 0 0 
333 203 252 248 258 307 260 256 226 270 247 98 0 0 0 0 0 0 0 0 0 0 0 0 0 0 0 0 0 0 0 0 
138 101 69 79 78 82 82 98 78 79 78 23 0 0 0 0 0 0 0 0 0 0 0 0 0 0 0 0 0 0 0 0 
67 38 31 24 61 42 32 39 37 34 36 19 0 0 0 0 0 0 0 0 0 0 0 0 0 0 0 0 0 0 0 0 
96 56 97 65 93 64 72 64 66 45 75 16 0 0 0 0 0 0 0 0 0 0 0 0 0 0 0 0 0 0 0 0 
162 64 63 112 144 92 131 102 69 138 119 45 0 0 0 0 0 0 0 0 0 0 0 0 0 0 0 0 0 0 0 0 
202 46 106 117 195 142 210 154 88 190 187 41 0 0 0 0 0 0 0 0 0 0 0 0 0 0 0 0 0 0 0 0 
112 41 44 58 46 52 36 65 48 61 43 11 0 0 0 0 0 0 0 0 0 0 0 0 0 0 0 0 0 0 0 0 
91 68 70 70 59 51 57 73 51 63 72 17 0 0 0 0 0 0 0 0 0 0 0 0 0 0 0 0 0 0 0 0 
96 66 78 59 73 77 55 71 61 51 49 15 0 0 0 0 0 0 0 0 0 0 0 0 0 0 0 0 0 0 0 0 
116 53 55 86 128 56 110 86 48 103 90 38 0 0 0 0 0 0 0 0 0 0 0 0 0 0 0 0 0 0 0 0 
182 113 97 84 107 102 101 106 111 120 123 22 0 0 0 0 0 0 0 0 0 0 0 0 0 0 0 0 0 0 0 0 
96 71 94 65 60 66 69 73 68 69 64 20 0 0 0 0 0 0 0 0 0 0 0 0 0 0 0 0 0 0 0 0 
102 78 77 91 45 56 81 55 55 58 53 3 0 0 0 0 0 0 0 0 0 0 0 0 0 0 0 0 0 0 0 0 
102 86 70 44 59 83 70 49 63 57 66 23 0 0 0 0 0 0 0 0 0 0 0 0 0 0 0 0 0 0 0 0 
158 151 76 102 105 97 116 98 120 115 77 26 0 0 0 0 0 0 0 0 0 0 0 0 0 0 0 0 0 0 0 0 
129 83 101 108 148 131 155 113 57 88 114 49 0 0 0 0 0 0 0 0 0 0 0 0 0 0 0 0 0 0 0 0 
105 36 61 47 91 63 68 63 43 72 81 17 0 0 0 0 0 0 0 0 0 0 0 0 0 0 0 0 0 0 0 0 
302 194 279 263 380 296 294 237 210 326 249 124 0 0 0 0 0 0 0 0 0 0 0 0 0 0 0 0 0 0 0 0 
95 38 56 44 52 55 43 35 53 42 30 15 0 0 0 0 0 0 0 0 0 0 0 0 0 0 0 0 0 0 0 0 
95 74 68 81 49 80 78 70 46 55 68 19 0 0 0 0 0 0 0 0 0 0 0 0 0 0 0 0 0 0 0 0 
128 68 82 82 59 66 88 75 94 75 81 23 0 0 0 0 0 0 0 0 0 0 0 0 0 0 0 0 0 0 0 0 
196 129 142 141 104 99 143 129 134 130 93 48 0 0 0 0 0 0 0 0 0 0 0 0 0 0 0 0 0 0 0 0 
90 65 72 68 55 72 70 49 56 81 50 30 0 0 0 0 0 0 0 0 0 0 0 0 0 0 0 0 0 0 0 0 
61 63 54 50 32 44 54 42 36 37 27 8 0 0 0 0 0 0 0 0 0 0 0 0 0 0 0 0 0 0 0 0 
40 15 17 34 42 23 39 41 18 29 23 8 0 0 0 0 0 0 0 0 0 0 0 0 0 0 0 0 0 0 0 0 
207 97 98 127 166 139 162 99 103 112 81 47 0 0 0 0 0 0 0 0 0 0 0 0 0 0 0 0 0 0 0 0 
233 116 130 185 219 153 136 142 139 179 118 57 0 0 0 0 0 0 0 0 0 0 0 0 0 0 0 0 0 0 0 0 
87 57 71 81 100 58 75 50 83 63 59 26 0 0 0 0 0 0 0 0 0 0 0 0 0 0 0 0 0 0 0 0 
141 92 110 109 108 88 119 95 101 72 99 44 0 0 0 0 0 0 0 0 0 0 0 0 0 0 0 0 0 0 0 0 
72 39 69 56 63 48 62 76 58 34 87 11 0 0 0 0 0 0 0 0 0 0 0 0 0 0 0 0 0 0 0 0 
116 80 59 69 91 58 82 76 57 109 89 24 0 0 0 0 0 0 0 0 0 0 0 0 0 0 0 0 0 0 0 0 
95 59 54 40 73 48 79 74 57 52 59 11 0 0 0 0 0 0 0 0 0 0 0 0 0 0 0 0 0 0 0 0 
170 104 138 154 210 136 138 111 102 116 138 44 0 0 0 0 0 0 0 0 0 0 0 0 0 0 0 0 0 0 0 0 
116 89 104 74 68 101 94 64 95 65 66 45 0 0 0 0 0 0 0 0 0 0 0 0 0 0 0 0 0 0 0 0 
155 123 113 116 91 110 103 122 112 130 94 48 0 0 0 0 0 0 0 0 0 0 0 0 0 0 0 0 0 0 0 0 
232 141 130 158 107 114 103 126 124 115 127 34 0 0 0 0 0 0 0 0 0 0 0 0 0 0 0 0 0 0 0 0 
126 69 62 108 86 51 87 84 89 64 73 26 0 0 0 0 0 0 0 0 0 0 0 0 0 0 0 0 0 0 0 0 
162 82 71 103 104 90 102 97 64 84 90 26 0 0 0 0 0 0 0 0 0 0 0 0 0 0 0 0 0 0 0 0 
280 138 152 146 190 186 167 163 158 163 148 54 0 0 0 0 0 0 0 0 0 0 0 0 0 0 0 0 0 0 0 0 
164 71 84 72 103 69 69 56 68 120 77 45 0 0 0 0 0 0 0 0 0 0 0 0 0 0 0 0 0 0 0 0 
150 95 154 115 160 121 128 105 101 121 87 46 0 0 0 0 0 0 0 0 0 0 0 0 0 0 0 0 0 0 0 0 
120 96 56 77 75 70 72 86 87 68 57 26 0 0 0 0 0 0 0 0 0 0 0 0 0 0 0 0 0 0 0 0 
106 42 77 60 47 61 62 65 51 66 54 31 0 0 0 0 0 0 0 0 0 0 0 0 0 0 0 0 0 0 0 0 
113 55 77 72 120 104 122 71 75 102 106 31 0 0 0 0 0 0 0 0 0 0 0 0 0 0 0 0 0 0 0 0 
88 55 47 54 42 48 57 54 66 56 62 17 0 0 0 0 0 0 0 0 0 0 0 0 0 0 0 0 0 0 0 0 
132 182 119 168 172 172 96 130 160 144 69 50 0 0 0 0 0 0 0 0 0 0 0 0 0 0 0 0 0 0 0 0 
112 73 48 61 64 57 28 56 39 47 41 27 0 0 0 0 0 0 0 0 0 0 0 0 0 0 0 0 0 0 0 0 
102 73 56 70 63 59 71 60 68 73 61 26 0 0 0 0 0 0 0 0 0 0 0 0 0 0 0 0 0 0 0 0 
75 47 55 55 48 60 60 43 34 44 68 12 0 0 0 0 0 0 0 0 0 0 0 0 0 0 0 0 0 0 0 0 
116 80 68 90 118 59 79 69 93 75 71 20 0 0 0 0 0 0 0 0 0 0 0 0 0 0 0 0 0 0 0 0 
122 70 107 106 134 101 89 105 81 113 79 29 0 0 0 0 0 0 0 0 0 0 0 0 0 0 0 0 0 0 0 0 
201 130 133 146 161 136 151 153 141 132 137 22 0 0 0 0 0 0 0 0 0 0 0 0 0 0 0 0 0 0 0 0 
83 44 43 57 41 59 35 61 62 32 43 7 0 0 0 0 0 0 0 0 0 0 0 0 0 0 0 0 0 0 0 0 
35 16 13 11 6 9 16 19 11 15 10 1 0 0 0 0 0 0 0 0 0 0 0 0 0 0 0 0 0 0 0 0 
96 61 51 26 39 38 62 66 31 28 71 23 0 0 0 0 0 0 0 0 0 0 0 0 0 0 0 0 0 0 0 0 
