225 249 83 73 117 69 3868 5413 17 95 38 18 136 85 45 44 83 99 2 236 120 2 143 242 12 37 117 15 22 486 362 4030 
260 324 0 521 331 1969 6901 334 0 243 108 8 0 3112 112 401 4177 248 57 4511 145 2966 641 3877 265 2099 604 719 2628 3578 199 3776 
0 17 372 0 186 39 113 23 243 79 73 371 260 12 4961 1695 8171 120 25 5686 0 57 105 221 338 3260 53 15 2566 33 916 1013 
21 18 62 0 0 363 559 351 12 361 366 44 7 84 3675 4115 350 86 27 0 0 29 75 355 32 3220 0 28 566 396 480 132 
2276 1 833 62 32 38 3254 3387 13 761 822 31 32 40 87 1 30 747 198 101 5349 219 776 46 164 11 781 16 580 55 1597 458 
53 63 231 206 220 78 3 43 52 291 52 158 61 51 36 67 124 34 83 34 62 37 43 110 58 3210 4208 76 1371 211 263 114 
3127 71 36 53 50 190 134 44 127 21 67 3354 133 46 2 221 455 154 56 164 93 85 55 119 3356 170 25 2 5722 28 98 305 
44 6737 36 43 319 1064 55 114 10 69 228 0 32 50 9 42 15 43 72 34 0 393 289 34 158 42 198 36 195 3586 635 4397 
56 3298 146 307 29 1292 343 0 439 203 26 331 1104 562 767 13 28 110 61 22 1303 2996 2741 145 2967 11 79 78 2965 653 3192 779 
869 49 754 0 760 106 421 4426 2879 55 108 100 418 103 49 354 7 81 947 103 107 30 179 435 79 42 398 308 138 262 60 335 
92 1 134 6 1 1282 85 413 34 1 0 1 55 3095 4 153 0 31 9 97 1 131 24 3846 34 1896 368 316 21 0 0 361 
137 14 119 1 0 218 2069 186 15 124 404 246 185 3967 84 3744 103 250 266 21 2706 20 352 128 280 178 442 1 4630 568 347 648 
121 91 226 424 351 20 6874 3430 44 3 289 1118 101 33 747 3821 5509 126 0 47 15 296 851 172 47 502 166 18 4283 133 787 394 
64 24 191 14 197 609 3415 36 23 253 87 0 15 15 4140 21 116 64 6 158 3187 88 456 1896 118 98 96 3 108 389 128 127 
145 265 36 329 48 436 7100 2321 2999 23 275 306 1777 436 190 10 136 12 303 10 122 16 6 322 330 10 0 230 3197 429 2 302 
11 0 0 16 0 0 0 27 560 25 126 40 1114 0 0 0 4834 0 0 10 95 2745 24 6 53 3874 204 77 66 1958 2060 1302 
2264 119 0 45 0 274 59 0 15 5 109 122 38 38 0 3224 52 0 38 4348 41 0 94 0 6 54 39 26 86 15 34 262 
108 0 35 46 36 198 75 44 89 72 57 285 59 7 1165 2474 2476 29 88 2894 80 186 1 123 19 66 36 119 18 31 263 223 
185 15 133 123 81 19 23 316 2730 10 0 6477 109 5 9 1652 112 2174 9 16 110 13 94 0 57 17 18 24 508 401 77 4060 
23 90 18 91 83 433 13 1081 24 454 536 101 112 52 3660 4037 2233 97 46 69 79 148 2707 498 3087 0 115 17 64 192 519 100 
27 4106 27 67 25 492 7 3991 0 345 30 129 0 3877 0 24 0 56 32 5835 490 38 133 1 22 89 28 20 2826 116 231 3758 
2275 13 2774 21 452 797 681 699 89 152 1095 28 610 13 974 12 112 916 74 20 15 800 477 4295 13 6055 700 13 83 1974 123 58 
419 383 304 9 206 8 0 118 9 8 0 3365 0 1 1 12 4064 0 869 1522 0 139 22 951 6 0 8 40 199 14 272 537 
50 661 25 127 175 383 23 162 53 9 2971 155 1714 3093 7 63 304 1132 60 3264 765 216 118 638 574 609 788 10 574 1058 1890 123 
465 371 1 709 71 862 1 65 73 5145 3152 234 101 70 765 474 698 728 269 102 947 740 749 4209 43 25 1100 988 3731 556 81 823 
14 0 12 2 159 30 0 26 11 0 6 15 0 62 7322 73 44 12 14 74 2483 7 47 0 53 3198 1 0 16 4 88 51 
17 6655 2789 258 2265 1094 3434 0 28 0 2 147 81 2 7 10 76 0 231 50 27 2719 203 25 24 434 25 12 2345 51 5 0 
23 3445 60 41 36 1548 244 231 19 0 6 196 0 422 1580 7 67 834 141 20 36 3861 3792 81 39 2653 1115 1 4383 1939 2 119 
2664 1 47 7 0 415 2970 777 146 0 203 1 1 65 2100 51 3587 46 0 196 51 0 99 95 0 93 13 0 542 0 1208 93 
0 19 67 0 0 0 50 451 349 0 0 47 0 35 75 55 0 14 0 994 0 0 188 52 14 2741 41 0 14 485 0 4082 
175 156 23 197 31 1 294 2036 92 0 128 12 299 3819 137 269 41 181 53 2 65 43 224 2022 307 75 29 312 273 3130 3223 1572 
3067 48 14 0 47 9 0 3287 15 66 15 15 81 13 83 1 53 257 18 22 0 4 14 24 136 25 0 124 100 16 131 0 
504 0 0 614 42 312 106 11 11 105 27 605 8 16 35 13 3458 199 324 4360 85 98 1 59 139 403 2222 92 455 29 19 16 
103 4139 2850 98 58 1022 66 195 33 0 210 64 909 15 59 9 30 13 41 668 1863 116 80 0 2858 37 18 133 2634 121 0 541 
251 42 30 25 167 497 160 3993 0 0 61 152 153 70 149 22 2781 202 267 5816 10 15 63 343 3088 64 182 54 34 90 45 44 
16 5896 0 23 628 664 2709 0 7 0 17 0 926 116 9 2474 111 20 37 2816 71 74 284 35 32 72 17 127 248 1470 79 3469 
23 0 0 4 146 511 0 57 105 213 178 117 108 275 155 0 137 0 54 456 103 86 1872 3887 59 122 292 301 68 276 9 830 
64 3616 231 336 380 203 29 3582 2 72 7 103 136 3094 546 4 99 136 15 4425 103 339 3000 126 11 60 667 445 40 100 70 161 
505 84 1 0 267 466 45 3277 45 136 135 115 190 3109 425 227 12 382 411 422 478 95 85 11 3058 95 19 443 13 3319 563 542 
34 16 3054 1313 65 24 33 1990 194 11 99 385 490 3899 14 382 103 10 96 394 8 2744 23 31 38 75 478 55 177 40 68 3719 
25 361 10 389 115 52 0 1824 0 43 0 3 74 7 46 746 2573 45 904 8 20 2 1902 750 2838 2 212 78 171 14 68 207 
355 119 0 0 0 49 8347 276 0 151 357 22 427 23 378 84 24 615 212 265 8 16 101 189 127 0 5880 127 298 3528 255 2183 
49 604 19 19 24 138 6604 4627 114 42 41 90 52 3855 1608 146 69 144 95 1560 6 51 71 7 239 104 210 204 68 99 221 785 
30 88 209 0 0 0 0 17 1228 51 97 0 217 0 0 13 344 97 75 0 0 172 12 0 57 606 12 569 46 17 0 13 
2 43 377 0 2 24 4090 44 10 179 129 19 203 69 643 6 1871 0 207 3032 3174 3 607 82 39 39 588 452 73 38 3371 91 
126 16 129 57 159 27 3912 3274 718 56 70 3231 2 215 3 52 191 334 319 415 222 2726 23 14 39 3417 109 629 2813 3504 82 113 
13 15 0 38 47 0 3432 8 37 3021 14 74 61 23 8954 22 10 60 0 9 44 0 44 16 0 385 26 14 0 41 980 1012 
87 0 0 0 0 171 0 87 46 52 0 0 1716 0 1 56 143 0 6 2 2897 184 105 19 0 0 65 57 54 260 142 143 
41 8280 4017 153 120 814 58 35 258 20 660 62 160 4326 141 4277 114 17 225 22 1574 676 684 149 17 164 71 62 543 22 62 73 
17 0 7 345 0 18 353 34 164 61 44 26 0 121 988 115 41 0 250 3019 0 0 0 1930 2052 30 0 35 1130 63 4 48 
74 3286 3213 233 54 220 72 232 19 79 83 282 1306 17 93 67 4085 153 433 217 1140 289 0 61 38 304 0 90 142 270 121 1196 
438 5 11 646 17 385 3147 147 245 919 10 136 13 0 706 1238 270 573 38 28 1171 35 291 28 207 292 25 739 1 1732 169 1277 
29 121 55 54 0 206 362 0 30 119 3 259 102 38 19 2604 177 18 0 104 10 100 6 1930 85 371 13 11 7 51 109 247 
168 40 263 130 193 0 436 2440 129 196 379 118 86 0 3828 245 228 244 85 62 2666 3284 2974 239 198 340 685 162 1666 3768 710 1890 
461 32 13 1025 2 24 4211 462 31 487 143 3173 750 3103 0 466 612 1010 882 5855 0 32 658 1240 2952 70 14 54 0 820 14 930 
10 4117 0 39 10 1013 27 0 0 203 261 30 2452 0 303 3239 810 14 0 648 25 2938 15 8 63 0 208 24 2735 23 414 4486 
1225 77 695 40 30 0 0 0 57 0 1 0 0 0 79 20 22 40 0 672 20 15 0 372 373 0 3913 630 5286 20 2 2066 
0 1961 54 0 0 0 413 0 0 120 706 0 1716 20 176 30 12 3 119 0 0 117 0 559 560 121 678 0 565 709 3 1446 
253 4100 740 266 0 1189 3410 384 5 467 1012 64 597 711 7516 344 4647 52 50 5805 0 699 693 370 616 20 2147 72 69 41 479 603 
66 15 66 4 8 42 5030 0 98 139 34 0 0 3889 11 114 0 96 147 975 51 58 168 130 58 50 7 0 98 36 73 86 
47 84 86 2 88 3 3061 2042 2132 63 129 303 247 103 427 62 6067 78 214 13 13 0 7 0 33 2713 198 16 4454 7 789 74 
13 25 40 168 2 3 2961 3 3 108 224 0 5 0 29 94 8 6 31 8 42 25 1 183 22 57 29 247 24 1551 167 3418 
