205 137 144 126 113 101 119 92 116 95 96 90 81 126 130 117 112 167 117 119 133 94 111 93 105 93 149 101 141 118 120 105 
341 297 205 238 270 192 225 245 174 330 256 210 252 257 218 186 351 217 301 243 293 247 288 214 231 234 197 253 220 230 206 254 
146 93 132 56 86 74 107 101 123 99 98 108 63 129 79 80 102 117 105 75 89 106 93 115 87 99 89 110 83 89 52 113 
186 139 146 122 117 99 64 147 157 130 99 158 122 146 85 177 130 97 183 152 145 120 104 108 83 134 93 136 179 119 236 99 
190 65 103 73 62 69 83 107 83 121 97 97 81 80 76 59 108 63 121 104 91 72 86 75 138 91 99 112 80 116 81 99 
192 93 72 119 60 93 46 78 63 120 77 64 81 86 72 116 114 100 71 81 89 103 111 89 88 100 93 93 100 133 87 119 
198 82 83 122 100 122 100 81 137 102 111 102 118 79 124 91 95 125 76 84 100 90 89 61 96 110 101 82 92 61 130 96 
187 92 86 122 106 142 125 155 89 98 145 120 109 170 118 82 85 116 92 107 81 96 100 96 158 101 117 137 133 128 121 123 
257 207 176 216 216 138 302 129 123 164 192 134 188 177 147 137 165 193 203 137 169 247 109 97 228 224 217 133 145 194 196 143 
309 156 265 186 205 192 235 199 176 118 206 121 171 223 210 173 191 240 139 237 243 206 145 210 184 174 137 167 163 159 187 185 
131 65 97 78 50 60 62 111 91 60 73 55 105 83 62 91 57 76 56 79 75 68 65 58 68 70 74 96 82 74 102 38 
292 243 206 244 164 171 147 191 169 185 133 190 272 161 205 142 89 203 213 162 170 167 182 196 202 148 218 216 217 180 177 151 
308 232 198 259 222 322 208 197 273 266 273 208 198 223 187 255 144 277 235 186 231 243 233 277 149 217 226 205 229 218 231 217 
176 83 113 72 78 75 86 106 94 56 97 41 80 81 62 68 85 93 97 114 111 68 68 60 77 75 100 42 72 104 74 106 
220 248 198 219 227 137 251 139 141 154 160 170 168 202 124 153 202 214 231 248 155 185 152 159 198 199 234 138 163 166 178 161 
121 38 49 73 56 47 59 88 28 71 58 68 61 53 44 56 68 58 32 60 57 62 56 73 83 49 38 50 82 71 61 48 
73 71 61 35 57 67 53 53 60 73 87 59 54 56 38 65 69 64 52 38 66 57 45 65 57 58 63 48 54 46 37 58 
153 42 60 97 84 154 140 74 62 82 61 104 79 44 100 55 65 87 80 133 97 76 37 94 69 66 55 88 84 87 53 39 
214 100 95 66 102 97 85 133 108 86 58 83 126 60 116 95 92 134 86 86 96 67 72 77 107 83 127 94 93 116 119 78 
271 166 219 219 220 140 101 166 218 160 183 209 137 195 157 243 210 174 297 208 162 182 143 157 175 180 158 146 203 219 288 137 
145 49 56 69 65 45 36 47 57 44 71 53 48 76 42 50 20 52 55 59 64 65 70 43 50 56 45 66 36 97 79 53 
130 66 62 79 31 55 65 46 43 78 43 44 66 49 66 59 71 69 40 83 59 51 64 59 70 52 62 61 52 47 68 62 
122 124 76 100 87 74 37 69 84 66 67 65 74 79 74 66 64 57 103 77 59 67 56 70 84 59 62 72 72 78 65 76 
158 114 101 101 95 84 80 106 84 123 78 103 94 68 111 78 53 121 104 119 103 105 149 107 143 58 134 105 123 83 113 80 
358 227 189 171 271 179 196 233 154 283 204 220 224 252 161 287 224 276 248 183 272 214 214 242 199 223 218 205 189 178 193 217 
85 24 24 24 29 30 25 22 21 35 17 23 25 25 26 31 20 21 15 29 20 16 17 16 23 30 28 19 20 20 51 28 
98 46 51 47 48 39 43 44 52 46 30 36 48 42 62 46 38 38 57 43 24 43 62 50 69 42 36 40 62 25 51 26 
153 142 64 85 71 96 93 94 90 74 55 81 65 122 94 88 91 105 118 98 87 60 67 79 95 49 92 64 118 106 105 68 
116 86 112 63 83 133 56 64 83 74 77 95 117 81 51 67 112 100 53 51 98 100 101 88 61 76 77 77 101 64 130 75 
97 50 89 72 66 52 50 74 39 55 56 84 67 74 51 45 45 79 60 83 36 65 88 61 72 74 71 81 70 70 53 37 
202 113 170 106 148 101 92 121 112 135 118 144 135 158 97 111 135 149 135 98 133 108 150 139 94 155 133 108 138 130 155 124 
92 55 26 40 48 44 33 37 36 40 44 29 43 25 33 32 31 39 46 40 81 38 72 22 55 44 48 38 50 37 35 26 
191 40 45 136 113 84 87 77 87 103 83 83 72 90 56 91 148 81 67 99 60 71 94 93 104 135 104 102 104 97 70 80 
186 94 99 75 81 80 111 76 63 65 97 103 68 75 97 85 86 66 89 105 64 79 56 52 81 103 91 84 68 78 75 117 
179 112 60 60 114 91 114 134 87 96 123 92 74 119 67 107 58 113 90 95 69 106 110 110 136 106 46 109 80 91 124 55 
184 88 103 124 82 129 54 107 82 74 119 93 93 62 141 85 109 107 97 136 83 65 105 68 74 50 102 77 67 103 108 66 
234 137 141 159 181 170 153 110 119 144 139 172 165 95 124 122 110 114 87 135 172 307 153 111 106 219 137 131 98 209 227 133 
249 126 179 115 249 203 185 113 200 184 130 187 143 131 158 205 173 149 251 155 191 181 149 126 211 165 153 238 128 150 197 121 
240 161 231 206 172 120 171 186 151 209 121 170 146 173 168 182 215 140 164 161 153 158 173 136 151 117 207 154 193 172 189 130 
201 140 101 47 113 98 122 124 92 150 182 108 126 57 141 149 177 134 155 115 63 104 161 117 73 113 77 91 96 91 87 95 
101 50 90 61 33 63 42 31 50 72 62 68 81 74 78 48 64 45 68 36 57 51 74 50 62 51 73 59 58 57 56 58 
196 166 75 129 86 158 98 167 166 142 153 159 171 196 106 144 160 145 160 133 175 116 106 164 103 160 159 146 120 109 199 150 
204 71 81 128 149 100 71 126 131 144 63 57 64 80 123 115 83 123 87 85 69 135 88 54 115 58 72 79 48 93 95 87 
94 60 56 21 31 45 48 57 46 45 70 52 38 51 43 64 27 58 37 42 29 50 55 35 43 43 53 66 80 33 51 57 
157 92 83 91 102 74 77 87 87 89 82 115 92 117 97 119 84 80 103 81 74 94 93 81 90 95 101 91 120 113 93 125 
232 111 85 106 102 129 93 140 122 121 86 94 90 91 72 79 89 105 95 116 118 85 111 86 96 89 115 112 164 109 60 114 
81 25 24 56 21 29 40 20 29 34 35 34 25 22 30 35 22 28 33 40 66 48 15 32 23 24 50 59 37 49 35 29 
82 53 49 42 54 76 51 36 65 74 75 51 46 95 39 82 61 58 29 45 79 42 77 60 61 40 83 69 93 58 64 43 
177 65 61 77 88 115 74 92 63 95 82 71 92 64 78 64 110 92 89 70 51 32 45 54 91 111 74 80 73 67 111 73 
94 64 66 36 38 92 47 86 41 107 85 50 37 46 82 72 99 53 94 55 49 71 65 70 74 88 69 63 53 26 74 66 
186 102 138 116 146 157 142 98 157 97 136 114 143 149 160 108 84 118 135 161 141 152 105 175 149 124 117 117 131 124 147 138 
203 147 146 100 86 109 101 72 88 151 161 112 120 93 148 122 95 101 100 167 105 101 92 109 76 104 120 123 119 136 73 73 
189 124 54 141 80 81 73 105 87 59 98 126 91 59 103 73 64 111 59 95 97 97 96 30 112 89 74 67 81 107 79 90 
320 171 253 198 185 230 263 251 231 113 197 194 186 188 217 146 164 274 219 224 226 207 254 161 219 212 245 207 275 250 222 280 
132 81 57 48 45 60 50 60 70 59 59 66 37 40 49 49 34 68 77 66 44 63 67 85 60 63 66 59 63 56 55 71 
132 101 98 95 70 95 108 94 98 69 64 67 57 74 88 78 88 74 112 70 101 54 84 61 56 79 101 102 68 91 81 83 
83 44 57 41 40 52 43 45 44 55 54 38 52 58 55 38 53 32 46 54 60 57 41 43 33 44 58 30 63 38 44 42 
47 38 43 46 36 84 37 36 24 37 39 53 32 46 27 12 43 31 48 35 53 72 31 50 40 37 51 55 52 58 39 23 
227 182 203 170 171 151 129 185 178 179 176 189 147 163 138 214 171 134 229 194 159 174 142 152 135 165 148 160 206 197 255 136 
111 56 82 42 33 30 37 63 29 83 72 70 77 41 61 71 40 42 56 69 34 47 73 61 82 34 56 42 36 62 77 31 
220 84 81 96 58 86 89 88 83 69 94 76 148 90 107 74 79 125 96 116 130 62 48 107 66 97 130 78 85 103 105 55 
155 108 67 60 23 58 52 51 30 47 58 57 42 31 70 35 12 33 52 56 39 48 33 65 48 44 54 40 61 68 27 32 
