147 0 95 0 65 98 0 0 0 0 0 0 0 0 0 0 275 0 0 0 0 0 0 0 0 0 0 0 0 0 0 0 
42 0 88 0 58 36 0 0 0 0 0 0 0 0 0 0 91 0 0 0 0 0 0 0 0 0 0 0 0 0 0 0 
47 0 118 0 50 18 0 0 0 0 0 0 0 0 0 0 35 0 0 0 0 0 0 0 0 0 0 0 0 0 0 0 
24 0 120 0 32 16 0 0 0 0 0 0 0 0 0 0 21 0 0 0 0 0 0 0 0 0 0 0 0 0 0 0 
84 0 332 0 19 4 0 0 0 0 0 0 0 0 0 0 2 0 0 0 0 0 0 0 0 0 0 0 0 0 0 0 
114 0 355 0 7 67 0 0 0 0 0 0 0 0 0 0 133 0 0 0 0 0 0 0 0 0 0 0 0 0 0 0 
103 0 84 0 0 124 0 0 0 0 0 0 0 0 0 0 204 0 0 0 0 0 0 0 0 0 0 0 0 0 0 0 
58 0 101 0 0 107 0 0 0 0 0 0 0 0 0 0 84 0 0 0 0 0 0 0 0 0 0 0 0 0 0 0 
69 0 262 0 0 55 0 0 0 0 0 0 0 0 0 0 13 0 0 0 0 0 0 0 0 0 0 0 0 0 0 0 
89 0 233 0 0 87 0 0 0 0 0 0 0 0 0 0 26 0 0 0 0 0 0 0 0 0 0 0 0 0 0 0 
55 0 274 0 0 16 0 0 0 0 0 0 0 0 0 0 0 0 0 0 0 0 0 0 0 0 0 0 0 0 0 0 
171 0 203 0 40 141 0 0 0 0 0 0 0 0 0 0 187 0 0 0 0 0 0 0 0 0 0 0 0 0 0 0 
122 0 185 0 10 113 0 0 0 0 0 0 0 0 0 2 146 0 0 0 0 0 0 0 0 0 0 0 0 0 0 0 
76 0 148 0 0 98 0 0 0 0 0 0 0 0 0 18 129 0 0 0 0 0 0 0 0 0 0 0 0 0 0 0 
95 0 250 0 0 50 0 0 0 0 0 0 0 0 0 13 35 0 0 0 0 0 0 0 0 0 0 0 0 0 0 0 
49 0 131 0 0 100 0 0 0 0 0 0 0 0 0 31 47 0 0 0 0 0 0 0 0 0 0 0 0 0 0 0 
82 0 321 0 0 43 0 0 0 0 0 0 0 0 0 18 8 0 0 0 0 0 0 0 0 0 0 0 0 0 0 0 
210 24 185 33 11 96 105 0 0 0 0 0 0 0 0 169 64 0 0 0 0 0 0 0 0 0 0 0 0 0 0 0 
139 89 5 128 0 0 91 0 0 0 0 0 0 0 0 121 0 0 0 0 0 0 0 0 0 0 0 0 0 0 0 0 
127 120 7 70 0 0 65 0 0 0 0 0 0 0 0 116 0 0 0 0 0 0 0 0 0 0 0 0 0 0 0 0 
42 43 30 130 0 0 30 0 0 0 0 0 0 0 0 14 0 0 0 0 0 0 0 0 0 0 0 0 0 0 0 0 
98 99 78 174 0 0 84 0 0 0 0 0 0 0 0 38 0 0 0 0 0 0 0 0 0 0 0 0 0 0 0 0 
161 53 212 204 36 48 46 0 0 0 0 0 0 0 0 17 47 0 0 0 0 0 0 0 0 0 0 0 0 0 0 0 
276 454 32 104 23 0 0 2 107 0 0 0 0 0 0 0 0 200 0 0 0 0 0 0 0 0 0 0 0 0 0 0 
120 339 0 82 29 0 0 5 92 0 0 0 0 0 0 0 0 120 0 0 0 0 0 0 0 0 0 0 0 0 0 0 
131 214 17 120 27 14 0 19 76 0 0 0 0 0 0 0 10 68 0 0 0 0 0 0 0 0 0 0 0 0 0 0 
131 157 0 163 18 0 0 12 68 0 0 0 0 0 0 0 0 47 0 0 0 0 0 0 0 0 0 0 0 0 0 0 
81 38 0 244 38 0 0 1 19 0 0 0 0 0 0 0 0 10 0 0 0 0 0 0 0 0 0 0 0 0 0 0 
138 83 0 350 43 0 0 6 28 0 0 0 0 0 0 0 0 45 2 0 0 0 0 0 0 0 0 0 0 0 0 0 
226 455 0 106 0 0 0 92 55 0 0 0 0 0 0 0 0 189 15 0 0 0 0 0 0 0 0 0 0 0 0 0 
143 212 15 109 13 0 0 75 9 0 0 0 0 0 0 0 3 59 21 0 0 0 0 0 0 0 0 0 0 0 0 0 
92 156 0 139 0 0 0 75 6 0 0 0 0 0 0 0 0 35 6 0 0 0 0 0 0 0 0 0 0 0 0 0 
89 73 0 281 0 0 0 54 3 0 0 0 0 0 0 0 0 4 1 0 0 0 0 0 0 0 0 0 0 0 0 0 
77 2 89 212 26 17 0 6 0 0 0 0 0 0 0 0 6 0 0 0 0 0 0 0 0 0 0 0 0 0 0 0 
241 1 62 317 45 39 0 2 1 0 0 0 0 0 0 0 186 0 0 0 0 0 0 0 0 0 0 0 0 0 0 0 
400 525 55 49 35 61 0 52 0 0 0 0 0 0 0 0 118 219 47 0 0 0 0 0 0 0 0 0 0 0 0 0 
247 458 0 129 0 0 0 102 0 0 0 0 0 0 0 0 0 110 69 0 0 0 0 0 0 0 0 0 0 0 0 0 
183 291 0 124 0 0 0 77 0 0 0 0 0 0 0 0 0 95 10 0 0 0 0 0 0 0 0 0 0 0 0 0 
99 178 15 129 18 10 0 42 0 0 0 0 0 0 0 0 9 52 10 0 0 0 0 0 0 0 0 0 0 0 0 0 
132 200 0 256 0 0 0 112 0 0 0 0 0 0 0 0 0 64 6 0 0 0 0 0 0 0 0 0 0 0 0 0 
80 35 17 355 2 0 0 23 0 0 0 0 0 0 0 0 0 1 0 0 0 0 0 0 0 0 0 0 0 0 0 0 
238 459 0 104 0 0 0 142 0 0 0 0 0 0 0 0 0 50 169 0 0 0 0 0 0 0 0 0 0 0 0 0 
162 301 18 101 0 0 0 116 0 0 0 0 0 0 0 0 0 51 72 0 0 0 0 0 0 0 0 0 0 0 0 0 
98 217 0 95 0 0 0 49 0 0 0 0 0 0 0 0 0 55 47 0 0 0 0 0 0 0 0 0 0 0 0 0 
97 95 0 211 0 0 0 60 0 0 0 0 0 0 0 0 0 15 8 0 0 0 0 0 0 0 0 0 0 0 0 0 
135 189 14 211 8 10 0 93 0 0 0 0 0 0 0 0 4 30 22 0 0 0 0 0 0 0 0 0 0 0 0 0 
170 6 133 300 6 53 0 8 0 0 0 0 0 0 0 0 8 1 0 0 0 0 0 0 0 0 0 0 0 0 0 0 
435 288 354 0 10 107 10 0 0 0 0 0 0 0 0 116 0 0 0 0 0 0 0 0 0 0 0 0 0 0 0 0 
224 327 198 0 1 91 1 0 0 0 0 0 0 0 0 78 0 0 0 0 0 0 0 0 0 0 0 0 0 0 0 0 
351 143 305 0 14 97 0 0 0 0 0 0 0 0 0 62 64 0 0 0 0 0 0 0 0 0 0 0 0 0 0 0 
349 89 282 0 45 145 5 0 0 0 0 0 0 0 0 28 159 0 0 0 0 0 0 0 0 0 0 0 0 0 0 0 
104 123 200 0 7 90 0 0 0 0 0 0 0 0 0 26 2 0 0 0 0 0 0 0 0 0 0 0 0 0 0 0 
42 12 248 0 0 6 0 0 0 0 0 0 0 0 0 1 0 0 0 0 0 0 0 0 0 0 0 0 0 0 0 0 
59 8 343 0 0 8 0 0 0 0 0 0 0 0 0 0 0 0 0 0 0 0 0 0 0 0 0 0 0 0 0 0 
362 363 235 0 46 45 0 0 0 0 0 0 0 0 0 0 3 28 0 56 0 60 0 0 0 0 0 0 0 0 0 0 
333 508 58 0 34 8 0 0 0 0 0 0 0 0 0 0 0 95 0 73 6 65 2 0 0 0 0 0 0 0 0 0 
303 397 115 0 20 9 0 0 0 0 0 0 0 0 0 0 0 69 0 23 3 42 1 0 0 0 0 0 0 0 0 0 
356 313 158 0 54 49 0 0 0 0 0 0 0 0 0 0 25 91 0 4 0 39 0 0 0 0 0 0 0 0 0 0 
239 291 85 0 44 17 0 0 0 0 0 0 0 0 0 0 0 56 0 1 0 38 0 0 0 0 0 0 0 0 0 0 
280 310 277 0 33 30 0 0 0 0 0 0 0 0 0 0 15 57 0 11 3 55 3 0 1 0 0 0 0 0 0 0 
339 371 237 1 2 8 7 0 0 0 0 0 0 0 0 0 0 54 0 11 0 78 0 0 0 0 0 0 0 2 0 0 
132 314 178 0 1 30 0 0 0 0 0 0 0 0 0 0 0 9 0 0 0 81 0 0 0 5 0 0 0 0 0 0 
