88 0 51 0 32 53 0 0 0 0 0 0 0 0 0 0 149 0 0 0 0 0 0 0 0 0 0 0 0 0 0 0 
59 0 44 0 33 45 0 0 0 0 0 0 0 0 0 0 126 0 0 0 0 0 0 0 0 0 0 0 0 0 0 0 
35 0 52 0 38 26 0 0 0 0 0 0 0 0 0 0 67 0 0 0 0 0 0 0 0 0 0 0 0 0 0 0 
7 0 36 0 20 10 0 0 0 0 0 0 0 0 0 0 24 0 0 0 0 0 0 0 0 0 0 0 0 0 0 0 
40 0 58 0 27 10 0 0 0 0 0 0 0 0 0 0 19 0 0 0 0 0 0 0 0 0 0 0 0 0 0 0 
7 0 60 0 23 8 0 0 0 0 0 0 0 0 0 0 16 0 0 0 0 0 0 0 0 0 0 0 0 0 0 0 
7 0 29 0 18 7 0 0 0 0 0 0 0 0 0 0 12 0 0 0 0 0 0 0 0 0 0 0 0 0 0 0 
17 0 91 0 14 9 0 0 0 0 0 0 0 0 0 0 9 0 0 0 0 0 0 0 0 0 0 0 0 0 0 0 
35 0 152 0 9 0 0 0 0 0 0 0 0 0 0 0 1 0 0 0 0 0 0 0 0 0 0 0 0 0 0 0 
49 0 180 0 10 4 0 0 0 0 0 0 0 0 0 0 1 0 0 0 0 0 0 0 0 0 0 0 0 0 0 0 
49 0 262 0 7 8 0 0 0 0 0 0 0 0 0 0 2 0 0 0 0 0 0 0 0 0 0 0 0 0 0 0 
65 0 93 0 0 59 0 0 0 0 0 0 0 0 0 0 131 0 0 0 0 0 0 0 0 0 0 0 0 0 0 0 
55 0 15 0 0 43 0 0 0 0 0 0 0 0 0 0 127 0 0 0 0 0 0 0 0 0 0 0 0 0 0 0 
48 0 69 0 0 81 0 0 0 0 0 0 0 0 0 0 77 0 0 0 0 0 0 0 0 0 0 0 0 0 0 0 
7 0 8 0 0 17 0 0 0 0 0 0 0 0 0 0 31 0 0 0 0 0 0 0 0 0 0 0 0 0 0 0 
51 0 93 0 0 90 0 0 0 0 0 0 0 0 0 0 53 0 0 0 0 0 0 0 0 0 0 0 0 0 0 0 
21 0 111 0 0 34 0 0 0 0 0 0 0 0 0 0 11 0 0 0 0 0 0 0 0 0 0 0 0 0 0 0 
48 0 151 0 0 21 0 0 0 0 0 0 0 0 0 0 2 0 0 0 0 0 0 0 0 0 0 0 0 0 0 0 
51 0 110 0 0 60 0 0 0 0 0 0 0 0 0 0 19 0 0 0 0 0 0 0 0 0 0 0 0 0 0 0 
38 0 123 0 0 27 0 0 0 0 0 0 0 0 0 0 7 0 0 0 0 0 0 0 0 0 0 0 0 0 0 0 
14 0 94 0 0 10 0 0 0 0 0 0 0 0 0 0 0 0 0 0 0 0 0 0 0 0 0 0 0 0 0 0 
41 0 180 0 0 6 0 0 0 0 0 0 0 0 0 0 0 0 0 0 0 0 0 0 0 0 0 0 0 0 0 0 
62 0 135 0 0 84 0 0 0 0 0 0 0 0 0 0 60 0 0 0 0 0 0 0 0 0 0 0 0 0 0 0 
109 0 68 0 40 57 0 0 0 0 0 0 0 0 0 0 127 0 0 0 0 0 0 0 0 0 0 0 0 0 0 0 
91 0 108 0 10 70 0 0 0 0 0 0 0 0 0 1 101 0 0 0 0 0 0 0 0 0 0 0 0 0 0 0 
31 0 77 0 0 43 0 0 0 0 0 0 0 0 0 1 45 0 0 0 0 0 0 0 0 0 0 0 0 0 0 0 
28 0 97 0 0 47 0 0 0 0 0 0 0 0 0 2 26 0 0 0 0 0 0 0 0 0 0 0 0 0 0 0 
48 0 51 0 0 51 0 0 0 0 0 0 0 0 0 16 103 0 0 0 0 0 0 0 0 0 0 0 0 0 0 0 
44 0 77 0 0 36 0 0 0 0 0 0 0 0 0 11 35 0 0 0 0 0 0 0 0 0 0 0 0 0 0 0 
51 0 173 0 0 14 0 0 0 0 0 0 0 0 0 2 0 0 0 0 0 0 0 0 0 0 0 0 0 0 0 0 
21 0 66 0 0 43 0 0 0 0 0 0 0 0 0 11 25 0 0 0 0 0 0 0 0 0 0 0 0 0 0 0 
28 0 65 0 0 57 0 0 0 0 0 0 0 0 0 20 22 0 0 0 0 0 0 0 0 0 0 0 0 0 0 0 
31 0 131 0 0 33 0 0 0 0 0 0 0 0 0 18 8 0 0 0 0 0 0 0 0 0 0 0 0 0 0 0 
51 0 190 0 0 10 0 0 0 0 0 0 0 0 0 0 0 0 0 0 0 0 0 0 0 0 0 0 0 0 0 0 
105 5 105 23 8 44 46 0 0 0 0 0 0 0 0 84 21 0 0 0 0 0 0 0 0 0 0 0 0 0 0 0 
105 21 80 37 3 52 75 0 0 0 0 0 0 0 0 85 43 0 0 0 0 0 0 0 0 0 0 0 0 0 0 0 
58 33 0 87 0 0 33 0 0 0 0 0 0 0 0 68 0 0 0 0 0 0 0 0 0 0 0 0 0 0 0 0 
81 59 5 74 0 0 78 0 0 0 0 0 0 0 0 53 0 0 0 0 0 0 0 0 0 0 0 0 0 0 0 0 
110 77 5 47 0 0 47 0 0 0 0 0 0 0 0 90 0 0 0 0 0 0 0 0 0 0 0 0 0 0 0 0 
17 45 2 35 0 0 26 0 0 0 0 0 0 0 0 26 0 0 0 0 0 0 0 0 0 0 0 0 0 0 0 0 
0 19 8 44 0 0 14 0 0 0 0 0 0 0 0 3 0 0 0 0 0 0 0 0 0 0 0 0 0 0 0 0 
42 25 22 89 0 0 18 0 0 0 0 0 0 0 0 11 0 0 0 0 0 0 0 0 0 0 0 0 0 0 0 0 
66 64 35 99 0 0 40 0 0 0 0 0 0 0 0 34 0 0 0 0 0 0 0 0 0 0 0 0 0 0 0 0 
32 36 43 78 0 0 46 0 0 0 0 0 0 0 0 4 0 0 0 0 0 0 0 0 0 0 0 0 0 0 0 0 
86 50 101 53 24 27 42 0 0 0 0 0 0 0 0 17 27 0 0 0 0 0 0 0 0 0 0 0 0 0 0 0 
75 3 111 151 12 21 4 0 0 0 0 0 0 0 0 0 20 0 0 0 0 0 0 0 0 0 0 0 0 0 0 0 
154 195 32 77 11 0 0 0 46 0 0 0 0 0 0 0 0 105 0 0 0 0 0 0 0 0 0 0 0 0 0 0 
122 259 0 27 12 0 0 2 61 0 0 0 0 0 0 0 0 95 0 0 0 0 0 0 0 0 0 0 0 0 0 0 
75 206 0 56 25 0 0 3 75 0 0 0 0 0 0 0 0 45 0 0 0 0 0 0 0 0 0 0 0 0 0 0 
45 133 0 26 4 0 0 2 17 0 0 0 0 0 0 0 0 75 0 0 0 0 0 0 0 0 0 0 0 0 0 0 
77 99 17 62 19 14 0 11 29 0 0 0 0 0 0 0 10 43 0 0 0 0 0 0 0 0 0 0 0 0 0 0 
54 115 0 58 8 0 0 8 47 0 0 0 0 0 0 0 0 25 0 0 0 0 0 0 0 0 0 0 0 0 0 0 
65 62 0 73 16 0 0 4 25 0 0 0 0 0 0 0 0 21 0 0 0 0 0 0 0 0 0 0 0 0 0 0 
66 95 0 90 2 0 0 8 43 0 0 0 0 0 0 0 0 26 0 0 0 0 0 0 0 0 0 0 0 0 0 0 
40 28 0 81 23 0 0 0 12 0 0 0 0 0 0 0 0 9 0 0 0 0 0 0 0 0 0 0 0 0 0 0 
41 10 0 163 15 0 0 1 7 0 0 0 0 0 0 0 0 1 0 0 0 0 0 0 0 0 0 0 0 0 0 0 
53 4 0 183 25 0 0 1 7 0 0 0 0 0 0 0 0 0 0 0 0 0 0 0 0 0 0 0 0 0 0 0 
85 79 0 167 18 0 0 5 21 0 0 0 0 0 0 0 0 45 2 0 0 0 0 0 0 0 0 0 0 0 0 0 
149 264 0 57 0 0 0 50 29 0 0 0 0 0 0 0 0 126 9 0 0 0 0 0 0 0 0 0 0 0 0 0 
77 191 0 49 0 0 0 42 26 0 0 0 0 0 0 0 0 63 6 0 0 0 0 0 0 0 0 0 0 0 0 0 
68 111 15 40 13 0 0 43 7 0 0 0 0 0 0 0 3 29 3 0 0 0 0 0 0 0 0 0 0 0 0 0 
75 103 0 73 0 0 0 34 2 0 0 0 0 0 0 0 0 30 18 0 0 0 0 0 0 0 0 0 0 0 0 0 
47 84 0 87 0 0 0 46 1 0 0 0 0 0 0 0 0 15 5 0 0 0 0 0 0 0 0 0 0 0 0 0 
45 74 0 56 0 0 0 31 5 0 0 0 0 0 0 0 0 20 1 0 0 0 0 0 0 0 0 0 0 0 0 0 
32 32 0 99 0 0 0 20 2 0 0 0 0 0 0 0 0 2 1 0 0 0 0 0 0 0 0 0 0 0 0 0 
57 43 0 186 0 0 0 36 1 0 0 0 0 0 0 0 0 2 0 0 0 0 0 0 0 0 0 0 0 0 0 0 
17 0 29 74 14 1 0 0 0 0 0 0 0 0 0 0 2 0 0 0 0 0 0 0 0 0 0 0 0 0 0 0 
60 6 60 146 12 16 0 10 0 0 0 0 0 0 0 0 4 0 0 0 0 0 0 0 0 0 0 0 0 0 0 0 
50 1 37 164 6 11 0 2 1 0 0 0 0 0 0 0 3 0 0 0 0 0 0 0 0 0 0 0 0 0 0 0 
191 2 25 157 39 28 0 2 0 0 0 0 0 0 0 0 183 0 0 0 0 0 0 0 0 0 0 0 0 0 0 0 
248 210 55 42 35 61 0 20 0 0 0 0 0 0 0 0 118 103 33 0 0 0 0 0 0 0 0 0 0 0 0 0 
152 315 0 7 0 0 0 32 0 0 0 0 0 0 0 0 0 116 14 0 0 0 0 0 0 0 0 0 0 0 0 0 
217 330 0 31 0 0 0 80 0 0 0 0 0 0 0 0 0 97 63 0 0 0 0 0 0 0 0 0 0 0 0 0 
30 128 0 98 0 0 0 22 0 0 0 0 0 0 0 0 0 13 6 0 0 0 0 0 0 0 0 0 0 0 0 0 
51 149 0 43 0 0 0 20 0 0 0 0 0 0 0 0 0 60 2 0 0 0 0 0 0 0 0 0 0 0 0 0 
132 142 0 81 0 0 0 57 0 0 0 0 0 0 0 0 0 35 8 0 0 0 0 0 0 0 0 0 0 0 0 0 
92 125 15 84 18 10 0 33 0 0 0 0 0 0 0 0 9 49 10 0 0 0 0 0 0 0 0 0 0 0 0 0 
7 53 0 45 0 0 0 9 0 0 0 0 0 0 0 0 0 3 0 0 0 0 0 0 0 0 0 0 0 0 0 0 
37 82 0 114 0 0 0 50 0 0 0 0 0 0 0 0 0 16 4 0 0 0 0 0 0 0 0 0 0 0 0 0 
95 118 0 142 0 0 0 62 0 0 0 0 0 0 0 0 0 48 2 0 0 0 0 0 0 0 0 0 0 0 0 0 
21 30 17 113 2 0 0 16 0 0 0 0 0 0 0 0 0 1 0 0 0 0 0 0 0 0 0 0 0 0 0 0 
59 5 0 242 0 0 0 7 0 0 0 0 0 0 0 0 0 0 0 0 0 0 0 0 0 0 0 0 0 0 0 0 
198 295 0 37 0 0 0 100 0 0 0 0 0 0 0 0 0 45 124 0 0 0 0 0 0 0 0 0 0 0 0 0 
40 164 0 67 0 0 0 42 0 0 0 0 0 0 0 0 0 5 45 0 0 0 0 0 0 0 0 0 0 0 0 0 
75 158 18 45 0 0 0 64 0 0 0 0 0 0 0 0 0 33 39 0 0 0 0 0 0 0 0 0 0 0 0 0 
87 143 0 56 0 0 0 52 0 0 0 0 0 0 0 0 0 18 33 0 0 0 0 0 0 0 0 0 0 0 0 0 
39 120 0 50 0 0 0 14 0 0 0 0 0 0 0 0 0 19 27 0 0 0 0 0 0 0 0 0 0 0 0 0 
59 97 0 45 0 0 0 35 0 0 0 0 0 0 0 0 0 36 20 0 0 0 0 0 0 0 0 0 0 0 0 0 
50 30 0 114 0 0 0 27 0 0 0 0 0 0 0 0 0 10 0 0 0 0 0 0 0 0 0 0 0 0 0 0 
47 65 0 97 0 0 0 33 0 0 0 0 0 0 0 0 0 5 8 0 0 0 0 0 0 0 0 0 0 0 0 0 
44 87 14 58 8 10 0 27 0 0 0 0 0 0 0 0 4 15 6 0 0 0 0 0 0 0 0 0 0 0 0 0 
91 102 0 153 0 0 0 66 0 0 0 0 0 0 0 0 0 15 16 0 0 0 0 0 0 0 0 0 0 0 0 0 
32 2 34 141 0 11 0 2 0 0 0 0 0 0 0 0 1 0 0 0 0 0 0 0 0 0 0 0 0 0 0 0 
138 4 99 192 6 42 0 6 0 0 0 0 0 0 0 0 7 1 0 0 0 0 0 0 0 0 0 0 0 0 0 0 
213 144 164 0 3 63 8 0 0 0 0 0 0 0 0 57 0 0 0 0 0 0 0 0 0 0 0 0 0 0 0 0 
222 145 190 0 7 44 2 0 0 0 0 0 0 0 0 59 0 0 0 0 0 0 0 0 0 0 0 0 0 0 0 0 
114 179 57 0 1 40 0 0 0 0 0 0 0 0 0 56 0 0 0 0 0 0 0 0 0 0 0 0 0 0 0 0 
122 152 143 0 0 57 1 0 0 0 0 0 0 0 0 36 0 0 0 0 0 0 0 0 0 0 0 0 0 0 0 0 
253 78 247 0 1 34 0 0 0 0 0 0 0 0 0 54 0 0 0 0 0 0 0 0 0 0 0 0 0 0 0 0 
104 66 59 0 13 66 0 0 0 0 0 0 0 0 0 15 64 0 0 0 0 0 0 0 0 0 0 0 0 0 0 0 
123 56 109 0 13 46 4 0 0 0 0 0 0 0 0 17 78 0 0 0 0 0 0 0 0 0 0 0 0 0 0 0 
226 33 173 0 32 99 1 0 0 0 0 0 0 0 0 11 81 0 0 0 0 0 0 0 0 0 0 0 0 0 0 0 
52 97 75 0 0 63 0 0 0 0 0 0 0 0 0 25 0 0 0 0 0 0 0 0 0 0 0 0 0 0 0 0 
52 26 125 0 7 27 0 0 0 0 0 0 0 0 0 1 2 0 0 0 0 0 0 0 0 0 0 0 0 0 0 0 
28 3 135 0 0 1 0 0 0 0 0 0 0 0 0 0 0 0 0 0 0 0 0 0 0 0 0 0 0 0 0 0 
14 9 113 0 0 5 0 0 0 0 0 0 0 0 0 1 0 0 0 0 0 0 0 0 0 0 0 0 0 0 0 0 
21 6 168 0 0 6 0 0 0 0 0 0 0 0 0 0 0 0 0 0 0 0 0 0 0 0 0 0 0 0 0 0 
38 2 175 0 0 2 0 0 0 0 0 0 0 0 0 0 0 0 0 0 0 0 0 0 0 0 0 0 0 0 0 0 
171 84 176 0 23 15 0 0 0 0 0 0 0 0 0 0 2 3 0 18 0 21 0 0 0 0 0 0 0 0 0 0 
191 279 59 0 23 30 0 0 0 0 0 0 0 0 0 0 1 25 0 38 0 39 0 0 0 0 0 0 0 0 0 0 
167 305 9 0 5 1 0 0 0 0 0 0 0 0 0 0 0 65 0 63 6 40 2 0 0 0 0 0 0 0 0 0 
166 203 49 0 29 7 0 0 0 0 0 0 0 0 0 0 0 30 0 10 0 25 0 0 0 0 0 0 0 0 0 0 
162 184 93 0 13 2 0 0 0 0 0 0 0 0 0 0 0 35 0 17 3 18 1 0 0 0 0 0 0 0 0 0 
141 213 22 0 7 7 0 0 0 0 0 0 0 0 0 0 0 34 0 6 0 24 0 0 0 0 0 0 0 0 0 0 
179 157 77 0 22 12 0 0 0 0 0 0 0 0 0 0 8 30 0 4 0 33 0 0 0 0 0 0 0 0 0 0 
177 156 81 0 32 37 0 0 0 0 0 0 0 0 0 0 17 61 0 0 0 6 0 0 0 0 0 0 0 0 0 0 
171 186 41 0 23 17 0 0 0 0 0 0 0 0 0 0 0 46 0 1 0 34 0 0 0 0 0 0 0 0 0 0 
68 105 44 0 21 0 0 0 0 0 0 0 0 0 0 0 0 10 0 0 0 4 0 0 0 0 0 0 0 0 0 0 
128 153 99 0 27 30 0 0 0 0 0 0 0 0 0 0 15 41 0 0 0 7 0 0 0 0 0 0 0 0 0 0 
152 157 178 0 6 0 0 0 0 0 0 0 0 0 0 0 0 16 0 11 3 48 3 0 1 0 0 0 0 0 0 0 
201 190 163 0 0 2 0 0 0 0 0 0 0 0 0 0 0 21 0 1 0 53 0 0 0 0 0 0 0 0 0 0 
138 181 74 1 2 6 7 0 0 0 0 0 0 0 0 0 0 33 0 10 0 25 0 0 0 0 0 0 0 2 0 0 
52 178 49 0 0 11 0 0 0 0 0 0 0 0 0 0 0 8 0 0 0 41 0 0 0 0 0 0 0 0 0 0 
80 136 129 0 1 19 0 0 0 0 0 0 0 0 0 0 0 1 0 0 0 40 0 0 0 5 0 0 0 0 0 0 
60 103 138 0 3 2 0 0 0 0 0 0 0 0 0 0 0 9 0 0 0 4 0 0 0 0 0 0 0 0 0 0 
