14 0 2 2 0 0 6 0 0 2 0 2 0 0 0 0 0 2 0 0 0 0 0 0 0 0 0 0 2 0 0 0 
14 0 2 2 0 0 6 0 0 2 0 2 0 0 0 0 0 2 0 0 0 0 0 0 0 0 0 0 2 0 0 0 
76 10 6 16 44 8 10 26 32 24 64 12 126 24 50 68 54 6 48 126 58 56 250 86 20 6 2 2 20 10 104 0 
76 10 6 16 44 8 10 26 32 24 64 12 126 24 50 68 54 6 48 126 58 56 250 86 20 6 2 2 20 10 104 0 
118 2 44 40 14 4 10 6 40 8 0 4 0 0 2 34 2 2 76 18 110 10 186 16 10 4 4 4 0 14 0 0 
118 2 44 40 14 4 10 6 40 8 0 4 0 0 2 34 2 2 76 18 110 10 186 16 10 4 4 4 0 14 0 0 
118 2 44 40 14 4 10 6 40 8 0 4 0 0 2 34 2 2 76 18 110 10 186 16 10 4 4 4 0 14 0 0 
118 2 44 40 14 4 10 6 40 8 0 4 0 0 2 34 2 2 76 18 110 10 186 16 10 4 4 4 0 14 0 0 
118 2 44 40 14 4 10 6 40 8 0 4 0 0 2 34 2 2 76 18 110 10 186 16 10 4 4 4 0 14 0 0 
118 2 44 40 14 4 10 6 40 8 0 4 0 0 2 34 2 2 76 18 110 10 186 16 10 4 4 4 0 14 0 0 
155 2 210 45 23 4 48 8 40 8 0 6 4 0 3 63 41 4 78 21 128 12 191 23 11 24 4 5 1 15 0 0 
118 2 44 40 14 4 10 6 40 8 0 4 0 0 2 34 2 2 76 18 110 10 186 16 10 4 4 4 0 14 0 0 
118 2 44 40 14 4 10 6 40 8 0 4 0 0 2 34 2 2 76 18 110 10 186 16 10 4 4 4 0 14 0 0 
233 119 136 161 360 415 158 119 178 217 170 126 255 555 579 710 295 955 614 1185 1105 1481 392 989 419 101 87 133 94 139 21 0 
76 8 4 8 24 14 6 4 6 2 22 96 8 80 40 14 2 4 104 30 56 96 104 94 24 0 0 6 6 2 0 0 
76 8 4 8 24 14 6 4 6 2 22 96 8 80 40 14 2 4 104 30 56 96 104 94 24 0 0 6 6 2 0 0 
62 5 2 24 12 8 3 3 5 1 11 49 4 40 20 7 1 2 68 16 32 59 54 49 12 0 0 7 15 1 0 0 
48 2 0 40 0 2 0 2 4 0 0 2 0 0 0 0 0 0 32 2 8 22 4 4 0 0 0 8 24 0 0 0 
48 2 0 40 0 2 0 2 4 0 0 2 0 0 0 0 0 0 32 2 8 22 4 4 0 0 0 8 24 0 0 0 
48 2 0 40 0 2 0 2 4 0 0 2 0 0 0 0 0 0 32 2 8 22 4 4 0 0 0 8 24 0 0 0 
48 2 0 40 0 2 0 2 4 0 0 2 0 0 0 0 0 0 32 2 8 22 4 4 0 0 0 8 24 0 0 0 
48 2 0 40 0 2 0 2 4 0 0 2 0 0 0 0 0 0 32 2 8 22 4 4 0 0 0 8 24 0 0 0 
641 48 95 96 94 102 74 143 185 86 73 89 102 601 346 467 180 138 982 510 659 740 2097 638 115 116 25 83 69 41 23 0 
484 18 20 14 24 10 8 14 128 14 40 54 14 72 154 60 20 22 420 196 210 228 766 178 16 20 6 14 28 18 2 0 
546 23 22 38 36 18 11 17 129 15 51 101 18 112 174 67 21 24 478 212 238 283 816 223 28 20 6 21 41 19 2 0 
484 18 20 14 24 10 8 14 128 14 40 54 14 72 154 60 20 22 420 196 210 228 766 178 16 20 6 14 28 18 2 0 
510 22 23 17 43 14 11 28 133 511 351 58 15 76 158 113 30 42 430 203 224 234 803 181 34 44 6 49 32 32 32 0 
484 18 20 14 24 10 8 14 128 14 40 54 14 72 154 60 20 22 420 196 210 228 766 178 16 20 6 14 28 18 2 0 
484 18 20 14 24 10 8 14 128 14 40 54 14 72 154 60 20 22 420 196 210 228 766 178 16 20 6 14 28 18 2 0 
484 18 20 14 24 10 8 14 128 14 40 54 14 72 154 60 20 22 420 196 210 228 766 178 16 20 6 14 28 18 2 0 
819 279 241 224 405 774 236 382 524 416 300 276 290 838 1052 873 557 508 2644 1854 2124 2662 2996 2342 626 200 70 394 390 179 107 0 
922 346 219 223 547 871 238 281 397 477 265 287 275 497 674 1023 949 2529 2202 2033 2005 2368 4964 1941 708 412 119 412 417 288 233 0 
867 232 217 440 428 1169 539 371 523 534 354 808 726 2335 3150 714 625 2384 1470 2494 1625 1646 2832 2296 851 1019 530 683 469 885 129 0 
122 10 14 36 38 18 14 19 13 27 30 41 27 21 75 61 65 78 126 283 118 160 657 133 42 54 25 379 55 3 8 0 
185 186 35 80 277 120 98 25 796 48 41 260 76 824 296 102 174 102 122 179 179 231 1769 266 129 24 46 446 160 129 20 0 
51 14 15 9 36 8 7 20 12 19 15 55 25 9 39 50 36 21 128 130 108 135 788 80 24 10 13 2 99 2 5 0 
40 14 14 6 30 6 2 16 10 8 12 54 18 6 24 34 32 8 46 92 90 72 678 54 16 8 10 0 96 2 4 0 
40 14 14 6 30 6 2 16 10 8 12 54 18 6 24 34 32 8 46 92 90 72 678 54 16 8 10 0 96 2 4 0 
40 14 14 6 30 6 2 16 10 8 12 54 18 6 24 34 32 8 46 92 90 72 678 54 16 8 10 0 96 2 4 0 
60 18 22 19 40 21 11 20 16 14 16 60 30 26 54 55 59 62 106 153 207 207 751 231 58 18 13 11 104 6 7 0 
434 108 116 256 163 608 150 106 134 92 212 132 225 1259 450 358 243 349 394 776 610 871 2690 1035 415 107 98 532 243 125 46 0 
1873 1192 1129 1417 1955 3646 1277 1244 1735 1813 1546 729 1176 3074 3586 4782 2552 2345 5107 7914 9602 11731 4659 9955 3535 835 503 1314 1662 715 410 0 
1937 1137 1304 1845 1987 4382 1453 1436 1478 1934 1751 905 1151 2992 3209 5169 2915 2949 5544 9345 9549 12411 7734 10848 3560 936 718 3449 1395 785 716 0 
18 10 19 6 12 14 0 8 5 20 6 2 1 8 77 23 17 5 63 65 67 70 278 52 13 3 6 32 2 6 4 0 
16 4 12 4 4 10 0 4 2 8 2 2 2 6 134 6 8 4 2 44 4 14 282 16 6 0 8 52 0 8 4 0 
16 4 12 4 4 10 0 4 2 8 2 2 2 6 134 6 8 4 2 44 4 14 282 16 6 0 8 52 0 8 4 0 
260 28 28 74 74 30 48 62 142 74 40 36 12 8 62 102 216 22 192 318 462 210 872 132 78 58 12 78 182 144 284 0 
260 28 28 74 74 30 48 62 142 74 40 36 12 8 62 102 216 22 192 318 462 210 872 132 78 58 12 78 182 144 284 0 
260 28 28 74 74 30 48 62 142 74 40 36 12 8 62 102 216 22 192 318 462 210 872 132 78 58 12 78 182 144 284 0 
260 28 28 74 74 30 48 62 142 74 40 36 12 8 62 102 216 22 192 318 462 210 872 132 78 58 12 78 182 144 284 0 
260 28 28 74 74 30 48 62 142 74 40 36 12 8 62 102 216 22 192 318 462 210 872 132 78 58 12 78 182 144 284 0 
260 28 28 74 74 30 48 62 142 74 40 36 12 8 62 102 216 22 192 318 462 210 872 132 78 58 12 78 182 144 284 0 
276 33 29 77 91 38 55 147 151 93 45 39 15 14 74 176 235 25 244 356 487 238 1274 176 120 60 13 80 185 146 285 0 
1269 653 756 1128 1218 2886 996 950 890 1345 1097 508 621 1281 2069 3761 2326 2235 4249 6872 6088 7197 6466 6908 2643 657 362 1231 1751 531 518 0 
100 30 26 23 18 29 19 88 12 173 30 76 10 26 26 29 30 21 48 53 25 74 246 48 23 19 4 251 109 180 46 0 
141 40 12 8 7 9 2 15 16 332 32 50 4 38 14 14 6 12 20 13 14 26 62 12 8 14 0 234 199 359 34 0 
160 45 28 20 27 66 2 21 22 342 34 55 9 176 43 8 13 15 24 16 18 29 77 36 11 24 7 281 322 343 107 0 
72 19 5 17 3 19 11 89 6 24 21 72 13 43 9 1 1 9 12 7 8 19 42 8 4 3 1 78 66 129 19 0 
110 30 2 12 4 12 2 16 12 46 18 52 12 78 16 24 6 12 24 12 12 30 66 16 8 4 0 134 100 296 16 0 
184 108 86 63 143 1240 372 54 101 37 49 78 81 179 196 226 149 435 210 298 442 466 1687 1401 290 51 16 114 54 77 94 0 
68 4 12 6 4 52 4 0 0 0 0 8 2 2 4 20 10 4 6 8 22 10 116 64 42 0 0 30 2 0 0 0 
68 4 12 6 4 52 4 0 0 0 0 8 2 2 4 20 10 4 6 8 22 10 116 64 42 0 0 30 2 0 0 0 
68 4 12 6 4 52 4 0 0 0 0 8 2 2 4 20 10 4 6 8 22 10 116 64 42 0 0 30 2 0 0 0 
68 4 12 6 4 52 4 0 0 0 0 8 2 2 4 20 10 4 6 8 22 10 116 64 42 0 0 30 2 0 0 0 
68 4 12 6 4 52 4 0 0 0 0 8 2 2 4 20 10 4 6 8 22 10 116 64 42 0 0 30 2 0 0 0 
68 4 12 6 4 52 4 0 0 0 0 8 2 2 4 20 10 4 6 8 22 10 116 64 42 0 0 30 2 0 0 0 
68 4 12 6 4 52 4 0 0 0 0 8 2 2 4 20 10 4 6 8 22 10 116 64 42 0 0 30 2 0 0 0 
68 4 12 6 4 52 4 0 0 0 0 8 2 2 4 20 10 4 6 8 22 10 116 64 42 0 0 30 2 0 0 0 
68 4 12 6 4 52 4 0 0 0 0 8 2 2 4 20 10 4 6 8 22 10 116 64 42 0 0 30 2 0 0 0 
82 6 77 29 22 55 15 12 1 3 0 28 4 15 16 35 26 6 34 22 63 23 224 89 47 1 11 33 7 2 3 0 
68 4 12 6 4 52 4 0 0 0 0 8 2 2 4 20 10 4 6 8 22 10 116 64 42 0 0 30 2 0 0 0 
68 4 12 6 4 52 4 0 0 0 0 8 2 2 4 20 10 4 6 8 22 10 116 64 42 0 0 30 2 0 0 0 
68 4 12 6 4 52 4 0 0 0 0 8 2 2 4 20 10 4 6 8 22 10 116 64 42 0 0 30 2 0 0 0 
68 4 12 6 4 52 4 0 0 0 0 8 2 2 4 20 10 4 6 8 22 10 116 64 42 0 0 30 2 0 0 0 
81 4 12 17 4 52 4 0 0 0 1 8 3 2 4 20 10 4 6 9 22 10 121 66 42 0 0 30 3 0 0 0 
18 38 13 8 19 8 8 32 26 53 12 7 5 33 20 42 69 33 163 86 107 76 788 208 45 32 3 9 20 6 127 0 
0 24 6 2 14 8 4 22 24 48 4 4 2 14 14 20 30 16 130 76 74 40 548 178 38 26 0 2 12 4 124 0 
0 24 6 2 14 8 4 22 24 48 4 4 2 14 14 20 30 16 130 76 74 40 548 178 38 26 0 2 12 4 124 0 
0 24 6 2 14 8 4 22 24 48 4 4 2 14 14 20 30 16 130 76 74 40 548 178 38 26 0 2 12 4 124 0 
0 24 6 2 14 8 4 22 24 48 4 4 2 14 14 20 30 16 130 76 74 40 548 178 38 26 0 2 12 4 124 0 
0 24 6 2 14 8 4 22 24 48 4 4 2 14 14 20 30 16 130 76 74 40 548 178 38 26 0 2 12 4 124 0 
0 24 6 2 14 8 4 22 24 48 4 4 2 14 14 20 30 16 130 76 74 40 548 178 38 26 0 2 12 4 124 0 
0 24 6 2 14 8 4 22 24 48 4 4 2 14 14 20 30 16 130 76 74 40 548 178 38 26 0 2 12 4 124 0 
0 24 6 2 14 8 4 22 24 48 4 4 2 14 14 20 30 16 130 76 74 40 548 178 38 26 0 2 12 4 124 0 
0 24 6 2 14 8 4 22 24 48 4 4 2 14 14 20 30 16 130 76 74 40 548 178 38 26 0 2 12 4 124 0 
0 24 6 2 14 8 4 22 24 48 4 4 2 14 14 20 30 16 130 76 74 40 548 178 38 26 0 2 12 4 124 0 
15 24 19 4 25 8 5 22 37 50 9 4 3 17 15 21 37 18 130 91 79 58 577 194 40 26 0 3 12 5 124 0 
39 13 26 6 21 16 25 30 82 102 45 48 9 26 33 29 39 42 136 131 84 63 617 226 70 41 6 9 38 12 133 0 
0 24 6 2 14 8 4 22 24 48 4 4 2 14 14 20 30 16 130 76 74 40 548 178 38 26 0 2 12 4 124 0 
0 24 6 2 14 8 4 22 24 48 4 4 2 14 14 20 30 16 130 76 74 40 548 178 38 26 0 2 12 4 124 0 
0 24 6 2 14 8 4 22 24 48 4 4 2 14 14 20 30 16 130 76 74 40 548 178 38 26 0 2 12 4 124 0 
0 24 6 2 14 8 4 22 24 48 4 4 2 14 14 20 30 16 130 76 74 40 548 178 38 26 0 2 12 4 124 0 
0 24 6 2 14 8 4 22 24 48 4 4 2 14 14 20 30 16 130 76 74 40 548 178 38 26 0 2 12 4 124 0 
0 24 6 2 14 8 4 22 24 48 4 4 2 14 14 20 30 16 130 76 74 40 548 178 38 26 0 2 12 4 124 0 
0 24 6 2 14 8 4 22 24 48 4 4 2 14 14 20 30 16 130 76 74 40 548 178 38 26 0 2 12 4 124 0 
0 24 6 2 14 8 4 22 24 48 4 4 2 14 14 20 30 16 130 76 74 40 548 178 38 26 0 2 12 4 124 0 
169 96 97 125 108 297 136 120 207 119 106 124 153 668 449 297 370 2051 539 596 718 1073 3023 795 309 145 83 183 86 109 153 0 
180 92 45 56 158 122 110 130 99 87 422 39 56 66 136 372 275 45 348 588 250 194 1786 478 122 57 36 39 72 151 354 0 
0 24 6 2 14 8 4 22 24 48 4 4 2 14 14 20 30 16 130 76 74 40 548 178 38 26 0 2 12 4 124 0 
0 24 6 2 14 8 4 22 24 48 4 4 2 14 14 20 30 16 130 76 74 40 548 178 38 26 0 2 12 4 124 0 
0 24 6 2 14 8 4 22 24 48 4 4 2 14 14 20 30 16 130 76 74 40 548 178 38 26 0 2 12 4 124 0 
0 24 6 2 14 8 4 22 24 48 4 4 2 14 14 20 30 16 130 76 74 40 548 178 38 26 0 2 12 4 124 0 
0 24 6 2 14 8 4 22 24 48 4 4 2 14 14 20 30 16 130 76 74 40 548 178 38 26 0 2 12 4 124 0 
79 50 30 64 43 43 33 64 40 114 67 14 9 28 60 103 101 30 208 190 312 91 1015 241 75 58 20 24 44 31 616 0 
0 24 6 2 14 8 4 22 24 48 4 4 2 14 14 20 30 16 130 76 74 40 548 178 38 26 0 2 12 4 124 0 
107 68 30 4 24 16 16 64 35 113 339 12 14 21 22 29 32 22 135 89 86 43 567 215 64 43 6 17 83 68 160 0 
1228 544 428 815 933 1939 708 695 601 805 789 510 550 1179 1884 2724 1923 2340 3963 4280 4367 5055 10345 5923 1529 771 247 863 1575 545 360 0 
2522 1377 1340 1808 2407 7319 1982 2091 1946 1867 1556 1102 1504 3061 4601 6569 3441 5265 7480 11866 12782 14716 15302 16707 6045 1125 465 1741 2145 1082 648 0 
47 7 1 3 6 4 6 2 0 4 2 0 0 2 0 10 2 0 6 5 2 5 18 3 5 10 1 1 2 2 0 0 
0 0 2 4 8 2 4 2 4 6 2 2 2 2 24 12 2 2 66 28 10 30 250 108 14 6 2 4 20 4 0 0 
162 83 87 238 209 431 146 86 175 166 82 54 80 238 450 938 276 154 827 599 1148 783 861 906 542 62 35 217 154 66 22 0 
1228 141 76 345 250 135 407 187 408 193 199 65 232 353 575 613 373 229 718 449 593 713 2559 846 413 247 62 100 264 84 50 0 
1162 94 52 320 236 76 356 164 220 102 174 30 44 64 298 528 316 112 682 364 524 652 2214 798 352 214 54 64 212 60 30 0 
1162 94 52 320 236 76 356 164 220 102 174 30 44 64 298 528 316 112 682 364 524 652 2214 798 352 214 54 64 212 60 30 0 
1162 94 52 320 236 76 356 164 220 102 174 30 44 64 298 528 316 112 682 364 524 652 2214 798 352 214 54 64 212 60 30 0 
1162 94 52 320 236 76 356 164 220 102 174 30 44 64 298 528 316 112 682 364 524 652 2214 798 352 214 54 64 212 60 30 0 
1162 94 52 320 236 76 356 164 220 102 174 30 44 64 298 528 316 112 682 364 524 652 2214 798 352 214 54 64 212 60 30 0 
1162 94 52 320 236 76 356 164 220 102 174 30 44 64 298 528 316 112 682 364 524 652 2214 798 352 214 54 64 212 60 30 0 
1162 94 52 320 236 76 356 164 220 102 174 30 44 64 298 528 316 112 682 364 524 652 2214 798 352 214 54 64 212 60 30 0 
1162 94 52 320 236 76 356 164 220 102 174 30 44 64 298 528 316 112 682 364 524 652 2214 798 352 214 54 64 212 60 30 0 
1174 98 52 320 236 77 357 165 220 157 175 30 45 64 306 538 317 112 685 369 526 653 2215 799 357 214 54 64 220 62 37 0 
1275 140 113 527 472 401 449 207 293 652 294 78 83 218 504 1127 429 179 1261 701 1168 1124 3222 1378 581 266 80 132 341 110 45 0 
1162 94 52 320 236 76 356 164 220 102 174 30 44 64 298 528 316 112 682 364 524 652 2214 798 352 214 54 64 212 60 30 0 
1162 94 52 320 236 76 356 164 220 102 174 30 44 64 298 528 316 112 682 364 524 652 2214 798 352 214 54 64 212 60 30 0 
1169 94 52 325 237 76 356 166 220 102 181 30 44 64 299 528 316 113 683 366 528 654 2231 800 352 214 54 64 212 61 30 0 
1399 110 128 415 307 97 477 386 235 126 241 41 62 109 364 681 498 141 912 530 670 811 2688 887 413 256 118 160 640 148 62 0 
2155 463 446 1390 1111 2415 948 654 969 886 896 385 719 1848 2189 3537 2091 2055 3769 4558 4650 5693 7897 5597 2051 659 255 1361 955 552 272 0 
1458 277 329 668 765 311 693 295 497 398 352 212 402 293 1023 1327 985 377 1277 1603 1311 1181 4870 1728 968 421 168 1165 460 246 191 0 
1798 549 357 869 1007 1310 1187 769 834 1014 1041 511 710 2441 1803 2498 1280 1246 3069 3358 3552 3787 11381 4432 2994 568 621 603 728 509 144 0 
2264 565 687 1306 1272 1909 995 898 1148 1351 1034 784 887 3316 3185 2638 3360 9681 3427 4655 4936 5990 11496 5955 2034 2586 1411 2558 1163 1783 430 0 
1466 254 322 527 734 445 462 381 292 418 350 184 237 443 820 1584 866 577 1839 1914 1986 1949 5196 2109 1201 943 127 605 1053 135 189 0 
1786 1800 678 911 1093 2251 1010 851 3657 1200 895 1440 709 2442 1855 2563 1837 869 2694 4672 4574 5332 9600 5604 2703 650 640 872 886 498 248 0 
3904 1875 1513 2638 2534 4831 3617 2621 2174 2936 2494 1344 1604 3752 5212 8297 4636 4334 9031 12206 12451 12897 19467 14901 6715 1440 996 2063 2541 1241 679 0 
355 39 72 92 118 69 90 151 55 57 30 28 16 44 140 364 195 141 374 369 388 418 1523 223 185 85 81 347 172 57 19 0 
304 32 68 87 102 42 74 130 38 39 28 24 12 26 106 262 180 66 330 330 276 317 1149 166 162 76 78 337 164 30 16 0 
302 32 68 86 102 42 74 130 38 38 28 24 12 26 108 260 180 66 330 330 276 316 1148 166 158 76 78 336 164 30 16 0 
302 32 68 86 102 42 74 130 38 38 28 24 12 26 108 260 180 66 330 330 276 316 1148 166 158 76 78 336 164 30 16 0 
341 34 74 88 102 35 81 130 41 38 28 28 12 28 108 261 180 68 331 331 278 317 1158 186 158 76 78 336 164 30 17 0 
302 32 68 86 102 42 74 130 38 38 28 24 12 26 108 260 180 66 330 330 276 316 1148 166 158 76 78 336 164 30 16 0 
965 274 549 559 666 372 299 460 220 457 267 140 186 247 820 1429 809 637 1552 1911 1417 1877 5292 1517 807 238 170 1138 1218 178 211 0 
1040 140 142 232 392 468 183 164 157 412 219 105 159 498 507 732 404 179 1122 1467 1209 1748 3308 1912 897 202 40 222 566 96 155 0 
968 115 113 219 295 172 112 105 107 458 170 69 84 197 316 676 419 179 1037 1349 999 1340 3121 1125 698 160 31 221 528 64 122 0 
1153 235 209 306 483 535 272 194 201 837 375 155 217 635 579 1110 567 373 1643 1862 1846 2209 4368 2245 1268 237 78 224 602 146 164 0 
1083 154 151 246 444 495 202 219 174 308 258 103 121 409 489 1030 464 390 1274 1640 1336 1900 3535 1964 1025 229 50 206 574 148 140 0 
1044 205 195 254 343 374 248 157 225 465 258 111 172 395 514 796 533 389 1330 1558 1200 1638 4322 1553 831 348 40 157 620 236 143 0 
1061 198 167 252 376 582 209 184 160 370 262 118 148 452 491 855 611 418 1337 1893 1458 1945 3903 1849 871 183 156 181 580 106 133 0 
1008 123 137 302 329 235 163 202 143 310 210 99 105 204 400 942 416 157 1203 1551 1012 1567 3856 1397 755 176 33 142 541 75 123 0 
1251 264 272 390 574 670 375 271 463 607 362 185 242 834 839 1280 805 370 1740 2455 2107 2568 6317 2884 1455 325 141 417 830 260 168 0 
2137 1030 691 1651 1638 2390 906 928 1118 2225 1597 765 983 2443 2943 4816 2812 2119 5293 7735 7835 10838 11981 9685 3165 1214 383 1608 1991 996 441 0 
2046 782 681 1114 1709 3386 1019 888 1042 1491 1153 690 743 1518 2274 4026 2638 2097 4651 6824 7557 8644 10374 8845 3473 1032 800 1521 2502 967 717 0 
2352 1114 1224 1740 2210 4661 1450 1301 1865 2118 1801 997 892 3047 3129 4806 2846 1710 6225 9355 9209 10627 9838 11049 5695 968 661 2877 1980 782 658 0 
0 0 0 0 0 0 0 0 0 0 0 0 0 0 0 0 0 0 0 0 0 0 0 0 0 0 0 0 0 0 0 0 
0 0 0 0 0 0 0 0 0 0 0 0 0 0 0 0 0 0 0 0 0 0 0 0 0 0 0 0 0 0 0 0 
0 0 0 0 0 0 0 0 0 0 0 0 0 0 0 0 0 0 0 0 0 0 0 0 0 0 0 0 0 0 0 0 
52 23 1 2 9 4 16 1 0 2 2 0 4 1 5 25 4 6 5 16 33 19 244 9 2 1 1 1 0 3 16 0 
104 46 2 4 18 8 32 2 0 4 4 0 8 2 10 50 8 12 10 32 66 38 488 18 4 2 2 2 0 6 32 0 
104 46 2 4 18 8 32 2 0 4 4 0 8 2 10 50 8 12 10 32 66 38 488 18 4 2 2 2 0 6 32 0 
104 46 2 4 18 8 32 2 0 4 4 0 8 2 10 50 8 12 10 32 66 38 488 18 4 2 2 2 0 6 32 0 
104 46 2 4 18 8 32 2 0 4 4 0 8 2 10 50 8 12 10 32 66 38 488 18 4 2 2 2 0 6 32 0 
104 46 2 4 18 8 32 2 0 4 4 0 8 2 10 50 8 12 10 32 66 38 488 18 4 2 2 2 0 6 32 0 
104 46 2 4 18 8 32 2 0 4 4 0 8 2 10 50 8 12 10 32 66 38 488 18 4 2 2 2 0 6 32 0 
300 86 65 148 120 38 446 195 101 36 83 22 36 55 109 183 82 23 320 226 297 219 1174 141 139 42 30 15 54 15 52 0 
104 46 2 4 18 8 32 2 0 4 4 0 8 2 10 50 8 12 10 32 66 38 488 18 4 2 2 2 0 6 32 0 
124 50 5 6 21 11 61 8 2 19 6 9 9 24 21 62 8 15 22 36 82 42 503 22 29 8 15 18 213 75 96 0 
104 46 2 4 18 8 32 2 0 4 4 0 8 2 10 50 8 12 10 32 66 38 488 18 4 2 2 2 0 6 32 0 
104 46 2 4 18 8 32 2 0 4 4 0 8 2 10 50 8 12 10 32 66 38 488 18 4 2 2 2 0 6 32 0 
0 0 0 2 2 0 8 0 2 0 2 0 0 0 0 0 0 0 0 0 0 0 0 0 24 0 0 0 0 0 0 0 
0 0 0 2 2 0 8 0 2 0 2 0 0 0 0 0 0 0 0 0 0 0 0 0 24 0 0 0 0 0 0 0 
43 3 8 36 35 2 253 11 23 6 54 9 3 2 1 4 2 3 5 7 4 4 45 6 313 6 1 2 2 3 4 0 
26 2 5 17 15 1 486 3 9 0 32 12 1 7 5 7 11 6 5 3 35 23 119 4 90 3 8 16 2 1 6 0 
10 0 0 2 0 0 36 4 0 0 4 0 0 0 0 0 0 0 0 0 0 0 0 0 18 0 2 0 0 0 0 0 
16 4 1 2 4 9 118 3 0 2 4 1 1 1 4 7 4 0 4 7 21 1 57 19 18 2 1 1 1 2 0 0 
22 8 2 2 8 18 200 2 0 4 4 2 2 2 8 14 8 0 8 14 42 2 114 38 18 4 0 2 2 4 0 0 
22 8 2 2 8 18 200 2 0 4 4 2 2 2 8 14 8 0 8 14 42 2 114 38 18 4 0 2 2 4 0 0 
22 8 2 2 8 18 200 2 0 4 4 2 2 2 8 14 8 0 8 14 42 2 114 38 18 4 0 2 2 4 0 0 
22 8 2 2 8 18 200 2 0 4 4 2 2 2 8 14 8 0 8 14 42 2 114 38 18 4 0 2 2 4 0 0 
23 9 38 2 7 17 106 4 2 18 13 10 34 73 33 165 26 19 10 48 55 60 166 26 17 8 66 29 41 50 13 0 
0 0 0 0 0 0 0 0 0 0 0 0 0 0 0 0 0 0 0 0 0 0 0 0 2 0 0 0 0 0 0 0 
0 0 0 0 0 0 0 0 0 0 0 0 0 0 0 0 0 0 0 0 0 0 0 0 2 0 0 0 0 0 0 0 
56 6 2 4 34 4 202 38 8 16 16 4 6 16 12 6 8 0 10 8 26 30 100 0 184 2 4 10 0 0 2 0 
56 6 2 4 34 4 202 38 8 16 16 4 6 16 12 6 8 0 10 8 26 30 100 0 184 2 4 10 0 0 2 0 
67 4 6 6 8 0 392 8 0 8 69 6 0 0 0 4 15 8 4 6 2 6 16 0 138 1 8 2 4 0 5 0 
62 4 4 4 8 0 368 8 0 8 68 6 0 0 0 2 14 8 4 6 2 6 14 0 120 0 8 2 4 0 4 0 
34 19 17 108 42 40 743 49 17 21 48 28 12 16 33 18 15 18 39 7 100 14 106 9 0 12 1 12 13 25 6 0 
102 8 14 11 68 11 1167 8 46 13 140 10 16 8 11 12 33 14 5 8 9 4 105 8 77 48 34 19 3 22 7 0 
80 5 13 8 49 9 807 5 23 11 75 10 9 5 8 8 26 9 4 6 8 3 66 5 64 25 34 16 2 16 5 0 
84 15 21 13 148 57 1066 22 8 12 33 32 3 9 13 15 35 13 12 9 92 12 147 48 69 35 24 11 4 16 6 0 
18 4 2 8 36 4 518 12 2 2 16 6 0 4 4 6 0 2 0 2 2 4 18 0 8 2 2 0 2 2 0 0 
1 0 0 0 0 0 1 0 0 0 0 0 1 0 0 0 0 0 0 0 0 0 0 0 0 0 0 0 0 0 0 0 
0 0 0 0 0 0 0 0 0 4 4 0 0 0 0 0 0 0 0 2 0 0 2 2 0 2 2 0 0 0 0 0 
0 0 0 0 0 0 0 0 0 4 4 0 0 0 0 0 0 0 0 2 0 0 2 2 0 2 2 0 0 0 0 0 
104 13 11 16 2 8 20 16 2 39 28 10 8 24 10 157 13 2 9 23 26 9 37 10 12 6 6 11 7 3 0 0 
178 10 4 2 2 2 36 10 0 72 36 4 0 4 0 2 6 0 6 4 22 6 16 6 20 2 4 2 6 2 0 0 
178 10 4 2 2 2 36 10 0 72 36 4 0 4 0 2 6 0 6 4 22 6 16 6 20 2 4 2 6 2 0 0 
178 10 4 2 2 2 36 10 0 72 36 4 0 4 0 2 6 0 6 4 22 6 16 6 20 2 4 2 6 2 0 0 
178 10 4 2 2 2 36 10 0 72 36 4 0 4 0 2 6 0 6 4 22 6 16 6 20 2 4 2 6 2 0 0 
178 10 4 2 2 2 36 10 0 72 36 4 0 4 0 2 6 0 6 4 22 6 16 6 20 2 4 2 6 2 0 0 
178 10 4 2 2 2 36 10 0 72 36 4 0 4 0 2 6 0 6 4 22 6 16 6 20 2 4 2 6 2 0 0 
178 10 4 2 2 2 36 10 0 72 36 4 0 4 0 2 6 0 6 4 22 6 16 6 20 2 4 2 6 2 0 0 
100 7 4 4 8 4 19 6 5 115 169 2 0 2 3 4 11 4 9 18 15 13 49 6 13 8 8 17 4 4 4 0 
12 2 4 6 6 6 0 2 8 146 202 0 0 0 4 4 6 2 0 2 0 0 6 2 2 12 2 8 2 6 4 0 
22 16 2 36 12 79 16 14 8 458 197 34 5 69 38 12 39 26 6 13 24 36 164 18 15 129 12 41 71 287 71 0 
16 4 0 26 3 62 6 3 0 427 61 2 1 4 4 1 9 6 5 7 2 3 63 21 8 33 4 6 4 71 16 0 
0 2 0 26 2 62 6 0 0 426 58 2 0 4 4 0 6 2 0 4 2 2 26 6 6 32 2 6 4 70 8 0 
38 7 0 27 11 65 7 1 0 470 224 3 2 20 13 4 12 19 3 13 10 7 59 8 7 192 8 51 6 109 22 0 
0 2 0 26 2 62 6 0 0 426 58 2 0 4 4 0 6 2 0 4 2 2 26 6 6 32 2 6 4 70 8 0 
0 2 0 26 2 62 6 0 0 426 58 2 0 4 4 0 6 2 0 4 2 2 26 6 6 32 2 6 4 70 8 0 
0 2 0 26 2 62 6 0 0 426 58 2 0 4 4 0 6 2 0 4 2 2 26 6 6 32 2 6 4 70 8 0 
181 71 134 105 73 406 84 75 79 575 303 89 109 309 264 144 140 506 223 303 371 557 340 571 150 178 82 277 627 353 77 0 
49 6 0 1 10 3 1 2 0 46 171 1 3 16 9 5 9 21 8 12 8 6 70 17 2 165 7 45 2 40 14 0 
76 10 0 2 18 6 2 2 0 90 334 2 4 32 18 8 12 34 6 18 16 10 66 4 2 320 12 90 4 78 28 0 
76 10 0 2 18 6 2 2 0 90 334 2 4 32 18 8 12 34 6 18 16 10 66 4 2 320 12 90 4 78 28 0 
76 10 0 2 18 6 2 2 0 90 334 2 4 32 18 8 12 34 6 18 16 10 66 4 2 320 12 90 4 78 28 0 
76 10 0 2 18 6 2 2 0 90 334 2 4 32 18 8 12 34 6 18 16 10 66 4 2 320 12 90 4 78 28 0 
76 10 0 2 18 6 2 2 0 90 334 2 4 32 18 8 12 34 6 18 16 10 66 4 2 320 12 90 4 78 28 0 
4 0 0 0 0 0 0 2 0 0 0 20 0 0 0 0 0 0 0 0 0 0 0 2 0 0 0 0 0 0 2 0 
128 5 2 5 12 8 67 0 0 286 116 1 2 0 43 12 8 0 72 20 7 7 95 14 3 14 9 56 0 73 16 0 
128 2 2 2 12 6 6 0 0 200 102 0 2 0 42 12 6 0 66 16 4 6 82 12 0 10 8 52 0 68 6 0 
128 2 2 2 12 6 6 0 0 200 102 0 2 0 42 12 6 0 66 16 4 6 82 12 0 10 8 52 0 68 6 0 
128 2 2 2 12 6 6 0 0 200 102 0 2 0 42 12 6 0 66 16 4 6 82 12 0 10 8 52 0 68 6 0 
128 2 2 2 12 6 6 0 0 200 102 0 2 0 42 12 6 0 66 16 4 6 82 12 0 10 8 52 0 68 6 0 
137 5 2 15 15 38 10 0 0 486 219 1 2 3 46 15 9 1 66 21 7 7 95 19 2 25 9 66 2 87 16 0 
128 2 2 2 12 6 6 0 0 200 102 0 2 0 42 12 6 0 66 16 4 6 82 12 0 10 8 52 0 68 6 0 
128 2 2 2 12 6 6 0 0 200 102 0 2 0 42 12 6 0 66 16 4 6 82 12 0 10 8 52 0 68 6 0 
128 2 2 2 12 6 6 0 0 200 102 0 2 0 42 12 6 0 66 16 4 6 82 12 0 10 8 52 0 68 6 0 
128 2 2 2 12 6 6 0 0 200 102 0 2 0 42 12 6 0 66 16 4 6 82 12 0 10 8 52 0 68 6 0 
128 2 2 2 12 6 6 0 0 200 102 0 2 0 42 12 6 0 66 16 4 6 82 12 0 10 8 52 0 68 6 0 
128 2 2 2 12 6 6 0 0 200 102 0 2 0 42 12 6 0 66 16 4 6 82 12 0 10 8 52 0 68 6 0 
128 2 2 2 12 6 6 0 0 200 102 0 2 0 42 12 6 0 66 16 4 6 82 12 0 10 8 52 0 68 6 0 
294 194 104 135 135 57 52 49 58 298 168 28 99 285 213 414 379 48 609 463 340 199 1154 475 109 88 29 98 49 130 37 0 
240 167 149 223 269 1192 230 551 240 850 353 161 298 1190 584 724 716 438 918 1564 1791 2284 1339 1998 650 248 91 274 210 232 44 0 
24 2 4 4 9 0 2 0 0 106 58 11 0 2 0 0 1 0 6 5 2 0 4 0 6 4 3 3 1 3 99 0 
171 64 66 20 32 68 13 12 53 825 772 25 31 135 55 18 17 11 13 187 45 26 144 24 21 70 15 149 76 328 89 0 
216 52 104 50 52 56 11 13 34 974 743 19 31 78 41 71 31 40 19 111 57 25 162 50 22 114 24 124 74 227 43 0 
230 9 13 29 5 38 12 47 2 292 174 3 4 10 5 41 9 5 2 39 5 4 34 12 9 71 18 26 9 62 44 0 
12 2 0 0 0 0 4 0 0 8 20 0 0 0 0 2 0 0 0 8 0 0 0 0 0 0 2 2 0 2 4 0 
153 5 1 26 2 32 12 45 0 240 88 2 0 3 1 2 6 2 0 32 2 0 12 6 2 12 4 5 2 30 35 0 
62 4 2 0 0 2 4 2 2 14 38 0 0 2 0 2 2 0 0 2 0 6 8 2 2 4 0 6 2 14 0 0 
172 5 2 26 2 33 11 46 1 238 87 2 0 4 1 1 7 2 0 27 2 3 16 7 3 14 2 6 3 36 31 0 
0 0 0 0 0 0 0 0 0 1 0 0 0 0 0 0 0 0 0 0 0 0 0 0 0 0 0 0 0 1 0 0 
0 0 0 0 2 0 0 0 0 6 4 0 0 0 2 0 0 0 0 0 0 0 2 0 0 2 0 2 0 0 2 0 
0 1 0 0 2 0 0 0 0 19 8 0 0 0 3 0 0 0 0 2 0 0 1 3 0 1 0 3 0 1 1 0 
0 2 0 0 2 0 0 1 1 33 6 1 0 0 0 0 0 0 1 2 1 1 3 2 0 1 0 0 0 3 1 0 
0 2 0 0 2 0 0 0 0 32 4 0 0 0 0 0 0 0 0 0 0 0 0 2 0 0 0 0 0 2 0 0 
0 2 0 12 3 0 0 1 0 50 10 0 0 0 0 0 0 0 0 0 0 0 1 2 0 0 1 0 1 2 1 0 
103 37 51 28 30 40 9 9 29 436 445 13 19 75 35 11 10 9 7 96 28 17 100 19 13 47 11 85 58 442 33 0 
146 46 2 26 18 0 4 6 8 312 190 8 32 24 4 10 10 2 6 22 62 4 92 16 6 14 0 16 2 12 26 0 
148 46 2 26 18 0 4 4 8 312 190 8 32 24 4 10 10 2 6 22 62 4 92 16 6 14 0 16 2 12 26 0 
146 46 2 26 18 0 4 6 8 312 190 8 32 24 4 10 10 2 6 22 62 4 92 16 6 14 0 16 2 12 26 0 
146 46 2 26 18 0 4 6 8 312 190 8 32 24 4 10 10 2 6 22 62 4 92 16 6 14 0 16 2 12 26 0 
146 46 2 26 18 0 4 6 8 312 190 8 32 24 4 10 10 2 6 22 62 4 92 16 6 14 0 16 2 12 26 0 
146 46 2 26 18 0 4 6 8 312 190 8 32 24 4 10 10 2 6 22 62 4 92 16 6 14 0 16 2 12 26 0 
146 46 2 26 18 0 4 6 8 312 190 8 32 24 4 10 10 2 6 22 62 4 92 16 6 14 0 16 2 12 26 0 
146 46 2 26 18 0 4 6 8 312 190 8 32 24 4 10 10 2 6 22 62 4 92 16 6 14 0 16 2 12 26 0 
146 46 2 26 18 0 4 6 8 312 190 8 32 24 4 10 10 2 6 22 62 4 92 16 6 14 0 16 2 12 26 0 
146 46 2 26 18 0 4 6 8 312 190 8 32 24 4 10 10 2 6 22 62 4 92 16 6 14 0 16 2 12 26 0 
146 46 2 26 18 0 4 6 8 312 190 8 32 24 4 10 10 2 6 22 62 4 92 16 6 14 0 16 2 12 26 0 
146 46 2 26 18 0 4 6 8 312 190 8 32 24 4 10 10 2 6 22 62 4 92 16 6 14 0 16 2 12 26 0 
249 154 23 62 83 142 32 67 63 620 1294 28 56 97 70 190 121 57 88 466 412 327 251 314 73 109 8 145 49 251 46 0 
219 137 31 99 319 69 165 51 163 319 214 148 81 63 177 210 150 60 123 409 547 329 1215 251 101 57 20 67 30 113 43 0 
325 27 6 44 14 7 22 7 10 430 302 20 19 15 8 32 8 2 12 40 44 11 174 19 15 26 2 17 32 43 45 0 
0 2 0 4 0 2 0 0 6 0 0 0 0 0 8 4 0 0 2 2 0 2 0 0 0 0 0 0 0 0 0 0 
2 4 1 3 0 1 2 1 4 1 0 1 2 0 5 3 5 0 2 4 1 4 3 2 2 0 0 1 1 1 1 0 
18 12 1 7 4 5 2 3 10 1 0 1 2 0 319 9 11 2 12 22 17 14 79 10 24 0 0 1 1 1 3 0 
31 22 24 28 27 15 26 12 25 23 13 4 25 34 233 27 17 25 36 129 61 33 197 37 42 20 1 9 9 21 4 0 
34 10 20 26 19 14 29 9 14 27 0 1 3 10 22 10 1 1 12 10 1 16 30 13 5 6 0 5 6 4 0 0 
48 0 2 12 0 20 20 0 4 32 0 0 2 0 0 4 2 0 0 2 0 4 12 6 0 0 0 0 6 0 0 0 
48 0 2 12 0 20 20 0 4 32 0 0 2 0 0 4 2 0 0 2 0 4 12 6 0 0 0 0 6 0 0 0 
48 0 2 12 0 20 20 0 4 32 0 0 2 0 0 4 2 0 0 2 0 4 12 6 0 0 0 0 6 0 0 0 
48 0 2 12 0 20 20 0 4 32 0 0 2 0 0 4 2 0 0 2 0 4 12 6 0 0 0 0 6 0 0 0 
48 0 2 12 0 20 20 0 4 32 0 0 2 0 0 4 2 0 0 2 0 4 12 6 0 0 0 0 6 0 0 0 
48 0 2 12 0 20 20 0 4 32 0 0 2 0 0 4 2 0 0 2 0 4 12 6 0 0 0 0 6 0 0 0 
48 0 2 12 0 20 20 0 4 32 0 0 2 0 0 4 2 0 0 2 0 4 12 6 0 0 0 0 6 0 0 0 
286 33 60 143 62 326 62 8 98 24 4 27 24 34 277 143 46 16 57 228 59 101 204 151 44 31 3 144 22 5 14 0 
266 14 56 130 46 302 44 4 80 18 4 26 18 18 26 118 26 8 48 22 8 60 152 48 10 24 2 140 18 0 12 0 
266 14 56 130 46 302 44 4 80 18 4 26 18 18 26 118 26 8 48 22 8 60 152 48 10 24 2 140 18 0 12 0 
266 14 56 130 46 302 44 4 80 18 4 26 18 18 26 118 26 8 48 22 8 60 152 48 10 24 2 140 18 0 12 0 
409 72 89 187 108 591 194 36 277 61 36 73 68 110 145 410 126 74 198 261 205 318 1136 2273 210 44 18 175 142 63 27 0 
291 25 75 138 66 317 65 13 94 29 4 27 35 153 58 127 51 23 128 40 12 75 250 62 51 31 4 153 21 7 12 0 
266 14 56 130 46 302 44 4 80 18 4 26 18 18 26 118 26 8 48 22 8 60 152 48 10 24 2 140 18 0 12 0 
266 14 56 130 46 302 44 4 80 18 4 26 18 18 26 118 26 8 48 22 8 60 152 48 10 24 2 140 18 0 12 0 
266 14 56 130 46 302 44 4 80 18 4 26 18 18 26 118 26 8 48 22 8 60 152 48 10 24 2 140 18 0 12 0 
266 14 56 130 46 302 44 4 80 18 4 26 18 18 26 118 26 8 48 22 8 60 152 48 10 24 2 140 18 0 12 0 
290 14 57 134 46 310 54 4 80 32 4 26 19 18 26 118 27 8 48 23 8 62 158 51 10 24 2 140 21 0 12 0 
266 14 56 130 46 302 44 4 80 18 4 26 18 18 26 118 26 8 48 22 8 60 152 48 10 24 2 140 18 0 12 0 
278 14 56 118 46 302 44 4 80 18 4 26 18 18 26 118 26 8 48 22 8 60 152 48 10 24 2 140 18 0 12 0 
407 88 104 248 610 816 462 124 173 168 102 356 245 596 528 291 136 411 258 312 341 475 2807 1545 275 144 107 406 104 278 46 0 
585 277 315 427 454 1076 278 338 353 444 242 245 390 507 833 1887 881 736 1114 1699 1432 2028 3551 1865 680 778 395 432 431 509 282 0 
725 304 366 511 572 3217 1242 281 412 365 487 368 414 802 1006 1197 568 501 1658 2030 2073 2500 7381 5412 812 190 169 578 414 329 130 0 
360 8 4 2 0 46 4 20 0 84 232 8 16 36 22 2 2 2 8 14 2 0 4 50 0 6 20 76 2 14 12 0 
360 8 4 2 0 46 4 20 0 84 232 8 16 36 22 2 2 2 8 14 2 0 4 50 0 6 20 76 2 14 12 0 
360 8 4 2 0 46 4 20 0 84 232 8 16 36 22 2 2 2 8 14 2 0 4 50 0 6 20 76 2 14 12 0 
368 8 4 2 0 46 4 24 2 84 232 8 22 53 26 2 3 3 8 14 3 1 6 50 9 6 20 76 15 14 12 0 
360 8 4 2 0 46 4 20 0 84 232 8 16 36 22 2 2 2 8 14 2 0 4 50 0 6 20 76 2 14 12 0 
360 8 4 2 0 46 4 20 0 84 232 8 16 36 22 2 2 2 8 14 2 0 4 50 0 6 20 76 2 14 12 0 
364 80 58 77 256 228 121 132 214 112 389 118 724 2596 1278 83 104 123 176 223 156 167 846 273 133 145 145 315 123 297 41 0 
9 1 1 0 1 1 0 0 1 4 9 23 4 5 2 1 0 8 0 17 1 2 4 12 2 31 35 19 1 6 0 0 
0 0 0 0 0 0 0 0 0 6 4 0 0 0 0 0 0 0 0 4 2 0 6 2 0 2 0 2 0 0 0 0 
63 3 5 29 5 3 1 34 0 338 65 1 5 16 4 10 6 2 5 7 4 1 20 9 0 14 5 30 1 41 17 0 
95 48 48 54 116 77 22 36 18 48 45 104 39 22 254 76 69 104 230 69 61 50 223 25 48 51 10 890 127 69 269 0 
82 38 40 44 106 68 14 28 14 42 36 96 28 16 50 40 62 84 212 48 16 18 116 8 18 42 8 238 132 64 248 0 
139 44 56 53 126 81 19 40 26 48 40 162 31 22 52 52 75 106 235 54 21 27 147 8 28 44 77 303 174 71 303 0 
122 45 80 46 114 83 18 34 15 78 48 185 34 17 60 58 66 120 215 56 23 19 129 12 24 65 144 303 272 83 274 0 
168 39 68 104 112 59 29 26 40 147 40 174 30 25 37 37 70 89 147 43 24 30 153 18 36 53 90 371 207 64 251 0 
42 2 8 2 14 18 2 8 18 8 2 104 2 4 0 14 20 28 10 4 2 16 24 0 6 2 136 84 56 6 48 0 
37 6 9 7 43 55 1 9 20 14 19 67 5 43 17 21 16 29 26 22 25 56 139 26 16 65 83 297 34 8 71 0 
273 127 148 186 203 242 191 129 184 301 127 139 108 431 378 778 386 174 585 852 829 702 2090 837 206 95 64 387 386 144 163 0 
261 95 100 171 171 110 54 43 83 267 66 151 60 83 127 63 97 117 153 178 116 120 505 80 96 85 63 1097 241 107 515 0 
244 61 102 125 165 63 47 30 53 271 70 126 51 41 48 39 64 85 117 91 35 23 183 35 54 69 48 582 433 89 303 0 
22 1 7 3 7 2 1 0 1 1 0 9 0 4 1 2 2 6 19 3 1 1 11 0 3 0 1 3 77 3 34 0 
52 20 27 16 56 10 16 5 4 29 9 65 10 19 16 14 16 27 45 26 18 9 68 9 33 4 3 143 136 18 104 0 
17 2 3 2 17 0 0 0 1 6 6 1 0 2 0 3 2 5 7 4 3 1 18 1 2 2 0 1 24 1 26 0 
3 1 0 0 11 0 0 0 0 10 30 0 0 1 0 1 0 1 3 2 2 0 11 2 3 3 0 1 0 0 1 0 
0 0 0 0 0 0 0 0 0 10 48 0 0 2 0 0 0 0 2 0 0 0 0 2 4 2 0 0 0 0 0 0 
12 1 0 0 0 0 0 0 1 14 30 0 1 2 0 0 1 0 1 0 0 0 1 1 2 5 0 0 1 1 7 0 
24 2 0 0 0 0 0 0 2 18 12 0 2 2 0 0 2 0 0 0 0 0 2 0 0 8 0 0 2 2 14 0 
12 1 0 0 0 0 0 1 2 10 8 1 1 1 0 0 1 0 1 2 1 1 4 0 0 5 0 0 1 2 8 0 
0 0 0 0 1 0 0 1 1 31 3 1 0 0 0 0 0 0 1 3 1 1 4 0 0 2 0 0 0 1 2 0 
37 19 18 21 27 26 8 24 21 38 13 10 58 25 63 56 110 652 89 131 133 231 345 110 75 14 8 23 60 14 7 0 
0 2 4 2 0 0 0 0 0 80 4 0 0 0 2 2 8 42 4 4 2 12 122 4 2 2 0 0 0 2 0 0 
0 2 4 2 0 0 0 0 0 80 4 0 0 0 2 2 8 42 4 4 2 12 122 4 2 2 0 0 0 2 0 0 
465 440 336 435 353 1164 317 335 311 595 613 244 450 2259 1593 1201 2902 13229 1399 1422 2333 3387 9778 2192 909 527 332 1006 604 566 136 0 
319 225 154 169 180 355 237 163 408 388 287 227 339 3527 1180 629 667 3437 821 913 1543 1507 3095 1327 1883 200 107 310 305 456 68 0 
172 37 53 2 8 108 5 11 8 187 171 5 30 32 31 8 9 34 3 17 17 12 119 26 9 79 32 95 35 109 27 0 
344 72 78 13 31 138 16 37 35 273 605 26 46 160 139 30 31 70 18 82 42 30 273 49 50 304 49 130 80 315 66 0 
244 34 14 8 22 34 16 28 18 218 434 26 46 134 118 24 24 62 6 44 18 18 190 28 62 408 34 94 24 332 56 0 
261 38 37 10 24 36 18 31 24 218 543 27 50 149 120 27 29 63 7 49 30 20 200 31 62 423 35 100 25 340 60 0 
244 34 14 8 22 34 16 28 18 218 434 26 46 134 118 24 24 62 6 44 18 18 190 28 62 408 34 94 24 332 56 0 
17 5 23 2 2 2 2 3 6 21 115 1 4 15 2 3 5 1 3 5 12 2 13 5 0 17 1 7 1 9 6 0 
16 2 0 0 0 0 0 1 0 19 9 0 0 0 0 0 1 0 2 0 0 0 6 2 0 3 0 2 4 10 28 0 
32 2 0 0 0 0 0 2 0 28 6 0 0 0 0 0 2 0 0 0 0 0 6 0 0 2 0 2 8 18 52 0 
32 2 0 0 0 0 0 2 0 28 6 0 0 0 0 0 2 0 0 0 0 0 6 0 0 2 0 2 8 18 52 0 
32 2 0 0 0 0 0 2 0 28 6 0 0 0 0 0 2 0 0 0 0 0 6 0 0 2 0 2 8 18 52 0 
86 2 51 32 6 12 0 32 0 293 55 0 2 0 2 9 3 3 2 4 1 1 12 6 2 5 1 7 0 7 12 0 
20 0 48 2 2 10 0 0 0 8 20 0 0 0 2 0 0 0 0 2 0 0 6 0 2 0 0 6 0 0 4 0 
0 2 0 2 3 0 1 0 0 22 14 0 0 1 4 1 0 0 22 7 0 2 10 5 0 8 1 1 0 6 17 0 
0 4 0 4 7 0 2 0 0 52 82 0 0 2 6 3 2 0 45 12 0 4 31 8 0 17 2 3 2 25 36 0 
0 4 0 4 7 0 2 0 0 58 83 0 0 2 7 3 2 0 45 13 0 4 31 9 0 18 2 4 2 26 38 0 
6 2 0 2 4 1 1 0 0 27 17 0 0 1 3 1 0 0 23 7 0 2 13 4 0 8 1 0 0 6 19 0 
12 0 0 0 2 2 0 0 0 22 8 0 0 0 0 0 0 0 2 2 0 0 6 0 0 2 0 0 0 2 8 0 
150 7 0 1 3 4 1 2 0 62 469 1 1 2 0 1 5 2 8 3 10 0 10 3 0 7 1 1 2 8 20 0 
0 0 0 0 2 0 0 0 0 6 2 0 0 0 0 0 0 0 0 2 0 0 2 0 0 0 0 0 0 2 2 0 
10 2 0 0 0 0 0 0 0 42 14 0 0 0 0 0 0 0 0 0 0 0 2 0 2 2 0 0 6 0 0 0 
12 2 0 1 0 1 1 3 1 63 103 1 0 0 0 0 2 0 0 3 1 0 9 2 1 3 1 4 4 6 23 0 
0 1 0 12 1 1 1 0 1 31 31 0 0 0 0 0 0 0 0 1 1 0 3 2 0 2 0 0 1 1 2 0 
0 0 0 12 1 0 0 0 0 34 29 0 0 0 0 0 0 0 1 1 1 1 2 1 0 5 0 1 0 1 3 0 
157 20 13 11 41 5 5 9 4 13 55 15 3 6 14 49 13 13 314 51 93 62 2 53 61 13 6 8 2 4 4 0 
314 40 26 22 83 11 10 18 8 46 104 30 6 13 29 98 26 26 632 102 184 122 7 108 125 37 12 19 4 9 8 0 
266 124 212 86 106 568 122 66 128 88 208 132 188 508 432 214 252 1000 352 532 712 1056 346 1034 220 162 112 378 128 170 20 0 
266 124 212 86 106 568 122 66 128 88 208 132 188 508 432 214 252 1000 352 532 712 1056 346 1034 220 162 112 378 128 170 20 0 
56 0 0 0 2 2 0 0 0 88 36 0 4 4 4 8 8 2 0 2 4 4 40 2 0 0 2 6 2 4 28 0 
56 0 0 0 2 2 0 0 0 88 36 0 4 4 4 8 8 2 0 2 4 4 40 2 0 0 2 6 2 4 28 0 
56 0 0 0 2 2 0 0 0 88 36 0 4 4 4 8 8 2 0 2 4 4 40 2 0 0 2 6 2 4 28 0 
56 0 0 0 2 2 0 0 0 88 36 0 4 4 4 8 8 2 0 2 4 4 40 2 0 0 2 6 2 4 28 0 
56 0 0 0 2 2 0 0 0 88 36 0 4 4 4 8 8 2 0 2 4 4 40 2 0 0 2 6 2 4 28 0 
327 247 185 419 325 894 455 229 246 392 265 190 230 561 1037 1744 1033 295 1144 1761 2129 1574 2797 2282 526 145 156 373 561 145 344 0 
179 35 31 18 121 100 29 31 75 124 844 41 21 174 145 66 69 95 28 120 89 73 406 39 20 505 27 144 56 374 191 0 
59 11 4 5 15 12 0 5 7 171 240 8 4 8 7 13 10 5 4 8 19 5 42 7 19 18 5 28 3 25 41 0 
118 20 8 6 30 22 0 8 6 186 346 16 8 16 10 24 14 10 8 16 38 10 80 12 38 32 10 46 6 44 76 0 
0 0 0 0 0 0 0 0 0 6 2 0 0 0 0 0 0 0 0 0 0 0 0 0 0 4 0 0 0 0 0 0 
0 2 0 0 0 0 0 2 0 22 22 4 0 0 0 10 4 0 0 4 2 2 36 2 0 2 2 0 0 2 4 0 
0 2 0 0 0 0 0 2 0 22 22 4 0 0 0 10 4 0 0 4 2 2 36 2 0 2 2 0 0 2 4 0 
0 2 0 13 1 0 2 1 0 34 15 3 0 0 0 5 6 1 0 4 1 1 20 1 0 2 2 0 0 11 28 0 
0 2 0 26 2 0 4 0 0 46 8 2 0 0 0 0 8 2 0 4 0 0 4 0 0 2 2 0 0 20 52 0 
21 5 1 15 7 3 19 0 1 274 36 5 4 4 1 0 6 6 2 9 7 1 15 6 6 9 4 5 12 35 34 0 
20 2 0 0 4 2 4 0 0 494 36 8 0 0 0 0 2 6 0 10 6 0 8 8 0 12 0 6 6 10 14 0 
20 2 0 0 4 2 4 0 0 494 36 8 0 0 0 0 2 6 0 10 6 0 8 8 0 12 0 6 6 10 14 0 
156 101 36 51 81 493 113 32 105 137 175 68 115 445 278 133 55 86 162 251 294 379 96 984 153 122 27 76 53 185 31 0 
285 192 66 98 146 968 196 64 192 264 186 134 222 876 554 262 106 166 320 490 578 746 166 1961 292 234 48 146 88 326 54 0 
282 192 66 98 146 968 196 64 192 264 186 134 222 876 554 262 106 166 320 490 578 746 166 1964 292 234 48 146 88 326 54 0 
282 192 66 98 146 968 196 64 192 264 186 134 222 876 554 262 106 166 320 490 578 746 166 1964 292 234 48 146 88 326 54 0 
282 192 66 98 146 968 196 64 192 264 186 134 222 876 554 262 106 166 320 490 578 746 166 1964 292 234 48 146 88 326 54 0 
0 2 0 0 0 0 0 0 0 6 8 0 0 0 0 0 0 0 0 0 0 0 2 0 0 2 0 0 0 0 0 0 
44 0 2 0 2 8 0 2 2 44 30 0 0 26 18 2 0 2 2 2 0 0 22 6 2 10 4 8 4 6 6 0 
58 9 2 1 6 18 3 9 10 45 38 12 52 151 161 18 9 11 9 14 10 12 77 11 28 13 6 15 8 9 8 0 
0 0 0 1 0 0 0 0 0 18 66 0 0 0 0 1 0 0 0 0 0 0 2 1 0 0 0 0 0 1 2 0 
134 36 52 26 66 60 96 62 40 84 114 118 30 184 112 124 54 36 252 258 600 178 1348 204 158 42 64 60 38 28 26 0 
283 96 109 92 154 302 162 140 130 241 186 250 80 383 458 450 153 91 475 676 1023 647 2297 729 407 74 83 127 98 220 37 0 
85 8 16 26 58 40 14 23 12 29 19 104 8 115 43 19 11 13 63 156 71 38 374 49 24 23 3 5 25 19 14 0 
124 12 20 16 102 12 26 10 18 58 36 32 16 192 64 30 22 22 122 302 136 76 724 72 42 26 4 6 42 8 28 0 
124 12 20 16 102 12 26 10 18 58 36 32 16 192 64 30 22 22 122 302 136 76 724 72 42 26 4 6 42 8 28 0 
124 12 20 16 102 12 26 10 18 58 36 32 16 192 64 30 22 22 122 302 136 76 724 72 42 26 4 6 42 8 28 0 
203 48 49 39 147 31 34 49 45 72 52 82 27 221 147 102 136 41 342 517 233 178 1412 124 76 32 30 42 54 12 35 0 
298 30 336 972 164 122 156 104 242 38 64 162 50 94 70 76 20 36 18 24 12 34 100 30 32 44 44 106 30 130 14 0 
300 30 334 972 164 122 156 104 242 38 64 162 50 94 70 76 20 36 18 24 12 34 100 30 32 44 44 106 30 130 14 0 
451 151 425 1400 299 631 278 198 524 368 206 392 988 7862 3447 350 1513 608 224 234 247 379 1669 376 200 322 230 415 209 979 66 0 
286 34 204 998 175 517 173 85 280 104 70 180 41 119 81 79 19 45 81 37 39 137 181 44 54 45 53 436 209 635 21 0 
97 22 44 17 65 282 77 240 199 33 9 144 18 55 17 36 4 14 11 22 70 44 131 31 49 44 17 26 14 14 30 0 
124 6 22 6 18 432 36 16 238 26 4 10 0 50 20 26 4 12 10 24 38 34 32 32 16 6 10 14 14 4 6 0 
329 211 170 176 358 2064 304 150 348 305 231 254 282 789 730 672 325 433 722 1009 1391 1360 2753 1930 826 113 65 198 159 302 129 0 
424 260 206 537 321 1239 410 271 385 420 345 316 403 1631 927 1155 831 335 1091 2208 1963 1983 5097 2316 1275 142 128 311 288 371 116 0 
2718 1031 927 1651 1478 4046 1377 1226 1456 1559 1561 926 1048 3153 3147 4832 2479 4998 5600 8449 9629 10555 10255 10556 3825 826 419 1397 1237 846 590 0 
5700 1968 2218 3140 3354 7657 3350 3529 3464 3341 3194 2694 2786 7388 6858 10240 5182 6305 11781 16598 17986 20304 26626 22109 9215 1717 1993 3349 3461 1938 964 0 
2073 592 597 855 906 2149 746 857 838 823 949 648 769 2110 2470 2762 2133 3451 3128 4671 5747 5985 11472 5899 2137 783 221 690 622 642 298 0 
3072 514 514 803 674 4461 1031 779 803 553 1040 860 755 2581 1711 2421 1382 1895 2397 3717 4305 4320 19663 6497 3644 555 203 608 854 765 300 0 
2822 314 427 642 502 1064 516 679 489 480 618 659 577 1939 1173 2153 979 1148 1837 3136 3651 3178 9225 3666 1194 346 123 436 591 467 238 0 
2722 292 318 606 448 1010 494 640 470 390 594 578 552 1830 1090 1894 856 1008 1674 2952 3368 2882 8758 3438 1136 328 106 352 532 436 222 0 
2722 292 318 606 448 1010 494 640 470 390 594 578 552 1830 1090 1894 856 1008 1674 2952 3368 2882 8758 3438 1136 328 106 352 532 436 222 0 
2777 322 336 633 537 1121 517 672 505 447 654 603 589 2034 1312 1997 968 1392 1872 3170 3703 3262 9163 3834 1223 354 112 396 571 479 240 0 
2735 303 322 610 455 1013 516 644 471 391 598 580 561 1853 1105 1910 868 1011 1683 2958 3373 2896 8803 3458 1151 329 106 355 551 470 223 0 
2863 318 362 642 500 1027 521 691 483 415 641 638 610 1842 1142 1942 930 1065 1790 3072 3485 2983 9378 3524 1161 335 112 362 549 443 236 0 
2863 318 362 642 500 1027 521 691 483 415 641 638 610 1842 1142 1942 930 1065 1790 3072 3485 2983 9378 3524 1161 335 112 362 549 443 236 0 
2755 328 324 621 460 1013 499 657 491 395 610 582 554 1834 1134 1923 893 1015 1740 2988 3407 2919 9154 3461 1149 332 109 357 537 446 225 0 
2722 292 318 606 448 1010 494 640 470 390 594 578 552 1830 1090 1894 856 1008 1674 2952 3368 2882 8758 3438 1136 328 106 352 532 436 222 0 
2844 346 376 715 561 1261 586 734 593 605 758 662 687 2074 1291 2192 1027 1082 2028 3713 3908 3489 10687 4210 1345 398 140 451 696 550 274 0 
2722 292 318 606 448 1010 494 640 470 390 594 578 552 1830 1090 1894 856 1008 1674 2952 3368 2882 8758 3438 1136 328 106 352 532 436 222 0 
2935 350 459 862 562 1129 623 745 524 560 729 708 611 1972 1248 2331 1136 1198 2080 3551 3841 3425 10335 3859 1284 366 134 486 639 489 259 0 
3383 712 731 1286 1163 2984 1163 1210 936 1019 1235 944 1072 2986 2680 4184 2080 3910 4133 6298 7512 7630 12755 7571 2595 809 308 1709 1230 849 406 0 
1788 354 413 845 665 906 822 932 444 657 694 470 508 1366 1120 1903 1138 1044 1957 3342 3279 2828 7805 3483 1552 437 176 441 518 442 388 0 
402 72 178 138 178 192 128 350 66 184 98 199 99 157 211 458 371 254 563 713 568 560 2213 584 258 56 38 195 150 65 56 0 
584 120 302 171 254 169 322 296 108 231 127 348 148 312 308 703 420 429 644 734 809 865 2162 701 215 97 44 216 195 88 71 0 
981 606 565 991 1023 1983 590 873 815 669 721 510 466 1449 1512 2206 1395 1092 2557 3761 4746 4856 5894 4858 2821 374 262 525 738 436 237 0 
282 52 88 72 108 38 54 110 26 50 94 132 116 24 112 112 152 114 244 252 246 206 1304 184 54 14 12 20 38 14 28 0 
282 52 88 72 108 38 54 110 26 50 94 132 116 24 112 112 152 114 244 252 246 206 1304 184 54 14 12 20 38 14 28 0 
312 59 96 97 121 69 93 122 37 76 101 135 142 81 155 166 176 144 316 296 369 349 1717 411 82 25 20 31 53 74 39 0 
11 4 0 2 4 4 2 4 25 11 20 2 6 15 5 6 4 0 9 12 6 7 51 12 4 17 0 2 0 2 8 0 
6 0 0 4 0 1 0 1 0 10 7 0 3 15 9 2 2 0 4 3 0 0 13 4 0 20 0 3 1 2 6 0 
11 0 0 16 1 1 0 0 0 20 7 0 0 0 5 2 1 0 1 2 0 0 13 3 0 3 4 1 2 2 3 0 
10 0 0 24 2 0 0 0 0 32 8 0 0 0 0 0 0 0 0 0 0 0 2 0 0 0 8 0 2 4 4 0 
0 0 0 0 0 0 0 0 0 2 4 0 0 0 0 0 0 0 0 0 0 0 0 2 0 0 0 0 0 0 0 0 
0 3 1 1 1 0 0 0 1 60 39 0 0 0 1 2 2 0 4 6 2 0 7 2 1 10 1 9 0 4 25 0 
0 2 1 1 1 0 1 0 0 32 33 1 0 0 1 0 2 0 4 4 4 0 5 2 3 6 2 10 0 11 14 0 
0 1 0 0 0 0 0 0 0 35 3 0 0 0 1 1 0 0 0 1 0 0 0 2 0 2 0 1 0 1 2 0 
0 2 0 2 0 0 0 0 0 148 188 4 0 0 24 2 8 0 0 4 6 0 4 6 0 8 0 12 0 10 26 0 
0 2 0 2 0 0 0 0 0 148 188 4 0 0 24 2 8 0 0 4 6 0 4 6 0 8 0 12 0 10 26 0 
0 2 0 2 0 0 0 0 0 148 188 4 0 0 24 2 8 0 0 4 6 0 4 6 0 8 0 12 0 10 26 0 
0 2 0 2 0 0 0 0 0 148 188 4 0 0 24 2 8 0 0 4 6 0 4 6 0 8 0 12 0 10 26 0 
0 2 0 2 0 0 0 0 0 148 188 4 0 0 24 2 8 0 0 4 6 0 4 6 0 8 0 12 0 10 26 0 
20 4 5 7 10 6 6 3 6 159 212 5 2 6 45 23 15 2 21 74 25 30 183 51 7 12 9 16 6 11 27 0 
4 1 1 0 1 0 0 2 0 17 7 0 0 0 1 1 0 0 1 2 0 0 2 3 0 5 1 1 0 6 4 0 
0 0 0 2 0 0 122 0 0 10 10 0 0 0 0 0 4 0 12 4 0 2 20 0 4 2 0 2 4 22 2 0 
114 2 1 1 2 1 0 2 2 35 53 1 0 1 3 1 1 1 5 5 0 0 9 13 2 4 1 11 1 6 2 0 
78 2 2 0 8 4 0 0 0 120 54 0 0 0 2 2 2 0 0 8 2 2 6 0 0 8 4 66 2 54 16 0 
74 2 2 0 8 4 0 0 0 120 58 0 0 0 2 2 2 0 0 8 2 2 6 0 0 8 4 66 2 54 16 0 
74 2 2 0 8 4 0 0 0 120 58 0 0 0 2 2 2 0 0 8 2 2 6 0 0 8 4 66 2 54 16 0 
55 25 29 28 33 39 28 32 13 18 17 9 23 14 61 83 89 30 101 125 93 133 169 84 298 13 10 252 403 53 31 0 
14 2 0 0 2 0 0 0 0 4 2 0 2 0 0 0 2 2 0 2 0 0 4 0 14 0 0 6 10 0 4 0 
14 2 0 0 2 0 0 0 0 4 2 0 2 0 0 0 2 2 0 2 0 0 4 0 14 0 0 6 10 0 4 0 
80 42 43 24 34 29 18 36 11 24 124 8 10 17 33 90 35 17 72 106 119 101 640 82 57 11 1 88 29 14 7 0 
46 8 68 2 12 4 0 2 0 84 470 2 2 12 14 2 10 2 2 10 26 12 80 16 4 26 2 22 4 30 72 0 
46 8 68 2 12 4 0 2 0 84 470 2 2 12 14 2 10 2 2 10 26 12 80 16 4 26 2 22 4 30 72 0 
46 8 68 2 12 4 0 2 0 84 470 2 2 12 14 2 10 2 2 10 26 12 80 16 4 26 2 22 4 30 72 0 
46 8 68 2 12 4 0 2 0 84 470 2 2 12 14 2 10 2 2 10 26 12 80 16 4 26 2 22 4 30 72 0 
46 8 68 2 12 4 0 2 0 84 470 2 2 12 14 2 10 2 2 10 26 12 80 16 4 26 2 22 4 30 72 0 
40 0 2 6 4 4 0 4 18 32 14 2 0 2 6 8 24 4 10 12 16 4 170 24 26 6 2 0 6 0 0 0 
40 0 2 6 4 4 0 4 18 32 14 2 0 2 6 8 24 4 10 12 16 4 170 24 26 6 2 0 6 0 0 0 
40 0 2 6 4 4 0 4 18 32 14 2 0 2 6 8 24 4 10 12 16 4 170 24 26 6 2 0 6 0 0 0 
20 0 1 3 2 2 0 2 9 17 8 1 0 1 3 4 13 2 5 7 8 2 85 12 13 3 1 0 3 0 0 0 
354 111 151 94 106 524 86 76 85 752 564 89 120 303 258 151 165 528 256 330 402 561 519 566 169 322 93 374 100 536 118 0 
124 4 26 26 12 72 12 6 2 514 254 2 0 6 10 12 12 8 8 24 22 10 152 18 24 42 16 126 6 152 60 0 
124 4 26 26 12 72 12 6 2 514 254 2 0 6 10 12 12 8 8 24 22 10 152 18 24 42 16 126 6 152 60 0 
124 4 26 26 12 72 12 6 2 514 254 2 0 6 10 12 12 8 8 24 22 10 152 18 24 42 16 126 6 152 60 0 
124 4 26 26 12 72 12 6 2 514 254 2 0 6 10 12 12 8 8 24 22 10 152 18 24 42 16 126 6 152 60 0 
124 4 26 26 12 72 12 6 2 516 256 2 0 6 10 12 12 8 8 25 22 10 153 19 24 43 17 126 6 152 60 0 
124 4 26 26 12 72 12 6 2 514 254 2 0 6 10 12 12 8 8 24 22 10 152 18 24 42 16 126 6 152 60 0 
300 83 137 84 114 496 136 63 115 723 375 85 104 455 326 147 164 575 227 495 382 587 515 563 152 158 198 536 113 388 101 0 
30 0 0 16 2 6 0 0 2 160 38 12 0 0 10 0 0 2 2 0 2 2 0 2 0 2 0 0 0 4 14 0 
6 4 1 0 3 0 0 22 17 85 27 2 1 2 3 2 8 1 2 5 2 6 12 2 0 7 3 10 3 9 16 0 
0 0 0 3 66 0 61 0 0 13 12 0 0 0 8 2 3 0 9 5 0 1 36 6 2 9 0 3 3 2 5 0 
0 0 0 2 67 0 0 0 0 93 25 1 1 12 8 2 4 1 4 6 0 0 31 6 1 13 0 7 3 3 9 0 
20 2 1 1 10 2 2 13 32 181 16 5 0 0 0 5 11 6 1 0 3 2 6 5 0 3 2 20 5 8 5 0 
5 0 0 16 5 2 0 2 16 161 18 2 0 0 1 2 4 0 2 1 0 0 5 3 0 6 1 12 1 5 10 0 
0 0 0 16 1 2 0 0 0 76 14 1 0 0 3 0 2 0 2 4 5 4 11 1 7 6 0 3 0 1 7 0 
0 10 24 36 12 12 6 16 10 512 322 16 0 2 18 24 38 6 28 40 18 18 210 16 38 20 10 28 14 36 82 0 
0 10 24 36 12 12 6 16 10 512 322 16 0 2 18 24 38 6 28 40 18 18 210 16 38 20 10 28 14 36 82 0 
22 10 25 37 12 21 6 17 10 518 323 16 0 2 18 24 38 7 28 42 18 19 210 16 38 49 11 32 29 37 85 0 
0 10 24 36 12 12 6 16 10 512 322 16 0 2 18 24 38 6 28 40 18 18 210 16 38 20 10 28 14 36 82 0 
0 10 24 36 12 12 6 16 10 512 322 16 0 2 18 24 38 6 28 40 18 18 210 16 38 20 10 28 14 36 82 0 
9 0 0 0 1 0 0 0 0 8 7 0 0 0 0 0 1 0 0 0 0 6 2 5 0 1 0 4 1 1 2 0 
62 8 0 0 6 2 0 8 0 126 80 47 2 2 4 4 8 2 2 4 2 4 18 4 8 22 2 8 4 0 4 0 
58 6 0 0 6 2 0 8 0 124 80 42 2 2 4 4 8 2 2 4 2 4 18 4 8 22 2 8 4 0 4 0 
32 5 0 0 4 2 1 7 34 65 41 24 2 3 3 2 4 5 3 3 3 4 11 3 4 11 1 4 2 1 2 0 
318 20 12 32 64 186 350 56 342 318 32 236 34 536 246 96 88 52 60 140 196 224 252 216 50 40 98 640 74 168 44 0 
272 20 10 34 40 82 10 40 358 288 116 232 62 616 292 92 102 98 62 90 196 216 164 192 48 212 70 236 34 298 28 0 
336 39 22 45 64 102 19 50 382 275 524 244 68 649 323 164 125 155 70 119 203 235 326 210 67 507 82 290 50 451 75 0 
486 62 34 78 102 315 206 100 928 376 141 389 517 843 1129 144 198 186 113 193 269 257 524 305 129 245 163 601 117 415 53 0 
639 93 60 94 127 461 400 148 1267 483 113 520 653 997 1240 200 242 205 125 254 314 287 757 383 221 172 645 988 329 620 68 0 
311 25 17 18 20 110 361 56 422 173 21 258 89 535 261 48 61 60 17 45 51 38 180 76 90 39 626 762 197 401 23 0 
575 170 276 324 216 471 334 499 1027 910 91 628 272 1210 729 567 811 469 501 1131 809 776 1749 875 443 95 100 273 356 133 79 0 
330 60 118 82 36 280 196 44 248 510 16 328 42 596 286 114 214 408 58 32 80 148 622 130 132 40 18 42 24 20 22 0 
272 77 196 114 96 292 211 71 198 400 51 204 88 556 470 460 633 289 323 941 510 533 1343 566 289 42 35 100 162 46 40 0 
0 1 0 0 0 0 0 0 0 11 3 0 0 0 0 0 0 0 1 0 0 0 0 1 0 2 0 0 0 1 1 0 
0 7 4 17 11 6 4 6 10 178 122 18 0 2 17 20 10 1 40 34 17 12 202 18 38 9 5 5 10 62 146 0 
0 2 0 0 0 0 0 0 0 20 38 2 0 0 0 0 0 0 0 2 0 0 6 2 0 8 0 2 0 0 4 0 
11 112 2 0 1 22 1 1 0 24 28 4 0 0 7 1 2 0 1 7 1 1 10 22 3 17 2 2 3 7 11 0 
0 0 0 0 1 0 0 1 0 15 3 1 0 0 1 0 2 0 1 1 1 12 10 0 0 0 1 0 0 0 4 0 
11 5 7 3 9 323 20 2 2 83 26 27 3 33 26 15 10 22 13 68 33 46 69 309 36 5 6 37 9 44 7 0 
0 2 2 4 6 6 2 4 8 226 152 2 0 0 4 2 10 0 0 2 4 0 8 4 0 10 8 60 0 70 8 0 
27 9 5 28 2 4 17 3 16 97 78 5 15 2 4 5 5 0 1 6 2 2 12 7 24 8 2 8 0 24 14 0 
0 1 0 0 5 0 0 0 1 22 8 0 0 0 0 0 2 0 0 2 1 0 2 1 0 19 0 5 1 2 5 0 
10 5 0 7 2 4 1 0 4 148 64 5 0 0 4 2 4 1 0 5 3 1 7 6 0 37 0 10 4 9 25 0 
0 0 0 0 0 0 0 0 0 16 2 0 0 0 0 2 0 0 0 0 0 0 0 2 0 2 0 0 0 0 4 0 
3 0 0 0 1 0 1 0 0 16 15 0 0 0 0 2 0 0 0 0 0 1 2 2 0 2 0 0 0 0 5 0 
63 8 60 6 29 41 30 22 24 57 223 16 11 26 28 30 15 25 18 53 8 47 242 25 14 44 5 26 15 34 26 0 
6 1 1 9 39 17 2 0 1 87 38 14 1 10 6 0 1 2 2 9 3 2 13 13 0 4 1 2 1 22 11 0 
0 3 1 0 1 0 0 0 0 25 11 1 0 0 1 0 1 0 2 8 1 0 10 15 0 6 2 10 18 10 5 0 
0 3 1 1 9 0 0 0 1 59 17 1 0 6 1 1 0 0 1 4 1 1 9 5 0 9 4 9 18 10 18 0 
26 0 6 4 8 10 20 8 4 32 148 4 0 6 4 8 10 6 24 30 16 20 414 30 8 20 2 16 20 24 10 0 
0 2 0 24 2 62 6 0 0 396 50 2 0 4 2 0 4 0 0 2 2 0 10 6 2 18 2 2 0 32 6 0 
0 2 0 24 2 62 6 0 0 396 50 2 0 4 2 0 4 0 0 2 2 0 10 6 2 18 2 2 0 32 6 0 
