933 786 866 808 823 686 635 547 576 614 579 115 0 0 0 0 0 0 0 0 0 0 0 0 0 0 0 0 0 0 0 0 
739 1233 638 667 889 799 779 956 942 1094 1332 228 0 0 0 0 0 0 0 0 0 0 0 0 0 0 0 0 0 0 0 0 
578 666 521 603 880 978 430 559 558 746 303 95 0 0 0 0 0 0 0 0 0 0 0 0 0 0 0 0 0 0 0 0 
466 583 1422 826 822 983 1233 698 1228 717 1292 118 0 0 0 0 0 0 0 0 0 0 0 0 0 0 0 0 0 0 0 0 
1018 903 465 509 521 574 858 510 634 543 772 67 0 0 0 0 0 0 0 0 0 0 0 0 0 0 0 0 0 0 0 0 
1008 800 921 1077 899 908 998 652 1131 525 689 105 0 0 0 0 0 0 0 0 0 0 0 0 0 0 0 0 0 0 0 0 
883 785 953 1228 703 952 1070 756 786 850 802 169 0 0 0 0 0 0 0 0 0 0 0 0 0 0 0 0 0 0 0 0 
692 1608 1501 1345 1133 1196 979 844 1253 1003 1791 287 0 0 0 0 0 0 0 0 0 0 0 0 0 0 0 0 0 0 0 0 
939 768 1019 935 1183 722 1142 982 997 1139 855 356 0 0 0 0 0 0 0 0 0 0 0 0 0 0 0 0 0 0 0 0 
474 446 572 570 942 397 582 792 624 841 805 222 0 0 0 0 0 0 0 0 0 0 0 0 0 0 0 0 0 0 0 0 
661 1049 1118 1063 819 1028 977 683 645 884 904 196 0 0 0 0 0 0 0 0 0 0 0 0 0 0 0 0 0 0 0 0 
573 439 579 799 576 614 661 384 745 547 504 362 0 0 0 0 0 0 0 0 0 0 0 0 0 0 0 0 0 0 0 0 
499 596 1148 851 732 746 575 637 735 725 1205 174 0 0 0 0 0 0 0 0 0 0 0 0 0 0 0 0 0 0 0 0 
898 854 1042 1111 709 904 554 1010 950 670 1005 337 0 0 0 0 0 0 0 0 0 0 0 0 0 0 0 0 0 0 0 0 
435 614 575 786 778 691 633 430 658 486 837 61 0 0 0 0 0 0 0 0 0 0 0 0 0 0 0 0 0 0 0 0 
