933 243 80 0 0 0 0 0 0 0 343 104 66 34 194 0 100 98 0 0 0 0 42 0 84 0 0 0 0 0 0 0 
885 139 45 0 0 0 0 0 0 0 394 30 93 34 67 0 132 0 0 0 0 42 42 0 42 0 0 0 0 0 0 0 
1111 136 82 0 0 0 0 0 0 0 566 30 0 102 0 86 138 34 0 0 0 0 42 0 42 0 0 0 0 0 0 0 
1152 35 0 0 0 0 0 0 0 0 582 0 0 76 0 0 204 0 0 68 0 0 0 0 0 0 0 0 0 0 0 0 
1044 157 39 0 0 0 0 0 0 0 452 0 134 42 76 0 148 0 0 102 0 0 0 0 0 0 0 0 0 0 0 0 
1035 196 0 0 0 0 0 0 0 0 352 60 216 42 76 42 182 0 0 0 0 0 0 0 0 0 0 0 0 0 0 0 
1017 45 36 0 0 0 0 0 0 0 520 0 34 76 76 106 38 0 0 0 0 0 0 0 42 0 0 0 0 0 0 0 
840 404 0 0 0 0 0 0 0 0 308 30 150 164 76 114 72 0 0 42 0 42 0 0 0 0 0 0 0 0 0 0 
783 119 0 0 0 0 0 0 0 0 370 0 30 72 0 42 144 0 0 34 0 0 0 0 0 0 0 0 0 0 0 0 
1059 141 36 0 0 0 0 0 0 0 450 30 34 136 0 38 284 34 0 0 0 0 0 0 0 0 0 0 0 0 0 0 
793 0 321 30 0 0 0 0 0 0 390 0 34 0 0 220 96 0 0 0 0 116 0 0 0 36 0 0 0 0 0 0 
788 100 230 64 0 0 0 0 0 0 252 0 62 34 0 128 176 0 0 102 0 132 0 40 0 64 0 0 0 0 0 0 
852 98 36 30 0 0 0 0 0 0 311 0 88 34 38 106 38 101 0 0 0 32 0 0 42 36 0 0 0 0 0 0 
778 298 108 0 0 0 0 0 0 0 216 60 34 176 38 228 0 38 0 0 0 84 0 0 42 0 0 0 0 0 0 0 
1180 91 101 0 0 0 0 0 0 0 276 52 352 0 120 115 32 66 0 134 0 82 0 0 0 0 0 0 0 0 0 0 
670 135 36 0 0 0 0 0 0 0 249 0 61 0 143 38 38 101 0 33 0 41 0 0 42 0 0 0 0 0 0 0 
859 360 72 35 0 0 0 0 0 0 346 33 231 0 100 210 38 34 62 0 0 0 0 0 83 0 0 0 0 0 0 0 
865 65 0 0 0 0 0 0 0 0 335 158 130 0 0 0 198 0 0 0 32 32 0 0 0 0 0 0 0 0 0 0 
713 191 39 0 0 0 0 0 0 0 279 276 92 20 28 125 0 0 0 0 0 0 0 0 0 0 0 0 0 0 0 0 
839 38 0 35 0 0 0 0 0 0 348 187 63 0 0 0 80 0 62 0 0 0 0 0 65 0 0 0 0 0 0 0 
1016 0 0 35 0 0 0 0 0 0 391 279 34 0 0 0 76 0 62 0 0 0 0 0 0 0 0 0 0 0 0 0 
791 57 111 154 0 0 0 0 0 0 265 206 100 0 0 30 0 0 176 76 0 0 40 0 0 0 0 0 0 0 0 0 
953 126 0 0 0 0 0 0 0 0 252 384 0 28 70 79 76 0 0 0 0 0 0 0 0 0 0 0 0 0 0 0 
945 72 48 0 0 0 0 0 0 0 240 299 192 0 0 79 32 0 36 0 0 0 0 0 0 0 0 0 0 0 0 0 
772 418 0 0 0 0 0 0 0 0 291 138 0 170 38 155 114 0 0 0 0 99 0 0 0 0 0 0 0 0 0 0 
1008 75 0 0 0 0 0 0 0 0 262 316 162 30 0 76 38 0 0 0 0 0 0 0 0 0 0 0 0 0 0 0 
1165 70 0 0 0 0 0 0 0 0 232 543 0 34 102 32 0 0 0 42 0 0 0 0 0 0 0 0 0 0 0 0 
979 85 0 49 0 0 0 0 0 0 258 364 101 0 0 0 0 0 101 30 42 0 0 0 0 0 0 0 0 0 0 0 
873 184 72 79 0 0 0 0 0 0 243 250 0 0 38 106 76 0 148 38 0 76 0 0 0 0 0 0 0 0 0 0 
430 0 109 78 87 0 0 0 0 0 112 66 0 0 0 0 34 24 0 0 143 64 106 64 52 0 0 0 0 0 0 0 
605 263 0 0 0 0 0 0 0 0 235 162 196 0 76 0 0 39 0 0 0 64 0 0 0 0 0 0 0 0 0 0 
833 390 0 0 0 0 0 0 0 0 301 30 128 136 210 0 0 0 114 0 84 0 0 0 0 0 0 0 0 0 0 0 
832 651 50 0 0 0 0 0 0 0 487 0 127 109 182 37 33 0 0 0 98 42 0 41 0 0 0 0 37 0 0 0 
680 429 0 0 0 0 0 0 0 0 345 0 128 68 150 0 0 34 80 0 42 42 0 0 0 0 0 0 0 0 0 0 
379 434 44 0 0 0 0 0 0 0 208 0 242 34 174 0 34 0 0 0 38 0 0 0 0 0 0 0 0 0 0 0 
668 480 0 0 0 0 0 0 0 0 214 52 0 303 34 0 0 0 0 170 118 42 0 0 0 0 0 0 0 0 0 0 
751 351 50 0 0 0 0 0 0 0 389 0 0 277 0 71 0 0 0 34 76 42 0 0 0 0 0 0 0 0 0 0 
731 260 114 0 0 0 0 0 0 0 336 0 0 308 0 0 102 64 0 0 0 0 0 0 0 0 0 0 0 0 0 0 
815 172 124 93 0 0 0 0 0 0 263 0 0 310 0 0 0 34 90 42 76 42 38 0 0 0 0 0 0 0 0 0 
853 174 123 49 0 0 0 0 0 0 306 0 0 300 0 0 34 34 0 0 105 42 38 0 0 0 0 0 0 0 0 0 
1134 74 32 49 0 0 0 0 0 0 637 0 0 126 0 0 0 0 0 0 38 42 76 0 0 0 0 0 0 0 0 0 
390 298 252 119 0 0 0 0 0 0 230 0 0 178 0 175 0 0 148 0 0 91 0 0 0 0 34 0 0 0 0 0 
390 236 151 226 0 0 0 0 0 0 230 0 0 123 0 136 0 0 130 0 0 147 0 0 0 0 0 0 0 0 0 0 
503 479 398 70 0 0 0 0 0 0 230 29 165 84 29 228 24 0 132 0 0 211 0 0 0 0 0 0 0 0 0 0 
680 406 0 36 0 0 0 0 0 0 309 0 52 300 29 0 0 33 0 102 0 0 0 0 0 0 0 0 0 0 0 0 
787 345 73 0 0 0 0 0 0 0 360 0 0 289 90 0 0 34 34 0 68 0 0 0 0 0 0 0 0 0 0 0 
1039 223 76 44 0 0 0 0 0 0 469 34 0 320 29 0 0 98 132 0 0 0 0 0 0 0 0 0 0 0 0 0 
526 471 218 36 0 0 0 0 0 0 286 0 0 164 30 34 30 0 227 102 0 144 0 0 0 0 0 0 0 0 0 0 
567 482 65 0 0 0 0 0 0 0 275 0 0 74 318 0 0 189 0 0 0 0 0 0 0 0 0 0 0 0 0 0 
834 244 85 156 0 0 0 0 0 0 440 0 0 166 90 0 27 0 134 0 101 0 0 0 0 0 0 0 0 0 0 0 
399 281 209 27 0 0 0 0 0 0 243 0 0 175 29 0 28 0 103 0 68 170 0 0 0 0 0 0 0 0 0 0 
872 64 35 137 0 0 0 0 0 0 463 0 0 58 0 0 0 98 140 0 0 0 76 0 0 0 0 0 0 0 0 0 
768 104 293 144 0 0 0 0 0 0 320 0 0 137 0 85 0 34 196 0 72 42 76 0 0 0 0 0 0 0 0 0 
646 253 286 242 0 0 0 0 0 0 294 0 0 88 99 132 0 0 261 0 94 0 76 42 0 0 0 0 0 0 0 0 
543 115 290 310 0 0 0 0 0 0 232 0 0 0 30 0 0 192 331 0 34 38 76 0 0 0 0 0 0 0 0 0 
480 274 121 88 0 0 0 0 0 0 352 0 0 164 29 0 0 32 208 0 0 0 0 0 0 0 0 0 0 0 0 0 
440 502 320 44 0 0 0 0 0 0 203 0 0 229 149 0 91 32 197 0 0 75 0 42 0 0 0 0 0 0 0 0 
717 120 144 95 0 0 0 0 0 0 220 30 216 86 0 68 38 0 136 0 38 0 0 0 0 0 0 0 0 0 0 0 
877 317 105 0 0 0 0 0 0 0 260 0 240 42 0 154 246 38 0 0 0 0 0 0 0 36 0 0 0 0 0 0 
875 79 153 0 0 0 0 0 0 0 392 0 30 0 0 76 174 38 0 136 0 0 0 0 0 0 0 0 0 0 0 0 
662 572 117 0 0 0 0 0 0 0 232 30 358 0 0 38 228 106 0 38 0 0 0 0 0 0 0 0 0 0 0 0 
592 193 504 62 0 0 0 0 0 0 276 0 52 0 0 250 128 152 0 192 0 0 0 0 0 40 0 0 0 0 0 0 
799 35 215 0 0 0 0 0 0 0 384 0 0 34 0 164 188 0 0 34 0 0 0 0 0 0 0 0 0 0 0 0 
935 178 84 0 0 0 0 0 0 0 358 0 0 34 38 34 306 0 0 102 0 42 42 0 0 0 0 0 0 0 0 0 
743 308 322 0 0 0 0 0 0 0 318 0 0 30 0 310 168 38 70 0 76 84 0 0 0 0 0 0 0 0 0 0 
788 260 290 0 0 0 0 0 0 0 370 0 0 132 0 248 64 30 168 72 0 0 0 0 0 0 0 0 0 0 0 0 
1187 131 73 0 0 0 0 0 0 0 396 0 297 140 0 101 0 90 0 0 42 0 0 0 0 0 0 0 0 0 0 0 
814 97 34 0 0 0 0 0 0 0 336 0 119 149 0 38 0 34 0 0 42 0 0 0 0 0 0 0 0 0 0 0 
957 269 34 0 0 0 0 0 0 0 276 0 272 260 0 0 0 34 34 0 42 0 42 0 0 0 0 0 0 0 0 0 
822 332 166 0 0 0 0 0 0 0 306 0 85 192 0 0 0 180 0 0 42 208 0 0 0 0 0 0 0 0 0 0 
750 235 239 30 0 0 0 0 0 0 276 0 176 124 0 148 0 34 34 114 42 0 34 0 0 0 0 0 0 0 0 0 
638 479 218 36 0 0 0 0 0 0 232 0 108 166 0 93 0 92 0 70 144 68 0 0 0 0 0 34 0 0 0 0 
519 126 299 165 162 35 0 0 0 0 240 0 0 0 0 0 0 312 0 0 174 0 0 0 0 0 102 0 0 108 0 0 
630 266 312 30 0 0 0 0 0 0 240 0 30 30 0 146 0 294 100 0 30 0 0 64 0 0 0 0 0 0 0 0 
856 40 0 0 0 0 0 0 0 0 452 56 0 64 0 0 0 68 0 0 0 0 0 0 0 0 0 0 0 0 0 0 
935 206 0 0 0 0 0 0 0 0 370 150 0 98 62 0 0 216 0 0 24 42 0 0 0 0 0 0 0 0 0 0 
674 248 0 0 0 0 0 0 0 0 248 56 20 150 120 0 0 132 0 0 0 0 24 0 0 0 0 0 0 0 0 0 
1011 0 33 0 0 0 0 0 0 0 568 0 0 34 0 0 0 38 0 0 38 42 0 0 0 0 0 0 0 0 0 0 
1134 121 0 0 0 0 0 0 0 0 530 30 0 98 76 0 0 38 0 0 38 38 0 42 0 0 0 0 0 0 0 0 
735 57 207 168 61 0 0 0 0 0 384 0 0 0 0 24 0 34 0 0 186 131 82 60 0 40 36 0 0 0 0 0 
462 57 366 309 53 0 0 0 0 0 232 0 0 0 0 34 0 132 0 99 160 131 0 72 0 0 38 82 0 0 0 0 
552 381 153 93 0 0 0 0 0 0 232 0 0 84 0 0 0 34 0 142 63 295 82 0 0 42 0 0 0 0 0 0 
557 184 214 115 0 0 0 0 0 0 180 138 0 0 0 145 0 91 0 135 74 41 41 0 0 0 0 41 0 0 0 0 
586 0 0 0 0 0 0 0 0 0 188 334 28 0 0 0 0 0 32 0 0 0 0 0 0 0 0 0 0 0 0 0 
614 186 0 0 0 0 0 0 0 0 192 140 96 0 112 0 0 128 32 0 42 0 24 0 0 0 0 0 0 0 0 0 
606 44 0 0 0 0 0 0 0 0 240 216 0 0 0 0 0 72 0 0 0 0 64 0 0 0 0 0 0 0 0 0 
970 44 65 0 0 0 0 0 0 0 300 152 0 0 98 0 0 172 0 0 76 84 0 0 0 0 0 0 0 0 0 0 
984 123 125 82 0 0 0 0 0 0 414 30 0 34 76 0 0 68 0 0 212 42 42 78 0 0 32 0 0 0 0 0 
743 43 0 37 0 0 0 0 0 0 314 28 0 24 0 0 0 116 0 0 100 0 0 62 0 0 32 0 0 0 0 0 
561 51 309 0 241 165 0 0 0 0 230 0 0 0 0 0 62 164 0 0 76 0 0 160 96 0 130 128 0 0 0 0 
450 249 88 108 193 0 0 0 0 0 204 0 0 30 120 0 0 68 0 0 84 0 64 158 84 0 0 34 0 0 0 0 
548 644 237 125 0 0 0 0 0 0 240 0 0 187 204 0 0 105 0 0 0 106 148 0 0 72 0 0 84 0 0 0 
548 595 95 45 0 0 0 0 0 0 240 0 228 140 120 0 0 132 0 0 64 0 0 0 0 0 0 0 0 0 0 0 
755 513 44 42 0 0 0 0 0 0 249 34 194 76 64 0 38 132 0 0 42 118 76 0 0 0 0 0 42 0 0 0 
954 180 181 0 0 0 0 0 0 0 340 30 0 110 0 0 68 286 0 0 118 84 0 0 0 0 0 0 0 0 0 0 
1114 166 86 0 0 0 0 0 0 0 436 0 138 72 136 38 144 0 0 34 42 0 0 0 0 0 0 0 0 0 0 0 
852 143 97 0 0 0 0 0 0 0 408 0 30 30 68 114 110 0 0 0 42 0 0 0 0 0 0 0 0 0 0 0 
1108 61 175 45 0 0 0 0 0 0 472 60 0 0 0 106 102 102 0 0 114 72 38 0 0 0 38 0 0 0 0 0 
882 85 288 316 49 0 0 0 0 0 312 60 0 30 0 102 34 0 102 30 0 114 188 76 34 0 38 0 76 42 0 0 
949 0 89 39 0 0 0 0 0 0 368 180 0 0 0 72 34 0 0 42 0 38 30 0 34 0 0 0 0 0 0 0 
1323 38 92 0 0 0 0 0 0 0 680 68 0 80 38 110 0 74 0 84 0 0 0 0 0 0 0 0 0 0 0 0 
572 276 221 177 0 0 0 0 0 0 204 104 30 0 0 76 170 0 84 274 0 0 24 0 0 0 0 0 0 0 0 0 
447 180 331 150 0 0 0 0 0 0 204 0 0 30 0 30 34 102 34 284 0 38 24 0 0 0 0 0 0 0 0 0 
402 0 99 192 0 0 0 0 0 0 204 0 0 0 0 0 0 0 66 148 0 0 24 0 0 0 0 0 0 0 0 0 
699 123 418 0 0 0 0 0 0 0 300 0 0 30 38 106 132 68 0 0 0 0 0 76 170 0 0 0 0 0 0 0 
787 163 84 0 0 0 0 0 0 0 374 0 0 146 76 0 0 80 0 42 0 0 0 76 0 0 0 0 0 0 0 0 
1021 39 0 0 0 0 0 0 0 0 504 34 60 114 28 0 0 42 0 42 0 0 0 0 0 0 0 0 0 0 0 0 
920 122 0 70 0 0 0 0 0 0 470 34 0 42 110 0 0 42 0 148 84 0 0 0 0 0 0 0 0 0 0 0 
925 124 44 35 0 0 0 0 0 0 430 0 60 172 38 0 0 74 0 38 42 0 42 0 0 0 0 0 0 0 0 0 
781 123 171 0 0 0 0 0 0 0 374 0 0 30 178 0 98 38 0 34 42 0 0 0 0 0 0 0 0 0 0 0 
1051 213 84 0 0 0 0 0 0 0 564 0 76 126 42 42 132 42 0 0 0 0 0 0 0 0 0 0 0 0 0 0 
625 0 0 411 201 53 0 0 0 0 302 0 0 0 0 0 0 0 0 150 0 30 0 108 0 114 76 136 0 0 0 0 
779 0 75 274 104 97 0 0 0 0 358 0 0 0 0 0 24 0 24 30 0 76 0 92 0 72 38 274 0 0 0 0 
625 0 178 217 190 53 0 0 0 0 302 0 0 0 0 0 0 0 24 24 0 32 0 212 0 34 38 244 68 0 0 0 
850 282 70 41 0 0 0 0 0 0 308 30 0 68 116 0 0 68 0 34 122 114 0 84 0 0 36 0 0 0 0 0 
974 0 0 41 0 0 0 0 0 0 558 0 76 0 0 0 0 0 0 0 32 24 0 0 0 0 60 0 0 0 0 0 
1006 72 0 0 0 0 0 0 0 0 544 0 38 0 152 0 0 0 0 0 38 0 0 0 0 0 0 0 0 0 0 0 
944 129 0 100 0 0 0 0 0 0 492 0 76 0 132 0 0 0 0 0 0 60 0 112 0 0 0 0 0 0 0 0 
646 79 173 163 0 0 0 0 0 0 274 0 0 0 110 0 0 120 0 0 0 154 0 116 0 0 20 0 0 0 0 0 
616 36 42 45 271 82 0 0 0 0 294 0 0 0 38 0 0 34 0 0 68 0 66 124 32 0 132 34 42 0 0 0 
571 0 0 74 77 70 0 0 0 0 308 0 0 0 0 0 0 0 0 40 0 0 0 106 32 0 142 0 0 0 0 0 
546 28 0 119 0 0 0 0 0 0 240 0 0 0 32 0 0 24 0 40 112 24 0 0 0 0 116 0 0 0 0 0 
864 44 0 37 0 0 0 0 0 0 384 150 0 0 0 0 0 108 0 20 38 0 40 30 0 0 32 0 0 0 0 0 
642 161 0 37 0 0 0 0 0 0 264 0 0 188 0 0 0 0 0 76 42 0 0 78 32 0 32 0 0 0 0 0 
967 216 83 0 0 0 0 0 0 0 324 60 0 350 0 0 0 170 0 0 72 42 0 0 0 0 0 0 0 0 0 0 
940 381 0 0 0 0 0 0 0 0 332 138 30 320 0 76 0 38 42 0 0 42 0 0 0 0 0 0 0 0 0 0 
730 131 157 135 0 0 0 0 0 0 306 0 30 34 0 184 0 0 30 0 0 170 38 0 0 0 0 42 0 0 0 0 
562 549 0 0 0 0 0 0 0 0 306 0 298 34 0 0 42 0 60 0 0 42 0 0 0 0 0 0 0 0 0 0 
691 298 35 165 0 0 0 0 0 0 282 0 52 98 30 64 0 0 112 0 34 184 0 0 0 0 0 0 0 0 0 0 
999 68 43 0 0 0 0 0 0 0 482 124 0 118 30 102 0 0 0 0 0 0 0 0 0 0 0 0 0 0 0 0 
840 356 0 70 0 0 0 0 0 0 352 0 30 196 132 34 0 0 0 106 84 0 42 0 0 0 0 0 0 0 0 0 
870 438 0 0 0 0 0 0 0 0 306 0 112 386 68 30 0 0 0 0 0 0 0 0 0 0 0 0 0 0 0 0 
841 82 0 0 0 0 0 0 0 0 454 0 30 94 0 30 0 0 0 0 0 0 0 0 0 0 0 0 0 0 0 0 
1102 42 98 0 0 0 0 0 0 0 502 120 30 30 0 100 34 0 0 42 0 0 0 0 0 0 0 0 0 0 0 0 
1038 168 154 41 0 0 0 0 0 0 296 318 0 132 0 60 128 0 42 0 0 38 0 0 0 0 0 42 0 0 0 0 
917 326 43 47 0 0 0 0 0 0 306 90 126 132 60 102 42 0 114 0 0 38 0 0 0 0 0 0 0 0 0 0 
604 655 78 140 0 0 0 0 0 0 226 0 52 292 216 34 70 0 142 28 40 38 0 0 0 0 0 0 0 0 0 0 
1175 0 35 0 0 0 0 0 0 0 456 30 180 0 34 110 0 102 0 42 0 0 0 0 0 0 0 0 0 0 0 0 
1091 212 77 0 0 0 0 0 0 0 510 0 30 108 0 136 34 64 76 0 42 0 0 0 0 0 0 0 0 0 0 0 
1028 87 130 0 0 0 0 0 0 0 332 52 112 98 0 258 0 34 0 0 0 0 0 0 0 0 0 0 0 0 0 0 
964 43 302 0 0 0 0 0 0 0 346 30 0 0 34 222 234 0 0 34 84 0 0 0 34 0 0 0 0 0 0 0 
1057 0 172 42 0 0 0 0 0 0 308 138 0 0 0 402 0 34 0 0 0 0 0 0 0 0 0 0 42 42 0 0 
904 137 158 0 0 0 0 0 0 0 364 0 34 120 34 72 0 68 76 84 72 0 0 0 0 0 0 0 0 0 0 0 
817 52 35 238 49 0 0 0 0 0 286 30 34 0 102 72 0 0 106 0 0 136 0 0 0 106 76 0 0 0 0 0 
677 0 0 233 329 0 0 0 0 0 324 0 0 0 0 0 0 0 0 0 0 192 0 52 0 204 0 128 0 0 0 0 
322 310 387 0 0 0 0 0 0 0 128 0 30 124 0 0 48 110 132 0 74 38 142 0 0 0 0 30 0 0 0 0 
453 105 64 72 0 0 0 0 0 0 190 0 38 20 0 0 0 94 0 0 104 64 36 0 0 32 60 0 0 0 0 0 
820 0 0 109 0 0 0 0 0 0 448 0 38 0 0 0 0 0 0 20 72 80 0 24 0 0 80 0 0 0 0 0 
782 0 0 31 195 53 0 0 0 0 344 0 76 0 0 0 0 0 0 0 72 38 0 108 0 0 76 106 0 0 0 0 
678 0 98 264 337 53 0 0 0 0 292 0 0 0 0 0 0 0 0 0 34 106 0 212 0 72 114 156 0 68 0 0 
570 0 0 173 615 53 0 0 0 0 240 0 0 0 0 0 0 0 0 30 0 38 0 386 98 98 0 72 72 0 0 0 
543 0 49 119 119 126 0 0 0 0 296 0 0 0 0 0 0 0 0 0 0 0 24 98 0 0 38 80 76 94 0 0 
1044 164 197 0 0 0 0 0 0 0 402 30 76 0 110 0 0 266 0 0 76 76 0 0 0 0 0 0 0 0 0 0 
488 0 0 154 695 0 0 0 0 0 232 0 0 0 0 0 0 0 0 30 0 0 0 246 0 298 0 68 38 34 0 0 
592 0 0 263 408 0 0 0 0 0 258 0 0 0 0 0 0 0 0 0 0 106 0 176 0 194 76 38 72 0 0 0 
805 254 88 149 129 53 0 0 0 0 320 0 0 30 134 0 0 154 0 30 0 114 0 34 0 132 0 72 68 0 0 0 
912 381 35 0 0 0 0 0 0 0 430 0 30 30 262 0 0 30 38 34 0 76 0 0 0 0 0 0 0 0 0 0 
1009 31 0 31 0 0 0 0 0 0 510 0 152 0 56 0 0 0 0 0 72 24 0 0 0 32 0 0 0 0 0 0 
841 86 0 31 0 0 0 0 0 0 424 0 76 0 136 0 0 0 0 0 72 56 0 0 0 0 0 0 0 0 0 0 
969 123 0 31 0 0 0 0 0 0 552 0 0 0 180 0 0 0 0 0 36 56 0 0 0 0 0 0 0 0 0 0 
773 67 75 113 31 42 0 0 0 0 352 0 26 0 68 0 0 32 0 0 180 56 0 0 0 32 60 0 70 0 0 0 
688 86 0 100 0 0 0 0 0 0 350 0 0 0 136 0 0 0 0 0 0 58 0 148 0 0 0 0 0 0 0 0 
440 43 105 137 92 42 0 0 0 0 218 0 0 0 68 0 0 72 0 0 0 0 64 98 32 0 64 96 70 0 0 0 
562 304 0 98 61 51 0 0 0 0 238 0 0 30 232 0 0 0 0 76 0 0 24 94 32 0 0 64 0 72 0 0 
631 291 0 0 0 0 0 0 0 0 280 0 0 0 300 0 0 74 0 48 0 28 0 0 0 0 0 0 0 0 0 0 
637 0 0 25 0 0 0 0 0 0 368 0 0 0 0 0 0 40 28 48 0 96 0 0 0 0 0 0 0 0 0 0 
958 157 0 0 0 0 0 0 0 0 404 136 0 156 162 0 0 34 0 0 0 0 0 0 0 0 0 0 0 0 0 0 
790 0 0 0 0 0 0 0 0 0 382 102 0 52 0 0 0 0 0 56 0 64 0 32 0 0 0 0 0 0 0 0 
539 299 0 27 0 0 0 0 0 0 260 34 0 142 50 0 0 0 84 0 0 188 0 0 0 0 0 0 0 0 0 0 
816 92 0 0 0 0 0 0 0 0 358 0 0 160 20 0 0 0 24 90 0 96 0 0 0 0 0 0 0 0 0 0 
886 35 0 75 0 0 0 0 0 0 404 0 0 52 0 0 0 0 214 0 0 116 0 64 0 0 0 0 0 0 0 0 
661 101 378 44 0 0 0 0 0 0 318 0 0 137 0 0 262 0 68 0 67 0 0 0 0 0 0 0 0 0 0 0 
587 68 204 116 0 0 0 0 0 0 236 0 0 137 0 0 116 0 26 0 68 126 0 60 40 0 0 0 0 0 0 0 
530 0 435 146 0 0 0 0 0 0 192 30 0 0 164 217 0 0 130 0 30 0 0 24 0 42 0 0 40 40 0 0 
571 0 350 44 0 0 0 0 0 0 240 0 0 0 30 198 0 0 120 0 0 40 32 24 32 74 0 0 40 40 0 0 
342 176 139 56 0 0 0 0 0 0 152 0 0 0 104 50 0 0 34 0 58 44 74 0 32 42 0 0 0 40 0 0 
240 108 97 152 0 0 0 0 0 0 112 20 0 0 28 56 0 0 0 0 162 80 60 0 0 0 0 0 0 0 0 0 
560 0 96 307 0 77 0 0 0 0 320 0 0 0 0 0 0 0 124 0 38 0 0 24 0 62 0 0 258 38 0 0 
435 0 0 224 0 0 0 0 0 0 210 0 0 0 0 0 0 0 60 0 24 0 60 24 56 62 0 0 106 0 0 0 
673 170 48 142 43 0 0 0 0 0 256 30 0 146 0 30 76 0 0 0 24 0 42 0 56 116 0 0 40 32 0 0 
962 164 212 0 0 0 0 0 0 0 497 0 0 149 0 120 117 60 0 0 0 0 42 0 0 0 0 0 0 0 0 0 
710 244 130 81 0 0 0 0 0 0 216 28 0 192 0 30 144 0 208 0 0 0 42 42 0 0 0 0 0 0 0 0 
884 206 103 0 0 0 0 0 0 0 440 0 0 114 0 0 221 33 71 0 0 0 0 0 0 0 0 0 0 0 0 0 
684 669 0 0 0 0 0 0 0 0 273 0 98 269 120 0 203 0 34 0 0 0 0 0 0 0 0 0 0 0 0 0 
573 640 144 36 0 0 0 0 0 0 248 0 222 94 30 0 265 29 0 75 0 37 0 0 0 0 0 0 0 0 0 0 
677 120 231 0 0 0 0 0 0 0 285 0 0 145 30 30 138 127 33 0 0 0 0 0 0 0 0 0 0 0 0 0 
587 244 426 0 0 0 0 0 0 0 223 30 0 145 30 30 180 172 34 0 0 34 0 0 0 0 0 0 0 0 0 0 
662 431 265 0 0 0 0 0 0 0 270 30 0 60 302 120 76 0 98 0 34 0 0 0 0 0 0 0 0 0 0 0 
821 305 70 51 0 0 0 0 0 0 240 150 0 60 164 60 38 0 98 0 0 114 0 0 0 0 0 0 0 0 0 0 
774 296 193 118 0 0 0 0 0 0 318 30 34 0 232 120 0 0 30 0 72 152 0 0 0 38 0 0 0 0 0 0 
814 365 36 83 0 0 0 0 0 0 306 64 246 0 63 69 0 0 101 34 112 42 0 0 0 0 0 0 0 0 0 0 
837 454 0 75 0 0 0 0 0 0 306 142 0 0 342 0 0 0 38 34 76 42 0 0 0 0 0 0 38 0 0 0 
721 584 42 31 0 0 0 0 0 0 336 0 247 0 317 0 24 0 56 0 36 0 0 0 0 0 0 0 42 0 0 0 
795 194 0 31 0 0 0 0 0 0 216 178 86 0 112 0 0 0 142 0 40 0 0 0 0 0 0 0 0 0 0 0 
992 274 36 0 0 0 0 0 0 0 240 198 246 34 116 101 42 0 0 0 79 0 0 0 0 0 0 0 0 0 0 0 
1118 309 65 0 0 0 0 0 0 0 270 319 266 0 0 229 0 0 62 0 0 0 0 0 0 0 0 0 0 0 0 0 
922 172 0 0 0 0 0 0 0 0 380 90 102 0 142 34 0 0 0 48 0 0 0 0 0 40 0 0 0 0 0 0 
749 269 0 129 0 0 0 0 0 0 398 0 0 0 150 0 0 0 34 0 0 0 68 0 0 40 114 0 0 0 0 0 
545 41 0 210 0 0 0 0 0 0 276 0 0 0 30 0 0 0 24 0 160 28 0 76 0 40 0 0 0 0 0 0 
502 141 43 237 77 0 0 0 0 0 280 0 0 0 30 0 0 0 34 50 80 0 102 72 38 0 38 0 40 0 0 0 
682 213 116 117 0 0 0 0 0 0 314 0 0 0 160 30 0 0 0 0 104 0 0 160 36 110 0 0 0 0 0 0 
470 0 268 42 0 0 0 0 0 0 212 0 0 0 0 50 24 0 16 48 0 0 0 172 100 32 0 40 0 0 0 0 
722 41 0 112 0 0 0 0 0 0 404 0 0 0 30 32 0 0 64 0 0 28 0 28 0 72 0 0 0 0 0 0 
867 0 0 0 0 0 0 0 0 0 458 0 0 0 80 24 0 0 0 0 0 0 0 40 0 0 0 0 0 0 0 0 
754 0 0 44 0 0 0 0 0 0 222 106 0 0 0 34 0 0 200 0 0 20 32 0 0 68 0 0 82 42 0 0 
718 0 132 44 0 0 0 0 0 0 334 42 0 0 0 26 0 0 100 0 0 104 56 0 32 78 0 0 0 82 0 0 
854 0 28 0 0 0 0 0 0 0 314 196 0 0 0 66 20 0 0 0 0 16 24 0 0 64 0 0 29 42 0 0 
1117 0 0 76 43 0 0 0 0 0 564 140 0 0 0 0 0 0 0 0 0 28 0 0 28 116 0 42 29 0 0 0 
724 50 0 254 187 72 0 0 0 0 244 98 0 0 0 0 0 0 0 76 0 0 0 0 209 0 0 0 284 42 0 0 
767 0 34 40 34 0 0 0 0 0 427 0 0 0 0 0 0 32 0 74 0 0 0 0 30 0 0 0 58 0 0 0 
879 0 0 116 0 36 0 0 0 0 379 76 0 0 0 0 0 0 0 0 0 60 0 0 0 36 42 0 146 80 0 0 
1040 0 0 107 0 0 0 0 0 0 583 72 0 0 0 0 0 0 0 0 0 132 0 0 0 0 84 0 0 0 0 0 
541 0 0 76 0 0 0 0 0 0 314 42 0 0 0 0 0 0 0 0 0 48 0 0 28 28 24 0 0 0 0 0 
942 0 34 84 0 0 0 0 0 0 380 30 0 0 0 102 0 80 100 74 0 0 32 0 0 62 24 0 82 0 0 0 
745 0 145 118 43 35 0 0 0 0 256 64 0 0 0 102 30 0 76 0 76 0 0 0 0 116 0 42 100 0 0 0 
849 0 176 168 121 35 0 0 0 0 292 162 0 0 0 102 0 30 0 0 38 34 0 0 0 60 34 84 150 68 0 0 
726 80 63 153 0 0 0 0 0 0 346 0 0 0 34 24 0 66 0 74 16 100 0 0 56 28 0 0 0 40 0 0 
942 41 0 0 0 0 0 0 0 0 474 28 98 0 42 42 0 0 0 0 0 0 36 0 0 0 0 0 0 0 0 0 
1015 0 0 0 0 0 0 0 0 0 561 140 0 0 0 0 0 0 0 0 0 0 0 0 0 0 0 0 0 0 0 0 
1269 194 0 0 0 0 0 0 0 0 500 172 174 0 80 42 76 38 0 0 38 34 0 0 0 0 0 0 0 0 0 0 
1032 122 0 0 0 0 0 0 0 0 234 314 124 0 42 42 0 0 42 0 98 0 0 0 0 0 0 0 0 0 0 0 
712 37 147 163 0 0 0 0 0 0 358 0 0 0 30 0 0 0 24 16 32 168 174 0 0 0 0 56 0 0 0 0 
670 40 229 240 0 0 0 0 0 0 276 0 0 0 60 0 0 0 76 0 0 324 142 0 0 0 0 0 0 0 0 0 
573 51 432 170 0 0 0 0 0 0 250 0 0 0 118 0 80 0 68 0 38 270 70 0 0 0 0 0 0 0 0 0 
745 84 34 115 0 43 0 0 0 0 310 78 34 0 0 0 0 0 24 0 0 232 72 0 0 0 0 38 36 0 0 0 
994 41 0 30 0 0 0 0 0 0 342 156 132 0 0 0 0 0 24 0 58 64 108 0 0 0 0 0 0 0 0 0 
794 318 49 129 0 0 0 0 0 0 384 0 92 0 30 0 0 0 54 0 242 166 36 0 0 0 0 0 0 0 0 0 
658 531 43 125 0 0 0 0 0 0 268 0 202 0 33 0 0 0 134 0 238 102 0 0 0 0 0 0 0 0 0 0 
931 315 50 33 0 0 0 0 0 0 258 120 264 0 146 38 0 0 34 0 152 0 0 0 0 42 0 0 0 0 0 0 
838 196 69 84 0 0 0 0 0 0 232 138 144 0 176 30 0 0 68 0 76 76 0 0 0 0 0 0 0 0 0 0 
484 115 129 266 85 0 0 0 0 0 192 0 0 0 30 0 0 32 0 48 290 60 64 0 0 32 76 38 0 0 0 0 
392 38 51 409 0 0 0 0 0 0 192 0 0 0 0 0 0 0 40 76 298 54 0 0 0 112 0 0 0 0 0 0 
472 109 0 236 359 0 0 0 0 0 216 0 0 0 0 0 0 0 40 0 142 0 0 146 0 52 148 114 42 34 0 0 
494 240 0 49 305 183 0 0 0 0 240 0 0 146 0 0 0 0 0 0 0 0 0 112 0 0 76 110 76 188 0 0 
494 0 0 421 349 0 0 0 0 0 240 0 0 0 0 0 0 0 0 0 0 0 146 86 34 180 148 42 42 34 0 0 
575 328 63 184 0 50 0 0 0 0 302 0 0 30 210 42 0 0 0 0 0 0 104 0 0 34 38 98 0 34 0 0 
1010 251 0 20 0 0 0 0 0 0 594 0 0 0 120 0 0 0 0 72 38 42 54 0 0 0 0 0 0 0 0 0 
711 357 132 151 0 0 0 0 0 0 308 0 0 0 183 84 28 0 254 110 0 0 32 0 0 0 0 0 0 0 0 0 
761 257 0 124 0 0 0 0 0 0 330 0 0 30 196 0 0 0 56 68 42 58 74 0 0 0 0 0 0 0 0 0 
500 195 108 20 0 0 0 0 0 0 234 0 0 0 94 168 38 0 0 0 24 0 54 0 0 0 0 0 0 0 0 0 
783 207 0 166 0 0 0 0 0 0 366 0 0 38 62 0 42 0 0 158 42 110 74 0 0 24 0 0 0 0 0 0 
856 82 0 178 0 0 0 0 0 0 334 29 0 132 34 0 0 0 0 132 42 34 78 0 0 0 0 0 0 0 0 0 
660 222 0 218 26 0 0 0 0 0 282 0 0 66 28 0 84 0 0 177 0 144 40 0 0 72 0 0 0 0 0 0 
657 449 0 43 0 0 0 0 0 0 216 0 0 280 136 0 42 34 0 108 0 68 0 0 0 0 0 0 0 0 0 0 
627 487 51 0 0 0 0 0 0 0 362 0 130 28 188 0 42 0 34 106 0 0 0 0 0 0 0 0 0 0 0 0 
927 0 0 0 0 0 0 0 0 0 337 328 30 0 0 0 0 0 0 0 0 0 0 0 0 0 0 0 0 0 0 0 
1057 39 0 0 0 0 0 0 0 0 593 76 34 38 0 0 42 34 0 0 0 0 0 0 0 0 0 0 0 0 0 0 
1005 82 0 0 0 0 0 0 0 0 409 142 102 68 0 0 42 34 0 0 0 0 0 0 0 0 0 0 0 0 0 0 
1117 235 0 33 0 0 0 0 0 0 356 88 34 200 132 0 42 102 0 64 42 34 0 0 0 0 0 0 0 0 0 0 
933 443 0 96 0 0 0 0 0 0 408 76 30 0 204 0 0 0 262 0 42 41 0 0 0 0 0 0 0 0 0 0 
874 191 38 162 0 36 0 0 0 0 442 76 52 34 0 0 24 0 0 28 74 60 40 0 0 0 42 0 58 76 0 0 
704 0 68 123 34 36 0 0 0 0 324 0 0 0 0 0 0 160 0 74 0 0 0 0 30 0 24 0 104 76 0 0 
494 0 109 239 129 154 0 0 0 0 264 0 0 0 0 0 0 40 0 56 0 0 0 120 38 0 0 38 171 156 0 0 
735 0 136 75 43 42 0 0 0 0 292 15 0 0 0 16 24 80 0 0 0 118 0 32 0 32 42 0 62 40 0 0 
772 0 72 0 0 0 0 0 0 0 436 66 0 0 0 32 0 96 0 0 0 0 0 0 0 0 0 0 0 0 0 0 
845 0 0 43 0 0 0 0 0 0 356 279 28 0 0 0 0 24 0 0 0 56 0 0 0 0 24 0 0 0 0 0 
528 136 186 170 0 0 0 0 0 0 208 94 0 0 0 0 0 152 0 0 123 210 24 24 0 0 0 0 0 0 0 0 
601 0 0 43 0 0 0 0 0 0 256 92 0 0 0 32 0 56 48 32 0 0 0 0 0 64 0 0 0 42 0 0 
604 42 0 156 0 43 0 0 0 0 322 98 0 0 0 0 0 56 48 0 0 96 28 0 0 24 0 38 64 0 0 0 
826 112 0 0 206 0 0 0 0 0 366 0 0 0 34 0 0 153 0 0 0 72 0 0 162 0 72 0 42 0 0 0 
542 0 0 194 746 100 0 0 0 0 240 0 0 0 0 0 0 0 0 30 0 0 0 236 310 0 34 38 220 76 0 0 
542 0 0 0 541 204 0 0 0 0 240 0 0 0 0 0 0 0 0 0 0 0 0 0 162 108 124 60 250 0 0 0 
712 0 0 0 178 256 0 0 0 0 363 0 0 0 0 0 75 0 0 0 0 0 0 0 38 0 30 112 102 76 0 0 
775 148 434 225 0 0 0 0 0 0 360 0 0 0 116 0 331 101 64 164 42 0 0 0 0 42 0 0 0 0 0 0 
840 317 72 36 0 0 0 0 0 0 386 0 0 203 99 0 103 0 0 0 32 40 0 90 0 0 0 0 0 0 0 0 
859 225 228 0 0 0 0 0 0 0 390 0 0 168 29 0 135 199 0 34 72 0 0 0 0 0 0 0 0 0 0 0 
688 0 218 0 0 0 0 0 0 0 374 0 0 0 0 0 114 158 42 0 0 0 0 0 0 24 0 0 0 0 0 0 
538 156 415 43 53 0 0 0 0 0 222 0 0 0 29 0 0 375 104 32 0 0 0 74 0 38 0 0 60 0 0 0 
622 0 165 72 0 0 0 0 0 0 304 0 0 0 0 0 120 0 0 0 0 80 0 148 0 24 0 0 0 0 0 0 
724 0 20 0 0 0 0 0 0 0 370 24 0 0 0 0 122 28 0 0 0 0 0 0 0 24 0 0 0 0 0 0 
1003 0 0 0 0 0 0 0 0 0 568 116 0 0 0 0 75 0 0 0 0 0 0 0 0 24 0 0 0 0 0 0 
821 360 40 36 0 0 0 0 0 0 404 42 0 84 101 0 37 97 0 40 24 138 0 44 0 0 0 0 0 0 0 0 
614 103 33 0 0 0 0 0 0 0 278 42 0 0 128 0 75 33 0 0 76 0 0 0 0 0 0 0 0 0 0 0 
672 764 206 0 0 0 0 0 0 0 235 42 0 56 316 160 75 139 116 0 76 76 0 0 0 0 0 0 0 0 0 0 
940 289 40 0 0 0 0 0 0 0 284 158 114 0 144 42 38 72 0 0 0 138 0 0 0 0 0 0 0 0 0 0 
824 290 159 0 0 0 0 0 0 0 257 168 0 29 109 105 0 62 42 0 124 142 0 0 0 0 0 0 0 0 0 0 
1064 52 77 0 0 0 0 0 0 0 564 30 0 42 52 94 42 0 38 0 84 0 0 0 0 0 0 0 0 0 0 0 
808 303 119 0 0 0 0 0 0 0 290 116 0 0 182 248 42 0 38 0 42 0 0 0 0 0 0 0 0 0 0 0 
811 286 235 0 0 0 0 0 0 0 246 30 116 0 38 418 76 0 0 0 42 0 0 0 0 0 0 0 0 0 0 0 
931 0 101 80 0 0 0 0 0 0 442 30 0 42 0 0 42 108 0 0 80 134 38 0 0 0 0 0 0 0 0 0 
1130 33 0 44 0 0 0 0 0 0 476 116 0 76 0 0 42 40 94 0 42 72 0 0 0 0 0 0 0 0 0 0 
1057 281 0 86 0 0 0 0 0 0 458 64 30 238 34 0 42 0 68 0 76 72 30 0 0 0 0 0 0 0 0 0 
767 87 0 0 0 0 0 0 0 0 404 0 0 84 152 0 0 0 0 0 0 0 0 24 0 0 24 0 0 0 0 0 
586 100 139 80 0 0 0 0 0 0 250 0 0 0 140 0 0 154 0 0 32 96 38 0 0 0 0 0 0 0 0 0 
1002 52 188 44 0 0 0 0 0 0 406 116 0 0 34 68 0 62 152 0 42 106 38 0 0 0 0 0 0 0 0 0 
944 43 239 44 0 0 0 0 0 0 294 132 0 30 0 0 0 228 0 116 72 68 64 0 0 0 0 0 0 0 0 0 
628 36 131 0 0 0 0 0 0 0 310 0 0 0 116 0 0 198 0 0 24 0 0 0 0 0 24 0 0 0 0 0 
692 205 209 0 0 0 0 0 0 0 242 104 0 30 0 34 34 276 70 32 42 0 0 0 0 0 0 0 0 0 0 0 
922 0 43 0 0 0 0 0 0 0 486 30 30 0 0 0 196 0 0 0 0 0 0 0 0 0 0 0 0 0 0 0 
1300 74 37 0 0 0 0 0 0 0 544 120 150 0 0 0 208 0 38 0 0 0 0 34 0 0 0 0 0 0 0 0 
1008 84 0 0 0 0 0 0 0 0 318 192 134 0 0 0 144 0 0 0 0 0 0 0 0 0 0 0 0 0 0 0 
923 0 107 0 0 0 0 0 0 0 356 120 0 0 0 0 98 74 0 32 0 0 0 40 0 0 84 0 0 0 0 0 
1352 0 0 34 0 0 0 0 0 0 316 538 34 0 0 0 0 34 102 0 0 0 0 0 0 0 42 0 0 0 0 0 
865 0 43 0 0 0 0 0 0 0 360 180 0 0 0 0 98 42 0 0 0 0 0 0 0 0 0 0 0 0 0 0 
797 51 329 40 76 0 0 0 0 0 382 0 0 0 0 0 30 34 164 78 0 0 0 128 102 42 0 0 0 0 0 0 
766 0 334 0 0 0 0 0 0 0 310 30 0 0 0 56 0 92 154 112 0 0 0 74 0 0 42 0 0 0 0 0 
869 51 286 0 107 0 0 0 0 0 260 218 0 0 0 0 38 158 42 0 0 34 0 98 120 42 0 0 0 0 0 0 
829 51 245 0 263 0 0 0 0 0 266 226 0 0 0 0 0 94 42 0 0 0 0 202 94 42 0 0 30 0 0 0 
1174 0 131 0 0 0 0 0 0 0 308 384 0 0 0 0 132 104 0 0 0 0 0 0 34 0 42 0 0 0 0 0 
1036 45 0 0 0 0 0 0 0 0 372 190 60 0 76 30 102 0 0 42 0 0 0 0 0 0 0 0 0 0 0 0 
895 84 0 0 0 0 0 0 0 0 290 178 108 0 114 0 0 0 0 84 0 0 0 0 0 0 0 0 0 0 0 0 
811 90 213 0 0 0 0 0 0 0 268 128 30 0 0 104 0 30 110 76 0 0 0 132 0 0 0 0 0 0 0 0 
959 508 0 0 0 0 0 0 0 0 260 116 272 100 38 42 38 0 0 152 42 0 0 0 0 0 0 0 0 0 0 0 
636 0 28 36 0 0 0 0 0 0 328 0 0 0 28 0 0 140 0 0 80 28 0 0 0 0 24 0 0 0 0 0 
646 122 0 0 0 0 0 0 0 0 316 34 0 76 132 0 0 54 0 0 0 0 0 0 0 0 0 0 0 0 0 0 
983 309 0 0 0 0 0 0 0 0 422 38 90 196 128 72 42 34 0 0 42 0 0 0 0 0 0 0 0 0 0 0 
991 100 44 0 0 0 0 0 0 0 280 30 172 42 64 152 42 102 0 0 84 0 0 0 0 0 0 0 0 0 0 0 
829 92 87 44 0 0 0 0 0 0 276 34 0 172 0 0 30 0 218 84 0 0 0 0 0 0 0 0 0 0 0 0 
921 145 87 85 49 0 0 0 0 0 336 34 0 68 0 0 30 0 384 80 0 0 0 0 64 0 0 42 0 0 0 0 
796 487 0 0 0 0 0 0 0 0 306 102 198 188 98 0 0 0 68 42 0 0 0 0 0 0 0 0 0 0 0 0 
863 429 0 0 0 0 0 0 0 0 340 34 90 388 34 0 0 0 34 42 0 0 0 0 0 0 0 0 0 0 0 0 
702 146 0 25 0 0 0 0 0 0 298 0 0 0 160 0 0 54 82 0 0 64 0 24 0 0 0 0 0 0 0 0 
721 33 0 369 0 0 0 0 0 0 242 0 0 0 0 0 0 0 310 0 100 176 0 0 32 34 0 0 0 0 0 0 
565 159 35 262 89 0 0 0 0 0 272 0 0 34 0 0 0 0 94 28 224 88 0 0 102 0 0 42 0 0 0 0 
1002 0 0 75 0 0 0 0 0 0 358 102 0 0 0 0 0 0 240 70 0 184 0 32 0 0 0 0 0 0 0 0 
451 109 120 208 103 45 0 0 0 0 214 0 0 0 30 0 0 40 0 0 194 16 0 30 132 0 0 72 68 0 0 0 
388 31 195 302 0 0 0 0 0 0 192 0 0 0 0 0 16 0 0 0 266 24 96 28 38 0 0 0 38 0 0 0 
388 132 183 324 0 0 0 0 0 0 192 0 0 0 30 0 0 34 0 120 214 36 32 0 104 0 40 0 38 0 0 0 
582 459 98 0 0 0 0 0 0 0 286 0 0 0 358 0 74 0 42 66 0 28 0 0 0 0 0 0 0 0 0 0 
833 399 190 44 0 0 0 0 0 0 312 0 30 0 328 38 28 68 0 240 42 32 0 0 0 0 0 0 0 0 0 0 
1044 225 0 0 0 0 0 0 0 0 522 0 0 0 290 0 0 64 0 42 0 0 0 0 0 0 0 0 0 0 0 0 
784 160 0 0 0 0 0 0 0 0 390 0 0 0 178 0 20 62 0 84 0 0 0 0 0 0 0 0 0 0 0 0 
655 256 45 86 0 0 0 0 0 0 242 0 30 0 316 48 0 0 70 76 42 0 0 0 0 0 0 0 0 0 0 0 
508 152 0 0 0 0 0 0 0 0 300 0 0 0 160 0 0 24 24 0 0 0 0 0 0 0 0 0 0 0 0 0 
831 122 38 0 0 0 0 0 0 0 318 202 0 0 104 0 0 0 24 70 32 0 0 0 0 0 0 0 0 0 0 0 
795 176 104 0 0 0 0 0 0 0 262 192 0 0 114 0 0 130 74 38 0 0 0 0 0 0 0 0 0 0 0 0 
495 226 293 0 0 0 0 0 0 0 210 0 0 0 142 0 124 276 0 42 0 0 0 0 0 0 0 0 0 0 0 0 
408 150 182 93 0 0 0 0 0 0 210 0 0 0 104 0 124 64 0 160 0 0 0 0 0 0 0 0 0 0 0 0 
692 429 150 31 0 0 0 0 0 0 212 0 30 60 167 102 38 34 66 146 176 0 0 0 42 0 0 0 0 0 0 0 
785 86 241 0 0 0 0 0 0 0 258 126 0 0 0 156 182 34 38 0 76 0 0 0 42 0 0 0 0 0 0 0 
712 84 309 76 0 0 0 0 0 0 258 60 0 0 0 62 206 128 0 32 76 32 32 0 102 42 0 0 0 0 0 0 
1013 229 0 0 0 0 0 0 0 0 379 30 30 34 228 60 170 34 0 42 0 0 0 0 42 0 0 0 0 0 0 0 
599 86 112 0 0 0 0 0 0 0 240 0 30 0 76 60 126 0 60 0 0 42 42 0 0 0 0 0 0 0 0 0 
802 0 229 0 0 0 0 0 0 0 268 48 134 0 0 200 178 0 60 0 24 0 30 0 0 0 0 0 0 0 0 0 
709 88 31 0 0 0 0 0 0 0 225 71 121 102 0 108 104 0 0 0 0 0 0 0 0 0 0 0 0 0 0 0 
589 0 56 0 0 0 0 0 0 0 258 16 119 0 0 24 64 44 0 0 0 0 0 0 60 0 0 0 0 0 0 0 
661 0 247 0 0 0 0 0 0 0 311 0 0 0 0 164 58 174 0 0 0 0 0 0 22 0 0 0 0 0 0 0 
883 213 0 0 0 0 0 0 0 0 469 0 0 123 106 0 72 42 0 0 0 32 0 0 24 0 0 0 0 0 0 0 
523 295 0 36 0 0 0 0 0 0 270 0 0 28 152 0 0 20 64 0 0 80 0 0 24 0 24 0 0 0 0 0 
664 233 144 0 0 0 0 0 0 0 317 0 0 92 122 0 139 90 32 0 0 32 0 0 0 0 0 0 0 0 0 0 
532 403 137 72 0 0 0 0 0 0 226 0 0 0 162 0 122 90 264 0 0 0 0 0 0 0 0 0 0 0 0 0 
524 391 143 86 0 0 0 0 0 0 254 0 0 375 0 0 0 89 0 0 36 132 0 0 0 0 0 0 0 0 0 0 
524 616 0 0 0 0 0 0 0 0 254 0 30 364 100 0 0 76 0 0 0 80 0 0 0 0 0 0 0 0 0 0 
645 306 36 0 0 0 0 0 0 0 278 0 0 221 30 0 160 42 0 0 0 0 0 0 0 0 0 0 0 0 0 0 
693 328 664 36 0 0 0 0 0 0 274 0 0 0 198 0 403 214 131 0 0 42 0 0 0 0 0 0 42 0 0 0 
591 0 177 43 0 0 0 0 0 0 283 0 0 0 0 0 214 33 87 0 0 24 0 0 0 0 0 0 0 0 0 0 
594 148 342 37 0 0 0 0 0 0 276 28 0 0 0 0 206 218 0 0 28 72 0 42 0 0 0 0 0 0 0 0 
565 0 451 0 0 0 0 0 0 0 276 0 0 0 176 32 72 176 0 0 0 24 38 32 0 0 0 0 0 0 0 0 
423 51 425 137 0 0 0 0 0 0 188 0 0 0 178 0 118 94 24 0 126 24 0 42 0 0 0 0 0 0 0 0 
497 148 212 109 0 44 0 0 0 0 156 126 30 0 0 88 118 50 0 28 52 0 0 74 0 0 0 72 38 42 0 0 
280 421 135 0 0 0 0 0 0 0 144 0 170 30 0 216 84 0 0 0 0 40 0 0 0 0 0 0 0 0 0 0 
1065 76 0 0 0 0 0 0 0 0 474 0 0 154 68 110 42 76 0 0 0 0 0 0 0 0 0 0 0 0 0 0 
933 76 0 0 0 0 0 0 0 0 276 114 64 34 102 72 80 110 0 0 0 0 0 0 0 0 0 0 0 0 0 0 
1015 214 44 92 0 0 0 0 0 0 250 246 0 60 68 72 144 76 0 30 34 0 30 0 38 42 0 0 0 0 0 0 
864 313 0 0 0 0 0 0 0 0 258 0 98 34 312 38 76 114 0 42 0 0 0 0 0 0 0 0 0 0 0 0 
1091 410 54 0 0 0 0 0 0 0 378 0 34 300 240 148 76 38 0 0 0 0 0 0 0 0 0 0 0 0 0 0 
783 140 128 45 0 0 0 0 0 0 284 0 90 30 98 106 0 34 0 0 72 38 76 0 0 0 38 0 0 0 0 0 
675 258 196 45 0 0 0 0 0 0 216 0 0 184 0 152 0 34 0 42 110 38 38 0 0 0 72 0 0 0 0 0 
511 534 104 121 0 0 0 0 0 0 216 0 142 30 60 246 0 32 28 0 212 0 0 0 0 0 0 0 0 40 0 0 
823 254 105 51 0 0 0 0 0 0 290 0 60 30 134 234 0 0 0 0 72 72 0 0 0 0 0 0 0 0 0 0 
1029 271 83 51 0 0 0 0 0 0 498 64 30 34 68 262 0 0 0 0 72 0 0 0 0 0 0 0 0 0 0 0 
980 265 0 0 0 0 0 0 0 0 460 0 0 142 232 30 0 0 0 0 42 0 0 0 0 0 0 0 0 0 0 0 
795 126 0 0 0 0 0 0 0 0 334 0 0 180 102 30 0 0 0 0 42 0 0 0 0 0 0 0 0 0 0 0 
1068 83 0 0 0 0 0 0 0 0 484 34 0 150 216 0 42 0 0 0 42 0 0 0 0 0 0 0 0 0 0 0 
771 205 0 43 0 0 0 0 0 0 364 0 0 176 110 0 42 0 0 0 42 0 0 0 38 42 0 0 0 0 0 0 
927 305 0 0 0 0 0 0 0 0 390 102 30 180 34 0 0 0 200 0 42 0 0 0 0 0 0 0 0 0 0 0 
924 221 0 0 0 0 0 0 0 0 294 166 60 120 102 72 0 0 68 0 42 0 0 0 0 0 0 0 0 0 0 0 
1050 0 0 86 0 0 0 0 0 0 372 320 0 0 34 0 0 0 0 0 80 72 30 0 0 0 0 0 0 0 0 0 
869 164 0 0 0 0 0 0 0 0 298 0 150 140 102 68 0 0 0 42 42 0 0 0 0 0 0 0 0 0 0 0 
862 157 45 0 0 0 0 0 0 0 262 0 270 94 116 34 0 42 0 0 0 0 0 0 0 0 0 0 0 0 0 0 
595 554 158 72 0 0 0 0 0 0 258 0 0 68 216 198 0 170 0 124 0 0 0 0 0 0 0 0 0 0 0 0 
212 0 112 240 168 49 0 0 0 0 128 0 0 0 0 56 0 24 28 60 110 0 0 0 24 64 0 166 0 0 0 0 
586 183 147 183 0 0 0 0 0 0 190 154 30 0 102 90 32 24 66 136 66 0 0 0 0 0 0 0 0 0 0 0 
982 414 25 0 0 0 0 0 0 0 334 34 34 280 204 110 0 56 0 0 110 0 0 0 0 0 0 0 0 0 0 0 
583 164 115 112 0 0 0 0 0 0 236 0 0 136 0 0 0 0 172 32 102 84 0 0 0 0 0 0 0 0 0 0 
676 133 0 62 0 0 0 0 0 0 264 0 0 106 0 0 0 0 28 76 182 0 148 0 0 0 0 0 0 0 0 0 
753 0 60 161 0 0 0 0 0 0 310 0 28 0 0 24 0 24 210 80 40 42 74 0 0 0 0 0 0 0 0 0 
941 0 0 264 193 0 0 0 0 0 348 150 0 0 0 0 0 0 88 62 0 0 0 0 128 30 188 0 38 34 0 0 
536 0 0 452 36 0 0 0 0 0 260 0 0 0 0 0 0 0 136 32 56 0 54 224 28 0 76 0 0 0 0 0 
670 29 28 184 0 0 0 0 0 0 308 30 34 0 98 0 0 0 30 38 24 0 0 100 34 0 76 0 0 0 0 0 
665 79 28 62 0 0 0 0 0 0 292 0 0 0 34 0 0 30 84 132 132 0 110 0 0 0 0 0 0 0 0 0 
403 29 28 0 0 0 0 0 0 0 248 0 0 0 34 0 0 14 0 38 24 0 0 0 0 0 0 0 0 0 0 0 
495 139 0 31 0 0 0 0 0 0 194 56 0 24 32 0 28 32 28 79 38 42 76 0 0 0 0 0 0 0 0 0 
678 39 0 0 0 0 0 0 0 0 292 80 82 0 58 0 0 32 0 0 38 42 0 0 0 0 0 0 0 0 0 0 
866 151 0 0 0 0 0 0 0 0 214 48 339 0 110 0 0 0 0 0 76 114 0 0 0 0 0 0 0 0 0 0 
704 0 62 196 378 0 0 0 0 0 254 0 0 0 0 0 0 160 48 0 0 0 86 30 368 0 114 0 42 0 0 0 
599 0 31 83 266 0 0 0 0 0 264 0 0 0 0 0 0 80 24 32 0 0 0 30 212 0 42 72 0 0 0 0 
773 29 0 246 74 0 0 0 0 0 332 0 146 0 98 0 0 0 100 120 0 0 28 30 58 0 42 0 0 0 0 0 
805 129 56 0 0 0 0 0 0 0 270 0 116 0 98 0 0 60 0 152 126 0 38 0 0 0 0 0 0 0 0 0 
672 299 0 21 0 0 0 0 0 0 240 0 90 0 232 0 0 0 34 0 38 166 24 0 0 0 0 0 0 0 0 0 
814 133 110 68 0 0 0 0 0 0 248 0 194 0 64 0 0 96 84 104 64 122 0 0 0 0 0 0 0 0 0 0 
437 95 0 0 0 0 0 0 0 0 260 0 34 0 116 0 0 28 0 0 0 0 0 0 0 0 0 0 0 0 0 0 
498 287 0 42 0 0 0 0 0 0 238 0 34 0 288 0 28 32 84 0 0 0 64 0 0 0 0 0 0 0 0 0 
414 0 155 367 74 0 0 0 0 0 172 0 0 0 0 0 48 80 64 62 0 0 140 0 66 0 70 80 76 0 0 0 
701 335 38 0 0 0 0 0 0 0 372 0 132 94 0 0 0 0 0 76 74 72 0 0 0 0 0 0 0 0 0 0 
550 632 38 0 0 0 0 0 0 0 234 0 271 214 0 0 0 0 64 76 106 0 42 0 0 0 0 0 0 0 0 0 
514 357 44 136 0 0 0 0 0 0 216 0 30 94 55 0 0 24 238 76 32 40 0 0 0 0 0 0 0 0 0 0 
878 353 150 0 0 0 0 0 0 0 388 0 164 200 0 0 86 132 40 0 38 0 84 0 0 0 0 0 0 0 0 0 
640 358 0 0 0 0 0 0 0 0 302 0 98 222 76 0 0 0 0 0 0 0 42 0 0 0 0 0 0 0 0 0 
890 527 35 78 0 0 0 0 0 0 302 103 164 200 106 0 37 30 76 0 144 0 38 0 0 0 0 0 0 0 0 0 
787 359 0 0 0 0 0 0 0 0 312 50 304 72 38 0 42 0 0 0 0 0 0 0 0 0 0 0 0 0 0 0 
955 0 0 0 0 0 0 0 0 0 260 230 30 152 0 0 121 0 0 0 0 0 0 0 0 0 0 0 0 0 0 0 
854 358 0 0 0 0 0 0 0 0 233 135 340 72 75 0 74 0 0 0 0 0 40 0 0 0 0 0 0 0 0 0 
815 381 0 0 0 0 0 0 0 0 232 306 177 0 59 42 0 0 30 0 0 117 0 0 0 0 0 0 0 0 0 0 
995 113 0 0 0 0 0 0 0 0 538 94 0 30 106 0 24 0 42 42 0 0 0 0 0 0 0 0 0 0 0 0 
644 203 0 0 0 0 0 0 0 0 272 64 108 30 128 0 0 0 0 42 0 0 0 0 0 0 0 0 0 0 0 0 
547 775 0 0 0 0 0 0 0 0 208 34 254 192 130 64 0 74 0 110 0 38 0 0 0 0 0 0 0 0 0 0 
747 40 0 194 0 0 0 0 0 0 322 0 0 0 58 0 24 24 42 210 0 0 56 0 0 0 38 0 0 0 0 0 
647 531 0 42 0 0 0 0 0 0 294 0 170 108 278 0 0 0 42 76 0 0 0 0 0 0 0 0 0 0 0 0 
896 64 31 112 0 0 0 0 0 0 218 290 30 0 116 0 0 72 28 192 0 0 0 0 0 0 0 0 0 0 0 0 
826 81 53 89 0 0 0 0 0 0 288 218 0 34 34 0 0 0 42 132 38 0 0 0 0 0 68 0 0 0 0 0 
877 153 106 52 0 0 0 0 0 0 258 228 0 30 102 0 0 30 42 76 190 0 0 0 0 0 0 0 0 0 0 0 
894 0 0 71 0 0 0 0 0 0 390 194 0 0 42 0 24 24 0 74 0 0 56 0 0 0 68 0 0 0 0 0 
581 0 33 80 139 0 0 0 0 0 272 136 0 0 0 0 0 24 0 0 0 0 62 24 40 102 0 0 0 38 0 0 
705 40 83 203 26 0 0 0 0 0 226 138 0 0 0 0 28 0 42 120 0 0 190 24 40 0 68 0 0 0 0 0 
527 0 41 246 263 0 0 0 0 0 208 34 0 0 0 0 0 0 0 60 28 60 226 0 0 140 136 0 0 0 0 0 
681 241 0 382 0 0 0 0 0 0 288 0 0 0 34 0 0 0 408 0 120 100 0 0 0 0 0 0 0 0 0 0 
670 216 0 188 0 0 0 0 0 0 344 0 30 63 30 0 0 0 208 0 84 0 0 32 0 0 0 0 0 0 0 0 
557 389 0 270 0 0 0 0 0 0 258 0 141 205 0 0 0 0 254 0 122 0 0 0 0 0 0 0 0 0 0 0 
565 44 0 633 85 0 0 0 0 0 250 0 0 0 0 0 0 0 350 0 144 122 0 104 32 0 0 42 0 0 0 0 
519 0 0 285 0 0 0 0 0 0 250 0 0 0 0 0 0 0 64 0 230 0 0 88 0 0 0 0 0 0 0 0 
528 118 0 360 119 0 0 0 0 0 232 0 0 0 34 0 0 0 244 50 86 0 0 110 68 0 0 0 0 0 0 0 
601 83 0 467 201 0 0 0 0 0 240 0 0 0 0 0 0 0 238 34 64 94 0 72 32 0 0 84 38 152 0 0 
558 177 398 255 0 0 0 0 0 0 240 0 0 0 30 258 0 30 150 166 112 0 0 0 0 0 0 36 0 0 0 0 
622 0 213 74 193 0 0 0 0 0 324 0 0 0 0 112 0 28 0 38 0 32 62 0 116 42 0 42 0 76 0 0 
425 40 249 129 0 0 0 0 0 0 210 0 0 0 0 188 0 56 34 0 0 178 32 0 0 0 0 0 0 0 0 0 
549 215 283 62 0 0 0 0 0 0 260 0 30 32 80 136 0 0 34 196 96 0 0 0 0 32 0 0 0 0 0 0 
695 73 342 31 0 0 0 0 0 0 334 0 0 0 160 54 32 32 0 190 0 42 74 0 24 0 0 0 0 0 0 0 
745 0 269 0 0 0 0 0 0 0 350 30 0 0 224 20 64 64 0 72 0 0 0 0 0 0 0 0 0 0 0 0 
568 151 150 284 131 88 0 0 0 0 240 0 0 0 30 0 24 0 152 30 0 0 0 105 0 0 30 257 168 0 0 0 
585 70 114 178 119 44 0 0 0 0 270 0 0 0 0 54 0 0 34 30 0 34 0 75 0 0 76 176 106 0 0 0 
675 146 99 422 87 0 0 0 0 0 240 0 0 0 60 38 0 0 34 120 0 124 0 75 0 0 152 213 0 0 0 0 
835 0 278 0 0 0 0 0 0 0 416 0 0 0 0 246 0 56 0 76 0 42 0 0 0 0 0 0 0 0 0 0 
675 37 326 0 0 0 0 0 0 0 268 30 0 0 30 150 0 28 34 176 56 42 0 0 0 0 0 0 0 0 0 0 
864 0 409 0 0 0 0 0 0 0 260 222 0 0 62 238 0 38 0 106 0 42 0 0 0 0 0 0 0 0 0 0 
920 80 74 0 0 0 0 0 0 0 424 28 34 0 30 32 0 76 68 0 42 114 0 0 0 0 0 0 0 0 0 0 
670 117 109 117 0 0 0 0 0 0 258 96 30 0 0 88 0 38 142 0 0 164 64 0 0 0 0 0 0 0 0 0 
508 0 79 287 305 36 0 0 0 0 216 0 0 0 0 0 0 0 0 0 0 30 306 30 30 0 0 60 114 0 0 0 
664 0 290 435 270 36 0 0 0 0 306 0 0 0 0 0 54 0 28 120 24 28 142 112 30 72 0 254 76 0 0 0 
758 48 39 129 310 36 0 0 0 0 396 0 0 0 0 0 0 0 30 0 0 0 34 30 64 0 76 180 110 0 0 0 
562 0 213 0 0 0 0 0 0 0 300 0 0 0 30 164 0 56 0 0 0 0 0 40 0 0 0 0 0 0 0 0 
777 40 343 0 0 0 0 0 0 0 292 0 0 0 260 28 0 0 34 0 42 160 0 40 0 0 0 0 0 0 0 0 
785 117 140 126 88 0 0 0 0 0 304 0 30 0 0 34 0 0 102 106 0 72 0 0 30 0 76 90 72 0 0 0 
682 80 0 327 184 44 0 0 0 0 246 0 0 0 0 0 0 0 176 30 0 0 0 0 218 0 38 106 106 0 0 0 
672 0 428 120 0 0 0 0 0 0 312 0 0 0 50 60 30 118 154 0 28 0 72 116 0 0 0 0 42 0 0 0 
862 0 115 139 0 0 0 0 0 0 424 0 0 0 0 0 0 68 136 0 0 0 0 76 0 0 0 0 34 84 0 0 
663 48 160 0 405 0 0 0 0 0 324 0 0 0 0 0 30 0 0 0 0 0 304 144 38 0 0 0 0 0 0 0 
797 46 257 384 204 0 0 0 0 0 362 0 0 0 0 0 0 192 298 30 0 0 148 0 0 30 34 42 0 42 0 0 
464 96 312 200 248 0 0 0 0 0 216 0 0 0 0 0 0 64 166 0 104 0 60 192 0 0 34 0 72 0 0 0 
522 164 342 224 0 0 0 0 0 0 240 0 30 0 0 0 0 252 170 0 0 84 0 0 0 0 34 42 34 0 0 0 
522 194 522 304 42 0 0 0 0 0 240 0 0 0 0 30 200 30 228 30 104 42 0 0 34 0 140 42 76 0 0 0 
505 186 376 167 154 0 0 0 0 0 240 0 0 0 130 34 100 130 0 36 0 34 0 0 0 0 164 98 38 0 0 0 
652 0 95 565 250 0 0 0 0 0 270 0 0 0 0 34 0 0 0 150 0 102 30 0 30 38 194 234 0 42 0 0 
758 0 191 149 173 34 0 0 0 0 240 0 150 0 0 97 0 0 0 60 0 0 0 0 0 0 108 202 0 38 0 0 
847 0 84 436 0 0 0 0 0 0 236 140 30 0 0 0 0 90 98 176 0 102 42 0 0 0 0 68 0 0 0 0 
804 151 271 0 0 0 0 0 0 0 232 166 0 0 68 0 0 210 152 0 42 0 0 0 0 42 0 0 0 0 0 0 
947 0 84 159 0 0 0 0 0 0 388 140 0 0 0 0 0 90 34 38 0 0 0 42 0 0 0 0 68 84 0 0 
849 112 131 106 0 0 0 0 0 0 358 60 0 0 38 0 0 38 76 0 0 0 0 38 0 0 0 84 204 84 0 0 
990 87 119 87 47 0 0 0 0 0 406 154 0 98 0 0 30 0 30 75 0 0 0 118 0 0 0 68 42 0 0 0 
654 45 294 235 155 0 0 0 0 0 234 60 0 0 0 0 30 30 64 38 0 38 60 194 68 72 0 110 76 0 0 0 
878 37 83 174 47 0 0 0 0 0 216 322 30 0 0 0 0 0 34 0 0 38 42 38 0 0 0 166 42 0 0 0 
555 121 178 0 26 0 0 0 0 0 340 0 0 96 0 36 98 0 20 64 0 32 0 0 0 56 0 0 0 0 0 0 
771 0 34 0 0 0 0 0 0 0 314 28 0 37 38 20 0 0 48 196 0 38 42 0 0 0 0 0 0 0 0 0 
607 0 94 0 163 56 0 0 0 0 344 0 0 0 0 0 0 34 0 102 0 0 0 0 0 0 34 124 75 0 0 0 
885 59 186 131 274 56 0 0 0 0 390 0 0 0 0 0 0 102 0 136 0 0 0 162 0 34 68 192 80 0 0 0 
539 0 94 244 353 200 0 0 0 0 240 0 0 0 0 0 0 34 0 0 0 0 138 0 0 0 68 248 306 0 0 0 
546 0 46 168 184 35 0 0 0 0 282 0 0 0 0 0 0 0 0 34 0 0 30 154 0 76 28 72 68 0 0 0 
778 123 46 0 26 0 0 0 0 0 392 0 0 191 72 0 0 0 0 0 0 0 0 0 0 58 54 0 0 0 0 0 
504 150 33 165 0 0 0 0 0 0 268 0 0 68 30 0 0 0 0 72 0 0 120 0 28 56 72 42 0 0 0 0 
694 154 147 146 49 0 0 0 0 0 334 0 0 34 174 0 34 0 30 0 0 0 28 0 114 104 32 68 0 0 0 0 
737 121 106 64 0 0 0 0 0 0 226 130 0 126 98 0 0 20 16 0 0 0 70 0 28 120 0 0 0 0 0 0 
625 121 340 35 0 0 0 0 0 0 316 0 0 96 38 98 196 0 0 0 0 0 42 0 0 32 86 0 0 0 0 0 
835 78 0 0 0 0 0 0 0 0 374 58 0 226 38 0 0 0 0 70 0 38 42 0 0 0 0 0 0 0 0 0 
976 163 0 45 0 0 0 0 0 0 216 392 0 128 29 0 74 0 28 114 0 0 33 0 37 0 0 0 0 0 0 0 
559 0 79 0 26 0 0 0 0 0 313 61 0 0 0 0 32 0 0 56 0 0 0 0 0 56 54 0 0 0 0 0 
574 401 0 0 0 0 0 0 0 0 271 23 0 218 58 0 0 0 0 58 0 0 0 0 0 100 36 42 0 0 0 0 
752 133 46 0 26 0 0 0 0 0 291 29 0 150 110 0 0 0 0 38 0 38 42 24 0 120 54 0 0 0 0 0 
849 242 172 61 0 0 0 0 0 0 250 60 30 34 330 96 34 0 76 0 0 0 0 0 0 32 90 38 0 0 0 0 
966 163 0 0 0 0 0 0 0 0 272 52 184 74 226 0 38 0 0 0 0 0 42 0 0 0 0 0 0 0 0 0 
852 193 0 44 0 0 0 0 0 0 338 0 210 106 102 68 24 0 0 0 0 0 38 0 0 0 0 0 42 0 0 0 
829 149 0 0 0 0 0 0 0 0 432 0 100 88 38 110 0 34 0 0 0 0 0 0 0 0 0 0 0 0 0 0 
926 204 0 0 0 0 0 0 0 0 398 30 186 32 76 80 38 76 0 0 0 0 0 0 0 0 0 0 0 0 0 0 
992 197 0 35 0 0 0 0 0 0 234 168 130 32 38 151 0 96 0 42 0 34 0 0 0 0 0 102 0 0 0 0 
650 380 0 35 0 0 0 0 0 0 312 0 38 172 0 42 0 152 0 0 0 0 0 0 0 0 0 102 0 0 0 0 
742 321 44 0 0 0 0 0 0 0 286 0 152 120 228 0 0 76 0 0 0 36 0 0 0 0 0 0 0 0 0 0 
526 0 0 188 684 0 0 0 0 0 240 0 0 0 0 0 0 0 0 0 30 0 148 204 202 42 42 0 96 38 0 0 
478 0 0 88 579 0 0 0 0 0 240 0 0 0 0 0 0 0 0 0 0 0 30 102 314 0 42 0 114 0 0 0 
478 0 0 0 750 0 0 0 0 0 240 0 0 0 0 0 0 0 0 0 0 0 130 0 350 0 42 0 106 0 0 0 
632 575 44 0 0 0 0 0 0 0 200 0 64 262 172 138 76 42 0 0 0 0 0 0 32 0 0 0 0 0 0 0 
624 270 130 44 0 0 0 0 0 0 256 0 154 0 34 182 76 42 0 40 0 0 76 0 0 0 0 0 42 0 0 0 
584 388 48 0 0 0 0 0 0 0 244 38 48 154 30 130 56 42 0 37 0 114 0 0 0 0 0 0 0 0 0 0 
559 170 79 0 0 0 0 0 0 0 220 30 0 28 104 98 96 24 36 0 0 86 0 0 0 0 0 0 0 0 0 0 
932 209 79 0 0 0 0 0 0 0 344 260 76 76 118 34 28 80 36 0 0 0 0 0 0 0 0 0 0 0 0 0 
735 113 31 118 0 0 0 0 0 0 248 162 0 0 80 76 20 80 0 90 0 24 40 0 32 0 0 0 0 0 0 0 
450 109 69 152 0 0 0 0 0 0 228 0 0 0 80 0 48 80 0 104 0 0 120 0 64 0 0 0 0 0 0 0 
1132 31 48 0 0 0 0 0 0 0 394 266 84 0 32 98 0 42 36 0 84 0 0 0 0 0 0 0 0 0 0 0 
841 35 34 0 0 0 0 0 0 0 276 192 42 0 0 34 0 72 0 37 42 38 0 30 0 0 0 0 0 0 0 0 
1347 67 200 0 0 0 0 0 0 0 366 378 0 0 62 64 76 246 75 0 0 0 0 0 0 0 0 38 0 0 0 0 
641 293 246 0 0 0 0 0 0 0 258 38 0 60 29 184 221 42 0 74 0 38 0 0 0 0 0 0 0 0 0 0 
665 0 335 37 0 0 0 0 0 0 286 0 0 0 0 214 100 42 0 80 64 0 0 0 0 0 0 0 74 0 0 0 
