506 608 517 594 634 2440 778 870 272 778 585 441 403 200 1489 2630 887 553 111 2286 265 116 964 873 647 2220 774 777 656 1194 1957 1527 
182 432 1136 364 621 1370 215 316 202 1142 1169 385 258 187 134 331 624 978 409 333 426 734 1163 309 720 235 1042 130 3520 581 2593 1562 
1154 82 1153 314 790 2898 860 1070 3367 383 538 678 1762 757 904 639 138 472 1283 243 1578 239 1488 732 770 2127 1287 703 763 1483 439 2123 
341 380 453 783 596 1065 342 563 936 304 777 1464 3007 484 1057 638 1474 202 309 225 774 426 1337 504 548 1833 466 328 2368 951 938 2125 
316 224 186 305 200 924 170 1441 168 541 702 669 318 102 1550 2127 567 233 181 452 310 347 327 621 153 137 208 186 676 639 893 933 
507 1069 362 224 858 1680 711 1015 151 514 1751 519 2324 100 982 111 416 2104 1035 4837 1270 1193 750 2063 615 904 1524 83 1039 3162 2516 764 
519 947 94 1010 275 3534 272 322 131 2124 821 592 182 556 2370 564 885 1574 655 246 1010 1670 2222 493 159 461 2241 1001 1242 2550 176 993 
588 224 151 204 78 425 359 1300 602 66 346 75 381 141 296 376 249 498 71 1214 116 47 525 265 457 269 83 436 929 3631 1402 2035 
874 2703 112 760 895 2495 526 244 51 105 315 821 1996 217 252 97 472 434 669 981 2029 303 428 437 311 576 354 406 808 1710 143 4070 
626 436 518 1653 858 1204 107 383 346 432 419 720 924 314 1140 613 351 528 576 1607 692 545 603 233 150 352 1456 1244 298 436 710 1540 
459 1172 238 408 139 239 269 2789 1342 287 495 115 770 792 2032 989 534 901 1286 1833 34 241 189 946 471 712 2416 978 583 3658 544 3188 
228 74 506 95 208 222 319 141 811 287 213 166 1982 307 1561 136 385 394 532 439 3692 194 779 131 78 643 788 1152 297 544 1415 1359 
570 103 1560 1377 191 1437 616 448 686 1079 797 506 1479 587 1928 2072 1631 743 946 267 3885 1000 975 240 262 790 96 926 1816 2087 356 2594 
668 216 331 1248 205 1243 1278 923 190 1005 786 422 3390 48 332 919 1827 1286 967 2612 162 697 1084 1489 708 781 920 251 1765 1363 1247 3841 
1544 2059 1555 310 38 1231 416 384 160 726 1753 64 2313 829 680 508 915 191 316 3395 71 889 861 1431 1607 191 762 702 732 806 557 2393 
