0 0 0 0 0 0 0 0 0 0 0 0 0 0 0 0 0 0 0 0 0 0 0 0 0 0 0 0 0 0 0 0 
0 70 86 10 61 5 1 0 0 0 0 0 0 0 0 0 0 0 0 0 0 0 0 0 0 0 0 0 0 0 0 0 
0 0 0 0 0 0 0 0 0 0 0 0 0 0 0 0 0 0 0 0 0 0 0 0 0 0 0 0 0 0 0 0 
4 18 17 17 134 1 0 0 0 0 0 0 0 0 0 0 0 0 0 0 0 0 0 0 0 0 0 0 0 0 0 0 
4 37 34 26 186 45 0 0 0 0 0 0 0 0 0 0 0 0 0 0 0 0 0 0 0 0 0 0 0 0 0 0 
504 2455 2096 1733 748 1062 463 845 594 693 1016 699 362 126 243 60 29 0 0 0 0 0 0 0 0 0 0 0 0 0 0 0 
2 75 75 190 205 46 0 0 0 0 0 0 0 0 0 0 0 0 0 0 0 0 0 0 0 0 0 0 0 0 0 0 
19 174 179 272 318 298 0 0 0 0 0 0 0 0 0 0 0 0 0 0 0 0 0 0 0 0 0 0 0 0 0 0 
0 0 0 0 0 0 0 0 0 0 0 0 0 0 0 0 0 0 0 0 0 0 0 0 0 0 0 0 0 0 0 0 
186 727 564 392 397 186 365 303 415 349 159 193 214 132 60 1 290 11 0 0 0 0 0 0 0 0 0 0 0 0 0 0 
0 0 0 0 0 0 0 0 0 0 0 0 0 0 0 0 0 0 0 0 0 0 0 0 0 0 0 0 0 0 0 0 
0 14 11 6 42 0 0 0 0 0 0 0 0 0 0 0 0 0 0 0 0 0 0 0 0 0 0 0 0 0 0 0 
0 14 11 6 42 0 0 0 0 0 0 0 0 0 0 0 0 0 0 0 0 0 0 0 0 0 0 0 0 0 0 0 
0 186 68 26 70 9 11 7 2 146 2 1 0 0 22 0 0 0 0 0 0 0 0 0 0 0 0 0 0 0 0 0 
0 0 0 0 0 0 0 0 0 0 0 0 0 0 0 0 0 0 0 0 0 0 0 0 0 0 0 0 0 0 0 0 
0 37 133 24 17 4 3 4 51 6 4 85 0 0 0 0 0 0 0 0 0 0 0 0 0 0 0 0 0 0 0 0 
0 145 56 19 10 11 140 6 0 2 1 51 0 0 0 0 0 0 0 0 0 0 0 0 0 0 0 0 0 0 0 0 
0 0 0 0 0 0 0 0 0 0 0 0 0 0 0 0 0 0 0 0 0 0 0 0 0 0 0 0 0 0 0 0 
7 246 273 4 3 6 32 2 1 8 0 1 0 0 14 0 8 0 0 0 0 0 0 0 0 0 0 0 0 0 0 0 
7 4 0 0 4 1 8 0 0 0 2 0 15 0 0 0 0 0 0 0 0 0 0 0 0 0 0 0 0 0 0 0 
0 0 0 0 0 0 0 0 0 0 0 0 0 0 0 0 0 0 0 0 0 0 0 0 0 0 0 0 0 0 0 0 
0 0 0 0 0 0 0 0 0 0 0 0 0 0 0 0 0 0 0 0 0 0 0 0 0 0 0 0 0 0 0 0 
0 0 0 0 0 0 0 0 0 0 0 0 0 0 0 0 0 0 0 0 0 0 0 0 0 0 0 0 0 0 0 0 
0 0 0 0 0 0 0 0 0 0 0 0 0 0 0 0 0 0 0 0 0 0 0 0 0 0 0 0 0 0 0 0 
0 0 0 0 0 0 0 0 0 0 0 0 0 0 0 0 0 0 0 0 0 0 0 0 0 0 0 0 0 0 0 0 
0 14 11 6 42 0 0 0 0 0 0 0 0 0 0 0 0 0 0 0 0 0 0 0 0 0 0 0 0 0 0 0 
0 0 0 0 0 0 0 0 0 0 0 0 0 0 0 0 0 0 0 0 0 0 0 0 0 0 0 0 0 0 0 0 
558 3123 2639 2055 1386 1361 1173 804 627 681 811 658 265 129 76 0 0 27 0 0 0 0 0 0 0 0 0 0 0 0 0 0 
0 0 0 0 0 0 0 0 0 0 0 0 0 0 0 0 0 0 0 0 0 0 0 0 0 0 0 0 0 0 0 0 
0 0 0 0 0 0 0 0 0 0 0 0 0 0 0 0 0 0 0 0 0 0 0 0 0 0 0 0 0 0 0 0 
6 0 1 0 0 1 3 0 0 8 0 0 0 1 51 0 0 0 0 0 0 0 0 0 0 0 0 0 0 0 0 0 
7 4 0 0 4 1 8 0 0 0 2 0 15 0 0 0 0 0 0 0 0 0 0 0 0 0 0 0 0 0 0 0 
6 0 1 0 0 1 3 0 0 8 0 0 0 1 51 0 0 0 0 0 0 0 0 0 0 0 0 0 0 0 0 0 
0 0 0 0 0 0 0 0 0 0 0 0 0 0 0 0 0 0 0 0 0 0 0 0 0 0 0 0 0 0 0 0 
0 0 0 0 0 0 0 0 0 0 0 0 0 0 0 0 0 0 0 0 0 0 0 0 0 0 0 0 0 0 0 0 
6 43 24 14 30 19 17 16 3 217 0 0 0 1 51 0 0 0 0 0 0 0 0 0 0 0 0 0 0 0 0 0 
0 0 0 0 0 0 0 0 0 0 0 0 0 0 0 0 0 0 0 0 0 0 0 0 0 0 0 0 0 0 0 0 
0 0 0 0 0 0 0 0 0 0 0 0 0 0 0 0 0 0 0 0 0 0 0 0 0 0 0 0 0 0 0 0 
0 0 0 0 0 0 0 0 0 0 0 0 0 0 0 0 0 0 0 0 0 0 0 0 0 0 0 0 0 0 0 0 
77 182 120 73 340 108 22 13 13 68 163 2 3 20 10 1 63 0 0 0 0 0 0 0 0 0 0 0 0 0 0 0 
0 0 0 0 0 0 0 0 0 0 0 0 0 0 0 0 0 0 0 0 0 0 0 0 0 0 0 0 0 0 0 0 
6 43 24 14 30 19 17 16 3 217 0 0 0 1 51 0 0 0 0 0 0 0 0 0 0 0 0 0 0 0 0 0 
3 49 39 27 24 81 32 5 0 1 3 1 0 0 0 0 3 12 0 0 0 0 0 0 0 0 0 0 0 0 0 0 
0 0 0 0 0 0 0 0 0 0 0 0 0 0 0 0 0 0 0 0 0 0 0 0 0 0 0 0 0 0 0 0 
34 55 34 28 143 8 5 4 2 12 101 1 2 19 10 1 59 0 0 0 0 0 0 0 0 0 0 0 0 0 0 0 
92 472 273 105 449 131 28 56 15 196 163 3 3 62 47 1 61 0 0 0 0 0 0 0 0 0 0 0 0 0 0 0 
472 3095 2020 2408 1038 1234 942 919 864 1209 999 593 148 257 269 66 29 15 0 0 0 0 0 0 0 0 0 0 0 0 0 0 
0 0 0 0 0 0 0 0 0 0 0 0 0 0 0 0 0 0 0 0 0 0 0 0 0 0 0 0 0 0 0 0 
0 0 0 0 0 0 0 0 0 0 0 0 0 0 0 0 0 0 0 0 0 0 0 0 0 0 0 0 0 0 0 0 
12 70 57 43 131 46 0 0 0 0 0 0 0 0 0 0 0 0 0 0 0 0 0 0 0 0 0 0 0 0 0 0 
12 74 63 54 222 47 0 0 0 0 0 0 0 0 0 0 0 0 0 0 0 0 0 0 0 0 0 0 0 0 0 0 
41 94 100 171 109 41 51 25 379 6 11 20 43 34 2 0 0 0 0 0 0 0 0 0 0 0 0 0 0 0 0 0 
6 43 24 14 30 19 17 16 3 217 0 0 0 1 51 0 0 0 0 0 0 0 0 0 0 0 0 0 0 0 0 0 
267 1210 1087 706 804 255 125 64 256 419 45 4 5 61 0 0 0 0 0 0 0 0 0 0 0 0 0 0 0 0 0 0 
0 2456 1129 822 982 355 112 311 51 260 3 1 0 2 3 0 0 0 0 0 0 0 0 0 0 0 0 0 0 0 0 0 
19 165 62 35 50 76 20 2 1 6 0 0 0 0 0 0 0 0 0 0 0 0 0 0 0 0 0 0 0 0 0 0 
4 4516 3126 1973 1803 820 760 415 186 376 41 13 29 48 6 0 0 0 0 0 0 0 0 0 0 0 0 0 0 0 0 0 
0 0 0 0 0 0 0 0 0 0 0 0 0 0 0 0 0 0 0 0 0 0 0 0 0 0 0 0 0 0 0 0 
6 0 1 0 0 1 3 0 0 8 0 0 0 1 51 0 0 0 0 0 0 0 0 0 0 0 0 0 0 0 0 0 
61 67 56 38 181 27 21 12 3 39 163 2 2 20 8 0 59 0 0 0 0 0 0 0 0 0 0 0 0 0 0 0 
37 111 108 59 111 18 24 16 10 83 144 92 41 36 4 0 211 11 0 0 0 0 0 0 0 0 0 0 0 0 0 0 
0 0 0 0 0 0 0 0 0 0 0 0 0 0 0 0 0 0 0 0 0 0 0 0 0 0 0 0 0 0 0 0 
82 87 123 64 208 23 40 14 24 78 22 101 45 38 1 0 28 20 0 0 0 0 0 0 0 0 0 0 0 0 0 0 
0 0 0 0 0 0 0 0 0 0 0 0 0 0 0 0 0 0 0 0 0 0 0 0 0 0 0 0 0 0 0 0 
0 0 0 0 0 0 0 0 0 0 0 0 0 0 0 0 0 0 0 0 0 0 0 0 0 0 0 0 0 0 0 0 
32 1 6 8 12 10 4 32 2 7 90 1 0 0 0 0 3 12 0 0 0 0 0 0 0 0 0 0 0 0 0 0 
0 0 0 0 0 0 0 0 0 0 0 0 0 0 0 0 0 0 0 0 0 0 0 0 0 0 0 0 0 0 0 0 
0 0 0 0 0 0 0 0 0 0 0 0 0 0 0 0 0 0 0 0 0 0 0 0 0 0 0 0 0 0 0 0 
0 0 0 0 0 0 0 0 0 0 0 0 0 0 0 0 0 0 0 0 0 0 0 0 0 0 0 0 0 0 0 0 
51 1056 64 51 24 46 11 47 15 11 390 17 145 0 1 0 3 9 0 0 0 0 0 0 0 0 0 0 0 0 0 0 
6 0 1 5 1 0 1 2 0 0 0 0 0 2 0 0 6 0 0 0 0 0 0 0 0 0 0 0 0 0 0 0 
0 61 61 21 82 0 0 0 0 0 0 0 0 0 0 0 0 0 0 0 0 0 0 0 0 0 0 0 0 0 0 0 
3403 5859 4245 2401 1582 1529 672 1063 330 108 880 537 121 23 6 17 6 0 0 0 0 0 0 0 0 0 0 0 0 0 0 0 
559 2641 1160 831 1458 656 320 395 18 305 50 406 37 2 3 0 0 0 0 0 0 0 0 0 0 0 0 0 0 0 0 0 
883 5569 3260 2204 2480 1465 514 679 329 55 473 237 2 4 0 0 4 0 0 0 0 0 0 0 0 0 0 0 0 0 0 0 
1295 2436 2502 1963 1759 1155 520 260 331 348 37 179 25 5 23 0 4 3 0 0 0 0 0 0 0 0 0 0 0 0 0 0 
0 10186 8090 5424 3690 2738 1739 1832 753 607 964 560 156 37 43 18 27 0 0 0 0 0 0 0 0 0 0 0 0 0 0 0 
0 113 150 54 140 54 154 234 0 0 0 0 0 0 0 0 0 0 0 0 0 0 0 0 0 0 0 0 0 0 0 0 
0 7096 4680 3266 1313 967 508 243 225 96 193 521 80 25 0 1 0 0 0 0 0 0 0 0 0 0 0 0 0 0 0 0 
475 2857 1143 640 364 106 56 40 54 137 59 40 11 11 0 0 0 3 0 0 0 0 0 0 0 0 0 0 0 0 0 0 
910 1700 1026 689 648 442 325 138 74 313 133 13 16 24 0 0 0 0 0 0 0 0 0 0 0 0 0 0 0 0 0 0 
503 2443 1179 518 569 191 539 346 33 173 91 149 109 4 4 0 3 3 0 0 0 0 0 0 0 0 0 0 0 0 0 0 
634 857 789 327 417 179 77 112 53 262 20 6 7 8 28 0 0 0 0 0 0 0 0 0 0 0 0 0 0 0 0 0 
0 2868 2668 2052 1977 1223 584 462 250 604 19 46 13 279 70 0 0 0 0 0 0 0 0 0 0 0 0 0 0 0 0 0 
102 394 348 454 470 95 97 42 419 118 5 10 2 12 2 0 3 0 0 0 0 0 0 0 0 0 0 0 0 0 0 0 
240 294 192 192 133 48 17 11 45 114 3 2 2 9 0 0 3 0 0 0 0 0 0 0 0 0 0 0 0 0 0 0 
300 1284 1040 874 645 386 321 302 9 347 7 7 11 59 86 0 13 0 0 0 0 0 0 0 0 0 0 0 0 0 0 0 
185 725 288 327 128 61 23 7 10 120 5 5 2 13 0 0 0 0 0 0 0 0 0 0 0 0 0 0 0 0 0 0 
2077 3786 3182 2533 2523 1253 1444 794 829 744 438 279 39 20 73 0 0 0 0 0 0 0 0 0 0 0 0 0 0 0 0 0 
1447 2568 2476 1755 1746 1227 405 313 181 302 51 372 28 272 64 0 3 23 0 0 0 0 0 0 0 0 0 0 0 0 0 0 
2169 2021 1684 1187 1195 1046 865 949 119 540 78 63 1 20 91 0 0 0 0 0 0 0 0 0 0 0 0 0 0 0 0 0 
695 1291 1119 587 1179 459 209 128 116 285 30 226 46 0 0 0 0 0 0 0 0 0 0 0 0 0 0 0 0 0 0 0 
294 988 1095 815 971 466 136 63 7 40 2 5 0 2 36 0 15 0 0 0 0 0 0 0 0 0 0 0 0 0 0 0 
2482 4492 4113 3214 2414 1736 1046 338 451 287 150 518 64 279 96 2 14 0 0 0 0 0 0 0 0 0 0 0 0 0 0 0 
0 232 254 65 141 33 122 7 62 9 12 79 0 0 0 0 0 0 0 0 0 0 0 0 0 0 0 0 0 0 0 0 
2894 2509 3372 2047 1808 1786 1348 913 385 243 672 452 37 49 222 161 0 0 0 0 0 0 0 0 0 0 0 0 0 0 0 0 
20 203 75 21 69 7 9 3 1 142 0 0 0 0 0 0 0 0 0 0 0 0 0 0 0 0 0 0 0 0 0 0 
137 1496 608 551 420 110 501 252 10 147 11 208 0 2 3 0 0 0 0 0 0 0 0 0 0 0 0 0 0 0 0 0 
0 0 0 0 0 0 0 0 0 0 0 0 0 0 0 0 0 0 0 0 0 0 0 0 0 0 0 0 0 0 0 0 
78 253 168 31 47 11 23 6 0 110 0 0 1 0 0 0 0 0 0 0 0 0 0 0 0 0 0 0 0 0 0 0 
0 23 132 1 0 0 2 0 0 0 0 0 0 0 0 0 0 0 0 0 0 0 0 0 0 0 0 0 0 0 0 0 
315 779 726 429 433 183 40 23 137 326 13 94 2 0 5 0 4 33 0 0 0 0 0 0 0 0 0 0 0 0 0 0 
531 3226 1528 1244 833 593 450 399 285 406 18 34 16 264 1 1 37 0 0 0 0 0 0 0 0 0 0 0 0 0 0 0 
0 0 0 0 0 0 0 0 0 0 0 0 0 0 0 0 0 0 0 0 0 0 0 0 0 0 0 0 0 0 0 0 
10 3 0 0 5 2 3 4 0 12 119 0 0 0 0 0 0 0 0 0 0 0 0 0 0 0 0 0 0 0 0 0 
0 0 0 0 0 0 0 0 0 0 0 0 0 0 0 0 0 0 0 0 0 0 0 0 0 0 0 0 0 0 0 0 
2261 5913 3798 2944 1763 1155 1048 560 616 798 114 262 160 356 100 0 1 0 0 0 0 0 0 0 0 0 0 0 0 0 0 0 
987 2181 2149 2100 1424 703 544 204 504 425 107 254 9 20 24 0 3 0 0 0 0 0 0 0 0 0 0 0 0 0 0 0 
106 772 321 253 198 38 213 13 15 17 10 209 0 1 0 0 0 0 0 0 0 0 0 0 0 0 0 0 0 0 0 0 
2711 3216 2903 2124 1631 629 549 292 161 478 85 280 7 10 74 0 5 0 0 0 0 0 0 0 0 0 0 0 0 0 0 0 
0 85 73 44 228 79 0 0 0 0 0 0 0 0 0 0 0 0 0 0 0 0 0 0 0 0 0 0 0 0 0 0 
2086 4771 2384 731 650 573 292 427 713 75 220 35 274 135 8 0 0 0 0 0 0 0 0 0 0 0 0 0 0 0 0 0 
145 725 739 363 290 134 471 256 16 41 4 26 4 264 2 0 0 0 0 0 0 0 0 0 0 0 0 0 0 0 0 0 
109 377 236 129 205 88 30 24 62 149 8 2 6 46 0 0 0 0 0 0 0 0 0 0 0 0 0 0 0 0 0 0 
965 1420 1424 815 915 232 49 33 152 480 29 1 1 49 2 0 40 0 0 0 0 0 0 0 0 0 0 0 0 0 0 0 
733 1435 1357 597 797 224 319 121 113 405 18 19 10 48 64 0 0 0 0 0 0 0 0 0 0 0 0 0 0 0 0 0 
2195 2649 2827 2237 1959 876 512 245 408 345 49 36 24 8 0 0 4 0 0 0 0 0 0 0 0 0 0 0 0 0 0 0 
0 0 0 0 0 0 0 0 0 0 0 0 0 0 0 0 0 0 0 0 0 0 0 0 0 0 0 0 0 0 0 0 
824 1561 1468 1350 1058 588 74 507 90 121 54 12 2 41 0 0 0 0 0 0 0 0 0 0 0 0 0 0 0 0 0 0 
143 482 315 551 181 34 38 56 19 123 6 7 8 6 0 0 0 0 0 0 0 0 0 0 0 0 0 0 0 0 0 0 
37 120 106 248 36 13 14 44 4 111 0 0 0 0 0 0 0 0 0 0 0 0 0 0 0 0 0 0 0 0 0 0 
28 453 321 273 37 27 30 13 13 198 0 5 0 0 0 0 0 0 0 0 0 0 0 0 0 0 0 0 0 0 0 0 
736 1219 1132 937 668 536 187 66 46 470 27 7 0 11 0 0 0 0 0 0 0 0 0 0 0 0 0 0 0 0 0 0 
374 469 459 572 175 352 271 131 609 252 275 13 0 0 0 0 0 0 0 0 0 0 0 0 0 0 0 0 0 0 0 0 
0 15 11 6 42 0 0 0 0 0 0 0 0 0 0 0 0 0 0 0 0 0 0 0 0 0 0 0 0 0 0 0 
0 100 5 2 2 0 17 0 0 0 0 1 0 0 0 0 0 0 0 0 0 0 0 0 0 0 0 0 0 0 0 0 
435 455 777 536 145 55 168 15 43 13 55 28 5 39 1 0 0 0 0 0 0 0 0 0 0 0 0 0 0 0 0 0 
3709 5116 3827 2427 1461 954 692 686 276 680 1189 1415 476 114 84 0 4 76 0 0 0 0 0 0 0 0 0 0 0 0 0 0 
993 1206 1094 430 576 222 221 46 123 191 39 24 7 4 3 0 4 42 0 0 0 0 0 0 0 0 0 0 0 0 0 0 
2 28 23 9 11 4 1 43 0 0 0 0 0 0 0 0 0 0 0 0 0 0 0 0 0 0 0 0 0 0 0 0 
0 0 0 0 0 0 0 0 0 0 0 0 0 0 0 0 0 0 0 0 0 0 0 0 0 0 0 0 0 0 0 0 
517 1752 1551 1193 1196 1016 719 438 40 234 38 97 4 23 22 0 4 0 0 0 0 0 0 0 0 0 0 0 0 0 0 0 
243 538 553 556 449 679 114 255 13 115 47 10 69 1 0 2 0 0 0 0 0 0 0 0 0 0 0 0 0 0 0 0 
1091 1362 1237 213 440 170 63 310 241 51 95 9 103 61 0 0 2 0 0 0 0 0 0 0 0 0 0 0 0 0 0 0 
3383 5258 4917 4087 2552 1471 1299 1304 1073 876 786 666 324 63 49 0 7 0 0 0 0 0 0 0 0 0 0 0 0 0 0 0 
61 354 272 179 310 60 52 75 169 30 100 0 0 0 1 0 0 0 0 0 0 0 0 0 0 0 0 0 0 0 0 0 
6594 9671 8854 6439 3538 3193 2130 1959 1455 538 1216 827 173 97 37 23 54 0 0 0 0 0 0 0 0 0 0 0 0 0 0 0 
120 316 370 591 273 28 5 52 4 0 1 0 0 0 0 0 0 0 0 0 0 0 0 0 0 0 0 0 0 0 0 0 
0 1100 1066 359 443 101 233 51 124 250 15 24 25 5 8 0 3 0 0 0 0 0 0 0 0 0 0 0 0 0 0 0 
0 0 0 0 0 0 0 0 0 0 0 0 0 0 0 0 0 0 0 0 0 0 0 0 0 0 0 0 0 0 0 0 
7326 6586 6078 3331 1432 1394 821 1215 1246 237 1129 1115 1111 827 0 1 0 0 0 0 0 0 0 0 0 0 0 0 0 0 0 0 
94 687 551 551 233 180 46 37 46 329 60 125 21 7 0 0 0 0 0 0 0 0 0 0 0 0 0 0 0 0 0 0 
3 0 0 0 0 0 0 0 0 0 0 0 0 0 0 0 0 0 0 0 0 0 0 0 0 0 0 0 0 0 0 0 
679 1881 1692 1249 1744 1214 506 175 132 622 83 27 3 1 30 9 36 0 0 0 0 0 0 0 0 0 0 0 0 0 0 0 
1415 3643 1937 630 805 571 342 301 727 221 128 9 97 102 6 0 0 0 0 0 0 0 0 0 0 0 0 0 0 0 0 0 
949 1743 1407 1394 963 426 444 429 63 378 206 8 0 0 0 0 0 0 0 0 0 0 0 0 0 0 0 0 0 0 0 0 
1493 5472 3629 2603 1497 1112 779 260 808 253 195 181 98 328 11 0 1 0 0 0 0 0 0 0 0 0 0 0 0 0 0 0 
918 2599 1501 832 958 381 399 270 85 195 37 240 10 59 48 0 2 72 0 0 0 0 0 0 0 0 0 0 0 0 0 0 
0 6 106 0 0 0 0 0 0 0 0 0 0 0 0 0 0 0 0 0 0 0 0 0 0 0 0 0 0 0 0 0 
163 460 325 120 301 155 43 60 2 20 31 69 1 2 0 0 0 0 0 0 0 0 0 0 0 0 0 0 0 0 0 0 
12 271 49 36 75 23 49 5 7 17 8 204 0 0 0 0 0 0 0 0 0 0 0 0 0 0 0 0 0 0 0 0 
871 2710 1930 1743 978 785 941 1111 975 676 488 277 452 68 70 5 61 3 0 0 0 0 0 0 0 0 0 0 0 0 0 0 
0 0 0 0 0 0 0 0 0 0 0 0 0 0 0 0 0 0 0 0 0 0 0 0 0 0 0 0 0 0 0 0 
49 200 34 56 82 16 4 1 4 110 3 1 0 3 0 0 0 0 0 0 0 0 0 0 0 0 0 0 0 0 0 0 
329 670 350 357 509 51 58 53 58 127 11 2 4 6 0 0 0 0 0 0 0 0 0 0 0 0 0 0 0 0 0 0 
1807 3762 4127 3378 2114 1854 1433 562 360 212 76 89 20 24 31 0 4 0 0 0 0 0 0 0 0 0 0 0 0 0 0 0 
306 803 498 225 452 287 179 101 9 58 10 212 0 2 1 0 0 0 0 0 0 0 0 0 0 0 0 0 0 0 0 0 
579 525 625 494 391 255 689 354 447 42 6 20 29 268 0 0 0 0 0 0 0 0 0 0 0 0 0 0 0 0 0 0 
0 0 0 0 0 0 0 2 0 0 0 0 0 0 0 0 0 0 0 0 0 0 0 0 0 0 0 0 0 0 0 0 
4 28 23 9 11 4 1 43 0 0 0 0 0 0 0 0 0 0 0 0 0 0 0 0 0 0 0 0 0 0 0 0 
11 354 176 36 140 16 11 5 6 56 4 2 1 0 0 0 0 0 0 0 0 0 0 0 0 0 0 0 0 0 0 0 
0 33 20 89 10 4 10 0 0 0 0 0 0 0 0 0 0 0 0 0 0 0 0 0 0 0 0 0 0 0 0 0 
0 13 19 6 6 4 4 3 1 142 0 0 0 0 0 0 0 0 0 0 0 0 0 0 0 0 0 0 0 0 0 0 
0 0 0 0 0 0 0 0 0 0 0 0 0 0 3 0 0 0 0 0 0 0 0 0 0 0 0 0 0 0 0 0 
472 4429 2085 916 420 335 492 339 241 56 113 540 45 11 16 0 0 0 0 0 0 0 0 0 0 0 0 0 0 0 0 0 
723 3753 2020 1417 844 566 683 572 171 226 122 292 106 321 65 0 0 0 0 0 0 0 0 0 0 0 0 0 0 0 0 0 
651 2762 1229 165 300 254 68 261 232 127 134 3 77 49 7 0 0 0 0 0 0 0 0 0 0 0 0 0 0 0 0 0 
0 0 0 0 0 0 0 0 0 0 0 0 0 0 0 0 0 0 0 0 0 0 0 0 0 0 0 0 0 0 0 0 
817 3390 1936 1149 889 757 766 359 29 123 38 315 8 37 67 0 0 0 0 0 0 0 0 0 0 0 0 0 0 0 0 0 
131 456 376 245 291 345 281 270 4 113 8 2 0 24 29 1 0 0 0 0 0 0 0 0 0 0 0 0 0 0 0 0 
0 0 0 0 0 0 0 0 0 0 0 0 0 0 0 0 0 0 0 0 0 0 0 0 0 0 0 0 0 0 0 0 
1397 1940 2381 1934 929 691 380 694 88 105 136 48 71 0 0 0 0 0 0 0 0 0 0 0 0 0 0 0 0 0 0 0 
618 2308 1539 1266 1270 681 459 141 417 211 33 261 9 25 0 0 0 0 0 0 0 0 0 0 0 0 0 0 0 0 0 0 
882 1845 1811 1451 792 412 728 522 98 149 22 9 0 24 8 4 0 0 0 0 0 0 0 0 0 0 0 0 0 0 0 0 
138 2737 1457 913 774 633 338 287 10 7 12 0 1 5 28 0 0 0 0 0 0 0 0 0 0 0 0 0 0 0 0 0 
4318 9378 6232 3847 2486 1976 1160 1539 1592 351 901 376 570 248 23 0 6 0 0 0 0 0 0 0 0 0 0 0 0 0 0 0 
2 14 11 6 42 0 0 0 0 0 0 0 0 0 0 0 0 0 0 0 0 0 0 0 0 0 0 0 0 0 0 0 
394 2022 1287 1124 791 282 293 426 289 39 20 8 1 3 30 1 4 0 0 0 0 0 0 0 0 0 0 0 0 0 0 0 
382 398 359 240 337 230 328 276 7 300 4 3 1 6 34 0 0 0 0 0 0 0 0 0 0 0 0 0 0 0 0 0 
0 56 12 0 0 0 0 0 0 0 0 0 0 0 0 0 0 0 0 0 0 0 0 0 0 0 0 0 0 0 0 0 
1402 5280 2814 1442 914 293 592 473 208 75 268 475 280 62 2 0 0 2 0 0 0 0 0 0 0 0 0 0 0 0 0 0 
0 56 12 0 0 0 0 0 0 0 0 0 0 0 0 0 0 0 0 0 0 0 0 0 0 0 0 0 0 0 0 0 
0 14 11 6 42 0 0 0 0 0 0 0 0 0 0 0 0 0 0 0 0 0 0 0 0 0 0 0 0 0 0 0 
565 1747 1658 1421 1317 866 547 193 58 154 162 312 3 51 0 0 0 0 0 0 0 0 0 0 0 0 0 0 0 0 0 0 
1715 2722 2779 2602 1474 1027 608 1312 335 32 41 86 6 53 2 0 0 3 0 0 0 0 0 0 0 0 0 0 0 0 0 0 
489 881 853 576 956 406 253 63 23 173 18 331 0 2 15 0 0 0 0 0 0 0 0 0 0 0 0 0 0 0 0 0 
327 3516 3451 2547 2084 1125 790 704 313 311 281 156 38 34 1 1 8 0 0 0 0 0 0 0 0 0 0 0 0 0 0 0 
235 533 687 627 740 169 104 54 476 15 59 28 15 2 1 9 36 0 0 0 0 0 0 0 0 0 0 0 0 0 0 0 
0 8113 5623 4554 2238 2016 1068 1470 1048 213 1001 501 339 41 3 1 0 0 0 0 0 0 0 0 0 0 0 0 0 0 0 0 
0 0 0 0 0 0 0 0 0 0 0 0 0 0 0 0 0 0 0 0 0 0 0 0 0 0 0 0 0 0 0 0 
0 0 0 0 0 0 0 0 0 0 0 0 0 0 0 0 0 0 0 0 0 0 0 0 0 0 0 0 0 0 0 0 
0 20 15 2 2 31 0 0 0 0 0 0 0 0 0 0 0 0 0 0 0 0 0 0 0 0 0 0 0 0 0 0 
1318 5114 2448 779 867 301 213 442 774 67 189 128 156 48 0 0 0 0 0 0 0 0 0 0 0 0 0 0 0 0 0 0 
527 1705 1951 1695 1155 468 241 422 358 714 192 276 2 4 0 0 0 0 0 0 0 0 0 0 0 0 0 0 0 0 0 0 
1612 2362 2568 2301 1414 524 443 179 109 507 94 21 7 46 22 0 0 0 0 0 0 0 0 0 0 0 0 0 0 0 0 0 
8797 7442 8291 5828 3534 3029 1888 1367 909 828 1643 526 28 23 0 0 0 0 0 0 0 0 0 0 0 0 0 0 0 0 0 0 
201 389 342 241 300 125 213 47 251 174 9 77 0 1 0 0 0 0 0 0 0 0 0 0 0 0 0 0 0 0 0 0 
1013 992 1028 366 579 197 188 132 115 598 70 318 0 2 0 0 0 0 0 0 0 0 0 0 0 0 0 0 0 0 0 0 
344 631 624 774 412 145 51 39 36 112 57 5 0 1 50 0 0 0 0 0 0 0 0 0 0 0 0 0 0 0 0 0 
0 0 0 0 0 0 0 0 0 0 0 0 0 0 0 0 0 0 0 0 0 0 0 0 0 0 0 0 0 0 0 0 
666 1957 1002 503 203 44 45 155 181 130 16 3 16 12 0 0 44 0 0 0 0 0 0 0 0 0 0 0 0 0 0 0 
0 0 0 0 0 0 0 0 0 0 0 0 0 0 0 0 0 0 0 0 0 0 0 0 0 0 0 0 0 0 0 0 
26 50 18 8 1 1 3 3 0 0 1 0 1 0 0 0 0 0 0 0 0 0 0 0 0 0 0 0 0 0 0 0 
667 3163 979 512 192 106 80 150 102 36 155 125 20 269 1 0 0 0 0 0 0 0 0 0 0 0 0 0 0 0 0 0 
0 14 11 6 42 0 0 0 0 0 0 0 0 0 0 0 0 0 0 0 0 0 0 0 0 0 0 0 0 0 0 0 
825 2197 2469 2145 1240 914 633 123 341 189 137 136 35 23 2 0 1 0 0 0 0 0 0 0 0 0 0 0 0 0 0 0 
399 1561 1287 681 701 380 190 533 10 3 20 7 0 1 2 0 0 0 0 0 0 0 0 0 0 0 0 0 0 0 0 0 
250 871 1018 883 561 187 110 64 269 459 76 2 0 0 32 0 0 0 0 0 0 0 0 0 0 0 0 0 0 0 0 0 
0 0 0 0 0 0 0 0 0 0 0 0 0 0 0 0 0 0 0 0 0 0 0 0 0 0 0 0 0 0 0 0 
0 0 0 0 0 0 0 0 0 0 0 0 0 0 0 0 0 0 0 0 0 0 0 0 0 0 0 0 0 0 0 0 
0 0 0 0 0 0 0 0 0 0 0 0 0 0 0 0 0 0 0 0 0 0 0 0 0 0 0 0 0 0 0 0 
0 0 0 0 0 0 0 0 0 0 0 0 0 0 0 0 0 0 0 0 0 0 0 0 0 0 0 0 0 0 0 0 
34 62 357 4 11 0 1 1 0 0 0 0 0 0 0 0 1 0 0 0 0 0 0 0 0 0 0 0 0 0 0 0 
3454 4959 4078 3632 1330 1223 787 1518 148 366 1829 1670 461 13 28 0 0 0 0 0 0 0 0 0 0 0 0 0 0 0 0 0 
0 14 11 6 42 0 0 0 0 0 0 0 0 0 0 0 0 0 0 0 0 0 0 0 0 0 0 0 0 0 0 0 
1583 4183 3282 2793 1519 1106 797 1006 1068 417 414 146 38 4 3 12 3 0 0 0 0 0 0 0 0 0 0 0 0 0 0 0 
0 0 0 0 0 0 0 0 0 0 0 0 0 0 0 0 0 0 0 0 0 0 0 0 0 0 0 0 0 0 0 0 
120 480 512 630 317 36 31 6 4 9 3 0 0 1 2 0 0 0 0 0 0 0 0 0 0 0 0 0 0 0 0 0 
453 642 813 1035 321 192 366 302 20 16 55 10 4 30 126 46 0 0 0 0 0 0 0 0 0 0 0 0 0 0 0 0 
274 671 746 916 231 218 276 301 19 9 56 138 24 22 0 9 36 0 0 0 0 0 0 0 0 0 0 0 0 0 0 0 
0 202 421 474 218 0 3 3 7 0 0 0 0 0 0 0 0 0 0 0 0 0 0 0 0 0 0 0 0 0 0 0 
426 1354 1450 1253 512 399 339 343 20 58 463 65 164 3 11 13 0 0 0 0 0 0 0 0 0 0 0 0 0 0 0 0 
0 0 0 0 0 0 0 0 0 0 0 0 0 0 0 0 0 0 0 0 0 0 0 0 0 0 0 0 0 0 0 0 
274 441 237 140 115 354 53 33 67 8 0 1 0 0 0 0 0 0 0 0 0 0 0 0 0 0 0 0 0 0 0 0 
468 1515 1592 1255 1294 828 335 538 41 26 56 26 41 0 0 0 0 0 0 0 0 0 0 0 0 0 0 0 0 0 0 0 
2398 5472 2890 1001 422 509 251 411 933 197 337 483 370 122 23 2 0 0 0 0 0 0 0 0 0 0 0 0 0 0 0 0 
232 456 465 320 331 182 171 67 266 271 99 323 245 0 3 0 0 0 0 0 0 0 0 0 0 0 0 0 0 0 0 0 
524 846 667 734 230 216 239 52 310 208 33 225 6 49 7 0 0 0 0 0 0 0 0 0 0 0 0 0 0 0 0 0 
408 4523 3300 2406 1351 1018 771 492 822 213 221 21 4 42 23 2 0 0 0 0 0 0 0 0 0 0 0 0 0 0 0 0 
1243 3920 2203 1082 609 480 288 340 378 58 248 271 134 118 0 0 0 0 0 0 0 0 0 0 0 0 0 0 0 0 0 0 
160 1080 1324 1004 664 238 364 208 549 186 169 6 29 3 2 0 0 0 0 0 0 0 0 0 0 0 0 0 0 0 0 0 
0 296 232 6 7 0 7 112 29 0 0 0 0 0 0 0 0 0 0 0 0 0 0 0 0 0 0 0 0 0 0 0 
2397 4089 4627 3642 1608 1723 975 364 447 233 751 81 20 30 7 8 3 9 0 0 0 0 0 0 0 0 0 0 0 0 0 0 
2749 5605 2995 1486 819 695 205 395 344 180 212 490 341 136 0 4 0 0 0 0 0 0 0 0 0 0 0 0 0 0 0 0 
0 5112 2545 2185 666 568 523 970 991 60 260 262 110 84 3 0 5 0 0 0 0 0 0 0 0 0 0 0 0 0 0 0 
1135 1812 1829 1873 701 374 475 197 900 287 79 218 21 59 42 0 1 0 0 0 0 0 0 0 0 0 0 0 0 0 0 0 
98 264 280 131 261 139 136 4 0 2 8 0 0 0 0 0 0 0 0 0 0 0 0 0 0 0 0 0 0 0 0 0 
6 46 0 0 0 0 0 0 3 3 4 0 0 0 1 0 0 0 0 0 0 0 0 0 0 0 0 0 0 0 0 0 
0 168 249 450 0 0 0 0 0 0 0 0 0 0 0 0 0 0 0 0 0 0 0 0 0 0 0 0 0 0 0 0 
571 1224 1072 299 286 271 196 40 39 331 42 229 15 12 76 0 0 0 0 0 0 0 0 0 0 0 0 0 0 0 0 0 
1661 3458 2625 2037 1264 664 729 511 72 612 120 443 20 7 61 0 4 0 0 0 0 0 0 0 0 0 0 0 0 0 0 0 
4478 7455 5358 3340 1412 1223 954 910 1160 366 974 580 407 226 4 1 0 0 0 0 0 0 0 0 0 0 0 0 0 0 0 0 
69 390 47 36 53 60 23 7 0 109 2 2 0 0 4 0 0 0 0 0 0 0 0 0 0 0 0 0 0 0 0 0 
2172 5549 3235 2144 1188 815 346 770 1069 353 388 286 122 45 2 6 0 0 0 0 0 0 0 0 0 0 0 0 0 0 0 0 
549 1612 1645 1495 817 567 248 107 38 399 132 10 1 1 1 0 0 0 0 0 0 0 0 0 0 0 0 0 0 0 0 0 
1193 2182 2126 1293 965 540 364 612 597 541 271 199 110 32 45 0 0 0 0 0 0 0 0 0 0 0 0 0 0 0 0 0 
345 622 354 177 388 280 221 16 13 178 12 248 0 6 56 0 0 0 0 0 0 0 0 0 0 0 0 0 0 0 0 0 
0 0 0 0 0 0 0 0 0 0 0 0 0 0 0 0 0 0 0 0 0 0 0 0 0 0 0 0 0 0 0 0 
0 0 0 0 0 0 0 0 0 0 0 0 0 0 0 0 0 0 0 0 0 0 0 0 0 0 0 0 0 0 0 0 
0 421 259 462 326 208 87 36 369 2 1 0 0 0 0 0 5 0 0 0 0 0 0 0 0 0 0 0 0 0 0 0 
1986 2576 2899 2619 1212 802 555 210 500 334 199 225 9 263 7 0 0 0 0 0 0 0 0 0 0 0 0 0 0 0 0 0 
674 1313 1285 988 450 395 242 53 29 283 55 222 0 0 6 0 0 0 0 0 0 0 0 0 0 0 0 0 0 0 0 0 
1079 1795 1803 1625 992 364 265 107 65 234 67 275 10 10 58 0 0 0 0 0 0 0 0 0 0 0 0 0 0 0 0 0 
0 14 11 7 42 0 0 0 0 0 0 0 0 0 0 0 0 0 0 0 0 0 0 0 0 0 0 0 0 0 0 0 
188 1800 638 166 275 51 185 67 191 17 12 2 11 83 0 0 0 0 0 0 0 0 0 0 0 0 0 0 0 0 0 0 
3333 5979 3197 1246 985 582 219 447 973 68 282 176 391 198 3 0 0 0 0 0 0 0 0 0 0 0 0 0 0 0 0 0 
0 0 0 0 0 0 0 0 0 0 0 0 0 0 0 0 0 0 0 0 0 0 0 0 0 0 0 0 0 0 0 0 
26 57 71 62 40 262 3 0 0 1 6 0 0 0 0 0 0 0 0 0 0 0 0 0 0 0 0 0 0 0 0 0 
0 0 0 0 0 0 0 0 0 0 0 0 0 0 0 0 0 0 0 0 0 0 0 0 0 0 0 0 0 0 0 0 
0 14 11 6 42 0 0 0 0 0 0 0 0 0 0 0 0 0 0 0 0 0 0 0 0 0 0 0 0 0 0 0 
278 758 771 988 791 281 63 13 11 13 15 4 0 0 1 0 0 0 0 0 0 0 0 0 0 0 0 0 0 0 0 0 
1560 1619 1253 985 1483 469 705 372 485 336 33 338 22 281 54 0 9 0 0 0 0 0 0 0 0 0 0 0 0 0 0 0 
0 0 0 0 0 0 0 0 0 0 0 0 0 0 0 0 0 0 0 0 0 0 0 0 0 0 0 0 0 0 0 0 
1121 1440 2186 1606 561 799 774 576 1445 376 293 180 82 322 24 0 0 0 0 0 0 0 0 0 0 0 0 0 0 0 0 0 
1570 2302 2612 2764 1446 1194 881 977 1322 645 140 183 51 347 23 0 0 0 0 0 0 0 0 0 0 0 0 0 0 0 0 0 
2035 5603 4657 3879 1468 1543 1387 1407 1350 368 252 194 125 344 25 1 0 0 0 0 0 0 0 0 0 0 0 0 0 0 0 0 
0 0 0 0 0 0 0 0 0 0 0 0 0 0 0 0 0 0 0 0 0 0 0 0 0 0 0 0 0 0 0 0 
610 1043 538 422 551 192 80 62 57 189 70 125 31 0 0 0 0 0 0 0 0 0 0 0 0 0 0 0 0 0 0 0 
0 0 0 0 0 0 0 0 0 0 0 0 0 0 0 0 0 0 0 0 0 0 0 0 0 0 0 0 0 0 0 0 
740 1942 2046 1902 1228 493 251 214 284 502 48 84 5 12 36 0 0 0 0 0 0 0 0 0 0 0 0 0 0 0 0 0 
0 40 41 25 17 22 16 6 77 2 0 0 0 0 0 0 0 0 0 0 0 0 0 0 0 0 0 0 0 0 0 0 
1012 1281 1379 1097 1100 954 653 380 217 359 30 54 21 42 35 0 0 0 0 0 0 0 0 0 0 0 0 0 0 0 0 0 
0 68 75 149 17 22 16 6 77 2 0 0 0 0 0 0 0 0 0 0 0 0 0 0 0 0 0 0 0 0 0 0 
8449 5148 5733 4403 2874 2598 1771 988 2512 654 588 540 242 413 139 3 16 25 0 0 0 0 0 0 0 0 0 0 0 0 0 0 
3048 2538 2756 2190 1155 918 966 694 1743 389 69 165 49 334 22 0 3 4 0 0 0 0 0 0 0 0 0 0 0 0 0 0 
0 17 20 0 0 0 0 0 0 0 0 0 0 0 0 0 0 0 0 0 0 0 0 0 0 0 0 0 0 0 0 0 
0 53 87 28 211 8 4 0 0 0 0 0 0 0 0 0 4 0 0 0 0 0 0 0 0 0 0 0 0 0 0 0 
688 1207 1243 1271 1037 835 479 276 12 34 17 220 0 29 39 0 3 0 0 0 0 0 0 0 0 0 0 0 0 0 0 0 
0 0 0 0 0 0 0 0 0 0 0 0 0 0 0 0 0 0 0 0 0 0 0 0 0 0 0 0 0 0 0 0 
349 960 664 727 247 310 135 96 42 98 146 225 4 0 0 0 3 0 0 0 0 0 0 0 0 0 0 0 0 0 0 0 
441 1891 1506 811 351 427 639 502 453 544 20 21 39 345 6 0 3 8 0 0 0 0 0 0 0 0 0 0 0 0 0 0 
328 2919 1574 1073 512 289 200 433 414 191 46 16 27 265 1 0 0 0 0 0 0 0 0 0 0 0 0 0 0 0 0 0 
130 173 185 151 103 62 119 47 269 190 1 60 1 20 0 0 0 0 0 0 0 0 0 0 0 0 0 0 0 0 0 0 
0 8 33 80 0 0 0 0 0 0 0 0 0 0 0 0 0 0 0 0 0 0 0 0 0 0 0 0 0 0 0 0 
770 1049 1873 940 190 231 102 119 30 587 549 518 262 0 3 0 0 0 0 0 0 0 0 0 0 0 0 0 0 0 0 0 
0 0 0 0 0 0 0 0 0 0 0 0 0 0 0 0 0 0 0 0 0 0 0 0 0 0 0 0 0 0 0 0 
4237 3396 2489 1538 1710 819 1035 554 522 770 198 434 201 23 148 0 0 0 0 0 0 0 0 0 0 0 0 0 0 0 0 0 
341 830 671 371 869 515 310 66 17 48 43 261 0 22 0 0 0 0 0 0 0 0 0 0 0 0 0 0 0 0 0 0 
58 303 280 248 146 203 470 289 57 24 15 216 4 42 22 0 0 0 0 0 0 0 0 0 0 0 0 0 0 0 0 0 
0 517 328 54 175 150 25 0 9 1 0 0 0 0 0 0 0 0 0 0 0 0 0 0 0 0 0 0 0 0 0 0 
0 1024 817 790 387 170 521 288 24 105 5 21 12 270 62 2 1 0 0 0 0 0 0 0 0 0 0 0 0 0 0 0 
278 896 1055 1318 676 587 248 36 103 93 53 205 10 47 29 1 0 0 0 0 0 0 0 0 0 0 0 0 0 0 0 0 
6846 8561 6223 4295 1772 2127 971 1216 847 343 1240 889 305 164 38 41 0 0 0 0 0 0 0 0 0 0 0 0 0 0 0 0 
1497 4455 2604 948 552 487 195 218 489 63 644 362 104 75 0 0 0 2 0 0 0 0 0 0 0 0 0 0 0 0 0 0 
0 0 0 0 0 0 0 0 0 0 0 0 0 0 0 0 0 0 0 0 0 0 0 0 0 0 0 0 0 0 0 0 
340 476 482 247 528 377 470 405 12 257 133 2 0 22 0 0 0 0 0 0 0 0 0 0 0 0 0 0 0 0 0 0 
304 549 391 153 469 146 93 16 23 187 17 89 1 0 0 0 0 0 0 0 0 0 0 0 0 0 0 0 0 0 0 0 
118 262 310 105 246 89 22 14 26 184 4 0 0 0 4 0 0 0 0 0 0 0 0 0 0 0 0 0 0 0 0 0 
0 0 0 0 0 0 0 0 0 0 0 0 0 0 0 0 0 0 0 0 0 0 0 0 0 0 0 0 0 0 0 0 
3077 5648 2496 1261 789 363 527 522 341 84 250 390 310 167 3 0 0 0 0 0 0 0 0 0 0 0 0 0 0 0 0 0 
2301 4545 4089 3784 1790 1569 934 1051 519 320 785 363 40 2 3 0 0 0 0 0 0 0 0 0 0 0 0 0 0 0 0 0 
1212 1526 1390 986 884 687 683 458 129 187 108 134 45 321 61 2 35 5 0 0 0 0 0 0 0 0 0 0 0 0 0 0 
4 0 2 0 2 0 0 0 0 0 0 0 0 0 0 0 0 0 0 0 0 0 0 0 0 0 0 0 0 0 0 0 
0 0 0 0 0 0 0 0 0 0 0 0 0 0 0 0 0 0 0 0 0 0 0 0 0 0 0 0 0 0 0 0 
0 0 0 0 0 0 0 0 0 0 0 0 0 0 0 0 0 0 0 0 0 0 0 0 0 0 0 0 0 0 0 0 
174 351 331 337 134 305 339 305 19 80 52 63 165 0 11 0 0 0 0 0 0 0 0 0 0 0 0 0 0 0 0 0 
189 481 531 452 151 629 218 45 2 2 7 4 1 22 1 0 0 0 0 0 0 0 0 0 0 0 0 0 0 0 0 0 
293 1445 1514 979 858 901 574 368 255 169 463 13 1 24 6 13 0 0 0 0 0 0 0 0 0 0 0 0 0 0 0 0 
2594 3514 3661 2989 1853 1773 951 463 473 308 272 115 62 12 18 33 19 7 0 0 0 0 0 0 0 0 0 0 0 0 0 0 
403 676 683 588 246 284 482 406 59 124 359 847 251 263 2 0 0 0 0 0 0 0 0 0 0 0 0 0 0 0 0 0 
0 0 0 0 0 0 0 0 0 0 0 0 0 0 0 0 0 0 0 0 0 0 0 0 0 0 0 0 0 0 0 0 
0 14 11 6 42 0 0 0 0 0 0 0 0 0 0 0 0 0 0 0 0 0 0 0 0 0 0 0 0 0 0 0 
745 3674 1457 541 325 297 68 194 71 17 48 145 75 39 0 0 0 0 0 0 0 0 0 0 0 0 0 0 0 0 0 0 
808 4622 2092 1813 423 435 392 312 1167 300 162 167 90 333 2 0 0 0 0 0 0 0 0 0 0 0 0 0 0 0 0 0 
2820 5687 3492 2219 782 1090 385 891 330 79 804 459 138 96 14 19 0 0 0 0 0 0 0 0 0 0 0 0 0 0 0 0 
1281 4439 1825 778 410 200 335 291 325 14 131 21 96 34 1 2 0 0 0 0 0 0 0 0 0 0 0 0 0 0 0 0 
414 2462 2810 1887 1291 801 397 577 85 155 538 9 5 6 6 0 3 0 0 0 0 0 0 0 0 0 0 0 0 0 0 0 
80 167 167 76 59 74 62 8 61 18 0 0 0 0 0 0 0 0 0 0 0 0 0 0 0 0 0 0 0 0 0 0 
227 900 777 784 357 220 115 150 33 37 40 204 12 1 0 0 0 0 0 0 0 0 0 0 0 0 0 0 0 0 0 0 
1523 2531 2216 1517 1391 511 363 100 141 464 88 264 1 2 37 0 0 0 0 0 0 0 0 0 0 0 0 0 0 0 0 0 
601 1195 790 549 540 231 276 71 261 500 18 225 4 11 0 0 0 0 0 0 0 0 0 0 0 0 0 0 0 0 0 0 
37 148 123 106 109 46 79 32 226 157 1 0 1 0 0 0 0 0 0 0 0 0 0 0 0 0 0 0 0 0 0 0 
143 349 255 151 83 130 126 442 18 6 14 6 1 2 5 1 0 0 0 0 0 0 0 0 0 0 0 0 0 0 0 0 
13 107 30 8 6 1 5 102 1 0 3 0 0 0 0 1 0 0 0 0 0 0 0 0 0 0 0 0 0 0 0 0 
564 832 722 927 483 227 448 352 366 298 27 21 22 273 3 0 0 0 0 0 0 0 0 0 0 0 0 0 0 0 0 0 
0 0 0 0 0 0 0 0 0 0 0 0 0 0 0 0 0 0 0 0 0 0 0 0 0 0 0 0 0 0 0 0 
0 3253 3463 2417 1912 1327 1021 609 550 344 226 235 8 30 90 21 0 0 0 0 0 0 0 0 0 0 0 0 0 0 0 0 
1 112 60 48 28 87 10 4 29 0 0 0 0 0 0 0 0 0 0 0 0 0 0 0 0 0 0 0 0 0 0 0 
0 0 0 0 0 0 0 0 0 0 0 0 0 0 0 0 0 0 0 0 0 0 0 0 0 0 0 0 0 0 0 0 
280 227 226 119 113 94 16 113 51 14 8 4 7 0 0 0 0 0 0 0 0 0 0 0 0 0 0 0 0 0 0 0 
204 103 171 165 131 6 3 7 18 56 0 0 0 0 0 0 0 0 0 0 0 0 0 0 0 0 0 0 0 0 0 0 
131 526 448 350 634 439 188 46 76 128 8 12 0 22 0 0 0 0 0 0 0 0 0 0 0 0 0 0 0 0 0 0 
0 0 0 0 0 0 0 0 0 0 0 0 0 0 0 0 0 0 0 0 0 0 0 0 0 0 0 0 0 0 0 0 
0 50 64 57 167 0 0 0 0 0 0 0 0 0 0 0 0 0 0 0 0 0 0 0 0 0 0 0 0 0 0 0 
0 0 0 0 0 0 0 0 0 0 0 0 0 0 0 0 0 0 0 0 0 0 0 0 0 0 0 0 0 0 0 0 
1274 4551 1933 1147 603 483 631 549 722 318 151 225 253 415 4 0 0 0 0 0 0 0 0 0 0 0 0 0 0 0 0 0 
1685 5423 3331 2745 1216 1276 702 365 1007 113 354 632 306 111 6 0 0 0 0 0 0 0 0 0 0 0 0 0 0 0 0 0 
0 0 0 0 0 0 0 0 0 0 0 0 0 0 0 0 0 0 0 0 0 0 0 0 0 0 0 0 0 0 0 0 
290 518 326 178 330 434 202 39 2 59 9 7 1 26 3 1 0 0 0 0 0 0 0 0 0 0 0 0 0 0 0 0 
88 268 354 304 193 65 36 9 5 5 4 1 7 0 22 0 0 0 0 0 0 0 0 0 0 0 0 0 0 0 0 0 
259 3253 1921 1571 690 465 422 311 50 40 26 30 13 15 91 0 0 0 0 0 0 0 0 0 0 0 0 0 0 0 0 0 
299 705 903 1202 460 194 209 55 44 162 23 4 0 22 0 0 0 0 0 0 0 0 0 0 0 0 0 0 0 0 0 0 
2175 1961 1786 997 1062 523 373 160 144 1130 7 4 0 22 1 0 3 0 0 0 0 0 0 0 0 0 0 0 0 0 0 0 
3212 2287 2765 2297 1010 1166 1413 1012 139 74 400 238 18 44 305 172 0 0 0 0 0 0 0 0 0 0 0 0 0 0 0 0 
1390 2739 1973 370 679 272 127 308 623 67 169 6 185 139 0 0 0 0 0 0 0 0 0 0 0 0 0 0 0 0 0 0 
885 4236 2723 1989 1438 761 879 358 719 200 28 304 27 266 43 0 0 0 0 0 0 0 0 0 0 0 0 0 0 0 0 0 
244 2604 1167 755 408 561 226 511 188 6 135 25 44 0 0 0 2 36 0 0 0 0 0 0 0 0 0 0 0 0 0 0 
157 3032 866 392 451 222 89 59 207 15 68 127 29 0 2 0 0 0 0 0 0 0 0 0 0 0 0 0 0 0 0 0 
0 149 176 105 51 53 140 10 11 7 27 134 1 0 0 0 0 0 0 0 0 0 0 0 0 0 0 0 0 0 0 0 
173 465 722 1083 175 61 143 16 13 10 41 8 5 0 0 0 0 0 0 0 0 0 0 0 0 0 0 0 0 0 0 0 
13 1183 298 386 52 58 259 235 1 8 1 0 0 2 28 0 0 0 0 0 0 0 0 0 0 0 0 0 0 0 0 0 
0 0 0 0 0 0 0 0 0 0 0 0 0 0 0 0 0 0 0 0 0 0 0 0 0 0 0 0 0 0 0 0 
0 0 0 0 0 0 0 0 0 0 0 0 0 0 0 0 0 0 0 0 0 0 0 0 0 0 0 0 0 0 0 0 
3933 7339 4899 3650 1527 2075 1234 1468 1910 536 997 681 633 222 73 2 2 30 0 0 0 0 0 0 0 0 0 0 0 0 0 0 
1035 4829 2252 1359 526 567 233 256 473 87 170 353 192 75 0 0 0 0 0 0 0 0 0 0 0 0 0 0 0 0 0 0 
2152 6177 3197 1816 1155 554 446 853 385 179 318 413 230 82 0 0 5 0 0 0 0 0 0 0 0 0 0 0 0 0 0 0 
0 0 0 0 0 0 0 0 0 0 0 0 0 0 0 0 0 0 0 0 0 0 0 0 0 0 0 0 0 0 0 0 
1045 1599 1665 1338 1170 834 415 299 52 605 315 15 3 7 0 0 0 0 0 0 0 0 0 0 0 0 0 0 0 0 0 0 
469 861 555 267 467 291 146 39 25 508 12 228 3 348 57 0 0 0 0 0 0 0 0 0 0 0 0 0 0 0 0 0 
0 92 235 396 0 0 0 0 0 0 0 0 0 0 0 0 0 0 0 0 0 0 0 0 0 0 0 0 0 0 0 0 
924 2507 1289 692 568 432 658 430 463 205 29 22 21 376 59 0 4 24 0 0 0 0 0 0 0 0 0 0 0 0 0 0 
0 0 0 0 0 0 0 0 0 0 0 0 0 0 0 0 0 0 0 0 0 0 0 0 0 0 0 0 0 0 0 0 
0 218 225 74 269 3 1 4 5 6 10 85 0 0 0 0 1 1 0 0 0 0 0 0 0 0 0 0 0 0 0 0 
0 12 16 6 12 0 0 1 0 0 0 1 0 0 0 0 0 0 0 0 0 0 0 0 0 0 0 0 0 0 0 0 
432 3222 1899 1914 770 394 148 799 649 47 627 88 20 3 4 0 0 0 0 0 0 0 0 0 0 0 0 0 0 0 0 0 
0 11 15 5 5 8 0 1 2 0 0 1 0 0 0 0 0 0 0 0 0 0 0 0 0 0 0 0 0 0 0 0 
1 0 0 0 0 1 0 4 0 0 0 0 0 0 0 0 0 0 0 0 0 0 0 0 0 0 0 0 0 0 0 0 
1619 4274 2211 2035 984 784 681 894 969 87 573 301 72 13 45 0 16 0 0 0 0 0 0 0 0 0 0 0 0 0 0 0 
1010 1372 1658 1371 913 1152 585 412 31 16 487 152 12 24 0 0 0 0 0 0 0 0 0 0 0 0 0 0 0 0 0 0 
28 0 8 9 12 6 2 1 2 2 57 4 0 0 0 0 0 0 0 0 0 0 0 0 0 0 0 0 0 0 0 0 
7279 7487 6434 5187 2335 2488 2018 1007 2265 616 712 773 281 477 180 0 7 36 0 0 0 0 0 0 0 0 0 0 0 0 0 0 
68 185 168 86 282 181 39 4 3 2 3 1 0 1 0 0 0 0 0 0 0 0 0 0 0 0 0 0 0 0 0 0 
154 930 749 1067 292 175 79 608 25 24 536 122 9 0 0 0 0 0 0 0 0 0 0 0 0 0 0 0 0 0 0 0 
121 384 383 707 210 69 37 54 396 2 14 6 2 0 0 0 0 0 0 0 0 0 0 0 0 0 0 0 0 0 0 0 
92 487 463 454 247 191 269 78 233 158 12 7 1 22 3 19 0 0 0 0 0 0 0 0 0 0 0 0 0 0 0 0 
191 314 355 112 350 109 206 258 6 0 13 17 1 3 1 0 0 0 0 0 0 0 0 0 0 0 0 0 0 0 0 0 
155 56 120 76 33 67 320 5 0 7 8 3 1 5 0 0 0 0 0 0 0 0 0 0 0 0 0 0 0 0 0 0 
250 642 908 610 206 101 230 31 46 255 22 210 0 9 38 0 0 0 0 0 0 0 0 0 0 0 0 0 0 0 0 0 
2041 3549 3331 2681 1963 1148 800 383 861 931 480 443 96 336 4 0 0 0 0 0 0 0 0 0 0 0 0 0 0 0 0 0 
515 912 733 374 259 73 32 20 24 14 21 56 10 40 0 9 38 0 0 0 0 0 0 0 0 0 0 0 0 0 0 0 
468 962 1220 1541 604 172 134 112 257 254 229 216 245 0 1 0 0 0 0 0 0 0 0 0 0 0 0 0 0 0 0 0 
243 681 741 794 415 363 141 522 32 10 417 15 1 2 0 9 38 0 0 0 0 0 0 0 0 0 0 0 0 0 0 0 
937 2053 2172 2055 1192 454 324 129 551 558 71 84 10 11 1 0 0 0 0 0 0 0 0 0 0 0 0 0 0 0 0 0 
3677 5980 3242 1427 971 668 294 440 999 78 274 313 370 245 6 0 0 0 0 0 0 0 0 0 0 0 0 0 0 0 0 0 
422 898 1064 723 496 144 208 77 283 474 15 232 5 2 36 0 0 0 0 0 0 0 0 0 0 0 0 0 0 0 0 0 
1026 1615 1635 1556 1266 680 653 877 59 536 407 18 21 4 20 0 1 14 0 0 0 0 0 0 0 0 0 0 0 0 0 0 
1310 1258 1267 1062 646 948 881 396 26 56 175 339 93 38 87 20 0 0 0 0 0 0 0 0 0 0 0 0 0 0 0 0 
31 95 147 106 72 287 122 1 1 1 5 0 0 0 0 0 0 0 0 0 0 0 0 0 0 0 0 0 0 0 0 0 
1341 2448 2516 2254 896 712 582 224 978 657 183 568 23 61 40 0 0 0 0 0 0 0 0 0 0 0 0 0 0 0 0 0 
82 592 638 1038 88 80 150 56 267 201 14 1 5 46 0 0 0 0 0 0 0 0 0 0 0 0 0 0 0 0 0 0 
0 8 31 1 24 1 14 2 0 0 0 0 0 0 12 0 0 0 0 0 0 0 0 0 0 0 0 0 0 0 0 0 
811 1699 2263 1727 787 784 438 324 495 397 731 486 56 405 85 0 1 0 0 0 0 0 0 0 0 0 0 0 0 0 0 0 
0 59 7 3 0 7 2 2 1 5 0 0 0 0 0 0 0 0 0 0 0 0 0 0 0 0 0 0 0 0 0 0 
1182 2516 2352 1567 220 548 403 319 70 507 918 1411 309 76 18 0 2 0 0 0 0 0 0 0 0 0 0 0 0 0 0 0 
0 0 0 0 0 0 0 0 0 0 0 0 0 0 0 0 0 0 0 0 0 0 0 0 0 0 0 0 0 0 0 0 
4 25 42 11 16 8 2 6 3 53 4 0 0 0 2 0 0 0 0 0 0 0 0 0 0 0 0 0 0 0 0 0 
116 54 70 43 64 42 160 32 19 9 96 11 2 37 0 0 0 0 0 0 0 0 0 0 0 0 0 0 0 0 0 0 
61 0 34 30 28 17 10 10 2 8 130 80 1 0 4 0 1 2 0 0 0 0 0 0 0 0 0 0 0 0 0 0 
1470 4837 2181 1319 765 467 208 754 317 264 279 455 95 14 0 0 5 0 0 0 0 0 0 0 0 0 0 0 0 0 0 0 
413 2750 561 384 224 31 53 36 81 5 18 8 48 18 0 0 0 0 0 0 0 0 0 0 0 0 0 0 0 0 0 0 
2153 5180 4334 3502 1764 1776 947 538 713 450 472 133 40 28 2 0 2 0 0 0 0 0 0 0 0 0 0 0 0 0 0 0 
399 1061 1104 1145 668 582 333 71 16 8 42 9 1 23 10 0 0 0 0 0 0 0 0 0 0 0 0 0 0 0 0 0 
884 1620 1776 1363 604 760 674 487 648 330 70 206 34 296 43 0 0 16 0 0 0 0 0 0 0 0 0 0 0 0 0 0 
2939 3300 3548 3122 1701 1783 1218 692 1421 433 155 261 94 333 37 0 3 0 0 0 0 0 0 0 0 0 0 0 0 0 0 0 
1819 2741 3571 2652 1663 1180 885 601 659 214 586 139 7 6 6 2 0 0 0 0 0 0 0 0 0 0 0 0 0 0 0 0 
43 186 304 124 246 185 21 48 32 0 0 0 0 0 0 0 0 0 0 0 0 0 0 0 0 0 0 0 0 0 0 0 
822 4295 1477 593 129 161 100 220 230 30 98 151 186 136 53 3 0 0 0 0 0 0 0 0 0 0 0 0 0 0 0 0 
54 77 85 43 32 74 10 6 1 5 10 2 0 0 22 0 0 0 0 0 0 0 0 0 0 0 0 0 0 0 0 0 
744 874 518 219 342 297 267 38 29 78 25 328 3 268 56 0 0 0 0 0 0 0 0 0 0 0 0 0 0 0 0 0 
1176 1406 993 341 757 411 375 89 18 242 25 331 0 6 63 0 0 0 0 0 0 0 0 0 0 0 0 0 0 0 0 0 
0 0 0 0 0 0 0 0 0 0 0 0 0 0 0 0 0 0 0 0 0 0 0 0 0 0 0 0 0 0 0 0 
0 46 64 53 33 252 0 0 0 0 0 0 0 0 0 0 0 0 0 0 0 0 0 0 0 0 0 0 0 0 0 0 
0 0 0 0 0 0 0 0 0 0 0 0 0 0 0 0 0 0 0 0 0 0 0 0 0 0 0 0 0 0 0 0 
0 456 538 614 105 195 111 43 282 170 4 3 5 2 0 0 0 0 0 0 0 0 0 0 0 0 0 0 0 0 0 0 
0 0 0 0 0 0 0 0 0 0 0 0 0 0 0 0 0 0 0 0 0 0 0 0 0 0 0 0 0 0 0 0 
90 393 33 19 115 4 9 0 4 2 0 0 0 3 0 0 0 0 0 0 0 0 0 0 0 0 0 0 0 0 0 0 
6649 8435 5931 3865 2295 2151 919 1112 752 445 761 933 435 287 52 7 5 15 0 0 0 0 0 0 0 0 0 0 0 0 0 0 
963 1911 1961 1990 1235 756 422 122 385 218 35 92 11 8 1 0 0 0 0 0 0 0 0 0 0 0 0 0 0 0 0 0 
891 2077 1566 948 1218 946 923 620 169 209 43 310 32 354 93 0 0 0 0 0 0 0 0 0 0 0 0 0 0 0 0 0 
163 496 372 367 206 173 367 327 569 65 97 347 0 1 0 0 0 0 0 0 0 0 0 0 0 0 0 0 0 0 0 0 
543 2408 2519 2427 1525 1404 1040 471 664 452 78 428 71 326 3 0 0 0 0 0 0 0 0 0 0 0 0 0 0 0 0 0 
0 14 11 6 42 0 0 0 0 0 0 0 0 0 0 0 0 0 0 0 0 0 0 0 0 0 0 0 0 0 0 0 
5 145 80 44 98 73 48 5 7 16 8 204 0 0 0 0 0 0 0 0 0 0 0 0 0 0 0 0 0 0 0 0 
0 7126 4546 3635 1959 1805 1333 824 1902 573 343 427 114 391 14 0 6 0 0 0 0 0 0 0 0 0 0 0 0 0 0 0 
127 3114 985 180 59 119 62 197 268 9 46 119 23 3 0 0 0 0 0 0 0 0 0 0 0 0 0 0 0 0 0 0 
1073 4217 2376 954 704 398 275 295 783 148 95 148 105 185 5 0 0 0 0 0 0 0 0 0 0 0 0 0 0 0 0 0 
1119 2438 2872 2323 1159 1139 810 1256 524 58 758 166 38 28 8 16 0 0 0 0 0 0 0 0 0 0 0 0 0 0 0 0 
124 100 241 126 157 20 23 20 6 28 87 82 83 0 0 0 0 0 0 0 0 0 0 0 0 0 0 0 0 0 0 0 
0 7 0 0 0 0 0 0 0 0 0 0 0 0 0 0 0 0 0 0 0 0 0 0 0 0 0 0 0 0 0 0 
161 806 921 1252 683 119 45 7 1 3 4 4 0 0 1 0 0 0 0 0 0 0 0 0 0 0 0 0 0 0 0 0 
1563 2882 2997 2616 1518 759 525 703 823 534 481 14 19 63 46 0 0 0 0 0 0 0 0 0 0 0 0 0 0 0 0 0 
0 0 0 0 0 0 0 0 0 0 0 0 0 0 0 0 0 0 0 0 0 0 0 0 0 0 0 0 0 0 0 0 
0 14 11 6 42 0 0 0 0 0 0 0 0 0 0 0 0 0 0 0 0 0 0 0 0 0 0 0 0 0 0 0 
0 0 0 0 0 0 0 0 0 0 0 0 0 0 0 0 0 0 0 0 0 0 0 0 0 0 0 0 0 0 0 0 
42 3 0 1 2 2 27 0 0 0 0 0 0 0 0 0 0 0 0 0 0 0 0 0 0 0 0 0 0 0 0 0 
1 0 0 0 0 0 0 0 0 0 0 0 0 0 0 0 0 0 0 0 0 0 0 0 0 0 0 0 0 0 0 0 
27 1622 419 690 110 148 36 2 0 1 5 10 1 0 0 0 0 0 0 0 0 0 0 0 0 0 0 0 0 0 0 0 
58 199 279 547 20 125 8 1 3 1 11 0 0 0 0 0 0 0 0 0 0 0 0 0 0 0 0 0 0 0 0 0 
946 4298 1555 852 277 267 256 219 391 34 183 195 361 274 0 0 0 0 0 0 0 0 0 0 0 0 0 0 0 0 0 0 
59 100 200 29 26 90 6 7 3 2 9 27 0 0 0 0 0 0 0 0 0 0 0 0 0 0 0 0 0 0 0 0 
164 624 1001 1041 139 457 397 307 39 132 62 107 10 316 50 0 8 0 0 0 0 0 0 0 0 0 0 0 0 0 0 0 
937 2038 2518 2478 1312 1040 731 519 96 106 300 197 54 11 9 0 0 0 0 0 0 0 0 0 0 0 0 0 0 0 0 0 
1815 2872 3047 2928 1297 932 564 297 813 371 65 87 33 60 21 17 6 0 0 0 0 0 0 0 0 0 0 0 0 0 0 0 
2780 5570 4748 3323 963 966 642 780 359 682 1788 2569 458 6 0 0 0 0 0 0 0 0 0 0 0 0 0 0 0 0 0 0 
3609 6277 5301 4681 1753 2311 1370 1416 1784 513 1174 512 332 169 114 2 3 0 0 0 0 0 0 0 0 0 0 0 0 0 0 0 
0 49 81 29 14 13 15 56 11 10 1 0 0 0 0 0 0 0 0 0 0 0 0 0 0 0 0 0 0 0 0 0 
748 4905 2215 1772 825 696 408 823 314 32 475 138 114 57 1 0 0 0 0 0 0 0 0 0 0 0 0 0 0 0 0 0 
17 176 161 111 146 169 55 25 12 10 0 12 3 263 0 0 0 0 0 0 0 0 0 0 0 0 0 0 0 0 0 0 
2487 4025 3845 3116 2382 1399 1387 1029 1591 314 453 262 85 4 6 0 5 0 0 0 0 0 0 0 0 0 0 0 0 0 0 0 
1240 1880 1576 1225 1380 714 299 132 88 397 43 42 32 267 4 0 2 0 0 0 0 0 0 0 0 0 0 0 0 0 0 0 
1639 2955 2617 1633 1033 582 477 695 663 108 130 26 120 32 1 5 0 0 0 0 0 0 0 0 0 0 0 0 0 0 0 0 
190 638 461 622 189 347 331 301 504 27 37 3 4 0 1 0 0 0 0 0 0 0 0 0 0 0 0 0 0 0 0 0 
1816 3972 4488 3035 1788 2169 879 1095 259 109 921 529 97 34 5 4 0 0 0 0 0 0 0 0 0 0 0 0 0 0 0 0 
0 0 0 0 0 0 0 0 0 0 0 0 0 0 0 0 0 0 0 0 0 0 0 0 0 0 0 0 0 0 0 0 
1686 2872 2985 2748 1264 1349 1242 624 1611 446 432 329 138 290 29 0 4 0 0 0 0 0 0 0 0 0 0 0 0 0 0 0 
539 2712 1444 698 622 536 402 115 312 181 81 158 26 29 3 9 36 0 0 0 0 0 0 0 0 0 0 0 0 0 0 0 
454 1547 1582 1352 673 387 210 127 80 56 77 99 14 4 5 0 0 0 0 0 0 0 0 0 0 0 0 0 0 0 0 0 
808 582 744 458 430 551 1005 375 18 6 72 29 6 43 219 69 0 0 0 0 0 0 0 0 0 0 0 0 0 0 0 0 
6827 6331 5865 3961 2100 2237 1965 1644 264 189 1247 745 182 68 301 203 0 0 0 0 0 0 0 0 0 0 0 0 0 0 0 0 
226 221 201 145 52 92 148 10 1 1 2 5 0 0 0 0 0 0 0 0 0 0 0 0 0 0 0 0 0 0 0 0 
0 0 0 0 0 0 0 0 0 0 0 0 0 0 0 0 0 0 0 0 0 0 0 0 0 0 0 0 0 0 0 0 
414 1204 729 590 469 268 229 141 424 528 13 2 0 0 0 0 0 0 0 0 0 0 0 0 0 0 0 0 0 0 0 0 
463 3411 2931 2789 1135 1097 473 674 717 198 576 236 57 16 2 4 0 0 0 0 0 0 0 0 0 0 0 0 0 0 0 0 
33 894 728 451 416 70 150 11 0 1 13 1 25 3 0 0 0 0 0 0 0 0 0 0 0 0 0 0 0 0 0 0 
177 740 913 769 469 177 150 85 39 10 23 123 1 2 1 2 0 0 0 0 0 0 0 0 0 0 0 0 0 0 0 0 
223 1073 1035 590 1228 444 312 47 13 409 8 13 0 4 0 0 0 0 0 0 0 0 0 0 0 0 0 0 0 0 0 0 
593 969 823 966 485 237 179 386 127 439 175 3 0 0 3 4 0 0 0 0 0 0 0 0 0 0 0 0 0 0 0 0 
401 1963 583 665 584 85 29 20 24 221 0 5 0 2 0 0 0 0 0 0 0 0 0 0 0 0 0 0 0 0 0 0 
0 89 94 74 218 0 0 0 0 0 0 0 0 0 0 0 0 0 0 0 0 0 0 0 0 0 0 0 0 0 0 0 
472 3911 1778 1378 439 424 442 492 642 192 141 231 110 63 2 0 0 0 0 0 0 0 0 0 0 0 0 0 0 0 0 0 
771 3946 3018 2166 1462 1174 517 848 177 107 753 534 55 9 0 0 0 0 0 0 0 0 0 0 0 0 0 0 0 0 0 0 
2449 2957 4056 3453 1252 1214 623 1017 173 150 1147 393 87 48 6 1 0 0 0 0 0 0 0 0 0 0 0 0 0 0 0 0 
1076 1475 1761 1820 626 472 293 113 55 88 409 255 40 3 1 0 0 0 0 0 0 0 0 0 0 0 0 0 0 0 0 0 
879 3270 3548 3150 1603 977 747 752 424 98 380 163 55 10 2 1 30 0 0 0 0 0 0 0 0 0 0 0 0 0 0 0 
124 439 530 537 29 34 22 2 12 11 18 1 2 0 0 0 0 0 0 0 0 0 0 0 0 0 0 0 0 0 0 0 
182 1585 1496 1571 486 397 212 93 582 41 139 130 77 143 0 0 2 0 0 0 0 0 0 0 0 0 0 0 0 0 0 0 
27 403 426 186 88 108 224 33 228 161 5 0 0 0 0 0 0 0 0 0 0 0 0 0 0 0 0 0 0 0 0 0 
1376 2770 3185 3094 1025 947 862 950 1162 238 661 283 77 91 0 4 0 0 0 0 0 0 0 0 0 0 0 0 0 0 0 0 
4238 5847 5675 4332 2240 2020 1360 1421 716 193 1225 497 156 25 2 0 0 0 0 0 0 0 0 0 0 0 0 0 0 0 0 0 
945 1868 2429 1606 1054 1168 593 1051 481 391 952 343 62 1 2 0 0 0 0 0 0 0 0 0 0 0 0 0 0 0 0 0 
1770 3707 4053 2662 1601 1563 724 1374 414 121 520 500 97 9 1 1 0 0 0 0 0 0 0 0 0 0 0 0 0 0 0 0 
2160 3505 3952 3687 1799 2040 965 1451 675 549 854 333 83 68 21 0 5 0 0 0 0 0 0 0 0 0 0 0 0 0 0 0 
40 344 446 684 225 85 156 23 7 13 10 4 0 0 0 0 0 0 0 0 0 0 0 0 0 0 0 0 0 0 0 0 
67 194 196 194 393 21 15 5 2 3 10 5 0 0 0 0 0 0 0 0 0 0 0 0 0 0 0 0 0 0 0 0 
310 877 945 1251 619 399 498 317 60 24 9 20 37 10 50 0 6 0 0 0 0 0 0 0 0 0 0 0 0 0 0 0 
592 1828 1571 1700 589 505 256 62 205 27 135 8 25 28 1 0 2 0 0 0 0 0 0 0 0 0 0 0 0 0 0 0 
515 750 818 790 413 171 112 119 82 479 13 2 0 15 0 0 0 0 0 0 0 0 0 0 0 0 0 0 0 0 0 0 
1750 2552 3075 2587 1629 731 520 776 386 534 79 93 10 2 23 0 0 0 0 0 0 0 0 0 0 0 0 0 0 0 0 0 
1045 2516 3513 2701 1526 1147 893 1049 345 226 673 19 40 24 7 13 1 0 0 0 0 0 0 0 0 0 0 0 0 0 0 0 
1610 2687 3013 2750 1052 684 753 160 692 707 112 24 13 55 22 0 0 0 0 0 0 0 0 0 0 0 0 0 0 0 0 0 
1961 2464 2940 2260 1719 784 592 762 422 359 130 11 5 10 23 0 0 0 0 0 0 0 0 0 0 0 0 0 0 0 0 0 
167 951 1372 1129 674 606 427 347 355 173 136 147 18 24 7 28 0 0 0 0 0 0 0 0 0 0 0 0 0 0 0 0 
1426 2314 2409 1441 920 542 472 463 508 371 272 3 9 38 51 1 4 0 0 0 0 0 0 0 0 0 0 0 0 0 0 0 
629 2108 1927 1624 745 887 316 289 119 25 169 130 27 2 2 0 0 0 0 0 0 0 0 0 0 0 0 0 0 0 0 0 
0 21 23 18 9 17 8 6 21 10 2 0 0 0 0 0 0 0 0 0 0 0 0 0 0 0 0 0 0 0 0 0 
196 494 476 352 312 147 93 54 431 23 22 2 0 0 0 0 0 0 0 0 0 0 0 0 0 0 0 0 0 0 0 0 
27 169 118 224 71 146 36 31 407 10 2 0 0 0 0 0 0 0 0 0 0 0 0 0 0 0 0 0 0 0 0 0 
272 1326 1144 1670 449 386 201 461 563 44 126 135 29 3 3 1 1 0 0 0 0 0 0 0 0 0 0 0 0 0 0 0 
683 2446 1893 2095 841 820 738 1501 593 153 118 34 9 53 56 0 2 0 0 0 0 0 0 0 0 0 0 0 0 0 0 0 
1098 6035 4186 2926 1800 1653 838 1448 865 251 320 221 77 8 1 1 0 0 0 0 0 0 0 0 0 0 0 0 0 0 0 0 
520 792 1369 589 646 723 211 92 90 49 352 174 47 43 2 0 0 0 0 0 0 0 0 0 0 0 0 0 0 0 0 0 
179 1492 224 147 67 232 30 56 45 7 398 4 10 5 0 0 0 0 0 0 0 0 0 0 0 0 0 0 0 0 0 0 
615 1373 1549 1616 956 555 532 135 446 291 58 56 23 306 2 0 0 0 0 0 0 0 0 0 0 0 0 0 0 0 0 0 
128 216 340 536 52 123 60 44 0 4 2 1 0 0 0 0 0 0 0 0 0 0 0 0 0 0 0 0 0 0 0 0 
1106 4768 3117 2162 1327 847 469 738 202 59 665 301 117 45 0 0 0 0 0 0 0 0 0 0 0 0 0 0 0 0 0 0 
792 3213 1186 708 398 374 139 583 69 26 481 191 85 81 0 0 0 0 0 0 0 0 0 0 0 0 0 0 0 0 0 0 
135 578 590 386 453 229 70 587 7 9 499 120 24 0 0 0 0 0 0 0 0 0 0 0 0 0 0 0 0 0 0 0 
391 694 992 972 254 424 246 625 28 40 494 342 8 0 0 0 0 0 0 0 0 0 0 0 0 0 0 0 0 0 0 0 
1282 2685 2928 1915 1180 1067 565 788 79 72 834 446 85 28 6 13 0 0 0 0 0 0 0 0 0 0 0 0 0 0 0 0 
621 2059 2441 1951 1195 837 610 909 80 54 628 301 46 24 0 4 0 0 0 0 0 0 0 0 0 0 0 0 0 0 0 0 
1288 2408 2785 1999 977 734 423 974 459 113 900 530 87 0 8 0 0 0 0 0 0 0 0 0 0 0 0 0 0 0 0 0 
397 1822 667 610 127 219 46 137 404 6 406 138 15 3 0 0 0 0 0 0 0 0 0 0 0 0 0 0 0 0 0 0 
587 1395 1536 1821 728 793 306 867 23 21 579 12 0 23 5 0 0 0 0 0 0 0 0 0 0 0 0 0 0 0 0 0 
337 740 1073 734 392 291 118 120 534 45 435 9 42 11 39 0 5 0 0 0 0 0 0 0 0 0 0 0 0 0 0 0 
0 0 0 0 0 0 0 0 0 0 0 0 0 0 0 0 0 0 0 0 0 0 0 0 0 0 0 0 0 0 0 0 
391 1168 1252 991 798 930 379 333 170 34 608 101 7 5 6 0 0 0 0 0 0 0 0 0 0 0 0 0 0 0 0 0 
3887 4078 5065 3498 1968 1978 995 1213 271 295 1092 868 107 6 15 17 16 0 0 0 0 0 0 0 0 0 0 0 0 0 0 0 
104 718 731 1081 304 203 422 683 640 259 15 7 7 8 30 0 0 0 0 0 0 0 0 0 0 0 0 0 0 0 0 0 
321 542 730 344 340 338 244 47 3 1 30 6 0 22 3 0 0 0 0 0 0 0 0 0 0 0 0 0 0 0 0 0 
850 4880 3507 3226 1424 1149 489 1159 600 115 677 483 246 55 7 13 2 0 0 0 0 0 0 0 0 0 0 0 0 0 0 0 
3556 7253 6185 4322 2481 2454 1286 1358 371 160 1036 634 133 35 17 19 2 0 0 0 0 0 0 0 0 0 0 0 0 0 0 0 
496 1015 1435 876 503 534 253 622 14 22 653 144 8 4 2 0 0 0 0 0 0 0 0 0 0 0 0 0 0 0 0 0 
243 634 781 603 622 404 274 539 42 22 469 135 49 0 4 0 0 0 0 0 0 0 0 0 0 0 0 0 0 0 0 0 
828 1403 1245 1380 529 454 236 649 25 24 612 275 19 9 1 0 6 0 0 0 0 0 0 0 0 0 0 0 0 0 0 0 
34 595 502 553 299 221 154 23 42 9 70 2 0 0 0 0 0 0 0 0 0 0 0 0 0 0 0 0 0 0 0 0 
1907 5541 3414 1934 967 865 828 728 1856 350 315 278 202 484 15 0 0 0 0 0 0 0 0 0 0 0 0 0 0 0 0 0 
3188 6222 3840 3158 1163 1458 1063 1185 696 273 859 463 168 183 75 17 0 0 0 0 0 0 0 0 0 0 0 0 0 0 0 0 
643 1409 1409 1248 463 556 301 715 489 131 715 279 33 13 131 61 0 0 0 0 0 0 0 0 0 0 0 0 0 0 0 0 
1564 3470 3966 2677 1614 1448 512 794 136 193 802 392 75 3 3 0 1 0 0 0 0 0 0 0 0 0 0 0 0 0 0 0 
134 364 525 361 314 279 63 66 46 10 550 27 14 0 0 0 0 0 0 0 0 0 0 0 0 0 0 0 0 0 0 0 
3244 3623 4247 2844 1349 1808 678 1227 636 257 1128 663 212 56 5 13 0 0 0 0 0 0 0 0 0 0 0 0 0 0 0 0 
386 2439 1608 1765 572 330 283 275 133 38 124 13 71 6 44 1 2 0 0 0 0 0 0 0 0 0 0 0 0 0 0 0 
123 657 833 915 341 309 119 107 281 23 564 81 6 3 2 0 0 0 0 0 0 0 0 0 0 0 0 0 0 0 0 0 
896 1953 2238 2477 523 1273 655 489 1057 531 242 417 101 146 1 0 0 0 0 0 0 0 0 0 0 0 0 0 0 0 0 0 
35 148 171 146 74 305 30 276 35 6 85 0 0 0 0 0 0 0 0 0 0 0 0 0 0 0 0 0 0 0 0 0 
55 1119 836 754 462 412 240 808 110 34 152 160 11 0 0 0 0 0 0 0 0 0 0 0 0 0 0 0 0 0 0 0 
58 1032 720 937 490 215 78 355 22 97 26 0 1 0 0 0 0 0 0 0 0 0 0 0 0 0 0 0 0 0 0 0 
250 712 1105 359 301 243 95 32 141 29 127 82 29 4 5 0 0 0 0 0 0 0 0 0 0 0 0 0 0 0 0 0 
668 1293 1621 1558 799 567 285 671 241 61 672 275 62 0 6 5 0 0 0 0 0 0 0 0 0 0 0 0 0 0 0 0 
1552 3146 3718 3009 1759 1319 866 1026 299 85 768 304 71 46 11 30 0 0 0 0 0 0 0 0 0 0 0 0 0 0 0 0 
336 1007 1174 1083 512 209 72 179 208 105 16 10 0 2 0 0 0 0 0 0 0 0 0 0 0 0 0 0 0 0 0 0 
290 447 578 817 117 150 128 77 234 204 308 90 0 0 0 0 0 0 0 0 0 0 0 0 0 0 0 0 0 0 0 0 
559 2155 797 1054 389 294 191 83 579 7 17 8 6 2 0 0 2 0 0 0 0 0 0 0 0 0 0 0 0 0 0 0 
2273 1650 1588 987 710 727 558 896 268 322 325 38 121 7 23 3 9 87 0 0 0 0 0 0 0 0 0 0 0 0 0 0 
299 614 401 734 396 165 173 445 571 84 54 9 6 4 6 0 6 0 0 0 0 0 0 0 0 0 0 0 0 0 0 0 
301 705 608 828 469 365 304 398 525 40 55 131 28 4 1 0 7 0 0 0 0 0 0 0 0 0 0 0 0 0 0 0 
370 1538 301 578 171 181 170 436 644 30 8 4 6 1 2 1 0 0 0 0 0 0 0 0 0 0 0 0 0 0 0 0 
362 762 570 765 629 291 171 512 487 183 43 218 6 0 2 0 5 0 0 0 0 0 0 0 0 0 0 0 0 0 0 0 
221 454 662 852 313 355 33 10 9 4 35 16 6 1 0 2 0 0 0 0 0 0 0 0 0 0 0 0 0 0 0 0 
2413 4935 2996 1827 1454 742 477 291 452 319 426 288 59 64 0 0 5 0 0 0 0 0 0 0 0 0 0 0 0 0 0 0 
741 1480 2549 1792 950 1090 493 970 109 75 799 272 30 6 35 0 0 0 0 0 0 0 0 0 0 0 0 0 0 0 0 0 
2126 2922 3400 2473 1121 1321 416 735 114 96 861 488 60 3 0 0 0 0 0 0 0 0 0 0 0 0 0 0 0 0 0 0 
98 395 690 371 183 311 196 61 19 33 303 135 0 0 2 0 0 0 0 0 0 0 0 0 0 0 0 0 0 0 0 0 
292 198 207 148 89 101 29 112 0 53 115 171 0 4 0 0 0 0 0 0 0 0 0 0 0 0 0 0 0 0 0 0 
1729 2487 2606 2178 919 849 520 797 74 60 903 324 116 63 12 13 36 96 0 0 0 0 0 0 0 0 0 0 0 0 0 0 
238 1335 1113 1109 358 223 406 58 30 19 87 129 26 22 0 0 0 0 0 0 0 0 0 0 0 0 0 0 0 0 0 0 
775 2534 2301 2313 1267 812 978 742 714 183 811 31 35 22 2 0 0 0 0 0 0 0 0 0 0 0 0 0 0 0 0 0 
833 2983 966 441 359 193 186 40 38 11 15 15 8 7 0 0 0 0 0 0 0 0 0 0 0 0 0 0 0 0 0 0 
860 3573 1280 650 492 200 206 621 240 27 76 147 34 47 0 0 0 0 0 0 0 0 0 0 0 0 0 0 0 0 0 0 
523 1498 1457 1114 857 486 363 640 46 32 592 265 43 1 1 5 0 0 0 0 0 0 0 0 0 0 0 0 0 0 0 0 
653 1336 1166 1198 752 868 256 541 776 60 220 132 45 34 4 1 5 3 0 0 0 0 0 0 0 0 0 0 0 0 0 0 
841 2494 1132 284 477 289 63 135 469 17 104 16 110 75 0 0 0 0 0 0 0 0 0 0 0 0 0 0 0 0 0 0 
1393 4538 3252 2220 1562 759 703 383 924 327 154 110 126 10 7 0 5 0 0 0 0 0 0 0 0 0 0 0 0 0 0 0 
1074 4782 2609 2228 916 729 382 162 332 60 223 327 188 89 9 0 0 6 0 0 0 0 0 0 0 0 0 0 0 0 0 0 
1410 3074 3592 2852 1104 965 371 760 90 79 797 417 31 6 1 0 2 0 0 0 0 0 0 0 0 0 0 0 0 0 0 0 
1052 4351 2261 1737 685 657 425 487 316 131 171 38 97 36 0 0 0 0 0 0 0 0 0 0 0 0 0 0 0 0 0 0 
4563 5445 4805 3351 1766 1963 1027 1100 248 222 1172 786 391 87 65 81 104 0 0 0 0 0 0 0 0 0 0 0 0 0 0 0 
66 127 177 126 77 361 5 2 1 1 0 2 0 0 0 0 0 0 0 0 0 0 0 0 0 0 0 0 0 0 0 0 
406 3629 1466 1266 391 331 447 601 75 20 57 131 76 62 4 0 0 0 0 0 0 0 0 0 0 0 0 0 0 0 0 0 
50 68 118 54 31 83 150 32 0 0 8 3 1 22 0 0 0 0 0 0 0 0 0 0 0 0 0 0 0 0 0 0 
760 2124 2349 1661 1251 925 572 415 54 234 506 12 14 23 23 1 0 0 0 0 0 0 0 0 0 0 0 0 0 0 0 0 
0 77 42 25 18 30 5 2 1 0 0 0 0 0 0 0 0 0 0 0 0 0 0 0 0 0 0 0 0 0 0 0 
873 2824 2479 2053 1359 837 369 453 608 336 60 370 30 2 26 0 0 0 0 0 0 0 0 0 0 0 0 0 0 0 0 0 
1287 2602 2660 2399 917 1298 878 572 1458 326 299 418 126 321 18 0 0 0 0 0 0 0 0 0 0 0 0 0 0 0 0 0 
201 289 302 545 119 228 54 54 438 24 20 15 3 0 0 0 0 0 0 0 0 0 0 0 0 0 0 0 0 0 0 0 
2070 5265 2875 1850 1177 1252 377 847 196 65 732 445 170 100 12 2 0 0 0 0 0 0 0 0 0 0 0 0 0 0 0 0 
1037 2281 2707 2138 698 700 356 656 70 43 699 351 17 1 0 0 0 0 0 0 0 0 0 0 0 0 0 0 0 0 0 0 
512 1582 1433 1173 608 657 263 422 520 51 37 16 100 47 0 0 0 0 0 0 0 0 0 0 0 0 0 0 0 0 0 0 
456 389 886 277 207 132 112 53 20 46 337 297 15 3 5 0 0 0 0 0 0 0 0 0 0 0 0 0 0 0 0 0 
638 1343 1583 954 419 414 219 637 65 64 575 276 69 5 53 1 0 0 0 0 0 0 0 0 0 0 0 0 0 0 0 0 
740 707 1142 529 373 370 101 83 168 49 282 371 53 0 0 0 0 0 0 0 0 0 0 0 0 0 0 0 0 0 0 0 
2198 4683 3326 2502 1109 1784 1005 1163 1120 248 719 374 177 75 12 0 0 8 0 0 0 0 0 0 0 0 0 0 0 0 0 0 
790 1483 1315 1291 795 915 288 528 698 72 179 147 48 3 0 0 7 0 0 0 0 0 0 0 0 0 0 0 0 0 0 0 
47 188 229 266 91 105 159 39 380 10 27 134 1 0 0 0 0 0 0 0 0 0 0 0 0 0 0 0 0 0 0 0 
273 1796 482 209 84 223 58 104 105 23 468 262 24 3 0 0 0 0 0 0 0 0 0 0 0 0 0 0 0 0 0 0 
2529 3408 3557 2908 1509 1908 1191 1192 1716 442 388 624 219 371 29 0 0 0 0 0 0 0 0 0 0 0 0 0 0 0 0 0 
2236 5676 3358 1696 693 758 292 409 446 362 787 889 163 57 1 1 0 0 0 0 0 0 0 0 0 0 0 0 0 0 0 0 
336 987 1212 1111 564 340 298 533 76 31 64 148 18 3 0 0 0 0 0 0 0 0 0 0 0 0 0 0 0 0 0 0 
3650 4864 4041 3014 1476 1526 785 1130 212 130 809 588 172 52 25 35 16 97 0 0 0 0 0 0 0 0 0 0 0 0 0 0 
142 993 905 876 220 359 89 505 48 27 48 7 0 65 0 0 0 0 0 0 0 0 0 0 0 0 0 0 0 0 0 0 
133 1587 290 401 105 261 74 46 395 14 65 125 28 5 0 0 0 1 0 0 0 0 0 0 0 0 0 0 0 0 0 0 
806 1644 1711 1568 1431 908 697 506 976 313 134 242 63 3 3 10 36 0 0 0 0 0 0 0 0 0 0 0 0 0 0 0 
2664 5559 2888 1872 613 825 308 843 254 80 695 679 167 73 3 0 0 0 0 0 0 0 0 0 0 0 0 0 0 0 0 0 
1589 4557 1673 748 363 252 182 293 221 49 221 415 175 92 0 0 0 0 0 0 0 0 0 0 0 0 0 0 0 0 0 0 
342 1520 1345 1260 717 318 146 41 40 4 16 16 67 37 0 0 0 0 0 0 0 0 0 0 0 0 0 0 0 0 0 0 
843 2822 1909 1559 854 1078 233 73 177 40 159 140 44 6 3 0 0 0 0 0 0 0 0 0 0 0 0 0 0 0 0 0 
1781 2361 2298 2507 1408 1232 964 1043 1429 455 229 498 88 314 10 1 6 0 0 0 0 0 0 0 0 0 0 0 0 0 0 0 
9 107 49 163 37 63 30 23 366 1 0 0 0 0 0 0 0 0 0 0 0 0 0 0 0 0 0 0 0 0 0 0 
74 137 66 300 40 74 29 25 383 1 1 1 2 0 0 0 2 0 0 0 0 0 0 0 0 0 0 0 0 0 0 0 
509 1711 1190 1181 936 671 884 1031 718 492 235 129 30 22 3 4 5 0 0 0 0 0 0 0 0 0 0 0 0 0 0 0 
131 257 294 254 278 366 284 255 21 15 44 123 35 0 0 0 0 0 0 0 0 0 0 0 0 0 0 0 0 0 0 0 
143 104 111 78 26 104 31 22 30 11 69 125 34 0 0 0 0 0 0 0 0 0 0 0 0 0 0 0 0 0 0 0 
197 982 1431 885 493 526 321 121 102 134 736 169 59 43 0 0 0 0 0 0 0 0 0 0 0 0 0 0 0 0 0 0 
714 1183 1117 1368 611 382 563 445 846 438 23 279 27 274 28 0 0 0 0 0 0 0 0 0 0 0 0 0 0 0 0 0 
500 2100 2143 2174 723 381 478 142 831 415 90 91 30 59 0 0 0 0 0 0 0 0 0 0 0 0 0 0 0 0 0 0 
0 0 0 0 0 0 0 0 0 0 0 0 0 0 0 0 0 0 0 0 0 0 0 0 0 0 0 0 0 0 0 0 
202 603 647 613 189 286 202 543 24 18 446 146 1 0 0 0 0 0 0 0 0 0 0 0 0 0 0 0 0 0 0 0 
237 151 225 323 70 113 374 289 45 9 5 16 1 2 1 0 6 0 0 0 0 0 0 0 0 0 0 0 0 0 0 0 
100 451 622 724 348 141 354 274 7 8 23 3 0 22 0 0 1 0 0 0 0 0 0 0 0 0 0 0 0 0 0 0 
3 45 32 41 17 27 26 279 21 6 0 0 0 0 0 0 0 0 0 0 0 0 0 0 0 0 0 0 0 0 0 0 
169 1064 664 594 643 173 237 798 304 233 12 2 10 50 1 0 1 0 0 0 0 0 0 0 0 0 0 0 0 0 0 0 
574 1866 1377 1098 830 401 481 221 916 421 122 13 17 0 1 0 0 0 0 0 0 0 0 0 0 0 0 0 0 0 0 0 
268 2330 835 537 541 280 257 640 299 31 582 132 16 50 2 0 0 0 0 0 0 0 0 0 0 0 0 0 0 0 0 0 
2130 4146 3236 2473 771 779 450 798 115 66 724 458 144 46 45 83 108 0 0 0 0 0 0 0 0 0 0 0 0 0 0 0 
893 3488 1779 1295 651 706 224 674 1211 82 274 232 149 308 2 0 2 0 0 0 0 0 0 0 0 0 0 0 0 0 0 0 
494 1539 1778 1887 1060 860 450 615 328 368 556 334 41 10 53 0 0 0 0 0 0 0 0 0 0 0 0 0 0 0 0 0 
206 548 691 730 330 458 50 28 25 17 88 121 23 0 5 0 0 0 0 0 0 0 0 0 0 0 0 0 0 0 0 0 
5 529 225 113 328 6 3 6 10 8 8 14 0 0 0 0 0 0 0 0 0 0 0 0 0 0 0 0 0 0 0 0 
28 212 217 220 245 108 303 250 15 115 3 0 0 0 2 0 0 0 0 0 0 0 0 0 0 0 0 0 0 0 0 0 
0 48 58 49 14 44 8 44 5 5 388 0 0 0 0 0 0 0 0 0 0 0 0 0 0 0 0 0 0 0 0 0 
1012 1311 1893 1493 669 564 308 770 66 27 131 42 44 4 10 13 0 0 0 0 0 0 0 0 0 0 0 0 0 0 0 0 
885 2127 2313 1896 952 730 411 1015 91 66 721 371 50 2 9 10 20 17 0 0 0 0 0 0 0 0 0 0 0 0 0 0 
190 3181 1233 614 310 289 69 643 84 28 520 127 41 3 0 0 0 0 0 0 0 0 0 0 0 0 0 0 0 0 0 0 
176 671 586 907 545 254 158 836 501 50 10 9 6 5 34 0 8 1 0 0 0 0 0 0 0 0 0 0 0 0 0 0 
1026 2369 2559 1981 836 867 430 816 181 89 798 462 221 4 7 0 0 0 0 0 0 0 0 0 0 0 0 0 0 0 0 0 
537 1112 1134 1243 763 643 139 75 241 181 116 112 27 1 0 0 0 0 0 0 0 0 0 0 0 0 0 0 0 0 0 0 
56 1092 945 785 352 144 118 64 431 285 69 9 0 7 0 0 0 0 0 0 0 0 0 0 0 0 0 0 0 0 0 0 
253 422 306 181 157 184 175 347 213 12 3 0 3 0 0 1 0 0 0 0 0 0 0 0 0 0 0 0 0 0 0 0 
5 387 365 406 356 172 176 58 461 28 61 125 21 0 0 0 0 0 0 0 0 0 0 0 0 0 0 0 0 0 0 0 
39 276 273 543 142 65 45 339 24 12 7 0 1 0 0 0 0 0 0 0 0 0 0 0 0 0 0 0 0 0 0 0 
70 188 192 98 104 60 31 65 5 13 11 0 1 7 0 0 0 0 0 0 0 0 0 0 0 0 0 0 0 0 0 0 
634 3012 2230 2306 764 602 385 227 777 298 209 139 43 48 0 0 0 0 0 0 0 0 0 0 0 0 0 0 0 0 0 0 
486 772 1203 1442 217 484 416 91 90 36 104 124 30 3 0 0 0 0 0 0 0 0 0 0 0 0 0 0 0 0 0 0 
81 851 527 160 385 78 116 323 20 16 8 0 2 2 0 0 0 0 0 0 0 0 0 0 0 0 0 0 0 0 0 0 
0 68 26 15 13 7 1 9 4 0 0 0 0 0 0 0 0 0 0 0 0 0 0 0 0 0 0 0 0 0 0 0 
536 1341 1470 1467 276 440 287 689 409 208 654 260 43 3 0 0 0 0 0 0 0 0 0 0 0 0 0 0 0 0 0 0 
284 1691 741 745 197 301 228 641 16 35 541 263 28 0 6 16 0 0 0 0 0 0 0 0 0 0 0 0 0 0 0 0 
0 0 0 0 0 0 0 0 0 0 0 0 0 0 0 0 0 0 0 0 0 0 0 0 0 0 0 0 0 0 0 0 
665 3669 1301 963 266 119 122 539 126 23 54 110 44 7 0 0 0 0 0 0 0 0 0 0 0 0 0 0 0 0 0 0 
3938 4771 4796 4179 2084 2356 1518 954 2027 507 903 519 235 151 37 0 2 1 0 0 0 0 0 0 0 0 0 0 0 0 0 0 
465 1024 1247 1426 304 556 651 450 1117 254 179 284 57 306 12 0 0 0 0 0 0 0 0 0 0 0 0 0 0 0 0 0 
331 777 924 1325 201 412 531 404 708 161 109 139 5 10 10 0 3 0 0 0 0 0 0 0 0 0 0 0 0 0 0 0 
1394 3405 2170 707 848 505 321 270 1130 241 171 104 128 24 1 0 0 0 0 0 0 0 0 0 0 0 0 0 0 0 0 0 
0 381 344 159 329 46 130 34 5 209 0 0 0 0 0 0 0 0 0 0 0 0 0 0 0 0 0 0 0 0 0 0 
235 868 780 739 317 242 81 327 18 53 29 2 38 2 7 13 0 0 0 0 0 0 0 0 0 0 0 0 0 0 0 0 
1277 4419 2797 1885 1160 953 575 953 347 233 590 294 57 8 6 3 0 0 0 0 0 0 0 0 0 0 0 0 0 0 0 0 
52 148 201 148 35 94 31 38 35 31 81 174 239 0 0 0 0 0 0 0 0 0 0 0 0 0 0 0 0 0 0 0 
2711 3122 3229 2220 486 794 511 972 117 889 1464 2420 271 45 95 0 2 3 0 0 0 0 0 0 0 0 0 0 0 0 0 0 
0 115 152 100 77 48 147 463 0 0 10 1 1 0 0 0 0 0 0 0 0 0 0 0 0 0 0 0 0 0 0 0 
0 356 410 100 77 48 147 463 0 0 10 1 1 0 0 0 0 0 0 0 0 0 0 0 0 0 0 0 0 0 0 0 
211 2099 492 266 15 11 24 5 17 8 0 2 5 1 0 0 0 0 0 0 0 0 0 0 0 0 0 0 0 0 0 0 
801 1501 1035 580 957 348 316 259 640 257 55 52 11 0 0 0 5 0 0 0 0 0 0 0 0 0 0 0 0 0 0 0 
4526 6832 4135 2510 1775 1225 670 403 788 408 388 399 304 191 3 0 0 0 0 0 0 0 0 0 0 0 0 0 0 0 0 0 
1041 3851 2417 1361 874 612 565 648 127 66 551 196 20 68 5 0 0 0 0 0 0 0 0 0 0 0 0 0 0 0 0 0 
516 1746 521 191 216 268 42 43 154 17 49 28 31 39 0 0 0 0 0 0 0 0 0 0 0 0 0 0 0 0 0 0 
315 768 943 1274 325 434 91 57 39 290 28 80 0 2 0 0 0 0 0 0 0 0 0 0 0 0 0 0 0 0 0 0 
507 926 1294 1466 657 660 80 28 20 15 56 11 1 2 0 0 0 0 0 0 0 0 0 0 0 0 0 0 0 0 0 0 
144 511 659 762 402 532 26 8 3 1 9 0 0 1 0 0 0 0 0 0 0 0 0 0 0 0 0 0 0 0 0 0 
1009 1811 2542 2048 578 1034 528 675 333 97 398 346 68 26 32 0 0 0 0 0 0 0 0 0 0 0 0 0 0 0 0 0 
2161 3098 2465 1101 1412 1345 744 649 528 476 255 124 16 87 7 0 4 0 0 0 0 0 0 0 0 0 0 0 0 0 0 0 
106 392 281 363 70 126 3 17 2 5 10 12 3 0 0 0 0 0 0 0 0 0 0 0 0 0 0 0 0 0 0 0 
99 825 788 1078 283 335 201 612 250 284 400 5 8 11 0 0 0 0 0 0 0 0 0 0 0 0 0 0 0 0 0 0 
871 2151 2069 2020 897 350 362 707 457 335 497 12 10 23 42 0 0 0 0 0 0 0 0 0 0 0 0 0 0 0 0 0 
53 283 275 346 306 121 67 18 22 115 4 1 5 4 1 0 0 0 0 0 0 0 0 0 0 0 0 0 0 0 0 0 
1301 2943 3714 2905 1469 956 606 1071 205 74 925 324 80 3 0 13 0 0 0 0 0 0 0 0 0 0 0 0 0 0 0 0 
84 642 792 699 145 407 327 292 269 19 0 1 3 0 2 0 0 0 0 0 0 0 0 0 0 0 0 0 0 0 0 0 
1303 1837 1328 1313 986 604 627 887 929 400 286 24 36 276 11 0 1 0 0 0 0 0 0 0 0 0 0 0 0 0 0 0 
281 1088 1191 1481 849 635 167 86 469 237 84 94 14 0 0 0 0 0 0 0 0 0 0 0 0 0 0 0 0 0 0 0 
404 644 672 785 583 252 119 111 33 61 55 216 3 8 42 0 0 0 0 0 0 0 0 0 0 0 0 0 0 0 0 0 
87 234 307 97 276 4 1 6 3 0 1 1 1 0 1 0 0 0 0 0 0 0 0 0 0 0 0 0 0 0 0 0 
492 957 1078 961 641 464 399 152 84 130 575 154 30 30 3 2 0 0 0 0 0 0 0 0 0 0 0 0 0 0 0 0 
0 160 203 136 57 172 28 52 14 11 421 133 1 0 0 0 0 0 0 0 0 0 0 0 0 0 0 0 0 0 0 0 
1685 4453 3963 3173 1567 1322 921 740 143 45 818 301 43 18 143 69 1 0 0 0 0 0 0 0 0 0 0 0 0 0 0 0 
468 835 1006 1130 448 614 81 48 85 133 62 94 16 0 0 0 0 0 0 0 0 0 0 0 0 0 0 0 0 0 0 0 
1867 2032 2160 1582 1072 618 343 192 118 671 176 351 22 7 3 0 0 0 0 0 0 0 0 0 0 0 0 0 0 0 0 0 
1076 2680 2308 1826 763 625 761 660 132 33 148 51 21 36 78 19 0 0 0 0 0 0 0 0 0 0 0 0 0 0 0 0 
3356 4445 3729 2935 1664 763 538 800 801 453 181 107 85 39 1 1 0 0 0 0 0 0 0 0 0 0 0 0 0 0 0 0 
1129 2224 1581 876 1112 593 541 579 1008 385 131 38 7 308 0 0 0 0 0 0 0 0 0 0 0 0 0 0 0 0 0 0 
1287 2888 3227 2948 1272 1284 957 602 1343 445 258 390 116 339 4 6 0 1 0 0 0 0 0 0 0 0 0 0 0 0 0 0 
32 299 238 337 184 61 1 7 0 0 2 0 0 0 0 0 0 0 0 0 0 0 0 0 0 0 0 0 0 0 0 0 
60 1031 729 741 279 314 196 115 215 23 594 141 22 0 0 0 0 0 0 0 0 0 0 0 0 0 0 0 0 0 0 0 
1196 3884 2458 2298 1402 669 861 846 1019 205 594 296 15 2 2 0 5 0 0 0 0 0 0 0 0 0 0 0 0 0 0 0 
105 641 290 402 42 139 24 71 9 8 496 3 0 2 0 0 0 0 0 0 0 0 0 0 0 0 0 0 0 0 0 0 
0 0 0 0 0 0 0 0 0 0 0 0 0 0 0 0 0 0 0 0 0 0 0 0 0 0 0 0 0 0 0 0 
1308 2170 2898 2848 1256 1486 985 575 1182 343 482 381 105 52 4 0 0 0 0 0 0 0 0 0 0 0 0 0 0 0 0 0 
1029 3502 2104 1174 620 318 223 337 854 209 269 7 122 183 1 0 0 0 0 0 0 0 0 0 0 0 0 0 0 0 0 0 
908 2670 2420 1762 953 628 687 550 631 333 282 29 21 83 1 10 39 0 0 0 0 0 0 0 0 0 0 0 0 0 0 0 
622 2720 1548 1903 1015 496 288 130 358 269 96 87 19 2 0 0 0 0 0 0 0 0 0 0 0 0 0 0 0 0 0 0 
1126 1654 2318 1643 966 757 512 572 51 33 114 118 14 0 1 0 0 0 0 0 0 0 0 0 0 0 0 0 0 0 0 0 
58 70 41 167 16 24 32 318 0 0 4 0 1 0 0 0 0 0 0 0 0 0 0 0 0 0 0 0 0 0 0 0 
240 358 573 676 136 140 202 73 533 158 1 0 0 0 0 0 0 0 0 0 0 0 0 0 0 0 0 0 0 0 0 0 
542 2347 757 583 88 109 101 496 39 15 48 138 29 8 0 0 5 0 0 0 0 0 0 0 0 0 0 0 0 0 0 0 
1793 2593 2436 1792 1045 611 427 426 699 254 146 130 41 0 1 0 0 0 0 0 0 0 0 0 0 0 0 0 0 0 0 0 
16 350 327 477 15 26 5 3 5 1 2 0 0 0 0 0 0 0 0 0 0 0 0 0 0 0 0 0 0 0 0 0 
2276 2622 3239 2500 1410 851 687 252 473 296 288 16 0 22 0 0 0 0 0 0 0 0 0 0 0 0 0 0 0 0 0 0 
78 335 413 519 212 160 60 12 19 98 5 2 36 1 31 0 0 0 0 0 0 0 0 0 0 0 0 0 0 0 0 0 
64 94 124 64 252 1 1 0 1 41 2 0 197 2 52 0 0 0 0 0 0 0 0 0 0 0 0 0 0 0 0 0 
0 0 0 0 0 0 0 0 0 0 0 0 0 0 0 0 0 0 0 0 0 0 0 0 0 0 0 0 0 0 0 0 
0 63 80 64 27 38 22 12 71 0 3 0 0 0 0 0 0 0 0 0 0 0 0 0 0 0 0 0 0 0 0 0 
157 612 430 591 200 52 12 11 1 3 6 4 1 0 0 0 0 0 0 0 0 0 0 0 0 0 0 0 0 0 0 0 
1716 2926 3140 2982 1464 1197 1115 1016 584 198 618 22 4 34 12 4 0 0 0 0 0 0 0 0 0 0 0 0 0 0 0 0 
0 42 21 18 12 7 9 3 8 1 5 0 0 0 0 0 0 0 0 0 0 0 0 0 0 0 0 0 0 0 0 0 
0 42 21 18 12 7 9 3 8 1 5 0 0 0 0 0 0 0 0 0 0 0 0 0 0 0 0 0 0 0 0 0 
480 679 1042 1162 372 354 484 308 62 34 249 14 16 22 0 0 0 0 0 0 0 0 0 0 0 0 0 0 0 0 0 0 
721 1319 1809 1532 731 493 379 692 196 74 867 355 84 33 6 5 8 46 0 0 0 0 0 0 0 0 0 0 0 0 0 0 
226 429 273 401 50 69 21 81 3 11 13 131 32 0 0 0 0 0 0 0 0 0 0 0 0 0 0 0 0 0 0 0 
83 593 731 855 196 194 519 296 262 174 215 4 6 0 0 0 0 0 0 0 0 0 0 0 0 0 0 0 0 0 0 0 
1209 1077 1597 1094 226 373 273 288 114 282 968 1464 261 70 2 0 0 0 0 0 0 0 0 0 0 0 0 0 0 0 0 0 
245 520 666 1165 103 294 87 48 455 17 43 21 21 46 0 0 0 0 0 0 0 0 0 0 0 0 0 0 0 0 0 0 
209 637 368 195 189 79 111 32 73 17 34 30 21 83 1 0 0 0 0 0 0 0 0 0 0 0 0 0 0 0 0 0 
13 143 413 40 14 53 4 8 5 6 16 13 1 0 0 0 0 0 0 0 0 0 0 0 0 0 0 0 0 0 0 0 
288 386 287 500 258 238 123 366 429 53 6 10 0 7 46 0 0 4 0 0 0 0 0 0 0 0 0 0 0 0 0 0 
1039 1347 1682 1805 769 925 728 493 1412 298 184 231 97 364 7 0 0 0 0 0 0 0 0 0 0 0 0 0 0 0 0 0 
20 76 147 66 53 77 16 66 11 10 1 0 0 0 0 0 0 0 0 0 0 0 0 0 0 0 0 0 0 0 0 0 
2031 1889 1911 1519 648 470 292 187 85 714 69 13 3 12 0 0 0 0 0 0 0 0 0 0 0 0 0 0 0 0 0 0 
762 1461 1764 1710 772 580 424 255 467 224 231 5 5 1 22 1 0 0 0 0 0 0 0 0 0 0 0 0 0 0 0 0 
2213 1831 2566 2365 881 655 706 284 791 244 104 5 28 50 6 0 0 0 0 0 0 0 0 0 0 0 0 0 0 0 0 0 
0 0 0 0 0 0 0 0 0 0 0 0 0 0 0 0 0 0 0 0 0 0 0 0 0 0 0 0 0 0 0 0 
15 157 232 109 147 204 179 237 2 8 2 0 0 0 3 0 0 0 0 0 0 0 0 0 0 0 0 0 0 0 0 0 
677 2144 2650 2280 574 582 338 472 93 30 723 134 32 2 8 9 0 0 0 0 0 0 0 0 0 0 0 0 0 0 0 0 
174 106 183 113 115 64 55 38 44 6 4 4 0 3 0 0 0 0 0 0 0 0 0 0 0 0 0 0 0 0 0 0 
228 264 514 311 113 177 358 308 49 27 231 179 0 0 0 0 0 0 0 0 0 0 0 0 0 0 0 0 0 0 0 0 
0 28 12 13 7 7 5 3 8 1 5 0 0 0 0 0 0 0 0 0 0 0 0 0 0 0 0 0 0 0 0 0 
1760 5023 3452 2263 1165 1061 853 497 1835 377 288 158 74 397 40 0 0 3 0 0 0 0 0 0 0 0 0 0 0 0 0 0 
1093 2683 1478 752 512 335 170 283 249 271 462 7 84 41 1 1 0 0 0 0 0 0 0 0 0 0 0 0 0 0 0 0 
48 2 18 11 19 6 8 5 7 3 9 11 2 37 0 0 0 0 0 0 0 0 0 0 0 0 0 0 0 0 0 0 
568 2855 1315 1158 305 332 366 146 1117 186 9 0 0 4 0 2 0 0 0 0 0 0 0 0 0 0 0 0 0 0 0 0 
163 1015 934 954 214 418 59 20 75 120 107 17 11 8 0 0 0 0 0 0 0 0 0 0 0 0 0 0 0 0 0 0 
0 12 33 19 10 10 9 1 2 2 2 0 0 0 0 0 0 0 0 0 0 0 0 0 0 0 0 0 0 0 0 0 
203 509 446 576 97 71 154 43 263 180 12 3 1 10 6 0 0 0 0 0 0 0 0 0 0 0 0 0 0 0 0 0 
586 917 1075 1392 371 328 313 377 49 149 72 18 2 27 162 46 0 0 0 0 0 0 0 0 0 0 0 0 0 0 0 0 
83 79 46 53 22 41 29 280 14 1 1 0 0 4 3 1 0 0 0 0 0 0 0 0 0 0 0 0 0 0 0 0 
150 390 543 752 148 376 196 21 46 18 14 18 4 263 0 0 0 0 0 0 0 0 0 0 0 0 0 0 0 0 0 0 
80 254 281 267 252 169 23 10 50 3 22 0 1 0 0 0 0 0 0 0 0 0 0 0 0 0 0 0 0 0 0 0 
5274 7840 5805 4476 2409 2431 1575 1202 2230 786 737 570 359 262 100 2 4 46 0 0 0 0 0 0 0 0 0 0 0 0 0 0 
582 3115 829 209 255 92 57 60 115 14 68 132 196 14 0 0 0 0 0 0 0 0 0 0 0 0 0 0 0 0 0 0 
956 3660 1046 506 249 106 69 109 383 17 98 140 335 111 0 1 0 0 0 0 0 0 0 0 0 0 0 0 0 0 0 0 
168 1220 270 139 70 55 148 15 13 22 19 4 1 0 0 0 0 0 0 0 0 0 0 0 0 0 0 0 0 0 0 0 
0 59 44 13 9 13 7 7 1 8 10 3 0 0 0 0 0 0 0 0 0 0 0 0 0 0 0 0 0 0 0 0 
52 1288 133 68 43 101 163 48 11 12 22 13 0 23 0 0 0 0 0 0 0 0 0 0 0 0 0 0 0 0 0 0 
90 85 51 37 15 22 34 8 0 1 2 0 0 0 0 0 0 0 0 0 0 0 0 0 0 0 0 0 0 0 0 0 
279 267 337 430 114 221 399 319 58 25 6 6 3 0 11 0 1 0 0 0 0 0 0 0 0 0 0 0 0 0 0 0 
282 179 172 255 60 79 72 374 33 13 9 3 1 0 1 0 0 0 0 0 0 0 0 0 0 0 0 0 0 0 0 0 
45 252 290 192 502 116 90 1 0 0 1 0 0 0 2 0 0 0 0 0 0 0 0 0 0 0 0 0 0 0 0 0 
473 1609 1749 1524 781 603 201 581 47 35 470 153 0 1 0 0 0 0 0 0 0 0 0 0 0 0 0 0 0 0 0 0 
1182 1234 1569 1570 429 751 135 656 123 54 631 137 8 0 0 0 0 0 0 0 0 0 0 0 0 0 0 0 0 0 0 0 
34 230 192 386 326 93 20 23 371 1 0 0 0 0 0 0 0 0 0 0 0 0 0 0 0 0 0 0 0 0 0 0 
128 306 346 670 68 64 136 11 16 6 24 3 1 3 4 0 0 0 0 0 0 0 0 0 0 0 0 0 0 0 0 0 
0 30 16 12 12 8 7 2 0 0 0 0 0 0 0 0 0 0 0 0 0 0 0 0 0 0 0 0 0 0 0 0 
202 2287 1082 687 360 299 333 74 55 26 76 130 64 55 0 0 0 0 0 0 0 0 0 0 0 0 0 0 0 0 0 0 
0 110 110 81 271 0 0 0 0 0 0 0 0 0 0 0 0 0 0 0 0 0 0 0 0 0 0 0 0 0 0 0 
290 337 240 344 86 109 92 408 39 21 19 2 4 0 3 1 0 8 0 0 0 0 0 0 0 0 0 0 0 0 0 0 
593 999 1566 1280 780 432 265 641 48 18 90 131 19 0 0 0 0 0 0 0 0 0 0 0 0 0 0 0 0 0 0 0 
241 1154 1183 716 260 565 455 291 6 8 33 5 26 22 0 0 0 0 0 0 0 0 0 0 0 0 0 0 0 0 0 0 
278 666 663 1146 154 224 264 77 427 62 55 3 0 22 0 0 0 0 0 0 0 0 0 0 0 0 0 0 0 0 0 0 
91 361 359 512 35 79 149 32 1 6 8 3 0 22 0 0 0 0 0 0 0 0 0 0 0 0 0 0 0 0 0 0 
161 571 540 435 519 141 283 78 520 185 27 2 5 0 0 0 0 0 0 0 0 0 0 0 0 0 0 0 0 0 0 0 
18 50 41 44 15 31 27 268 2 6 2 0 0 0 0 0 0 0 0 0 0 0 0 0 0 0 0 0 0 0 0 0 
313 700 728 990 147 377 58 36 91 26 82 8 13 5 0 0 0 0 0 0 0 0 0 0 0 0 0 0 0 0 0 0 
20 90 87 56 32 57 14 5 8 6 6 0 0 0 0 0 0 0 0 0 0 0 0 0 0 0 0 0 0 0 0 0 
276 316 205 234 113 133 352 635 37 119 10 2 3 0 0 0 0 0 0 0 0 0 0 0 0 0 0 0 0 0 0 0 
0 21 23 18 9 15 8 6 21 10 2 0 0 0 0 0 0 0 0 0 0 0 0 0 0 0 0 0 0 0 0 0 
712 1684 1834 1607 1372 915 427 177 628 538 7 49 11 289 33 0 0 0 0 0 0 0 0 0 0 0 0 0 0 0 0 0 
4 78 20 16 9 14 3 2 0 2 2 0 0 0 0 0 0 0 0 0 0 0 0 0 0 0 0 0 0 0 0 0 
86 459 473 401 162 74 130 39 241 271 5 1 2 2 0 0 0 0 0 0 0 0 0 0 0 0 0 0 0 0 0 0 
0 48 43 33 20 20 8 3 2 5 4 1 0 0 0 0 0 0 0 0 0 0 0 0 0 0 0 0 0 0 0 0 
184 946 1107 963 510 182 203 59 338 270 92 13 7 52 0 0 0 0 0 0 0 0 0 0 0 0 0 0 0 0 0 0 
45 137 141 115 246 27 14 8 23 3 5 2 2 1 0 0 0 0 0 0 0 0 0 0 0 0 0 0 0 0 0 0 
129 621 611 439 410 125 66 79 443 9 11 13 1 4 0 0 2 0 0 0 0 0 0 0 0 0 0 0 0 0 0 0 
458 1167 1444 1218 553 271 374 870 27 27 452 264 22 6 28 0 0 0 0 0 0 0 0 0 0 0 0 0 0 0 0 0 
923 958 1397 1489 602 1036 495 439 1000 264 158 254 63 0 33 0 0 0 0 0 0 0 0 0 0 0 0 0 0 0 0 0 
569 1924 2309 2060 705 992 576 1101 1084 264 665 399 71 40 8 0 0 0 0 0 0 0 0 0 0 0 0 0 0 0 0 0 
936 3749 1245 595 181 229 283 217 152 31 100 156 139 104 4 0 0 0 0 0 0 0 0 0 0 0 0 0 0 0 0 0 
746 3085 618 395 149 153 46 78 264 21 82 170 229 88 0 0 0 0 0 0 0 0 0 0 0 0 0 0 0 0 0 0 
122 2383 507 100 149 63 20 30 35 14 29 7 13 4 0 0 0 0 0 0 0 0 0 0 0 0 0 0 0 0 0 0 
50 76 22 27 18 4 9 10 21 0 4 1 17 1 1 0 0 0 0 0 0 0 0 0 0 0 0 0 0 0 0 0 
44 327 263 251 86 131 65 51 292 11 25 14 46 49 0 0 0 0 0 0 0 0 0 0 0 0 0 0 0 0 0 0 
0 69 15 15 14 3 6 7 9 0 2 1 19 0 0 0 0 0 0 0 0 0 0 0 0 0 0 0 0 0 0 0 
197 1947 619 185 211 126 57 592 21 21 421 128 19 0 0 0 0 0 0 0 0 0 0 0 0 0 0 0 0 0 0 0 
780 1913 2026 2705 704 896 709 462 1049 407 108 6 17 51 10 0 0 0 0 0 0 0 0 0 0 0 0 0 0 0 0 0 
1755 3035 3097 3263 1079 1663 1039 686 1453 615 266 447 55 285 17 0 4 0 0 0 0 0 0 0 0 0 0 0 0 0 0 0 
71 186 90 44 115 8 9 4 0 1 7 0 0 0 0 0 0 0 0 0 0 0 0 0 0 0 0 0 0 0 0 0 
396 2315 1595 1770 624 447 226 106 921 175 70 13 23 48 15 0 0 0 0 0 0 0 0 0 0 0 0 0 0 0 0 0 
147 1225 1233 986 813 339 212 89 6 9 15 0 6 0 0 0 0 0 0 0 0 0 0 0 0 0 0 0 0 0 0 0 
37 726 538 107 239 11 35 26 14 0 9 2 52 92 0 1 0 0 0 0 0 0 0 0 0 0 0 0 0 0 0 0 
342 641 450 817 280 309 420 376 535 34 68 8 26 2 15 0 1 0 0 0 0 0 0 0 0 0 0 0 0 0 0 0 
616 903 1310 1210 523 265 438 794 33 48 63 0 1 0 2 0 0 0 0 0 0 0 0 0 0 0 0 0 0 0 0 0 
1572 2365 2383 1978 1416 902 948 570 981 286 33 21 22 22 3 0 0 0 0 0 0 0 0 0 0 0 0 0 0 0 0 0 
161 76 163 90 77 30 34 22 164 11 3 0 1 0 0 0 0 0 0 0 0 0 0 0 0 0 0 0 0 0 0 0 
36 375 773 693 274 76 159 13 12 2 1 2 6 0 2 0 0 0 0 0 0 0 0 0 0 0 0 0 0 0 0 0 
0 25 14 5 3 4 0 7 0 0 0 0 0 0 0 0 0 0 0 0 0 0 0 0 0 0 0 0 0 0 0 0 
240 384 289 168 194 166 89 31 12 264 21 214 0 1 1 0 0 0 0 0 0 0 0 0 0 0 0 0 0 0 0 0 
543 1339 1229 601 833 511 230 181 140 385 175 372 63 44 1 0 0 0 0 0 0 0 0 0 0 0 0 0 0 0 0 0 
39 313 349 238 323 96 108 28 202 16 3 0 0 0 0 0 0 0 0 0 0 0 0 0 0 0 0 0 0 0 0 0 
1708 4544 1773 1201 603 373 188 746 94 71 197 505 127 58 0 0 0 0 0 0 0 0 0 0 0 0 0 0 0 0 0 0 
213 133 295 152 71 104 48 46 27 36 183 136 0 5 2 0 0 0 0 0 0 0 0 0 0 0 0 0 0 0 0 0 
608 3175 1309 1046 751 491 325 247 785 209 338 305 46 280 49 0 5 0 0 0 0 0 0 0 0 0 0 0 0 0 0 0 
1179 3800 1367 937 537 217 182 644 494 110 137 18 11 13 0 0 0 0 0 0 0 0 0 0 0 0 0 0 0 0 0 0 
385 925 1137 1340 242 350 455 92 78 26 137 144 3 26 0 0 0 0 0 0 0 0 0 0 0 0 0 0 0 0 0 0 
253 306 433 270 127 270 195 87 64 41 437 137 12 4 0 0 0 0 0 0 0 0 0 0 0 0 0 0 0 0 0 0 
30 490 431 327 495 207 68 3 0 1 1 2 2 5 0 0 0 0 0 0 0 0 0 0 0 0 0 0 0 0 0 0 
317 1441 350 363 61 59 14 29 193 1 8 1 9 0 0 0 0 0 0 0 0 0 0 0 0 0 0 0 0 0 0 0 
3044 5202 4519 3168 2508 1281 1099 937 1325 716 612 46 115 9 10 15 1 0 0 0 0 0 0 0 0 0 0 0 0 0 0 0 
672 2183 1743 2007 907 520 606 198 1268 316 82 154 52 324 2 0 0 0 0 0 0 0 0 0 0 0 0 0 0 0 0 0 
1778 3954 2963 2058 1647 1044 668 691 930 547 270 169 43 41 2 0 1 1 0 0 0 0 0 0 0 0 0 0 0 0 0 0 
318 833 1210 1142 727 231 248 71 33 20 427 14 3 0 2 9 36 0 0 0 0 0 0 0 0 0 0 0 0 0 0 0 
0 67 45 24 169 21 0 0 0 0 0 0 0 0 0 0 0 0 0 0 0 0 0 0 0 0 0 0 0 0 0 0 
180 867 928 1325 589 324 200 94 390 8 18 8 10 1 2 0 0 0 0 0 0 0 0 0 0 0 0 0 0 0 0 0 
646 1226 1579 1882 616 414 212 118 42 48 184 208 4 0 0 0 0 0 0 0 0 0 0 0 0 0 0 0 0 0 0 0 
0 64 76 41 39 26 21 463 0 0 0 0 0 0 0 0 0 0 0 0 0 0 0 0 0 0 0 0 0 0 0 0 
0 64 76 41 39 26 21 463 0 0 0 0 0 0 0 0 0 0 0 0 0 0 0 0 0 0 0 0 0 0 0 0 
35 546 494 412 250 362 13 10 0 25 4 0 1 0 0 0 0 0 0 0 0 0 0 0 0 0 0 0 0 0 0 0 
463 2527 812 481 255 63 71 84 7 8 45 139 36 11 0 2 0 0 0 0 0 0 0 0 0 0 0 0 0 0 0 0 
173 841 987 1354 488 556 386 386 425 27 113 161 52 50 3 1 0 0 0 0 0 0 0 0 0 0 0 0 0 0 0 0 
87 483 621 562 516 274 35 14 4 105 4 3 0 2 2 0 0 0 0 0 0 0 0 0 0 0 0 0 0 0 0 0 
2546 3347 3675 2911 1822 1789 1041 1081 1056 339 317 506 185 20 78 0 2 0 0 0 0 0 0 0 0 0 0 0 0 0 0 0 
1125 1672 2776 2095 960 605 655 913 532 216 285 82 2 2 5 13 0 0 0 0 0 0 0 0 0 0 0 0 0 0 0 0 
154 896 1285 1034 845 251 323 489 21 67 29 1 6 0 0 0 0 0 0 0 0 0 0 0 0 0 0 0 0 0 0 0 
158 762 1036 670 550 423 293 830 49 17 289 131 23 22 1 1 0 0 0 0 0 0 0 0 0 0 0 0 0 0 0 0 
596 543 673 478 265 362 135 119 163 41 109 275 64 14 0 0 0 0 0 0 0 0 0 0 0 0 0 0 0 0 0 0 
373 570 797 940 202 264 314 358 117 23 111 83 27 24 30 0 0 1 0 0 0 0 0 0 0 0 0 0 0 0 0 0 
24 85 84 73 32 42 9 10 25 3 19 24 14 1 0 0 0 0 0 0 0 0 0 0 0 0 0 0 0 0 0 0 
1510 1905 3123 2402 476 735 365 733 108 518 1037 1223 304 1 4 0 0 0 0 0 0 0 0 0 0 0 0 0 0 0 0 0 
5064 3715 3260 3296 1499 1944 1216 963 2050 582 449 608 161 386 34 0 24 0 0 0 0 0 0 0 0 0 0 0 0 0 0 0 
950 1342 1681 1407 1091 645 379 108 848 174 25 98 17 323 12 0 0 0 0 0 0 0 0 0 0 0 0 0 0 0 0 0 
0 280 315 256 289 159 150 471 0 1 13 3 1 0 0 0 0 0 0 0 0 0 0 0 0 0 0 0 0 0 0 0 
0 115 152 100 77 48 147 463 0 0 10 1 1 0 0 0 0 0 0 0 0 0 0 0 0 0 0 0 0 0 0 0 
0 115 152 100 77 48 147 463 0 0 10 1 1 0 0 0 0 0 0 0 0 0 0 0 0 0 0 0 0 0 0 0 
986 1359 1128 882 681 391 693 316 254 307 24 360 14 7 76 0 0 0 0 0 0 0 0 0 0 0 0 0 0 0 0 0 
346 847 435 302 358 220 184 550 33 123 14 347 18 4 21 0 0 0 0 0 0 0 0 0 0 0 0 0 0 0 0 0 
864 981 1441 1463 420 836 625 444 782 223 129 178 36 313 1 0 0 0 0 0 0 0 0 0 0 0 0 0 0 0 0 0 
0 112 100 50 44 32 24 470 0 4 7 0 0 0 0 0 0 0 0 0 0 0 0 0 0 0 0 0 0 0 0 0 
0 25 1 2 0 0 0 0 0 0 0 1 0 0 0 0 0 0 0 0 0 0 0 0 0 0 0 0 0 0 0 0 
29 623 384 438 535 414 57 304 372 2 5 0 1 0 6 0 6 0 0 0 0 0 0 0 0 0 0 0 0 0 0 0 
11 72 59 45 26 34 29 276 1 4 2 1 0 0 0 0 0 0 0 0 0 0 0 0 0 0 0 0 0 0 0 0 
36 333 350 50 47 162 30 4 2 5 2 1 0 0 1 0 0 0 0 0 0 0 0 0 0 0 0 0 0 0 0 0 
426 2085 755 671 210 70 33 46 194 15 28 11 0 0 2 0 0 0 0 0 0 0 0 0 0 0 0 0 0 0 0 0 
284 511 276 564 329 144 124 428 460 54 5 7 4 4 3 0 0 0 0 0 0 0 0 0 0 0 0 0 0 0 0 0 
252 1116 442 605 295 190 95 365 28 226 12 36 12 1 0 9 36 0 0 0 0 0 0 0 0 0 0 0 0 0 0 0 
413 2218 1421 1306 318 590 630 434 879 229 135 137 51 58 5 0 0 3 0 0 0 0 0 0 0 0 0 0 0 0 0 0 
0 64 127 56 27 47 19 11 10 22 24 132 0 0 0 0 0 0 0 0 0 0 0 0 0 0 0 0 0 0 0 0 
49 201 198 124 44 55 23 29 4 22 207 83 0 0 0 0 0 0 0 0 0 0 0 0 0 0 0 0 0 0 0 0 
1142 1845 2481 1771 985 1047 202 620 74 98 777 459 26 0 1 0 1 0 0 0 0 0 0 0 0 0 0 0 0 0 0 0 
0 0 0 0 0 0 0 0 0 0 0 0 0 0 0 0 0 0 0 0 0 0 0 0 0 0 0 0 0 0 0 0 
0 45 64 21 18 15 9 7 0 2 5 0 0 0 0 0 0 0 0 0 0 0 0 0 0 0 0 0 0 0 0 0 
480 2636 880 579 322 224 218 69 427 24 25 13 16 1 0 0 2 0 0 0 0 0 0 0 0 0 0 0 0 0 0 0 
0 9 4 6 5 2 4 5 20 6 0 0 0 0 0 0 0 0 0 0 0 0 0 0 0 0 0 0 0 0 0 0 
0 41 95 40 19 39 16 13 9 22 22 133 0 0 0 0 0 0 0 0 0 0 0 0 0 0 0 0 0 0 0 0 
0 41 95 40 19 39 16 13 9 22 22 133 0 0 0 0 0 0 0 0 0 0 0 0 0 0 0 0 0 0 0 0 
0 0 0 0 0 0 0 0 0 0 0 0 0 0 0 0 0 0 0 0 0 0 0 0 0 0 0 0 0 0 0 0 
5 104 149 106 62 304 1 8 0 1 2 0 1 0 0 0 0 0 0 0 0 0 0 0 0 0 0 0 0 0 0 0 
4458 4374 4782 4311 1882 2015 1255 1446 1441 406 538 513 222 83 5 0 0 1 0 0 0 0 0 0 0 0 0 0 0 0 0 0 
1006 3510 1779 1205 556 1018 360 365 477 66 284 380 123 8 12 0 0 0 0 0 0 0 0 0 0 0 0 0 0 0 0 0 
457 1512 1667 1338 508 320 212 583 14 23 405 3 1 3 1 0 0 0 0 0 0 0 0 0 0 0 0 0 0 0 0 0 
0 332 312 374 58 67 41 479 11 7 30 132 0 0 0 0 0 0 0 0 0 0 0 0 0 0 0 0 0 0 0 0 
6 0 0 1 0 0 0 0 0 0 2 0 0 0 0 0 0 0 0 0 0 0 0 0 0 0 0 0 0 0 0 0 
0 25 14 5 3 4 0 7 0 0 0 0 0 0 0 0 0 0 0 0 0 0 0 0 0 0 0 0 0 0 0 0 
0 25 14 5 3 4 0 7 0 0 0 0 0 0 0 0 0 0 0 0 0 0 0 0 0 0 0 0 0 0 0 0 
1 228 157 268 7 9 1 3 1 0 4 0 0 0 0 0 0 0 0 0 0 0 0 0 0 0 0 0 0 0 0 0 
852 785 924 798 285 275 179 538 545 23 133 1 6 38 1 1 0 0 0 0 0 0 0 0 0 0 0 0 0 0 0 0 
227 654 589 674 557 302 125 425 420 175 95 155 36 43 0 0 0 0 0 0 0 0 0 0 0 0 0 0 0 0 0 0 
632 885 605 702 169 198 132 416 641 20 14 6 16 4 12 0 6 0 0 0 0 0 0 0 0 0 0 0 0 0 0 0 
131 360 553 615 478 135 105 5 39 7 7 76 0 0 0 0 0 0 0 0 0 0 0 0 0 0 0 0 0 0 0 0 
412 980 1034 1187 489 387 375 594 541 727 11 68 8 316 2 0 0 0 0 0 0 0 0 0 0 0 0 0 0 0 0 0 
160 388 376 410 183 370 145 62 258 204 3 0 0 1 0 0 0 0 0 0 0 0 0 0 0 0 0 0 0 0 0 0 
345 1127 1114 506 763 231 65 123 293 31 140 4 41 105 0 0 0 0 0 0 0 0 0 0 0 0 0 0 0 0 0 0 
121 910 751 834 1033 559 421 249 20 203 1 26 4 287 1 0 0 0 0 0 0 0 0 0 0 0 0 0 0 0 0 0 
16 338 318 234 133 156 182 69 440 253 3 17 3 264 0 0 0 0 0 0 0 0 0 0 0 0 0 0 0 0 0 0 
0 39 30 23 136 8 7 1 4 4 4 3 1 9 0 0 0 0 0 0 0 0 0 0 0 0 0 0 0 0 0 0 
505 925 689 401 614 462 542 274 68 308 26 290 28 279 22 0 0 0 0 0 0 0 0 0 0 0 0 0 0 0 0 0 
24 566 432 468 354 26 170 19 3 375 5 5 2 49 0 0 0 0 0 0 0 0 0 0 0 0 0 0 0 0 0 0 
344 959 1125 898 759 427 74 178 86 94 16 70 18 5 0 0 4 0 0 0 0 0 0 0 0 0 0 0 0 0 0 0 
70 409 218 153 217 174 273 247 5 160 2 20 2 20 0 0 0 0 0 0 0 0 0 0 0 0 0 0 0 0 0 0 
431 831 543 318 470 408 472 267 25 62 19 287 3 263 0 0 0 0 0 0 0 0 0 0 0 0 0 0 0 0 0 0 
348 966 807 857 729 476 346 282 14 307 3 0 4 3 8 0 0 0 0 0 0 0 0 0 0 0 0 0 0 0 0 0 
811 985 811 412 826 516 196 612 116 114 81 311 27 27 0 0 0 0 0 0 0 0 0 0 0 0 0 0 0 0 0 0 
798 880 678 363 695 280 153 128 43 226 14 13 0 6 6 0 0 5 0 0 0 0 0 0 0 0 0 0 0 0 0 0 
0 171 171 109 408 64 0 0 0 0 0 0 0 0 0 0 0 0 0 0 0 0 0 0 0 0 0 0 0 0 0 0 
1239 2035 2135 2144 1091 835 635 439 318 304 19 80 8 5 48 0 66 0 0 0 0 0 0 0 0 0 0 0 0 0 0 0 
347 854 1047 788 775 704 466 281 230 162 4 1 0 0 1 0 3 0 0 0 0 0 0 0 0 0 0 0 0 0 0 0 
759 1065 1040 674 593 303 318 76 21 53 29 317 4 17 56 0 0 0 0 0 0 0 0 0 0 0 0 0 0 0 0 0 
36 257 180 57 102 5 9 6 0 4 4 0 7 47 55 0 0 0 0 0 0 0 0 0 0 0 0 0 0 0 0 0 
306 768 776 389 894 405 407 301 9 72 39 6 0 0 0 0 4 0 0 0 0 0 0 0 0 0 0 0 0 0 0 0 
84 353 334 312 557 326 26 11 6 71 1 52 0 0 0 0 0 0 0 0 0 0 0 0 0 0 0 0 0 0 0 0 
1626 2053 1719 1455 1400 705 419 345 238 461 408 21 11 39 2 0 0 0 0 0 0 0 0 0 0 0 0 0 0 0 0 0 
567 929 1134 1162 481 526 336 313 15 44 51 13 2 27 59 15 0 0 0 0 0 0 0 0 0 0 0 0 0 0 0 0 
9 123 133 56 108 144 47 5 7 16 8 204 0 0 0 0 0 0 0 0 0 0 0 0 0 0 0 0 0 0 0 0 
1328 2151 1374 1375 918 452 446 443 322 276 56 34 33 311 22 0 1 20 0 0 0 0 0 0 0 0 0 0 0 0 0 0 
180 415 364 474 358 278 229 18 9 23 5 15 18 0 0 0 0 0 0 0 0 0 0 0 0 0 0 0 0 0 0 0 
1526 2973 3320 3077 1833 1458 797 603 685 400 541 299 31 22 3 0 0 3 0 0 0 0 0 0 0 0 0 0 0 0 0 0 
649 2400 1510 1919 745 617 296 156 280 314 525 7 13 22 1 0 0 3 0 0 0 0 0 0 0 0 0 0 0 0 0 0 
458 912 1207 1659 427 350 378 100 255 304 22 9 2 23 0 0 0 3 0 0 0 0 0 0 0 0 0 0 0 0 0 0 
424 1259 1125 1020 799 475 427 455 23 268 144 3 27 23 2 0 0 0 0 0 0 0 0 0 0 0 0 0 0 0 0 0 
2427 2566 2546 2317 995 977 1226 703 1460 574 69 202 73 131 77 0 19 0 0 0 0 0 0 0 0 0 0 0 0 0 0 0 
72 501 339 229 164 331 287 76 404 159 6 2 0 23 0 0 0 0 0 0 0 0 0 0 0 0 0 0 0 0 0 0 
301 426 319 349 386 193 141 41 376 135 11 221 0 3 1 0 0 0 0 0 0 0 0 0 0 0 0 0 0 0 0 0 
249 457 512 585 387 309 392 33 30 27 48 123 40 9 0 0 0 0 0 0 0 0 0 0 0 0 0 0 0 0 0 0 
288 736 889 1107 569 187 196 67 310 211 20 3 15 0 3 0 0 0 0 0 0 0 0 0 0 0 0 0 0 0 0 0 
229 541 552 409 612 294 564 359 230 161 16 59 1 27 18 19 0 0 0 0 0 0 0 0 0 0 0 0 0 0 0 0 
79 250 234 112 212 337 26 92 6 67 1 1 0 0 0 0 0 0 0 0 0 0 0 0 0 0 0 0 0 0 0 0 
99 126 182 75 80 149 262 288 1 3 7 2 2 30 7 15 0 0 0 0 0 0 0 0 0 0 0 0 0 0 0 0 
90 417 273 158 206 55 40 20 4 117 0 0 1 0 0 0 0 0 0 0 0 0 0 0 0 0 0 0 0 0 0 0 
0 11 43 0 0 0 0 0 0 0 0 0 0 0 0 0 0 0 0 0 0 0 0 0 0 0 0 0 0 0 0 0 
152 97 159 85 45 63 31 20 30 11 8 5 5 2 0 0 0 0 0 0 0 0 0 0 0 0 0 0 0 0 0 0 
1174 1163 1102 557 1112 384 382 102 107 217 21 288 0 2 3 0 0 0 0 0 0 0 0 0 0 0 0 0 0 0 0 0 
232 338 335 340 377 308 195 57 6 16 1 15 0 3 1 0 0 0 0 0 0 0 0 0 0 0 0 0 0 0 0 0 
131 1086 1275 1501 848 564 371 142 428 165 24 90 2 22 0 9 36 0 0 0 0 0 0 0 0 0 0 0 0 0 0 0 
494 3330 2082 2220 1022 470 379 661 209 26 623 262 67 34 0 0 0 0 0 0 0 0 0 0 0 0 0 0 0 0 0 0 
0 23 15 9 7 36 0 0 0 0 0 0 0 0 0 0 0 0 0 0 0 0 0 0 0 0 0 0 0 0 0 0 
43 191 216 116 312 269 220 268 1 0 6 4 0 25 1 0 0 0 0 0 0 0 0 0 0 0 0 0 0 0 0 0 
396 1111 1011 1168 1280 464 110 117 17 42 127 270 2 0 0 0 3 0 0 0 0 0 0 0 0 0 0 0 0 0 0 0 
0 32 38 20 175 45 0 1 0 0 0 0 0 0 0 0 0 0 0 0 0 0 0 0 0 0 0 0 0 0 0 0 
0 32 38 20 175 45 0 1 0 0 0 0 0 0 0 0 0 0 0 0 0 0 0 0 0 0 0 0 0 0 0 0 
1935 1934 2243 2044 1253 1229 860 775 794 389 360 464 63 13 85 0 1 0 0 0 0 0 0 0 0 0 0 0 0 0 0 0 
201 674 701 483 935 251 135 40 96 227 70 316 163 0 2 0 0 0 0 0 0 0 0 0 0 0 0 0 0 0 0 0 
2566 3466 3178 2621 1451 1308 1229 665 1090 995 234 468 99 380 113 0 0 0 0 0 0 0 0 0 0 0 0 0 0 0 0 0 
3 90 58 51 24 43 33 15 28 128 0 13 9 267 18 0 0 0 0 0 0 0 0 0 0 0 0 0 0 0 0 0 
540 1193 1476 1380 921 494 276 589 426 213 415 90 10 37 5 9 36 0 0 0 0 0 0 0 0 0 0 0 0 0 0 0 
1234 1145 1069 558 858 370 561 309 117 154 78 432 2 43 52 0 0 0 0 0 0 0 0 0 0 0 0 0 0 0 0 0 
583 944 687 565 928 401 239 73 29 164 24 262 6 276 53 0 14 0 0 0 0 0 0 0 0 0 0 0 0 0 0 0 
1447 1774 1880 1598 1501 873 976 515 959 237 35 156 42 317 48 0 1 7 0 0 0 0 0 0 0 0 0 0 0 0 0 0 
0 254 244 171 579 83 0 0 0 0 0 0 0 0 0 0 0 0 0 0 0 0 0 0 0 0 0 0 0 0 0 0 
992 1116 980 629 623 516 595 299 74 166 34 333 1 3 74 0 0 0 0 0 0 0 0 0 0 0 0 0 0 0 0 0 
1040 1413 1767 1891 840 1189 702 452 1433 251 128 113 56 318 3 0 0 0 0 0 0 0 0 0 0 0 0 0 0 0 0 0 
2297 2855 2615 2553 1114 1030 979 937 1549 433 362 102 46 320 8 0 0 0 0 0 0 0 0 0 0 0 0 0 0 0 0 0 
2395 5302 2890 2328 1481 959 969 1159 916 495 344 26 10 27 7 0 4 0 0 0 0 0 0 0 0 0 0 0 0 0 0 0 
0 119 115 109 82 74 12 55 6 7 491 2 1 0 0 0 0 0 0 0 0 0 0 0 0 0 0 0 0 0 0 0 
298 238 386 491 182 112 39 48 124 3 44 6 4 0 0 0 0 0 0 0 0 0 0 0 0 0 0 0 0 0 0 0 
239 403 504 498 439 126 323 311 101 130 6 18 14 276 2 0 0 3 0 0 0 0 0 0 0 0 0 0 0 0 0 0 
2409 1545 1800 1125 1098 521 260 148 161 327 48 19 3 2 25 0 5 0 0 0 0 0 0 0 0 0 0 0 0 0 0 0 
322 465 652 705 180 406 289 98 153 31 81 99 245 25 3 2 0 0 0 0 0 0 0 0 0 0 0 0 0 0 0 0 
114 160 249 152 59 84 104 266 157 9 95 76 0 0 8 0 0 0 0 0 0 0 0 0 0 0 0 0 0 0 0 0 
161 671 1078 1022 130 252 81 102 19 196 156 124 1 0 6 0 0 0 0 0 0 0 0 0 0 0 0 0 0 0 0 0 
85 535 537 435 732 373 200 51 0 127 5 2 0 22 0 0 0 0 0 0 0 0 0 0 0 0 0 0 0 0 0 0 
525 1353 1520 1395 665 390 213 150 436 28 54 24 14 0 0 0 0 0 0 0 0 0 0 0 0 0 0 0 0 0 0 0 
0 19 20 19 18 0 0 0 0 0 0 1 0 0 0 0 0 0 0 0 0 0 0 0 0 0 0 0 0 0 0 0 
482 1840 612 819 533 194 551 347 392 200 15 224 2 41 1 0 0 0 0 0 0 0 0 0 0 0 0 0 0 0 0 0 
450 750 979 992 779 485 293 184 59 24 22 4 64 28 2 0 0 0 0 0 0 0 0 0 0 0 0 0 0 0 0 0 
0 43 39 28 33 125 15 0 0 0 0 0 0 0 0 0 0 0 0 0 0 0 0 0 0 0 0 0 0 0 0 0 
2829 2660 2270 1439 1036 657 643 544 83 855 167 318 168 96 70 0 0 0 0 0 0 0 0 0 0 0 0 0 0 0 0 0 
803 650 546 277 326 147 370 301 3 592 8 3 1 81 81 0 0 0 0 0 0 0 0 0 0 0 0 0 0 0 0 0 
0 174 184 119 89 157 29 507 5 5 388 0 0 0 0 0 0 0 0 0 0 0 0 0 0 0 0 0 0 0 0 0 
0 62 50 29 36 87 0 0 0 0 0 0 0 0 0 0 0 0 0 0 0 0 0 0 0 0 0 0 0 0 0 0 
325 778 790 848 528 534 204 174 12 352 12 4 0 0 0 0 0 0 0 0 0 0 0 0 0 0 0 0 0 0 0 0 
0 21 21 21 147 19 0 0 0 0 0 0 0 0 0 0 0 0 0 0 0 0 0 0 0 0 0 0 0 0 0 0 
296 272 332 125 283 140 56 61 18 161 67 6 2 0 4 0 0 0 0 0 0 0 0 0 0 0 0 0 0 0 0 0 
507 1077 1252 973 547 586 74 68 47 136 108 14 2 0 0 0 0 0 0 0 0 0 0 0 0 0 0 0 0 0 0 0 
0 22 19 14 85 0 0 0 0 0 0 0 0 0 0 0 0 0 0 0 0 0 0 0 0 0 0 0 0 0 0 0 
1025 2242 2369 2241 1344 978 1025 1070 944 264 806 652 22 9 80 1 19 0 0 0 0 0 0 0 0 0 0 0 0 0 0 0 
930 1425 1116 558 1173 526 383 362 116 150 35 230 24 39 10 4 4 0 0 0 0 0 0 0 0 0 0 0 0 0 0 0 
378 179 308 237 51 44 34 25 25 168 4 7 29 13 49 0 0 0 0 0 0 0 0 0 0 0 0 0 0 0 0 0 
303 286 379 194 318 260 328 302 6 13 11 70 2 51 35 13 0 0 0 0 0 0 0 0 0 0 0 0 0 0 0 0 
40 172 119 54 239 53 34 35 5 215 4 0 0 0 0 0 0 0 0 0 0 0 0 0 0 0 0 0 0 0 0 0 
0 53 49 27 184 5 7 0 0 0 0 0 0 0 0 0 0 0 0 0 0 0 0 0 0 0 0 0 0 0 0 0 
0 53 49 27 184 5 7 0 0 0 0 0 0 0 0 0 0 0 0 0 0 0 0 0 0 0 0 0 0 0 0 0 
0 53 49 27 184 5 7 0 0 0 0 0 0 0 0 0 0 0 0 0 0 0 0 0 0 0 0 0 0 0 0 0 
0 53 49 27 184 5 7 0 0 0 0 0 0 0 0 0 0 0 0 0 0 0 0 0 0 0 0 0 0 0 0 0 
0 27 34 18 16 71 13 0 0 0 0 0 0 0 0 0 0 0 0 0 0 0 0 0 0 0 0 0 0 0 0 0 
403 488 458 283 489 488 408 745 10 4 18 7 0 23 8 0 0 0 0 0 0 0 0 0 0 0 0 0 0 0 0 0 
207 390 188 80 295 19 9 6 66 8 5 0 0 0 0 0 0 0 0 0 0 0 0 0 0 0 0 0 0 0 0 0 
955 729 937 689 473 206 104 39 107 222 26 5 2 5 9 0 0 0 0 0 0 0 0 0 0 0 0 0 0 0 0 0 
0 14 11 6 42 0 0 0 0 0 0 0 0 0 0 0 0 0 0 0 0 0 0 0 0 0 0 0 0 0 0 0 
0 14 11 6 42 0 0 0 0 0 0 0 0 0 0 0 0 0 0 0 0 0 0 0 0 0 0 0 0 0 0 0 
0 0 0 0 0 0 0 0 0 0 0 0 0 0 0 0 0 0 0 0 0 0 0 0 0 0 0 0 0 0 0 0 
0 0 0 0 0 0 0 0 0 0 0 0 0 0 0 0 0 0 0 0 0 0 0 0 0 0 0 0 0 0 0 0 
0 27 31 17 165 0 0 0 0 0 0 0 0 0 0 0 0 0 0 0 0 0 0 0 0 0 0 0 0 0 0 0 
11 9 40 0 0 1 1 0 0 0 0 5 0 0 0 0 0 0 0 0 0 0 0 0 0 0 0 0 0 0 0 0 
0 358 100 220 2 1 1 16 135 1 2 3 55 86 0 0 0 0 0 0 0 0 0 0 0 0 0 0 0 0 0 0 
0 35 2 3 0 0 0 0 3 0 0 0 11 26 0 0 0 0 0 0 0 0 0 0 0 0 0 0 0 0 0 0 
295 1349 123 228 6 3 2 11 66 2 2 3 237 97 0 0 0 0 0 0 0 0 0 0 0 0 0 0 0 0 0 0 
55 144 86 208 0 0 0 2 9 0 0 0 29 49 0 0 0 0 0 0 0 0 0 0 0 0 0 0 0 0 0 0 
147 192 20 18 5 1 2 8 38 1 2 3 182 62 0 0 0 0 0 0 0 0 0 0 0 0 0 0 0 0 0 0 
0 289 117 243 0 2 2 10 32 4 9 11 48 21 0 0 0 0 0 0 0 0 0 0 0 0 0 0 0 0 0 0 
19 162 12 7 0 0 0 8 31 0 1 2 40 26 0 0 0 0 0 0 0 0 0 0 0 0 0 0 0 0 0 0 
0 1148 10 6 0 0 0 7 29 0 1 1 32 17 0 0 0 0 0 0 0 0 0 0 0 0 0 0 0 0 0 0 
0 9 0 0 0 0 0 2 1 0 0 0 3 3 0 0 0 0 0 0 0 0 0 0 0 0 0 0 0 0 0 0 
19 1019 2 1 0 0 0 3 2 0 0 1 7 10 0 0 0 0 0 0 0 0 0 0 0 0 0 0 0 0 0 0 
158 360 133 259 0 2 2 17 130 4 9 13 78 88 0 0 0 0 0 0 0 0 0 0 0 0 0 0 0 0 0 0 
0 214 112 240 0 2 2 8 11 4 9 11 31 11 0 0 0 0 0 0 0 0 0 0 0 0 0 0 0 0 0 0 
11 222 94 209 0 0 0 12 97 0 1 1 28 14 0 0 0 0 0 0 0 0 0 0 0 0 0 0 0 0 0 0 
0 0 0 0 0 0 0 0 0 0 0 0 0 0 0 0 0 0 0 0 0 0 0 0 0 0 0 0 0 0 0 0 
9 86 11 8 0 0 0 6 99 0 0 0 20 35 0 0 0 0 0 0 0 0 0 0 0 0 0 0 0 0 0 0 
195 1342 139 260 5 3 4 17 135 5 11 12 190 82 0 0 0 0 0 0 0 0 0 0 0 0 0 0 0 0 0 0 
69 153 16 10 0 0 0 11 93 0 1 2 36 43 0 0 0 0 0 0 0 0 0 0 0 0 0 0 0 0 0 0 
359 2072 447 244 18 9 7 58 355 3 75 6 235 46 0 0 0 0 0 0 0 0 0 0 0 0 0 0 0 0 0 0 
102 174 102 219 0 0 0 6 111 0 0 4 41 11 0 0 0 0 0 0 0 0 0 0 0 0 0 0 0 0 0 0 
0 30 7 2 0 0 0 6 85 0 0 0 0 0 0 0 0 0 0 0 0 0 0 0 0 0 0 0 0 0 0 0 
0 0 0 0 0 0 0 0 0 0 0 0 0 0 0 0 0 0 0 0 0 0 0 0 0 0 0 0 0 0 0 0 
7 36 8 2 0 0 0 7 94 0 0 0 5 1 0 0 0 0 0 0 0 0 0 0 0 0 0 0 0 0 0 0 
186 1262 103 216 5 1 2 8 47 1 2 2 198 94 10 0 0 0 0 0 0 0 0 0 0 0 0 0 0 0 0 0 
13 44 3 5 0 0 0 2 5 0 0 0 17 34 0 0 0 0 0 0 0 0 0 0 0 0 0 0 0 0 0 0 
65 73 20 11 0 0 0 6 110 0 0 1 34 11 0 0 0 0 0 0 0 0 0 0 0 0 0 0 0 0 0 0 
106 69 50 50 12 8 8 11 120 13 26 47 105 17 3 0 0 0 0 0 0 0 0 0 0 0 0 0 0 0 0 0 
0 40 7 3 0 0 0 6 100 0 0 1 3 0 0 0 0 0 0 0 0 0 0 0 0 0 0 0 0 0 0 0 
32 43 10 2 0 0 0 4 11 0 0 0 12 26 0 0 0 0 0 0 0 0 0 0 0 0 0 0 0 0 0 0 
173 1304 104 218 8 4 6 13 31 2 4 4 151 73 0 0 0 0 0 0 0 0 0 0 0 0 0 0 0 0 0 0 
12 30 1 6 2 1 1 2 1 1 1 1 5 35 0 0 0 0 0 0 0 0 0 0 0 0 0 0 0 0 0 0 
24 32 1 6 2 1 1 2 5 1 1 1 5 33 0 0 0 0 0 0 0 0 0 0 0 0 0 0 0 0 0 0 
24 32 1 6 2 1 1 2 5 1 1 1 5 33 0 0 0 0 0 0 0 0 0 0 0 0 0 0 0 0 0 0 
24 32 1 6 2 1 1 2 5 1 1 1 5 33 0 0 0 0 0 0 0 0 0 0 0 0 0 0 0 0 0 0 
