933 541 778 808 706 686 635 547 576 504 579 115 0 0 0 0 0 0 0 0 0 0 0 0 0 0 0 0 0 0 0 0 
739 1101 541 667 889 799 779 956 820 1094 730 228 0 0 0 0 0 0 0 0 0 0 0 0 0 0 0 0 0 0 0 0 
578 534 521 603 646 978 430 559 558 640 303 95 0 0 0 0 0 0 0 0 0 0 0 0 0 0 0 0 0 0 0 0 
466 470 1090 826 822 983 1233 698 864 611 658 118 0 0 0 0 0 0 0 0 0 0 0 0 0 0 0 0 0 0 0 0 
1018 903 465 509 521 574 858 510 634 543 626 67 0 0 0 0 0 0 0 0 0 0 0 0 0 0 0 0 0 0 0 0 
1008 800 648 1077 685 908 998 652 887 415 543 105 0 0 0 0 0 0 0 0 0 0 0 0 0 0 0 0 0 0 0 0 
883 672 630 1228 703 952 1070 756 664 634 658 169 0 0 0 0 0 0 0 0 0 0 0 0 0 0 0 0 0 0 0 0 
573 1250 1056 1345 1133 1196 979 844 707 893 1132 287 0 0 0 0 0 0 0 0 0 0 0 0 0 0 0 0 0 0 0 0 
939 768 756 935 1066 722 1142 982 997 932 711 356 0 0 0 0 0 0 0 0 0 0 0 0 0 0 0 0 0 0 0 0 
474 446 572 570 942 397 582 792 442 731 661 222 0 0 0 0 0 0 0 0 0 0 0 0 0 0 0 0 0 0 0 0 
661 917 673 1063 702 1028 977 683 645 787 509 196 0 0 0 0 0 0 0 0 0 0 0 0 0 0 0 0 0 0 0 0 
573 439 482 799 576 614 661 384 623 547 392 362 0 0 0 0 0 0 0 0 0 0 0 0 0 0 0 0 0 0 0 0 
499 596 703 851 732 746 575 637 553 615 607 174 0 0 0 0 0 0 0 0 0 0 0 0 0 0 0 0 0 0 0 0 
898 722 703 1111 600 904 554 1010 646 670 490 337 0 0 0 0 0 0 0 0 0 0 0 0 0 0 0 0 0 0 0 0 
435 614 487 786 778 691 633 430 658 486 438 61 0 0 0 0 0 0 0 0 0 0 0 0 0 0 0 0 0 0 0 0 
