420 0 0 0 4 0 0 0 0 0 0 0 0 0 0 0 0 0 0 0 0 0 0 0 0 0 0 0 0 0 0 0 
7210 1721 1378 227 194 4 0 0 0 0 0 0 0 0 0 0 0 0 0 0 0 0 0 0 0 0 0 0 0 0 0 0 
1632 438 630 32 326 0 0 0 0 0 0 0 0 0 0 0 0 0 0 0 0 0 0 0 0 0 0 0 0 0 0 0 
991 0 0 0 0 0 0 0 0 0 0 0 0 0 0 0 0 0 0 0 0 0 0 0 0 0 0 0 0 0 0 0 
493 0 41 0 54 0 0 0 0 0 0 0 0 0 0 0 0 0 0 0 0 0 0 0 0 0 0 0 0 0 0 0 
0 0 0 0 0 0 0 0 0 0 0 0 0 0 0 0 0 0 0 0 0 0 0 0 0 0 0 0 0 0 0 0 
8249 1994 840 106 0 0 0 0 0 0 0 0 0 0 0 0 0 0 0 0 0 0 0 0 0 0 0 0 0 0 0 0 
0 0 41 0 71 0 0 0 0 0 0 0 0 0 0 0 0 0 0 0 0 0 0 0 0 0 0 0 0 0 0 0 
370 0 0 0 142 0 0 0 0 0 0 0 0 0 0 0 0 0 0 0 0 0 0 0 0 0 0 0 0 0 0 0 
876 153 62 0 187 0 0 0 0 0 0 0 0 0 0 0 0 0 0 0 0 0 0 0 0 0 0 0 0 0 0 0 
618 0 0 0 103 0 0 0 0 0 0 0 0 0 0 0 0 0 0 0 0 0 0 0 0 0 0 0 0 0 0 0 
8591 1526 1885 0 351 0 0 0 0 0 0 0 0 0 0 0 0 0 0 0 0 0 0 0 0 0 0 0 0 0 0 0 
1027 133 79 0 44 0 0 0 0 0 0 0 0 0 0 0 0 0 0 0 0 0 0 0 0 0 0 0 0 0 0 0 
9721 479 0 5 80 7 4 0 0 0 0 0 0 0 0 0 0 0 0 0 0 0 0 0 0 0 0 0 0 0 0 0 
11568 158 34 0 205 0 0 0 0 0 0 0 0 0 0 0 0 0 0 0 0 0 0 0 0 0 0 0 0 0 0 0 
1123 361 461 0 169 0 0 0 0 0 0 0 0 0 0 0 0 0 0 0 0 0 0 0 0 0 0 0 0 0 0 0 
0 187 0 0 32 1 0 0 0 0 0 0 0 0 0 0 0 0 0 0 0 0 0 0 0 0 0 0 0 0 0 0 
225 170 102 0 0 24 0 0 0 0 0 0 0 0 0 0 0 0 0 0 0 0 0 0 0 0 0 0 0 0 0 0 
39779 6038 2944 854 885 0 0 0 0 0 0 0 0 0 0 0 0 0 0 0 0 0 0 0 0 0 0 0 0 0 0 0 
48304 712 372 0 0 0 0 0 0 0 0 0 0 0 0 0 0 0 0 0 0 0 0 0 0 0 0 0 0 0 0 0 
22893 2624 518 286 223 58 32 3 30 135 0 0 0 0 0 0 0 0 0 0 0 0 0 0 0 0 0 0 0 0 0 0 
8239 843 404 26 22 0 0 0 0 0 0 0 0 7 0 0 0 0 0 0 0 0 0 0 0 0 0 0 0 0 0 0 
32953 4199 3200 1216 1574 477 5 117 0 0 0 0 0 0 0 0 0 0 0 0 0 0 0 0 0 0 0 0 0 0 0 0 
27532 4192 3404 1159 557 737 551 576 0 0 0 0 0 0 0 0 0 0 0 0 0 0 0 0 0 0 0 0 0 0 0 0 
3049 219 97 34 0 0 6 0 0 0 0 0 0 0 0 0 0 0 0 0 0 0 0 0 0 0 0 0 0 0 0 0 
8405 923 821 0 0 0 0 0 0 0 0 0 0 0 0 0 0 0 0 0 0 0 0 0 0 0 0 0 0 0 0 0 
20395 2733 1419 1334 0 0 0 0 0 0 0 0 0 0 0 0 0 0 0 0 0 0 0 0 0 0 0 0 0 0 0 0 
17273 5155 3395 328 866 0 0 0 0 0 0 0 0 0 0 0 0 0 0 0 0 0 0 0 0 0 0 0 0 0 0 0 
13602 2157 805 240 229 0 0 0 0 0 0 0 0 0 0 0 0 0 0 0 0 0 0 0 0 0 0 0 0 0 0 0 
15172 1887 2152 606 554 86 0 0 0 0 0 0 0 0 0 0 0 0 0 0 0 0 0 0 0 0 0 0 0 0 0 0 
6998 2530 201 5 0 72 0 0 0 0 0 0 0 0 0 0 0 0 0 0 0 0 0 0 0 0 0 0 0 0 0 0 
10022 5443 4064 2874 0 0 0 0 0 0 0 0 0 0 0 0 0 0 0 0 0 0 0 0 0 0 0 0 0 0 0 0 
10212 855 1038 336 112 39 14 30 10 292 0 0 0 0 0 0 0 0 0 0 0 0 0 0 0 0 0 0 0 0 0 0 
21868 5567 2472 698 278 128 45 2 68 3 3 0 0 0 0 0 0 0 0 0 0 0 0 0 0 0 0 0 0 0 0 0 
32024 5738 2957 1606 1357 10 0 0 0 0 0 0 0 0 0 0 0 0 0 0 0 0 0 0 0 0 0 0 0 0 0 0 
24437 15644 673 0 0 0 0 0 0 0 0 0 0 0 3 0 0 0 0 0 0 0 0 0 0 0 0 0 0 0 0 0 
26601 4912 2384 938 523 83 34 35 0 0 0 0 0 0 0 0 0 0 0 0 0 0 0 0 0 0 0 0 0 0 0 0 
7789 1785 786 304 171 381 3 0 0 0 0 0 0 0 0 0 0 0 0 0 0 0 0 0 0 0 0 0 0 0 0 0 
16279 1390 978 419 611 0 0 0 4 16 3 0 0 0 0 0 0 0 0 0 0 0 0 0 0 0 0 0 0 0 0 0 
5114 1154 114 216 46 0 14 11 0 0 0 0 0 0 0 0 0 0 0 0 0 0 0 0 0 0 0 0 0 0 0 0 
1164 0 0 0 0 0 0 12 0 0 6 3 0 0 0 0 0 0 0 0 0 0 0 0 0 0 0 0 0 0 0 0 
17165 3290 443 239 34 0 0 0 0 0 0 0 0 0 0 0 0 0 0 0 0 0 0 0 0 0 0 0 0 0 0 0 
13163 4236 85 0 0 0 32 19 0 0 0 0 0 0 0 0 0 0 0 0 0 0 0 0 0 0 0 0 0 0 0 0 
35564 7607 3485 375 0 0 0 0 0 0 0 0 0 0 0 0 0 0 0 0 0 0 0 0 0 0 0 0 0 0 0 0 
5622 760 297 89 257 147 0 0 0 0 0 0 0 0 0 0 0 0 0 0 0 0 0 0 0 0 0 0 0 0 0 0 
14531 3075 461 88 52 50 0 0 0 0 0 0 0 0 0 0 0 0 0 0 0 0 0 0 0 0 0 0 0 0 0 0 
25786 1783 1966 472 553 97 19 0 0 0 5 0 0 0 0 0 0 0 0 0 0 0 0 0 0 0 0 0 0 0 0 0 
21380 0 0 0 0 0 0 0 0 0 0 0 0 0 0 0 0 0 0 0 0 0 0 0 0 0 0 0 0 0 0 0 
43919 9493 7888 4930 0 0 0 0 0 0 0 0 0 0 0 0 0 0 0 0 0 0 0 0 0 0 0 0 0 0 0 0 
5839 1720 1148 82 92 41 0 32 15 98 0 0 0 0 0 0 0 0 0 0 0 0 0 0 0 0 0 0 0 0 0 0 
6202 2338 483 0 0 0 0 0 0 0 0 0 0 0 0 0 0 0 0 0 0 0 0 0 0 0 0 0 0 0 0 0 
11619 1229 1184 103 101 128 0 4 0 0 0 0 0 0 0 0 0 0 0 0 0 0 0 0 0 0 0 0 0 0 0 0 
0 0 0 0 0 0 0 0 0 0 0 0 0 0 0 0 0 0 0 0 0 0 0 0 0 0 0 0 0 0 0 0 
21208 6364 7064 175 127 111 0 0 0 0 0 0 0 0 0 0 0 0 0 0 0 0 0 0 0 0 0 0 0 0 0 0 
5353 349 1586 0 0 0 0 0 0 0 0 0 0 0 0 0 0 0 0 0 0 0 0 0 0 0 0 0 0 0 0 0 
4589 593 516 107 0 0 0 0 0 0 0 0 0 0 0 0 0 0 0 0 0 0 0 0 0 0 0 0 0 0 0 0 
16418 5370 936 181 110 13 0 304 0 0 0 0 0 0 0 0 0 0 0 0 0 0 0 0 0 0 0 0 0 0 0 0 
18962 1935 1299 145 52 0 119 9 9 0 0 0 0 0 0 0 0 0 0 0 0 0 0 0 0 0 0 0 0 0 0 0 
34938 8382 1178 517 284 283 0 0 0 0 0 0 0 0 0 0 0 0 0 0 0 0 0 0 0 0 0 0 0 0 0 0 
4503 932 242 0 0 0 0 0 0 0 0 0 0 0 0 0 0 0 0 0 0 0 0 0 0 0 0 0 0 0 0 0 
34497 13073 1473 0 0 0 0 0 0 0 0 0 0 0 0 0 0 0 0 0 0 0 0 0 0 0 0 0 0 0 0 0 
12939 2990 791 244 3 116 11 16 0 5 0 0 0 0 0 0 0 0 0 0 0 0 0 0 0 0 0 0 0 0 0 0 
12342 2450 2210 0 0 0 0 0 0 0 0 0 0 0 0 0 0 0 0 0 0 0 0 0 0 0 0 0 0 0 0 0 
14761 6844 1654 0 0 0 0 0 0 0 0 0 0 0 0 0 0 0 0 0 0 0 0 0 0 0 0 0 0 0 0 0 
554 0 47 0 0 0 0 0 0 0 0 0 0 0 0 0 0 0 0 0 0 0 0 0 0 0 0 0 0 0 0 0 
12808 2191 1699 484 412 345 47 56 66 45 0 8 0 0 0 0 0 0 0 0 0 0 0 0 0 0 0 0 0 0 0 0 
24457 3953 2632 598 245 188 250 0 0 0 0 0 0 0 0 0 0 0 0 0 0 0 0 0 0 0 0 0 0 0 0 0 
11418 1297 1365 180 179 112 0 0 0 10 0 0 0 0 0 0 0 0 0 0 0 0 0 0 0 0 0 0 0 0 0 0 
26589 6131 5165 2953 998 1195 893 367 1886 0 0 0 0 0 0 0 0 0 0 0 0 0 0 0 0 0 0 0 0 0 0 0 
7031 764 551 158 60 156 24 11 5 6 0 0 0 0 0 0 0 0 0 0 0 0 0 0 0 0 0 0 0 0 0 0 
10714 955 312 236 3 0 11 0 3 3 0 0 0 0 0 0 0 0 0 0 0 0 0 0 0 0 0 0 0 0 0 0 
13967 4261 3046 2094 1202 309 483 39 46 116 90 485 0 0 0 0 0 0 0 0 0 0 0 0 0 0 0 0 0 0 0 0 
8993 452 215 0 0 0 0 0 0 0 0 0 0 0 0 0 0 0 0 0 0 0 0 0 0 0 0 0 0 0 0 0 
25890 10353 3542 2368 0 0 0 0 0 0 0 0 0 0 0 0 0 0 0 0 0 0 0 0 0 0 0 0 0 0 0 0 
10721 5785 597 41 7 5 0 0 45 0 0 0 0 0 0 0 0 0 0 0 0 0 0 0 0 0 0 0 0 0 0 0 
17170 3939 1279 1520 4 0 0 0 0 0 0 0 0 0 0 0 0 0 0 0 0 0 0 0 0 0 0 0 0 0 0 0 
7496 757 589 0 0 0 0 0 0 0 0 0 0 0 0 0 0 0 0 0 0 0 0 0 0 0 0 0 0 0 0 0 
13603 3224 1760 1335 108 84 91 229 27 0 126 119 0 0 0 0 0 0 0 0 0 0 0 0 0 0 0 0 0 0 0 0 
26322 6674 1597 501 148 113 46 25 4 6 24 3 37 1 0 0 0 0 0 0 0 0 0 0 0 0 0 0 0 0 0 0 
17599 1763 1073 510 152 20 76 32 25 31 0 0 0 0 0 0 0 0 0 0 0 0 0 0 0 0 0 0 0 0 0 0 
4561 957 117 121 188 12 19 13 8 0 4 0 0 0 0 2 0 0 0 0 0 0 0 0 0 0 0 0 0 0 0 0 
13881 598 137 167 1 0 0 0 0 0 0 0 0 0 0 0 0 0 0 0 0 0 0 0 0 0 0 0 0 0 0 0 
4003 789 244 108 0 0 0 0 0 0 0 0 0 0 0 0 0 0 0 0 0 0 0 0 0 0 0 0 0 0 0 0 
6581 1800 238 124 71 0 33 34 63 0 13 0 32 0 0 0 0 0 0 0 0 0 0 0 0 0 0 0 0 0 0 0 
13394 2532 1076 200 75 129 9 18 48 12 39 0 0 0 0 0 0 0 0 0 0 0 0 0 0 0 0 0 0 0 0 0 
20128 4420 3308 1213 1068 779 950 160 0 0 22 49 0 60 0 0 0 0 0 0 0 0 0 0 0 0 0 0 0 0 0 0 
19717 2990 1951 311 147 21 8 0 0 0 47 13 4 0 0 0 0 0 0 0 0 0 0 0 0 0 0 0 0 0 0 0 
2637 79 112 157 19 16 0 0 12 5 11 0 0 0 0 0 0 0 0 0 0 0 0 0 0 0 0 0 0 0 0 0 
32273 8142 3109 810 162 779 134 78 135 77 310 341 62 0 0 0 0 0 0 0 0 0 0 0 0 0 0 0 0 0 0 0 
8277 1942 947 193 331 19 0 0 0 183 0 0 0 0 0 0 0 0 0 0 0 0 0 0 0 0 0 0 0 0 0 0 
6230 632 1000 0 0 0 0 0 0 0 0 0 0 0 0 0 0 0 0 0 0 0 0 0 0 0 0 0 0 0 0 0 
11986 1163 652 1698 2 26 0 9 15 0 0 3 0 0 0 0 0 0 0 0 0 0 0 0 0 0 0 0 0 0 0 0 
27247 6147 4878 3546 96 111 7 0 0 0 4 0 0 0 0 0 0 0 0 0 0 0 0 0 0 0 0 0 0 0 0 0 
5223 400 436 56 46 51 24 14 0 0 6 0 0 0 0 0 0 0 0 0 0 0 0 0 0 0 0 0 0 0 0 0 
15274 5293 508 55 26 193 0 0 0 0 0 0 0 0 0 0 0 0 0 0 0 0 0 0 0 0 0 0 0 0 0 0 
18401 9230 993 83 41 70 0 0 0 0 14 6 0 0 0 0 0 0 0 0 0 0 0 0 0 0 0 0 0 0 0 0 
13500 2725 1643 646 295 468 110 0 0 0 0 0 0 0 0 0 0 0 0 0 0 0 0 0 0 0 0 0 0 0 0 0 
14389 3489 1362 314 3 33 0 0 0 0 0 0 0 0 0 0 0 0 0 0 0 0 0 0 0 0 0 0 0 0 0 0 
3850 2872 1977 1618 0 44 91 100 27 115 219 171 31 0 0 0 0 0 0 0 0 0 0 0 0 0 0 0 0 0 0 0 
9885 3635 455 39 0 0 0 0 0 0 0 0 0 4 0 0 0 0 0 0 0 0 0 0 0 0 0 0 0 0 0 0 
33797 4615 3325 2018 503 540 342 0 0 0 0 0 0 0 0 0 0 0 0 0 0 0 0 0 0 0 0 0 0 0 0 0 
15843 2072 2457 0 0 26 53 94 126 0 0 0 0 0 0 0 0 0 0 0 0 0 0 0 0 0 0 0 0 0 0 0 
6392 2311 333 84 171 117 188 0 6 40 4 45 0 0 0 0 0 0 0 0 0 0 0 0 0 0 0 0 0 0 0 0 
1445 129 0 0 0 0 0 0 0 0 0 0 0 0 0 0 0 0 0 0 0 0 0 0 0 0 0 0 0 0 0 0 
32338 10327 4277 601 121 37 27 0 0 7 0 12 0 0 0 0 0 0 0 0 0 0 0 0 0 0 0 0 0 0 0 0 
27191 176 317 134 88 68 25 0 0 0 0 0 0 0 0 0 0 0 0 0 0 0 0 0 0 0 0 0 0 0 0 0 
18580 3132 1625 251 44 23 28 10 49 4 10 0 0 0 0 0 0 0 0 0 0 0 0 0 0 0 0 0 0 0 0 0 
9885 2142 691 192 32 24 35 0 0 0 0 0 0 0 0 0 0 0 0 0 0 0 0 0 0 0 0 0 0 0 0 0 
73 0 78 0 0 0 0 0 0 0 0 0 0 0 0 0 0 0 0 0 0 0 0 0 0 0 0 0 0 0 0 0 
7952 1661 100 53 0 0 0 18 68 0 7 5 115 0 0 0 0 0 0 0 0 0 0 0 0 0 0 0 0 0 0 0 
26237 6718 5511 2663 427 598 659 604 6 235 917 836 0 0 0 0 0 0 0 0 0 0 0 0 0 0 0 0 0 0 0 0 
23737 4310 2251 877 308 336 89 46 291 15 238 0 0 0 0 0 0 0 0 0 0 0 0 0 0 0 0 0 0 0 0 0 
29710 4880 2659 829 1052 348 0 3 39 9 11 0 0 0 0 0 0 0 0 0 0 0 0 0 0 0 0 0 0 0 0 0 
27490 3838 2481 1062 102 149 20 18 13 2 14 0 12 0 0 0 0 0 0 0 0 0 0 0 0 0 0 0 0 0 0 0 
23486 4932 5391 2624 735 1509 2266 0 0 0 0 0 0 0 0 0 0 0 0 0 0 0 0 0 0 0 0 0 0 0 0 0 
12201 839 366 241 58 50 0 0 0 0 0 0 0 0 0 0 0 0 0 0 0 0 0 0 0 0 0 0 0 0 0 0 
12167 1434 646 230 288 70 7 0 0 14 0 0 0 0 0 0 0 0 0 0 0 0 0 0 0 0 0 0 0 0 0 0 
24350 2413 2752 1185 228 165 118 53 55 26 79 0 6 0 0 0 0 0 0 0 0 0 0 0 0 0 0 0 0 0 0 0 
18980 1145 2121 632 316 62 49 0 8 15 17 0 0 0 0 0 0 0 0 0 0 0 0 0 0 0 0 0 0 0 0 0 
31340 4606 4584 1718 596 568 524 0 0 0 0 0 0 0 0 0 0 0 0 0 0 0 0 0 0 0 0 0 0 0 0 0 
26126 3050 2624 1063 298 506 299 51 53 28 6 0 0 0 0 0 0 0 0 0 0 0 0 0 0 0 0 0 0 0 0 0 
16419 2621 1501 762 489 287 263 111 0 239 0 13 0 0 0 0 0 0 0 0 0 0 0 0 0 0 0 0 0 0 0 0 
29684 3324 2856 1475 160 240 180 43 13 26 21 0 0 0 0 0 0 0 0 0 0 0 0 0 0 0 0 0 0 0 0 0 
13547 2730 948 382 170 155 0 27 9 0 7 0 0 0 0 0 0 0 0 0 0 0 0 0 0 0 0 0 0 0 0 0 
24201 2294 516 400 166 244 72 64 108 25 0 0 0 0 0 0 0 0 0 0 0 0 0 0 0 0 0 0 0 0 0 0 
10476 1242 717 194 128 131 3 0 0 0 21 0 0 0 0 0 0 0 0 0 0 0 0 0 0 0 0 0 0 0 0 0 
16409 2533 1410 215 149 81 27 33 15 0 0 0 0 0 0 0 0 0 0 0 0 0 0 0 0 0 0 0 0 0 0 0 
22436 2599 2855 591 318 231 66 67 0 13 21 0 0 0 0 0 0 0 0 0 0 0 0 0 0 0 0 0 0 0 0 0 
11028 947 883 364 10 94 13 21 26 0 17 0 12 0 0 0 0 0 0 0 0 0 0 0 0 0 0 0 0 0 0 0 
28224 4220 2953 1510 1144 106 15 0 0 0 0 0 0 0 0 0 0 0 0 0 0 0 0 0 0 0 0 0 0 0 0 0 
28683 4136 2395 1363 462 625 111 15 0 0 67 5 2 0 0 0 0 0 0 0 0 0 0 0 0 0 0 0 0 0 0 0 
26822 6588 2973 601 60 152 109 111 36 5 33 0 0 0 0 0 0 0 0 0 0 0 0 0 0 0 0 0 0 0 0 0 
25564 3818 4042 1331 450 729 135 74 136 57 163 245 0 0 0 0 0 0 0 0 0 0 0 0 0 0 0 0 0 0 0 0 
12737 740 656 357 90 168 20 43 11 28 94 0 0 0 0 0 0 0 0 0 0 0 0 0 0 0 0 0 0 0 0 0 
20235 1715 1908 445 138 265 48 15 13 0 19 0 0 0 0 0 0 0 0 0 0 0 0 0 0 0 0 0 0 0 0 0 
11894 3001 1649 860 274 365 195 788 20 15 23 0 0 0 0 0 0 0 0 0 0 0 0 0 0 0 0 0 0 0 0 0 
9407 798 439 456 213 93 108 47 111 10 0 0 0 0 0 0 0 0 0 0 0 0 0 0 0 0 0 0 0 0 0 0 
26346 6214 2703 707 333 268 26 21 7 0 44 0 0 0 0 0 0 0 0 0 0 0 0 0 0 0 0 0 0 0 0 0 
12387 1452 1273 669 183 352 140 65 0 25 322 0 0 0 0 0 0 0 0 0 0 0 0 0 0 0 0 0 0 0 0 0 
19087 2981 980 350 320 159 121 9 0 0 19 2 0 0 0 0 0 0 0 0 0 0 0 0 0 0 0 0 0 0 0 0 
25377 5546 1297 273 257 222 109 173 6 15 16 19 4 0 0 0 0 0 0 0 0 0 0 0 0 0 0 0 0 0 0 0 
30247 5567 3421 1773 630 396 272 1374 0 0 0 0 0 0 0 0 0 0 0 0 0 0 0 0 0 0 0 0 0 0 0 0 
11296 1183 538 231 114 68 10 14 3 0 0 0 0 0 0 0 0 0 0 0 0 0 0 0 0 0 0 0 0 0 0 0 
26521 4183 1828 1098 423 279 97 50 47 0 7 8 0 0 0 0 0 0 0 0 0 0 0 0 0 0 0 0 0 0 0 0 
15620 2889 1715 438 163 208 91 15 3 49 60 3 0 0 0 0 0 0 0 0 0 0 0 0 0 0 0 0 0 0 0 0 
17311 3035 2434 709 311 475 98 24 49 8 71 47 14 0 0 0 0 0 0 0 0 0 0 0 0 0 0 0 0 0 0 0 
25947 6448 3234 1074 148 246 132 51 228 15 0 3 0 0 0 0 0 0 0 0 0 0 0 0 0 0 0 0 0 0 0 0 
22529 2810 2993 1207 241 471 107 199 14 59 703 0 0 0 0 0 0 0 0 0 0 0 0 0 0 0 0 0 0 0 0 0 
22022 6689 1799 220 48 105 74 26 24 0 17 0 0 0 0 0 0 0 0 0 0 0 0 0 0 0 0 0 0 0 0 0 
14488 1814 1381 787 192 221 141 194 37 23 0 0 0 0 0 0 0 0 0 0 0 0 0 0 0 0 0 0 0 0 0 0 
7626 931 538 355 56 98 73 38 29 12 25 0 4 0 0 0 0 0 0 0 0 0 0 0 0 0 0 0 0 0 0 0 
7058 965 356 218 102 77 91 30 11 3 0 6 0 0 0 0 0 0 0 0 0 0 0 0 0 0 0 0 0 0 0 0 
9043 955 321 0 87 25 0 28 13 0 0 0 0 0 0 0 0 0 0 0 0 0 0 0 0 0 0 0 0 0 0 0 
22035 3184 1787 842 287 166 123 393 110 10 25 320 0 0 0 0 0 0 0 0 0 0 0 0 0 0 0 0 0 0 0 0 
3405 42 236 102 43 0 5 6 0 3 0 0 0 0 0 0 0 0 0 0 0 0 0 0 0 0 0 0 0 0 0 0 
17057 1422 1477 587 154 305 61 9 4 15 24 0 0 8 0 0 0 0 0 0 0 0 0 0 0 0 0 0 0 0 0 0 
13458 1563 1235 448 188 169 48 0 4 0 3 0 0 0 0 0 0 0 0 0 0 0 0 0 0 0 0 0 0 0 0 0 
7886 863 257 218 11 3 0 44 4 16 3 0 0 5 0 0 0 0 0 0 0 0 0 0 0 0 0 0 0 0 0 0 
7719 900 662 322 57 104 21 6 9 0 9 0 0 0 0 0 0 0 0 0 0 0 0 0 0 0 0 0 0 0 0 0 
21268 3811 2368 1506 292 508 127 198 331 0 10 12 0 0 0 0 0 0 0 0 0 0 0 0 0 0 0 0 0 0 0 0 
13480 2894 630 414 92 175 132 22 132 0 0 0 0 0 0 0 0 0 0 0 0 0 0 0 0 0 0 0 0 0 0 0 
14914 5194 4859 2012 244 439 277 476 72 340 852 486 302 0 0 0 0 0 0 0 0 0 0 0 0 0 0 0 0 0 0 0 
5366 1038 378 93 262 0 0 0 0 0 0 0 0 0 0 0 0 0 0 0 0 0 0 0 0 0 0 0 0 0 0 0 
24038 8805 1837 321 614 38 62 0 9 21 34 0 0 0 0 0 0 0 0 0 0 0 0 0 0 0 0 0 0 0 0 0 
18752 4789 1720 267 739 218 229 0 0 0 12 0 0 0 0 0 0 0 0 0 0 0 0 0 0 0 0 0 0 0 0 0 
8492 980 521 200 31 32 0 10 4 21 12 0 0 2 0 0 0 0 0 0 0 0 0 0 0 0 0 0 0 0 0 0 
20292 2260 1770 725 252 179 100 81 164 26 0 0 0 0 0 0 0 0 0 0 0 0 0 0 0 0 0 0 0 0 0 0 
6948 444 751 353 139 18 4 8 21 0 37 0 0 0 0 0 0 0 0 0 0 0 0 0 0 0 0 0 0 0 0 0 
23224 4802 3480 1307 333 402 203 5 25 92 17 0 0 0 0 0 0 0 0 0 0 0 0 0 0 0 0 0 0 0 0 0 
26755 6680 2703 945 542 109 169 15 56 37 3 14 0 3 0 0 0 0 0 0 0 0 0 0 0 0 0 0 0 0 0 0 
10758 1447 521 294 134 38 34 48 3 0 12 0 0 0 0 0 0 0 0 0 0 0 0 0 0 0 0 0 0 0 0 0 
24503 4367 2820 438 277 170 14 24 25 14 9 0 0 0 0 0 0 0 0 0 0 0 0 0 0 0 0 0 0 0 0 0 
8599 2548 415 512 45 24 31 0 12 0 0 3 0 0 0 0 0 0 0 0 0 0 0 0 0 0 0 0 0 0 0 0 
16964 3627 2394 1157 107 92 29 20 42 4 23 0 0 0 0 0 0 0 0 0 0 0 0 0 0 0 0 0 0 0 0 0 
2077 172 128 16 128 7 0 0 0 54 0 0 200 0 14 0 0 0 0 0 0 0 0 0 0 0 0 0 0 0 0 0 
11949 1283 1412 1106 79 230 191 0 0 0 0 0 0 0 0 0 0 0 0 0 0 0 0 0 0 0 0 0 0 0 0 0 
9060 3808 2986 1120 162 293 39 258 7 206 275 125 29 0 0 0 0 0 0 0 0 0 0 0 0 0 0 0 0 0 0 0 
5127 1033 169 226 56 12 19 31 30 0 9 8 6 0 0 0 0 0 0 0 0 0 0 0 0 0 0 0 0 0 0 0 
15554 3581 1698 1420 331 352 99 62 22 131 0 0 0 0 0 0 0 0 0 0 0 0 0 0 0 0 0 0 0 0 0 0 
13831 1696 2361 616 190 102 104 241 33 0 46 0 0 0 0 0 0 0 0 0 0 0 0 0 0 0 0 0 0 0 0 0 
11925 2780 1026 172 120 76 147 68 180 24 12 0 0 0 0 0 0 0 0 0 0 0 0 0 0 0 0 0 0 0 0 0 
9512 2673 449 94 153 25 4 7 42 0 5 0 0 0 0 0 0 0 0 0 0 0 0 0 0 0 0 0 0 0 0 0 
4309 679 793 256 132 18 13 24 9 25 30 0 0 1 0 0 0 0 0 0 0 0 0 0 0 0 0 0 0 0 0 0 
25003 6551 2333 995 493 310 190 174 595 0 0 0 33 0 0 0 0 0 0 0 0 0 0 0 0 0 0 0 0 0 0 0 
5145 1737 196 26 56 19 45 0 225 0 21 8 69 0 0 0 0 0 0 0 0 0 0 0 0 0 0 0 0 0 0 0 
3308 716 144 138 58 53 113 63 0 0 0 0 0 0 0 0 0 0 0 0 0 0 0 0 0 0 0 0 0 0 0 0 
8771 987 1140 671 121 113 53 34 0 16 21 6 0 0 0 0 0 0 0 0 0 0 0 0 0 0 0 0 0 0 0 0 
4159 300 160 99 41 61 30 71 4 4 0 7 0 0 0 0 0 0 0 0 0 0 0 0 0 0 0 0 0 0 0 0 
10328 708 829 89 138 136 99 14 19 11 0 0 2 0 0 0 0 0 0 0 0 0 0 0 0 0 0 0 0 0 0 0 
3981 268 357 117 43 52 24 0 4 3 9 0 0 0 0 0 0 0 0 0 0 0 0 0 0 0 0 0 0 0 0 0 
8186 895 430 312 209 75 0 16 0 0 0 0 0 0 0 0 0 0 0 0 0 0 0 0 0 0 0 0 0 0 0 0 
3749 147 238 86 30 9 0 0 0 0 0 1 0 6 0 0 0 0 0 0 0 0 0 0 0 0 0 0 0 0 0 0 
13540 1841 1007 764 408 154 27 111 74 9 47 9 37 0 0 0 0 0 0 0 0 0 0 0 0 0 0 0 0 0 0 0 
8648 2543 416 70 27 36 15 32 91 0 0 0 46 8 0 0 0 0 0 0 0 0 0 0 0 0 0 0 0 0 0 0 
8288 1017 382 163 0 42 56 58 45 0 0 2 0 0 0 0 0 0 0 0 0 0 0 0 0 0 0 0 0 0 0 0 
15286 2455 1164 506 194 207 178 103 35 13 3 6 0 0 0 0 0 0 0 0 0 0 0 0 0 0 0 0 0 0 0 0 
15027 1755 1362 742 439 55 87 6 10 18 5 9 0 0 0 0 0 0 0 0 0 0 0 0 0 0 0 0 0 0 0 0 
2503 535 188 62 109 78 9 5 41 110 0 2 0 0 0 0 0 0 0 0 0 0 0 0 0 0 0 0 0 0 0 0 
11906 2330 1152 363 218 161 38 68 21 16 14 25 3 5 0 0 0 0 0 0 0 0 0 0 0 0 0 0 0 0 0 0 
15395 2305 564 369 124 138 160 21 67 0 12 0 0 0 0 0 0 0 0 0 0 0 0 0 0 0 0 0 0 0 0 0 
22840 4776 1531 487 450 356 0 0 3 0 0 12 14 0 0 0 0 0 0 0 0 0 0 0 0 0 0 0 0 0 0 0 
14510 3196 881 162 88 98 146 0 0 0 0 0 0 0 0 0 0 0 0 0 0 0 0 0 0 0 0 0 0 0 0 0 
5611 667 322 172 43 19 0 0 0 0 7 0 0 0 0 0 0 0 0 0 0 0 0 0 0 0 0 0 0 0 0 0 
19633 2284 2107 910 206 381 75 33 145 30 95 49 43 0 0 0 0 0 0 0 0 0 0 0 0 0 0 0 0 0 0 0 
15995 984 1813 489 197 112 49 14 0 64 15 0 0 0 0 0 0 0 0 0 0 0 0 0 0 0 0 0 0 0 0 0 
20423 6326 4118 2976 797 650 290 248 1238 78 508 0 0 0 0 0 0 0 0 0 0 0 0 0 0 0 0 0 0 0 0 0 
7545 1091 303 122 57 93 0 0 0 0 0 0 0 0 0 0 0 0 0 0 0 0 0 0 0 0 0 0 0 0 0 0 
9296 2750 504 268 153 164 250 38 74 0 0 4 0 0 0 0 0 0 0 0 0 0 0 0 0 0 0 0 0 0 0 0 
3012 0 58 16 0 33 0 28 0 0 0 0 0 0 0 0 0 0 0 0 0 0 0 0 0 0 0 0 0 0 0 0 
9003 1624 720 361 134 82 91 30 57 0 0 0 0 0 0 0 0 0 0 0 0 0 0 0 0 0 0 0 0 0 0 0 
6946 1576 993 419 65 49 0 0 0 0 0 0 0 0 0 0 0 0 0 0 0 0 0 0 0 0 0 0 0 0 0 0 
3712 535 109 32 0 33 0 6 0 0 0 5 0 0 0 0 0 0 0 0 0 0 0 0 0 0 0 0 0 0 0 0 
13627 2979 2221 1229 583 1347 0 0 0 0 0 0 0 0 0 0 0 0 0 0 0 0 0 0 0 0 0 0 0 0 0 0 
9792 1602 975 139 0 86 4 13 21 27 53 5 20 2 0 0 0 0 0 0 0 0 0 0 0 0 0 0 0 0 0 0 
2875 1668 97 164 0 32 24 12 0 0 6 0 0 1 0 0 0 0 0 0 0 0 0 0 0 0 0 0 0 0 0 0 
9598 1014 567 661 134 84 76 76 39 0 0 0 0 0 0 0 8 0 0 0 0 0 0 0 0 0 0 0 0 0 0 0 
10338 616 626 52 130 5 0 0 0 0 0 0 0 2 0 0 0 0 0 0 0 0 0 0 0 0 0 0 0 0 0 0 
9642 546 510 251 131 78 35 0 0 0 0 0 0 0 0 0 0 0 0 0 0 0 0 0 0 0 0 0 0 0 0 0 
8832 2134 366 258 199 206 0 0 0 0 0 0 0 0 0 0 0 0 0 0 0 0 0 0 0 0 0 0 0 0 0 0 
13963 1107 923 797 711 123 46 23 10 50 0 0 0 0 0 0 0 0 0 0 0 0 0 0 0 0 0 0 0 0 0 0 
8650 1021 829 99 45 98 30 12 0 8 0 21 0 10 52 0 0 0 0 0 0 0 0 0 0 0 0 0 0 0 0 0 
13899 3425 1883 677 633 157 348 0 0 0 0 0 0 0 0 0 0 0 0 0 0 0 0 0 0 0 0 0 0 0 0 0 
19404 2838 1344 578 56 55 19 0 0 6 0 0 0 0 0 0 0 0 0 0 0 0 0 0 0 0 0 0 0 0 0 0 
16586 2619 701 681 393 322 146 25 54 75 6 38 8 286 0 0 0 0 0 0 0 0 0 0 0 0 0 0 0 0 0 0 
7162 389 715 322 39 153 132 10 0 0 0 0 0 0 0 0 0 0 0 0 0 0 0 0 0 0 0 0 0 0 0 0 
2810 81 210 149 57 57 28 58 26 0 0 0 0 0 0 0 0 0 0 0 0 0 0 0 0 0 0 0 0 0 0 0 
14272 1811 1008 302 278 118 8 22 8 28 0 0 0 0 0 0 0 0 0 0 0 0 0 0 0 0 0 0 0 0 0 0 
5753 177 148 88 154 122 0 3 0 0 0 0 0 0 0 0 0 0 0 0 0 0 0 0 0 0 0 0 0 0 0 0 
21941 4028 1839 1256 500 410 283 155 104 381 0 6 0 0 0 0 0 0 0 0 0 0 0 0 0 0 0 0 0 0 0 0 
11390 2238 1091 531 286 93 120 20 0 0 0 0 0 0 4 0 0 0 0 0 0 0 0 0 0 0 0 0 0 0 0 0 
17069 3049 1490 690 489 291 104 148 27 23 16 17 0 5 16 0 0 0 0 0 0 0 0 0 0 0 0 0 0 0 0 0 
18810 6259 2015 755 474 389 136 144 59 37 3 0 12 0 0 0 0 0 0 0 0 0 0 0 0 0 0 0 0 0 0 0 
10336 2229 1716 789 762 266 22 60 12 0 24 56 0 0 0 0 0 0 0 0 0 0 0 0 0 0 0 0 0 0 0 0 
8220 730 375 240 45 6 3 10 0 5 0 0 0 0 0 0 0 0 0 0 0 0 0 0 0 0 0 0 0 0 0 0 
11189 3358 1859 489 720 300 237 146 0 908 0 4 0 0 0 0 0 0 0 0 0 0 0 0 0 0 0 0 0 0 0 0 
4183 1200 647 203 407 56 77 79 0 398 0 0 0 35 0 0 0 0 0 0 0 0 0 0 0 0 0 0 0 0 0 0 
4630 835 505 68 192 123 7 0 0 2 7 6 0 0 0 0 0 0 0 0 0 0 0 0 0 0 0 0 0 0 0 0 
13973 2624 1714 762 306 192 57 31 43 145 0 4 23 22 35 0 0 0 0 0 0 0 0 0 0 0 0 0 0 0 0 0 
1881 0 54 0 0 10 0 0 0 0 0 0 0 0 0 0 0 0 0 0 0 0 0 0 0 0 0 0 0 0 0 0 
3735 292 360 126 179 154 33 0 0 0 0 0 0 0 0 0 0 0 0 0 0 0 0 0 0 0 0 0 0 0 0 0 
2906 617 654 208 53 40 68 29 21 23 6 2 0 0 27 0 0 0 0 0 0 0 0 0 0 0 0 0 0 0 0 0 
1269 0 7 0 0 0 9 0 0 0 0 2 0 0 0 0 0 0 0 0 0 0 0 0 0 0 0 0 0 0 0 0 
1552 875 48 49 0 0 0 0 34 0 0 0 107 96 0 0 0 0 0 0 0 0 0 0 0 0 0 0 0 0 0 0 
1316 23 0 0 0 0 0 12 0 0 0 0 0 8 0 0 0 0 0 0 0 0 0 0 0 0 0 0 0 0 0 0 
2256 217 35 17 0 0 0 12 12 0 0 0 60 46 0 0 0 0 0 0 0 0 0 0 0 0 0 0 0 0 0 0 
1500 442 0 51 0 0 0 0 27 0 0 0 65 17 0 0 0 0 0 0 0 0 0 0 0 0 0 0 0 0 0 0 
2314 689 120 34 0 0 0 43 628 0 0 0 0 0 0 0 0 0 0 0 0 0 0 0 0 0 0 0 0 0 0 0 
1060 472 0 19 0 0 0 25 72 0 0 0 76 21 0 0 0 0 0 0 0 0 0 0 0 0 0 0 0 0 0 0 
1047 773 16 36 0 0 0 0 91 0 0 6 41 24 0 0 0 0 0 0 0 0 0 0 0 0 0 0 0 0 0 0 
326 64 0 0 0 0 0 0 0 0 0 0 0 54 0 0 0 0 0 0 0 0 0 0 0 0 0 0 0 0 0 0 
