3703 3498 3700 3406 3465 3217 3110 3167 3551 3535 3428 3560 3415 3478 3047 3316 3209 3590 3669 3116 3615 3357 3596 3247 3243 3174 3434 3312 3348 3465 3514 3049 
2589 2002 2273 2264 2263 2218 2176 2197 2381 2385 2439 2218 2272 2306 2306 2211 2192 2282 2267 2281 2138 2212 2299 2186 2198 2215 2187 2305 2127 2237 2354 2063 
2836 2462 2634 2556 2401 2358 2518 2274 2254 2383 2472 2342 2586 2163 2371 2256 2309 2564 2409 2561 2364 2436 2241 2236 2438 2406 2467 2477 2123 2444 2401 2211 
3239 2934 2813 2923 2875 2774 2447 2701 2729 2773 2910 2753 2597 2889 2643 2668 2441 2855 2957 2857 2733 2706 2848 2800 2770 2680 2812 2614 2641 2695 2752 2702 
2188 1912 1992 2008 2011 2087 1969 1963 1968 2009 2047 1874 1943 1972 1868 1769 1904 1971 2085 1835 2056 2001 1823 1967 1878 1976 2021 2012 2056 2133 2124 1743 
3064 2688 2946 2904 2820 2646 2856 2746 2770 2955 2743 2616 2715 2644 2737 2726 2660 2820 2785 2497 2746 2787 2900 2678 3019 2477 2664 2713 2748 2866 2879 2700 
3226 2828 2771 2859 2965 2776 2780 3135 2843 3015 2748 2990 2959 3052 2562 2895 3047 3079 2917 2986 2914 2581 2839 2814 2888 2721 2809 2793 2590 2728 3132 2887 
1745 1660 1827 1623 1765 1714 1538 1350 1665 1670 1585 1688 1723 1585 1542 1610 1544 1767 1657 1524 1729 1606 1762 1521 1563 1576 1715 1624 1692 1596 1609 1375 
2766 1969 2293 2403 2471 2437 2384 2269 2355 2411 2497 2387 2236 2410 2358 2278 2180 2351 2392 2093 2207 2311 2438 2326 2178 2456 2342 2386 2190 2299 2387 2208 
2663 2204 2350 2199 2398 2249 2360 1898 2284 2457 2258 2326 2239 1802 2251 2353 2435 2209 2327 2127 2205 2400 2219 2037 2041 2205 2261 2263 2206 2194 2384 1879 
2297 1950 2022 1958 2008 2124 1471 1837 2088 2170 1990 1997 2109 2035 2001 2072 1986 1995 2092 2025 2005 1925 1942 2053 1918 2009 1774 2090 1990 1921 2175 1811 
2587 2230 2291 2292 2303 2233 1862 2036 2297 2257 2221 2261 2164 2318 1926 2312 2196 2287 2359 2090 2139 2171 2370 2233 2263 2084 2314 2219 2300 2255 2163 2164 
2581 1955 2196 2189 2222 2332 2156 2370 2234 2353 2295 2281 2313 2177 2362 1955 2098 2250 2337 2279 2151 2127 2193 2148 2161 2380 2280 2314 2128 2259 2419 2105 
3247 2746 2969 2780 2702 2823 2817 2810 2860 2709 2907 2702 2606 2651 2788 2512 2619 2999 2802 2572 2693 2644 2919 2604 2802 2836 2865 2908 2648 2792 2817 2584 
2577 2192 2473 2348 2368 2322 2075 2456 2330 2397 2486 2466 2351 2194 2098 2373 2250 2335 2546 2216 2391 2408 2445 2355 2348 2345 2136 2294 2138 2410 2523 2067 
