63 23 17 32 20 20 17 17 21 7 16 11 15 12 15 10 9 14 5 18 13 9 4 9 6 14 9 8 8 8 6 0 
40 3 2 5 2 5 1 3 4 0 3 1 2 3 4 0 1 1 0 2 5 4 1 2 4 3 0 1 1 1 3 0 
18 6 2 6 5 6 8 3 3 3 3 2 3 4 3 6 4 0 0 2 4 1 2 0 2 3 5 2 2 2 3 0 
11 4 4 5 2 4 5 2 5 3 9 15 4 0 0 1 4 0 4 1 1 1 3 5 4 2 7 0 1 4 2 0 
52 36 8 22 24 6 5 10 17 17 12 13 5 6 13 3 7 0 5 5 10 7 6 6 6 11 8 15 6 4 1 0 
62 38 10 21 16 9 12 11 10 16 8 3 11 11 10 8 2 4 3 4 18 6 8 7 7 3 10 8 12 14 7 0 
66 28 29 23 24 26 9 14 22 15 17 18 9 16 18 15 15 16 14 16 12 11 13 17 11 11 17 18 17 16 11 0 
0 0 0 2 0 0 0 0 1 0 0 0 2 0 0 0 0 0 0 0 0 0 0 0 0 0 0 0 0 0 0 0 
20 5 4 4 3 0 0 3 3 0 2 4 3 1 1 1 0 3 0 0 2 1 0 2 3 1 1 1 1 1 3 0 
24 22 4 14 8 9 4 4 13 7 6 6 8 10 3 9 7 3 3 5 5 5 7 4 10 2 3 2 6 5 5 0 
12 11 7 16 8 9 7 2 6 2 1 1 6 2 8 1 2 6 1 4 5 1 0 1 6 4 4 3 1 1 2 0 
12 2 0 2 0 1 2 2 2 2 1 2 5 0 1 4 1 0 0 1 0 0 1 1 0 0 0 0 0 1 0 0 
66 15 9 17 12 9 10 8 12 4 3 7 7 8 4 3 8 10 4 4 11 5 6 7 4 11 7 8 5 9 4 0 
34 4 11 5 7 7 8 3 3 4 2 5 4 8 2 5 4 4 6 1 3 4 5 3 2 6 8 7 6 7 0 0 
98 39 29 27 25 21 18 24 22 19 14 22 16 15 20 11 13 14 8 8 8 11 9 9 4 10 11 16 16 19 6 0 
31 6 2 4 6 4 4 6 6 4 8 3 11 4 5 4 5 6 2 3 4 4 6 6 1 3 4 4 4 4 4 0 
31 21 6 5 8 3 3 9 2 4 4 6 7 5 7 8 5 5 5 4 9 3 2 9 4 7 5 0 4 1 1 0 
28 12 4 10 11 6 5 6 3 4 7 3 8 6 3 3 2 2 2 3 2 4 2 1 5 2 2 1 5 2 1 0 
40 8 14 2 2 7 4 6 9 6 5 7 6 4 2 3 5 5 5 5 4 4 0 7 4 4 4 3 1 4 0 0 
64 18 22 13 14 12 5 14 20 14 16 19 16 11 8 8 13 8 11 6 10 6 2 8 8 9 9 3 5 6 1 0 
10 6 1 7 7 6 3 2 2 3 6 6 5 2 1 6 2 1 1 0 2 0 5 2 5 2 2 2 1 2 1 0 
38 3 9 9 6 3 9 6 3 6 6 4 9 4 4 1 5 6 5 1 3 2 3 2 3 4 8 5 1 7 5 0 
19 24 5 5 4 7 7 3 10 6 6 7 8 7 2 4 7 4 3 4 2 3 6 2 8 4 5 5 3 4 1 0 
16 19 13 7 6 9 7 8 5 4 1 5 2 9 4 4 7 5 2 3 7 0 4 2 2 2 2 2 4 1 2 0 
55 18 12 19 12 17 2 16 16 14 11 13 11 4 14 4 9 8 2 4 4 9 9 4 1 6 7 11 6 4 5 0 
0 7 4 1 0 0 0 2 0 1 1 2 0 0 0 0 3 1 1 1 1 1 0 1 1 0 0 0 0 1 2 0 
16 9 5 3 4 7 3 3 4 6 5 4 3 6 4 2 1 3 1 1 3 1 3 3 3 2 1 5 2 2 0 0 
11 4 0 1 1 1 0 0 4 1 1 1 0 0 0 0 1 2 2 0 1 0 0 0 1 1 2 1 0 0 1 0 
23 7 3 9 6 6 3 1 2 2 3 0 1 1 3 0 5 1 1 0 4 0 4 0 1 2 0 2 2 1 0 0 
69 21 30 32 16 13 17 6 13 11 10 13 9 12 14 5 5 6 10 9 11 8 3 14 6 9 3 8 8 14 5 0 
21 7 6 8 2 3 3 1 5 3 4 1 3 2 6 0 2 4 2 2 1 0 4 2 3 1 2 1 1 4 1 0 
22 5 3 3 4 3 1 3 1 7 0 2 4 0 7 5 5 7 1 1 8 2 6 1 2 1 1 1 2 5 3 0 
25 13 8 8 11 12 3 5 5 9 7 2 2 3 2 3 5 3 6 2 7 6 1 2 4 3 1 7 3 8 2 0 
11 9 5 1 5 1 5 2 4 4 3 2 3 0 2 3 6 2 2 3 3 5 2 3 5 4 1 5 3 1 1 0 
33 5 6 8 2 4 7 5 4 4 3 2 3 3 3 1 6 2 2 3 5 1 3 5 5 4 2 0 2 1 0 0 
42 29 10 12 21 16 11 8 18 11 9 20 26 17 15 12 5 9 4 18 13 9 11 8 12 13 13 4 16 9 3 0 
17 22 20 15 16 27 9 12 3 18 6 11 9 4 4 9 3 9 4 6 5 6 13 12 5 9 9 14 9 9 1 0 
60 25 13 5 13 6 4 7 4 9 12 8 10 9 9 7 5 14 5 6 7 8 2 8 7 9 7 7 5 3 1 0 
9 7 4 9 4 12 3 2 4 5 2 3 3 6 3 4 4 7 1 2 4 1 0 3 5 3 5 2 3 6 1 0 
19 2 3 0 0 0 1 1 1 1 3 6 1 1 0 1 0 1 2 1 1 0 1 2 1 2 0 1 0 0 0 0 
31 18 21 11 19 19 3 9 10 6 4 6 9 5 3 3 7 12 2 3 4 5 12 4 3 4 10 7 8 9 4 0 
29 14 9 10 10 9 9 4 14 12 6 3 6 6 13 5 6 3 5 4 15 5 2 6 8 3 9 1 6 6 3 0 
74 14 15 9 11 17 6 7 27 11 10 5 16 4 12 13 8 13 8 15 6 15 12 11 11 7 14 11 13 10 6 0 
20 5 1 2 4 2 2 5 2 4 2 4 4 2 4 2 4 1 1 0 1 1 0 2 0 2 0 1 2 2 2 0 
43 12 8 18 14 8 2 10 7 4 8 11 6 5 8 3 5 3 3 2 4 5 2 4 3 7 5 5 4 3 2 0 
10 3 1 1 3 3 2 2 3 4 3 2 4 3 0 3 3 0 2 2 3 3 2 1 3 2 0 2 1 1 4 0 
15 6 7 1 3 5 1 5 2 1 1 3 2 0 2 3 1 2 3 2 0 4 1 2 2 4 2 2 1 1 1 0 
18 17 13 8 10 11 11 8 7 10 6 5 4 8 2 3 2 10 1 3 6 7 3 2 3 4 4 7 7 2 2 0 
32 2 11 5 11 8 1 21 6 3 4 4 4 4 3 8 3 5 3 7 8 4 5 5 7 6 4 9 3 8 3 0 
14 15 17 5 10 9 3 7 9 10 7 6 4 2 7 3 4 2 3 3 6 3 2 2 4 1 3 4 3 6 4 0 
68 30 23 14 21 30 23 19 17 14 15 8 16 14 9 24 9 9 8 12 9 11 12 6 13 5 11 9 10 16 11 0 
91 21 15 20 6 16 15 8 10 15 12 13 13 9 9 5 9 9 10 11 7 11 7 15 8 8 14 17 14 18 6 0 
42 15 8 10 16 12 15 5 9 19 10 8 7 6 14 9 6 8 2 4 13 5 3 5 12 4 7 8 11 7 5 0 
25 11 16 12 16 11 5 27 16 6 10 8 6 14 6 5 6 3 10 10 3 6 1 11 9 6 2 7 13 3 3 0 
29 9 1 7 8 4 9 7 6 1 5 11 2 3 10 4 3 8 4 8 5 5 6 5 6 2 4 6 4 5 6 0 
74 17 6 15 15 10 11 16 7 12 5 10 8 10 7 10 2 7 6 6 6 8 3 3 2 4 8 6 11 6 5 0 
27 5 4 9 4 6 2 3 4 4 5 10 5 4 3 2 6 4 5 8 5 4 3 5 1 3 2 4 6 5 2 0 
19 4 2 3 4 1 5 3 5 8 6 6 5 4 2 5 6 5 5 7 4 1 4 4 4 3 2 5 2 3 1 0 
21 11 5 6 7 8 4 7 6 10 4 6 5 0 5 5 3 6 5 3 4 3 1 4 2 4 3 3 2 7 0 0 
60 32 26 21 18 25 10 20 11 15 15 19 13 10 15 21 10 18 9 9 14 9 19 6 15 10 16 13 13 11 8 0 
99 16 20 25 25 12 8 13 20 19 13 10 13 10 6 13 12 18 11 15 10 11 12 22 11 8 7 13 8 10 8 0 
72 14 9 16 9 16 15 8 11 16 14 2 15 7 10 18 6 9 9 8 8 4 9 5 20 5 11 10 9 15 11 0 
