18995 4153 2930 365 649 4 0 0 0 0 0 0 0 0 0 0 0 0 0 0 0 0 0 0 0 0 0 0 0 0 0 0 
33894 2810 2521 5 1281 7 4 0 0 0 0 0 0 0 0 0 0 0 0 0 0 0 0 0 0 0 0 0 0 0 0 0 
179925 18965 10944 3541 3293 1297 588 696 30 135 0 0 0 7 0 0 0 0 0 0 0 0 0 0 0 0 0 0 0 0 0 0 
94916 21047 12954 5421 1649 158 6 0 0 0 0 0 0 0 0 0 0 0 0 0 0 0 0 0 0 0 0 0 0 0 0 0 
144324 37045 11402 4517 3098 641 110 78 82 311 6 0 0 0 3 0 0 0 0 0 0 0 0 0 0 0 0 0 0 0 0 0 
134375 20751 6737 1263 896 294 51 31 0 0 11 3 0 0 0 0 0 0 0 0 0 0 0 0 0 0 0 0 0 0 0 0 
98729 22086 19869 5397 320 280 0 36 15 98 0 0 0 0 0 0 0 0 0 0 0 0 0 0 0 0 0 0 0 0 0 0 
149360 41976 9783 1087 449 412 130 329 9 5 0 0 0 0 0 0 0 0 0 0 0 0 0 0 0 0 0 0 0 0 0 0 
107538 19552 14817 6703 3099 2305 1708 473 2006 180 90 493 0 0 0 0 0 0 0 0 0 0 0 0 0 0 0 0 0 0 0 0 
127794 32947 10652 6275 419 222 213 286 101 37 150 122 37 1 0 0 0 0 0 0 0 0 0 0 0 0 0 0 0 0 0 0 
84902 14165 7183 2401 1569 957 1019 225 131 17 136 62 36 60 0 2 0 0 0 0 0 0 0 0 0 0 0 0 0 0 0 0 
124911 32949 12523 6441 704 1249 165 101 150 260 334 350 62 0 0 0 0 0 0 0 0 0 0 0 0 0 0 0 0 0 0 0 
99101 21848 11552 4719 972 1228 784 194 159 155 223 216 31 4 0 0 0 0 0 0 0 0 0 0 0 0 0 0 0 0 0 0 
145993 28466 14850 4771 1020 1086 863 678 414 261 1172 853 115 0 0 0 0 0 0 0 0 0 0 0 0 0 0 0 0 0 0 0 
179724 24087 21000 8521 3375 2921 2984 74 115 66 121 0 18 0 0 0 0 0 0 0 0 0 0 0 0 0 0 0 0 0 0 0 
159298 20393 13427 5082 1878 1875 910 396 198 331 76 13 0 0 0 0 0 0 0 0 0 0 0 0 0 0 0 0 0 0 0 0 
165187 25165 17459 6831 2628 2504 646 1067 242 105 416 250 14 0 0 0 0 0 0 0 0 0 0 0 0 0 0 0 0 0 0 0 
160668 27924 12479 5557 2473 1837 883 1753 174 50 408 29 4 0 0 0 0 0 0 0 0 0 0 0 0 0 0 0 0 0 0 0 
132601 25581 14450 5008 1261 1901 807 577 395 169 876 59 18 0 0 0 0 0 0 0 0 0 0 0 0 0 0 0 0 0 0 0 
101871 12740 8343 4025 1119 1280 385 684 475 44 74 332 0 13 0 0 0 0 0 0 0 0 0 0 0 0 0 0 0 0 0 0 
112282 26404 12466 4385 2373 1099 804 597 402 408 947 486 302 2 0 0 0 0 0 0 0 0 0 0 0 0 0 0 0 0 0 0 
124829 24926 13873 5775 1645 1072 671 112 163 201 64 17 200 3 14 0 0 0 0 0 0 0 0 0 0 0 0 0 0 0 0 0 
94321 22801 11815 4899 1637 1188 615 865 918 386 377 133 68 1 0 0 0 0 0 0 0 0 0 0 0 0 0 0 0 0 0 0 
47627 5758 3494 1538 696 518 364 198 252 34 51 22 71 6 0 0 0 0 0 0 0 0 0 0 0 0 0 0 0 0 0 0 
90593 14781 6235 3039 1519 871 570 404 384 166 81 53 86 13 0 0 0 0 0 0 0 0 0 0 0 0 0 0 0 0 0 0 
115853 22074 11579 5586 1991 1873 810 333 1460 172 625 65 57 0 0 0 0 0 0 0 0 0 0 0 0 0 0 0 0 0 0 0 
58565 10998 5740 3021 916 1746 195 165 117 27 59 10 20 3 0 0 8 0 0 0 0 0 0 0 0 0 0 0 0 0 0 0 
101314 14306 7182 3393 2298 1044 624 60 64 139 6 59 8 298 52 0 0 0 0 0 0 0 0 0 0 0 0 0 0 0 0 0 
99207 18032 8516 4093 2277 1633 811 560 224 469 19 23 12 5 20 0 0 0 0 0 0 0 0 0 0 0 0 0 0 0 0 0 
58147 11268 7230 2677 2611 1107 436 326 55 1458 31 70 23 57 35 0 0 0 0 0 0 0 0 0 0 0 0 0 0 0 0 0 
14173 3335 864 378 53 40 77 121 794 23 6 4 308 188 27 0 0 0 0 0 0 0 0 0 0 0 0 0 0 0 0 0 
