17391 2159 2008 259 524 4 0 0 0 0 0 0 0 0 0 0 0 0 0 0 0 0 0 0 0 0 0 0 0 0 0 0 
14498 1994 922 106 125 0 0 0 0 0 0 0 0 0 0 0 0 0 0 0 0 0 0 0 0 0 0 0 0 0 0 0 
17354 1679 1947 0 783 0 0 0 0 0 0 0 0 0 0 0 0 0 0 0 0 0 0 0 0 0 0 0 0 0 0 0 
29471 1131 574 5 498 7 4 0 0 0 0 0 0 0 0 0 0 0 0 0 0 0 0 0 0 0 0 0 0 0 0 0 
115688 7107 3418 854 917 25 0 0 0 0 0 0 0 0 0 0 0 0 0 0 0 0 0 0 0 0 0 0 0 0 0 0 
112682 11858 7526 2687 2376 1272 588 696 30 135 0 0 0 7 0 0 0 0 0 0 0 0 0 0 0 0 0 0 0 0 0 0 
66819 9030 5732 1696 866 0 6 0 0 0 0 0 0 0 0 0 0 0 0 0 0 0 0 0 0 0 0 0 0 0 0 0 
56288 12017 7222 3725 783 158 0 0 0 0 0 0 0 0 0 0 0 0 0 0 0 0 0 0 0 0 0 0 0 0 0 0 
112349 27804 7140 2640 1747 177 59 32 78 295 3 0 0 0 3 0 0 0 0 0 0 0 0 0 0 0 0 0 0 0 0 0 
77112 9241 4262 1877 1351 464 51 46 4 16 3 0 0 0 0 0 0 0 0 0 0 0 0 0 0 0 0 0 0 0 0 0 
94417 15133 4013 614 34 0 32 31 0 0 6 3 0 0 0 0 0 0 0 0 0 0 0 0 0 0 0 0 0 0 0 0 
91280 5618 2724 649 862 294 19 0 0 0 5 0 0 0 0 0 0 0 0 0 0 0 0 0 0 0 0 0 0 0 0 0 
92722 14780 10703 5115 193 169 0 36 15 98 0 0 0 0 0 0 0 0 0 0 0 0 0 0 0 0 0 0 0 0 0 0 
47874 7306 9166 282 127 111 0 0 0 0 0 0 0 0 0 0 0 0 0 0 0 0 0 0 0 0 0 0 0 0 0 0 
111950 16619 3655 843 446 296 119 313 9 0 0 0 0 0 0 0 0 0 0 0 0 0 0 0 0 0 0 0 0 0 0 0 
105311 25357 6128 244 3 116 11 16 0 5 0 0 0 0 0 0 0 0 0 0 0 0 0 0 0 0 0 0 0 0 0 0 
73680 7441 5743 1262 836 645 297 56 66 55 0 8 0 0 0 0 0 0 0 0 0 0 0 0 0 0 0 0 0 0 0 0 
78970 12111 9074 5441 2263 1660 1411 417 1940 125 90 485 0 0 0 0 0 0 0 0 0 0 0 0 0 0 0 0 0 0 0 0 
86948 20529 5633 3929 11 5 0 0 45 0 0 0 0 0 0 0 0 0 0 0 0 0 0 0 0 0 0 0 0 0 0 0 
94356 12418 5019 2346 408 217 213 286 56 37 150 122 37 1 0 0 0 0 0 0 0 0 0 0 0 0 0 0 0 0 0 0 
42644 4144 736 520 260 12 52 47 71 0 17 0 32 0 0 2 0 0 0 0 0 0 0 0 0 0 0 0 0 0 0 0 
84161 10021 6447 1881 1309 945 967 178 60 17 119 62 4 60 0 0 0 0 0 0 0 0 0 0 0 0 0 0 0 0 0 0 
89268 11879 5708 2701 495 824 134 87 150 260 310 344 62 0 0 0 0 0 0 0 0 0 0 0 0 0 0 0 0 0 0 0 
96440 21070 6815 3740 209 425 31 14 0 0 24 6 0 0 0 0 0 0 0 0 0 0 0 0 0 0 0 0 0 0 0 0 
62687 12721 5437 2617 298 545 201 100 27 115 219 171 31 4 0 0 0 0 0 0 0 0 0 0 0 0 0 0 0 0 0 0 
79750 9127 6115 2102 674 683 583 94 132 40 4 45 0 0 0 0 0 0 0 0 0 0 0 0 0 0 0 0 0 0 0 0 
127200 15777 6910 1178 285 152 115 10 49 11 10 12 0 0 0 0 0 0 0 0 0 0 0 0 0 0 0 0 0 0 0 0 
89442 12689 7940 3593 735 934 748 668 365 250 1162 841 115 0 0 0 0 0 0 0 0 0 0 0 0 0 0 0 0 0 0 0 
128583 14489 10897 4756 1947 2056 2286 21 52 11 25 0 12 0 0 0 0 0 0 0 0 0 0 0 0 0 0 0 0 0 0 0 
133056 9598 10103 3765 1428 865 698 53 63 55 96 0 6 0 0 0 0 0 0 0 0 0 0 0 0 0 0 0 0 0 0 0 
123423 11725 7929 3682 1117 1188 742 232 75 293 34 13 0 0 0 0 0 0 0 0 0 0 0 0 0 0 0 0 0 0 0 0 
120744 8668 5498 1400 761 687 168 164 123 38 42 0 0 0 0 0 0 0 0 0 0 0 0 0 0 0 0 0 0 0 0 0 
146238 15891 9204 3838 1676 977 248 147 62 5 117 5 14 0 0 0 0 0 0 0 0 0 0 0 0 0 0 0 0 0 0 0 
108593 9274 8255 2993 952 1527 398 920 180 100 299 245 0 0 0 0 0 0 0 0 0 0 0 0 0 0 0 0 0 0 0 0 
102653 11445 5395 2182 1049 872 395 142 118 35 385 2 0 0 0 0 0 0 0 0 0 0 0 0 0 0 0 0 0 0 0 0 
138401 16479 7084 3375 1424 965 488 1611 56 15 23 27 4 0 0 0 0 0 0 0 0 0 0 0 0 0 0 0 0 0 0 0 
123276 15182 10376 3428 863 1400 428 289 294 131 834 53 14 0 0 0 0 0 0 0 0 0 0 0 0 0 0 0 0 0 0 0 
88396 10399 4074 1580 398 501 379 288 101 38 42 6 4 0 0 0 0 0 0 0 0 0 0 0 0 0 0 0 0 0 0 0 
88492 5603 3821 1531 571 496 189 436 127 28 49 320 0 8 0 0 0 0 0 0 0 0 0 0 0 0 0 0 0 0 0 0 
85167 7137 4522 2494 548 784 196 248 348 16 25 12 0 5 0 0 0 0 0 0 0 0 0 0 0 0 0 0 0 0 0 0 
92014 17931 7704 2840 1212 652 471 498 213 361 886 486 302 0 0 0 0 0 0 0 0 0 0 0 0 0 0 0 0 0 0 0 
86994 8473 4762 1545 1161 447 333 99 189 47 61 0 0 2 0 0 0 0 0 0 0 0 0 0 0 0 0 0 0 0 0 0 
134194 17296 9524 2984 1286 719 420 92 109 143 41 14 0 3 0 0 0 0 0 0 0 0 0 0 0 0 0 0 0 0 0 0 
59351 7630 4349 2791 359 353 251 20 54 58 23 3 200 0 14 0 0 0 0 0 0 0 0 0 0 0 0 0 0 0 0 0 
65287 10118 7214 3382 739 759 261 592 92 337 330 133 35 0 0 0 0 0 0 0 0 0 0 0 0 0 0 0 0 0 0 0 
77790 12683 4601 1517 898 429 354 273 826 49 47 0 33 1 0 0 0 0 0 0 0 0 0 0 0 0 0 0 0 0 0 0 
38860 3740 1640 934 276 246 241 168 229 20 42 21 69 0 0 0 0 0 0 0 0 0 0 0 0 0 0 0 0 0 0 0 
41305 2018 1854 604 420 272 123 30 23 14 9 1 2 6 0 0 0 0 0 0 0 0 0 0 0 0 0 0 0 0 0 0 
86923 7856 2969 1503 629 439 276 304 245 22 50 17 83 8 0 0 0 0 0 0 0 0 0 0 0 0 0 0 0 0 0 0 
67100 6925 3266 1536 890 432 294 100 139 144 31 36 3 5 0 0 0 0 0 0 0 0 0 0 0 0 0 0 0 0 0 0 
93387 10923 4841 1731 787 854 221 33 148 30 102 61 57 0 0 0 0 0 0 0 0 0 0 0 0 0 0 0 0 0 0 0 
78093 11151 6738 3855 1204 1019 589 300 1312 142 523 4 0 0 0 0 0 0 0 0 0 0 0 0 0 0 0 0 0 0 0 0 
37741 3735 1880 828 199 197 91 64 57 0 0 5 0 0 0 0 0 0 0 0 0 0 0 0 0 0 0 0 0 0 0 0 
57759 7263 3860 2193 717 1549 104 101 60 27 59 5 20 3 0 0 8 0 0 0 0 0 0 0 0 0 0 0 0 0 0 0 
58255 4403 2425 1358 1171 412 81 23 10 50 0 0 0 2 0 0 0 0 0 0 0 0 0 0 0 0 0 0 0 0 0 0 
83858 9903 4757 2035 1127 632 543 37 54 89 6 59 8 296 52 0 0 0 0 0 0 0 0 0 0 0 0 0 0 0 0 0 
45687 2458 2081 861 528 450 168 93 34 28 0 0 0 0 0 0 0 0 0 0 0 0 0 0 0 0 0 0 0 0 0 0 
101325 15574 6435 3232 1749 1183 643 467 190 441 19 23 12 5 20 0 0 0 0 0 0 0 0 0 0 0 0 0 0 0 0 0 
49809 7517 4597 1721 1934 628 339 295 12 1311 24 60 0 35 0 0 0 0 0 0 0 0 0 0 0 0 0 0 0 0 0 0 
32524 3751 2633 956 677 479 97 31 43 147 7 10 23 22 35 0 0 0 0 0 0 0 0 0 0 0 0 0 0 0 0 0 
9055 1515 709 257 53 40 77 41 55 23 6 4 107 104 27 0 0 0 0 0 0 0 0 0 0 0 0 0 0 0 0 0 
11154 1820 155 121 0 0 0 80 739 0 0 0 201 84 0 0 0 0 0 0 0 0 0 0 0 0 0 0 0 0 0 0 
