15356 3625 1618 616 57 0 0 0 0 0 11122 6950 4204 2608 2544 3754 4448 1074 1356 1222 694 1410 410 194 714 242 44 0 14 2 0 0 
12210 6663 3936 1588 25 10 0 0 0 0 10578 734 2350 6840 2500 3000 2846 2408 4764 1586 1936 1976 626 290 22 184 162 60 102 34 0 0 
12840 4924 3229 1128 622 216 0 0 0 0 10476 2383 3216 4472 2156 2112 1246 5022 888 1164 3024 1962 1310 1268 386 302 634 688 224 334 0 0 
13221 2983 2108 2115 813 242 0 0 0 0 12910 1900 1574 2970 2208 1686 1386 1968 850 2624 1384 1940 882 1872 636 484 1246 1140 390 146 0 0 
13435 3243 1769 2072 1880 366 0 0 0 0 13172 1942 2030 2852 2948 2648 852 1464 1250 1592 1494 2150 526 2206 242 1800 738 1490 762 540 0 0 
11108 4520 2824 1873 247 154 0 0 0 0 9696 1520 1113 3882 4332 1866 2840 1374 3140 856 1802 2436 686 840 454 604 262 272 888 370 0 0 
13310 2363 1565 2212 602 216 0 0 0 0 12683 4170 1851 336 2525 1888 776 526 1952 838 1586 2435 1064 930 924 1520 576 390 1772 824 0 0 
12074 4433 1160 3393 969 372 0 0 0 0 10446 3135 2404 1808 3274 782 824 1074 1966 2464 2449 2819 1782 882 318 1244 932 700 1002 768 0 0 
12843 3072 2783 1189 1153 533 0 0 0 0 12912 2704 640 2054 2756 1950 2350 3970 1466 882 1807 2058 472 1172 994 750 726 826 1032 346 0 0 
13694 3043 2324 1520 635 61 0 0 0 0 11208 5164 2296 2060 2476 1066 2226 2470 2990 2032 1710 1412 320 1306 1438 322 442 288 332 18 0 0 
10995 4441 3740 907 5 42 0 0 0 0 9254 1880 1368 2562 5037 2254 4424 3714 2128 1414 1050 1514 356 234 590 114 66 142 126 52 0 0 
12936 4326 1410 1731 409 49 0 0 0 0 10648 2272 2544 3942 4186 2982 932 1584 2224 1710 2622 742 1160 500 552 266 738 316 184 164 0 0 
12234 4726 1054 1972 968 23 0 0 0 0 9294 3848 4768 2564 3678 250 900 2022 2058 2710 1902 1400 2048 550 1024 428 946 288 216 144 0 0 
10728 2248 4156 4318 1989 256 0 0 0 0 8896 748 824 566 2490 3196 516 1494 4864 2456 2306 2440 2154 2166 1378 474 832 2440 1410 416 0 0 
12212 2743 3065 2789 1933 351 0 0 0 0 9230 3468 1210 2620 2660 1004 1262 1686 2128 2478 460 1060 1548 1468 776 1914 2324 2994 1820 524 0 0 
