1083 246 120 0 0 0 0 0 0 0 922 266 254 116 350 164 430 174 2 24 16 54 86 0 128 0 0 0 0 0 0 0 
1141 178 145 10 0 0 0 0 0 0 1200 130 184 188 116 234 532 98 32 78 22 50 48 4 78 20 0 0 0 0 0 0 
1111 286 46 8 0 0 0 0 0 0 1032 186 512 142 136 152 536 20 2 140 0 30 12 10 14 18 2 0 0 0 0 0 
1023 319 75 1 0 0 0 0 0 0 852 172 266 388 204 368 264 110 16 46 0 52 14 0 54 8 0 0 0 0 0 0 
970 159 112 15 0 0 0 0 0 0 976 100 220 268 22 252 474 56 8 76 0 72 4 4 6 40 2 0 0 0 0 0 
903 77 338 90 0 0 0 0 0 0 844 34 192 82 0 410 524 32 54 202 6 252 4 52 2 100 10 0 0 0 0 0 
933 253 130 18 0 0 0 0 0 0 696 160 226 326 92 412 192 164 28 44 0 136 4 10 76 42 2 0 0 0 0 0 
1058 192 153 0 0 0 0 0 0 0 556 222 566 60 402 348 236 238 14 178 8 116 10 0 76 0 0 0 0 0 0 0 
1049 309 89 46 0 0 0 0 0 0 698 588 408 70 226 348 254 52 174 42 60 74 4 0 88 0 0 0 0 0 0 0 
837 258 44 51 0 0 0 0 0 0 560 692 270 98 94 242 194 0 166 64 20 46 10 0 60 0 2 0 0 0 0 0 
950 150 89 113 0 0 0 0 0 0 704 814 262 34 82 122 148 2 298 106 16 54 38 0 32 0 0 0 0 0 0 0 
964 217 37 22 0 0 0 0 0 0 536 890 300 150 90 230 196 12 84 24 36 92 30 0 6 0 0 0 0 0 0 0 
999 322 16 12 0 0 0 0 0 0 488 948 234 384 126 294 178 2 40 18 66 84 6 0 4 0 0 0 0 0 0 0 
1023 201 56 99 0 0 0 0 0 0 450 1122 254 96 186 138 36 12 194 148 90 84 4 4 24 0 14 0 0 0 0 0 
765 149 151 104 52 0 0 0 0 0 416 594 44 64 52 198 206 58 150 68 136 170 102 100 74 10 0 0 0 0 0 0 
846 470 46 41 5 0 0 0 0 0 596 270 352 208 460 28 56 96 152 20 234 82 34 16 14 4 12 0 20 2 0 0 
893 754 96 19 6 2 0 0 0 0 760 88 406 556 488 96 174 104 86 34 226 66 8 42 4 2 18 14 64 4 0 0 
640 615 43 13 0 0 0 0 0 0 508 110 298 556 312 44 100 28 42 196 184 66 6 10 0 2 4 0 28 2 0 0 
827 499 143 7 3 6 0 0 0 0 720 124 38 728 94 134 114 188 10 110 194 74 10 68 0 0 6 20 22 20 0 0 
881 298 189 82 1 0 0 0 0 0 894 28 34 790 8 18 106 100 242 66 230 96 84 8 4 2 0 2 0 0 0 0 
805 418 250 188 7 1 0 0 0 0 706 40 52 612 136 272 14 102 432 42 110 180 70 0 0 6 54 4 0 2 0 0 
650 456 431 236 8 1 0 0 0 0 336 102 212 400 98 578 48 40 500 6 32 446 6 0 0 26 64 20 2 2 0 0 
809 557 108 61 0 0 0 0 0 0 858 8 142 726 222 6 48 140 256 118 88 78 16 0 0 0 0 0 0 0 0 0 
946 559 259 54 0 0 0 0 0 0 956 46 44 742 272 94 124 136 428 120 92 252 6 0 0 0 0 0 0 0 0 0 
793 486 246 152 0 0 0 0 0 0 814 0 4 362 406 8 96 346 476 28 162 78 56 18 2 4 0 0 0 0 0 0 
776 325 262 133 0 0 0 0 0 0 836 0 0 408 166 60 98 118 548 0 148 180 60 12 0 0 0 0 0 0 0 0 
831 308 433 221 0 0 0 0 0 0 782 10 0 400 136 360 68 156 656 4 288 122 156 38 0 2 0 0 0 0 0 0 
684 334 329 238 0 0 0 0 0 0 716 0 0 308 166 46 84 300 778 4 130 108 92 12 0 4 0 0 0 0 0 0 
775 425 307 108 0 0 0 0 0 0 678 84 142 538 160 222 202 158 428 10 94 108 12 54 0 24 2 0 0 0 0 0 
884 344 236 22 0 0 0 0 0 0 724 58 504 90 8 336 548 140 10 238 2 48 2 16 0 48 10 0 0 0 0 0 
711 500 438 63 0 0 0 0 0 0 516 72 530 22 32 414 544 404 22 384 26 50 14 16 0 52 4 0 4 4 0 0 
871 166 297 22 0 0 0 0 0 0 926 22 62 120 36 404 570 74 46 236 14 74 28 14 12 12 0 0 0 0 0 0 
896 337 451 15 0 0 0 0 0 0 778 20 110 232 40 754 510 116 208 162 104 72 30 0 30 24 0 0 0 0 0 0 
980 268 154 11 4 1 0 0 0 0 630 2 704 498 0 232 8 224 60 44 168 74 40 4 0 0 6 4 0 8 0 0 
922 456 216 22 5 3 0 0 0 0 572 8 602 702 4 122 20 288 104 78 148 188 116 16 0 0 6 20 0 6 0 0 
792 450 352 64 29 4 0 0 0 0 484 2 384 538 2 282 16 408 92 180 218 130 124 20 2 0 38 48 4 18 0 0 
611 312 413 157 111 61 0 0 0 0 452 0 132 176 0 206 30 588 160 10 342 52 56 136 10 12 108 126 0 212 0 0 
978 199 5 19 0 0 0 0 0 0 1012 310 10 284 198 6 0 388 6 52 60 36 42 4 0 0 30 0 0 0 0 0 
896 205 32 13 0 0 0 0 0 0 960 228 38 304 210 4 4 282 4 16 106 42 46 24 0 0 22 0 0 0 0 0 
990 175 204 116 47 1 0 0 0 0 1062 88 18 196 132 90 28 244 18 88 282 238 86 162 30 26 66 20 2 0 0 0 
604 329 420 276 40 2 0 0 0 0 336 40 52 238 0 196 26 332 46 306 392 458 124 176 26 62 36 100 0 12 0 0 
648 150 134 88 21 1 0 0 0 0 398 541 128 120 0 184 20 126 38 106 146 114 52 34 24 50 6 26 4 42 0 0 
672 183 10 1 0 0 0 0 0 0 426 534 126 20 250 18 0 308 82 0 48 24 96 10 0 0 0 0 0 0 0 0 
1017 140 135 55 40 26 0 0 0 0 1052 276 20 112 190 6 38 364 34 14 328 104 64 110 12 0 82 66 12 6 0 0 
710 68 238 31 182 103 0 0 0 0 658 116 0 62 4 2 130 364 0 10 198 22 16 304 176 0 202 228 34 14 0 0 
470 657 222 202 134 15 0 0 0 0 340 4 230 272 404 12 118 310 6 38 158 160 258 246 72 104 28 66 108 2 0 0 
657 759 126 71 16 0 0 0 0 0 458 86 488 416 492 4 52 354 14 32 152 198 142 38 0 24 0 2 44 2 0 0 
1132 283 182 11 2 3 0 0 0 0 988 148 210 322 240 110 262 398 16 84 212 70 36 2 4 0 4 8 16 16 0 0 
1060 157 206 44 0 0 0 0 0 0 910 192 118 138 138 414 292 174 0 70 176 96 110 0 4 4 76 0 4 4 0 0 
938 93 298 249 21 6 0 0 0 0 866 350 2 110 62 282 156 98 122 166 14 180 232 94 176 2 42 34 84 56 0 0 
1032 227 265 147 2 0 0 0 0 0 1006 276 138 164 60 280 208 128 108 458 24 90 82 26 34 4 6 4 18 12 0 0 
444 203 288 246 0 0 0 0 0 0 282 86 34 72 24 150 98 92 188 642 8 52 82 18 2 0 0 12 0 0 0 0 
811 243 256 36 17 1 0 0 0 0 940 40 46 346 178 140 136 196 14 80 36 30 48 118 220 6 28 2 16 4 0 0 
1005 195 9 59 0 0 0 0 0 0 1216 108 176 314 248 38 6 108 4 294 108 4 34 0 0 0 0 0 0 0 0 0 
919 248 126 34 0 0 0 0 0 0 958 12 238 364 270 48 202 138 0 136 82 34 40 8 20 0 0 2 14 0 0 0 
836 221 118 240 185 30 0 0 0 0 776 28 120 296 178 56 136 100 30 150 14 156 16 274 26 166 108 258 60 0 0 0 
663 0 145 479 306 79 0 0 0 0 584 0 0 0 0 0 68 30 116 162 32 258 0 434 2 294 142 608 152 4 0 0 
957 228 73 76 0 0 0 0 0 0 1086 108 92 120 316 10 0 190 0 76 204 218 12 94 0 4 124 0 0 0 0 0 
1005 130 57 102 32 13 0 0 0 0 1342 6 116 6 312 0 0 126 0 24 96 172 30 188 16 2 58 26 8 28 0 0 
710 97 117 141 184 66 0 0 0 0 824 44 12 2 160 0 0 160 2 26 144 122 114 338 70 0 274 108 48 48 0 0 
635 47 16 97 52 34 0 0 0 0 796 50 6 14 86 0 2 66 0 80 154 52 24 138 46 2 274 18 10 2 0 0 
824 146 28 45 10 10 0 0 0 0 876 226 2 242 64 20 8 232 2 112 122 28 32 128 20 0 114 8 0 0 0 0 
1035 391 107 27 4 3 0 0 0 0 734 380 98 738 80 136 76 244 60 154 140 160 18 14 0 0 0 24 0 0 0 0 
715 433 102 144 0 0 0 0 0 0 508 138 452 132 106 232 74 32 276 72 50 328 48 0 0 0 0 38 0 0 0 0 
893 301 71 122 0 0 0 0 0 0 916 238 106 306 220 216 32 12 166 140 100 154 14 0 0 0 0 4 0 0 0 0 
940 468 70 72 0 0 0 0 0 0 942 64 180 638 322 252 48 50 44 206 100 2 54 0 0 0 0 0 0 0 0 0 
969 180 81 5 0 0 0 0 0 0 1088 270 140 374 58 272 78 28 24 38 6 10 4 0 0 0 0 6 0 0 0 0 
1030 420 127 77 0 0 0 0 0 0 834 496 236 362 272 264 194 6 196 80 30 116 32 0 2 0 0 26 0 0 0 0 
941 420 130 94 0 0 0 0 0 0 900 136 286 434 348 344 84 132 214 102 150 50 14 0 0 0 0 0 0 0 0 0 
1122 206 172 9 0 0 0 0 0 0 1128 248 216 314 84 478 70 166 102 88 80 16 12 0 0 0 0 0 0 0 0 0 
1066 58 356 49 0 1 0 0 0 0 832 400 16 22 118 704 276 134 24 94 90 64 60 4 56 0 4 2 78 56 0 0 
942 119 152 136 58 11 0 0 0 0 926 108 108 148 176 246 28 160 162 100 106 184 52 22 2 142 68 76 10 20 0 0 
562 198 210 230 210 20 0 0 0 0 486 0 58 172 0 16 64 210 174 76 70 236 148 208 20 280 46 296 14 10 0 0 
735 87 53 105 6 1 0 0 0 0 934 0 108 70 38 2 10 70 12 72 218 198 64 60 4 40 130 6 0 0 0 0 
725 4 75 288 368 87 0 0 0 0 712 0 76 0 14 24 2 8 22 52 110 262 34 554 18 204 216 296 114 100 0 0 
560 2 72 270 439 132 0 0 0 0 514 0 4 0 8 16 0 8 6 138 28 104 20 578 118 246 112 328 242 162 0 0 
799 173 116 187 376 47 0 0 0 0 806 62 80 42 208 2 0 252 12 138 124 168 14 376 16 364 22 174 66 100 0 0 
715 167 66 313 409 45 0 0 0 0 650 6 42 66 178 2 0 118 56 188 30 264 0 352 2 468 96 268 194 54 0 0 
914 428 56 37 0 2 0 0 0 0 1068 4 246 188 604 4 0 166 76 58 102 166 2 14 0 28 4 0 0 8 0 0 
895 215 27 88 14 20 0 0 0 0 1084 0 166 10 478 0 0 48 16 28 194 172 10 38 4 28 40 8 52 34 0 0 
742 166 81 141 54 29 0 0 0 0 878 0 84 10 298 0 0 94 4 18 250 220 36 126 32 18 92 58 78 34 0 0 
601 203 69 183 112 55 0 0 0 0 664 0 28 62 326 0 0 108 50 76 84 140 80 266 56 0 98 144 104 70 0 0 
673 222 12 23 0 0 0 0 0 0 770 72 10 40 420 16 26 180 106 112 26 166 0 20 0 0 0 0 0 0 0 0 
881 205 16 27 0 0 0 0 0 0 910 182 18 364 206 14 34 66 136 118 28 246 0 34 0 0 0 0 0 0 0 0 
723 274 50 33 1 0 0 0 0 0 688 86 2 430 212 2 76 4 238 112 30 280 0 30 6 0 0 2 0 0 0 0 
850 130 217 146 9 0 0 0 0 0 792 20 4 364 0 0 314 46 364 90 114 238 2 110 48 14 0 12 0 0 0 0 
650 95 392 172 9 3 0 0 0 0 530 56 0 210 200 292 180 8 218 42 218 202 10 82 64 78 38 0 68 40 0 0 
500 113 313 95 2 0 0 0 0 0 376 48 25 0 226 468 82 0 194 0 132 152 90 40 66 114 4 0 56 82 0 0 
483 91 156 272 16 43 0 0 0 0 358 62 6 0 90 156 26 16 158 0 326 96 142 32 50 100 8 10 264 58 0 0 
615 93 61 243 35 14 0 0 0 0 532 84 0 176 48 62 90 8 218 0 104 26 116 32 106 206 20 12 216 68 0 0 
833 383 286 73 2 6 0 0 0 0 630 144 32 640 94 168 440 164 336 4 18 26 100 38 0 18 0 18 0 12 0 0 
759 580 260 45 0 1 0 0 0 0 702 18 180 582 186 34 686 198 180 48 2 68 30 10 0 2 0 2 4 2 0 0 
634 564 333 56 0 0 0 0 0 0 598 0 228 414 180 58 630 282 148 94 4 100 20 2 2 10 0 0 10 0 0 0 
684 419 390 105 7 3 0 0 0 0 456 160 4 356 504 216 266 252 290 18 74 180 40 4 22 10 0 12 10 4 0 0 
777 509 216 136 0 0 0 0 0 0 446 268 114 242 692 250 112 2 362 22 138 236 18 0 0 34 0 0 4 0 0 0 
854 600 80 145 0 0 0 0 0 0 522 342 416 66 722 158 24 14 232 114 294 96 2 14 2 0 2 2 80 0 0 0 
887 494 44 61 0 0 0 0 0 0 584 374 392 60 628 96 66 28 284 4 150 40 0 4 0 0 0 0 36 0 0 0 
1103 429 109 11 0 0 0 0 0 0 496 858 664 80 294 470 58 10 186 6 150 60 8 8 0 0 0 0 0 0 0 0 
849 263 46 182 25 0 0 0 0 0 798 174 158 18 346 90 12 10 122 138 128 46 86 122 32 110 100 2 10 14 0 0 
567 155 34 260 104 0 0 0 0 0 678 0 0 0 158 24 6 0 110 90 198 46 138 270 60 128 90 20 54 4 0 0 
666 129 234 123 28 2 0 0 0 0 744 0 2 0 204 230 34 2 94 118 98 30 30 336 130 172 44 32 24 10 0 0 
769 95 46 105 12 0 0 0 0 0 1028 0 0 0 177 130 8 2 92 84 100 46 16 116 20 84 56 10 4 2 0 0 
802 0 104 52 2 0 0 0 0 0 776 292 0 0 10 200 16 6 246 4 0 164 126 12 38 220 10 0 124 148 0 0 
952 17 36 141 82 23 0 0 0 0 1031 368 16 0 0 86 18 32 40 68 26 112 40 0 138 204 26 38 240 104 0 0 
799 34 36 229 183 62 0 0 0 0 839 218 24 0 0 52 0 64 2 154 2 104 0 56 282 72 28 20 418 134 0 0 
1075 6 6 164 20 34 0 0 0 0 1284 352 19 0 0 48 2 10 22 4 10 315 10 18 14 48 112 2 218 144 0 0 
789 0 59 114 25 8 0 0 0 0 888 188 0 0 0 104 4 98 108 64 30 100 36 10 76 168 50 16 130 62 0 0 
798 10 187 285 126 74 0 0 0 0 613 338 10 0 2 194 62 72 150 2 154 70 66 2 60 242 62 114 478 180 0 0 
873 108 44 95 12 7 0 0 0 0 956 322 160 6 112 82 16 106 38 56 68 174 48 2 82 48 2 16 46 30 0 0 
1120 273 28 12 0 1 0 0 0 0 1140 530 268 72 222 60 100 94 26 6 168 160 28 4 0 18 0 2 2 0 0 0 
822 257 136 122 0 0 0 0 0 0 622 380 246 104 156 80 90 8 144 34 230 304 180 2 0 0 0 50 0 0 0 0 
660 158 432 268 0 7 0 0 0 0 514 38 28 6 292 22 284 4 304 12 112 690 252 4 0 6 0 68 16 0 0 0 
899 150 36 125 0 20 0 0 0 0 884 378 238 0 54 6 18 60 146 4 124 344 188 14 0 4 2 50 50 0 0 0 
782 495 116 234 0 0 0 0 0 0 648 78 492 48 208 42 20 0 368 30 530 404 114 2 0 8 0 10 0 0 0 0 
939 407 84 96 0 0 0 0 0 0 482 572 566 26 460 164 42 6 188 14 270 148 6 0 0 40 0 0 0 0 0 0 
501 118 124 426 82 16 0 0 0 0 280 74 0 4 72 10 0 108 78 226 580 242 114 10 26 272 94 140 4 2 0 0 
491 258 27 348 396 85 0 0 0 0 318 0 50 180 24 0 2 2 30 54 168 32 144 368 92 278 300 240 200 242 0 0 
522 232 113 377 270 50 0 0 0 0 418 0 8 114 204 92 58 4 38 66 28 66 436 224 50 282 246 182 94 134 0 0 
826 479 128 226 1 0 0 0 0 0 826 2 22 108 616 134 98 16 350 346 120 116 128 0 0 10 0 0 0 0 0 0 
615 338 126 196 0 0 0 0 0 0 642 6 2 74 398 192 96 2 138 196 88 130 186 0 0 6 0 0 0 0 0 0 
816 301 6 304 11 0 0 0 0 0 810 78 8 218 270 12 56 14 48 436 106 236 198 0 0 76 0 0 0 0 0 0 
696 504 11 183 27 0 0 0 0 0 588 102 28 384 376 10 106 54 46 416 58 266 72 0 0 126 0 0 0 0 0 0 
891 383 21 34 1 0 0 0 0 0 704 584 344 136 250 14 70 16 74 144 20 78 22 0 0 18 0 2 0 0 0 0 
1010 243 7 21 0 0 0 0 0 0 1012 500 312 208 98 4 92 102 62 72 42 56 24 0 0 0 0 0 0 0 0 0 
1015 472 30 219 1 0 0 0 0 0 996 272 226 264 358 14 52 104 370 248 150 174 46 0 0 6 0 0 0 0 0 0 
832 150 111 203 79 76 0 0 0 0 864 83 146 44 32 40 48 210 44 154 64 141 50 74 102 20 86 26 286 170 0 0 
615 6 155 314 106 121 0 0 0 0 658 89 2 0 0 28 64 198 0 108 60 207 28 172 48 62 132 50 366 204 0 0 
834 39 65 95 2 5 0 0 0 0 858 413 62 0 0 34 2 178 4 24 85 217 26 36 4 36 74 0 16 20 0 0 
623 85 102 171 4 5 0 0 0 0 632 334 60 12 2 46 34 182 42 28 209 282 40 44 12 78 20 2 48 24 0 0 
765 111 55 106 136 64 0 0 0 0 778 170 22 2 88 4 28 246 114 26 22 204 42 54 150 78 96 80 206 18 0 0 
551 1 13 196 778 274 0 0 0 0 356 8 0 0 0 0 2 20 4 66 2 32 20 380 648 174 362 336 560 214 0 0 
734 158 331 164 174 147 0 0 0 0 772 10 0 136 136 34 464 208 138 230 58 32 0 116 132 90 100 248 116 90 0 0 
937 345 299 78 1 1 0 0 0 0 996 24 2 412 218 52 472 278 92 82 188 118 12 110 0 28 0 4 4 0 0 0 
650 128 364 66 40 33 0 0 0 0 706 30 2 20 90 0 204 704 138 82 24 26 2 124 2 106 34 96 88 0 0 0 
681 54 170 48 0 0 0 0 0 0 910 44 0 62 10 0 374 78 10 30 44 70 0 178 2 82 0 0 0 0 0 0 
940 333 89 31 0 1 0 0 0 0 1144 220 20 190 272 40 190 210 54 40 104 190 2 74 0 42 0 4 2 0 0 0 
826 483 211 48 0 1 0 0 0 0 842 148 6 282 424 256 174 280 222 22 156 122 0 32 0 14 2 4 0 0 0 0 
995 376 112 8 1 7 0 0 0 0 852 566 176 140 328 208 60 200 76 24 128 236 0 10 0 40 8 20 6 0 0 0 
984 292 163 8 0 0 0 0 0 0 994 190 84 138 456 536 130 92 90 6 110 26 4 12 0 0 12 0 0 0 0 0 
959 223 228 60 0 0 0 0 0 0 888 170 154 158 198 476 118 188 56 4 196 182 50 2 0 0 16 0 0 0 0 0 
1081 262 54 123 19 0 0 0 0 0 1144 264 154 378 94 56 98 94 244 22 218 204 100 2 48 6 2 32 2 0 0 0 
746 152 126 27 0 0 0 0 0 0 852 58 4 64 400 84 22 266 30 30 84 110 36 34 0 0 32 0 0 0 0 0 
1029 113 320 76 0 0 0 0 0 0 890 368 12 102 84 210 30 466 162 142 218 196 158 0 0 4 4 0 0 0 0 0 
727 161 244 23 0 0 0 0 0 0 632 208 0 66 216 106 44 550 132 116 110 50 6 0 0 8 38 0 0 0 0 0 
1140 107 94 7 2 0 0 0 0 0 1046 608 306 34 38 66 420 94 78 78 4 2 4 48 8 6 22 0 0 0 0 0 
974 81 99 22 0 0 0 0 0 0 848 666 226 4 22 58 304 124 46 98 12 4 8 40 8 0 70 0 0 0 0 0 
1060 47 122 65 16 0 0 0 0 0 718 968 86 4 24 22 186 190 256 84 2 4 2 62 56 10 54 0 2 0 0 0 
815 45 459 41 80 7 0 0 0 0 758 226 32 2 0 144 84 308 356 194 4 6 32 324 152 44 82 0 26 2 0 0 
938 56 386 23 228 8 0 0 0 0 646 650 44 0 2 8 100 428 138 44 6 58 10 358 350 108 40 4 74 0 0 0 
1128 102 121 15 16 0 0 0 0 0 804 790 170 20 134 96 308 180 64 130 16 6 4 56 64 2 36 0 0 0 0 0 
907 160 166 1 1 0 0 0 0 0 706 474 234 36 178 150 136 126 108 166 12 14 26 128 6 0 10 0 0 0 0 0 
896 253 123 31 0 0 0 0 0 0 794 298 260 172 94 68 124 194 48 156 128 84 16 80 2 2 32 0 0 0 0 0 
883 299 21 3 0 0 0 0 0 0 954 132 230 322 370 128 92 144 32 10 78 12 0 16 0 0 10 0 0 0 0 0 
891 219 111 51 9 0 0 0 0 0 798 162 200 352 176 198 152 108 272 84 92 50 2 4 22 4 0 12 0 0 0 0 
912 435 49 95 47 0 0 0 0 0 878 160 254 584 104 6 74 26 524 138 66 44 14 4 112 10 2 70 2 0 0 0 
797 397 21 60 2 0 0 0 0 0 794 72 234 482 266 20 20 98 272 78 60 104 2 18 8 2 0 2 0 0 0 0 
708 137 63 374 82 1 0 0 0 0 684 22 18 106 0 0 6 66 480 96 292 370 40 14 242 118 16 56 10 10 0 0 
768 103 91 237 88 20 0 0 0 0 790 98 2 84 98 2 16 126 280 88 238 300 20 108 166 6 20 56 86 4 0 0 
365 119 218 444 64 25 0 0 0 0 272 0 0 0 82 18 48 74 16 154 598 222 136 88 242 10 64 88 132 2 0 0 
826 532 206 59 0 0 0 0 0 0 624 82 68 18 888 96 158 204 126 450 102 134 4 0 0 0 0 0 0 0 0 0 
824 372 102 28 1 0 0 0 0 0 810 62 52 2 882 20 100 238 60 238 42 26 6 0 0 0 0 0 0 0 0 0 
669 246 55 70 0 0 0 0 0 0 656 80 46 2 560 60 34 86 240 136 86 2 4 2 0 0 0 0 0 0 0 0 
860 216 149 13 0 0 0 0 0 0 662 510 6 24 354 48 28 328 198 150 70 10 0 0 0 0 0 0 0 0 0 0 
505 282 299 89 2 0 0 0 0 0 440 0 8 0 432 42 326 398 42 324 28 28 46 12 0 0 0 0 0 0 0 0 
881 268 333 44 0 0 0 0 0 0 546 280 76 142 201 334 358 216 130 150 208 68 30 0 112 22 0 0 0 0 0 0 
913 214 308 46 0 0 0 0 0 0 772 182 96 104 250 304 486 236 48 100 90 76 48 0 204 26 0 0 0 0 0 0 
771 99 210 6 0 0 0 0 0 0 660 108 218 142 82 438 378 10 156 26 46 40 42 0 12 2 0 0 0 0 0 0 
697 60 134 0 0 0 0 0 0 0 618 156 328 80 70 228 260 122 30 6 4 8 4 0 96 0 0 0 0 0 0 0 
751 264 228 24 0 0 0 0 0 0 760 34 50 218 234 164 290 300 136 2 22 90 10 0 78 2 10 0 0 0 0 0 
583 401 149 51 0 0 0 0 0 0 588 0 0 244 416 4 212 192 220 20 14 212 4 2 48 0 20 0 4 0 0 0 
562 592 222 105 0 0 0 0 0 0 506 0 40 474 380 0 252 304 306 34 44 238 28 0 12 2 4 2 0 0 0 0 
571 618 125 32 0 0 0 0 0 0 516 0 84 704 266 24 340 238 44 10 18 192 6 14 8 2 8 0 16 0 0 0 
664 368 536 91 0 1 0 0 0 0 562 18 8 120 438 36 728 374 414 12 42 144 8 28 2 0 0 4 30 2 0 0 
656 66 522 110 0 13 0 0 0 0 440 110 4 20 290 84 362 450 90 82 110 198 46 64 0 26 0 48 28 14 0 0 
576 132 401 197 2 28 0 0 0 0 336 182 94 44 124 170 260 264 78 80 200 174 40 112 2 26 10 88 58 36 0 0 
694 357 106 24 0 0 0 0 0 0 592 168 296 308 204 316 188 88 14 54 28 60 46 0 16 12 14 0 0 0 0 0 
1026 233 82 72 5 0 0 0 0 0 620 554 170 310 238 244 222 224 4 64 64 10 78 6 64 72 4 4 2 4 0 0 
1095 475 55 21 0 0 0 0 0 0 856 32 320 392 736 274 214 228 16 62 56 6 48 0 2 4 22 2 2 0 0 0 
880 246 191 53 0 0 0 0 0 0 630 102 158 292 198 326 112 174 4 52 200 96 166 0 0 16 126 0 0 0 0 0 
724 509 194 144 0 0 0 0 0 0 538 44 290 190 320 606 2 80 88 46 412 136 6 2 0 0 0 0 0 70 0 0 
1061 419 112 37 0 0 0 0 0 0 1002 136 162 280 560 492 20 42 42 14 178 40 4 0 0 0 0 0 0 12 0 0 
935 219 36 26 0 0 0 0 0 0 1070 90 36 390 416 120 82 46 82 6 116 14 8 0 16 16 0 0 0 4 0 0 
880 395 24 54 4 0 0 0 0 0 874 190 108 598 228 36 62 12 240 38 138 40 24 4 54 34 0 4 2 0 0 0 
952 283 33 52 1 0 0 0 0 0 880 460 176 348 222 156 32 10 168 6 148 92 78 0 10 4 0 2 0 0 0 0 
851 319 43 26 0 0 0 0 0 0 804 22 380 304 474 210 4 100 14 126 60 0 20 0 0 0 0 0 0 0 0 0 
516 371 202 191 96 28 0 0 0 0 388 2 104 152 368 280 40 180 94 286 156 14 12 2 86 44 28 164 40 10 0 0 
896 353 161 135 17 2 0 0 0 0 776 192 166 348 248 264 82 140 166 178 256 62 52 2 26 10 6 28 6 0 0 0 
690 249 109 109 0 0 0 0 0 0 426 32 116 386 4 38 0 106 346 192 344 102 162 0 0 0 0 0 0 0 0 0 
778 50 71 342 218 7 0 0 0 0 576 148 56 68 16 30 18 72 400 204 152 26 102 136 194 56 344 56 98 52 0 0 
643 42 37 395 68 12 0 0 0 0 582 74 46 2 102 0 10 44 364 118 78 4 180 348 104 10 208 56 34 12 0 0 
623 88 60 57 0 0 0 0 0 0 590 0 98 46 128 2 0 90 124 230 186 14 130 0 0 0 0 0 0 0 0 0 
652 158 7 19 0 0 0 0 0 0 492 254 234 24 228 12 36 70 72 94 106 88 90 0 0 0 0 0 0 0 0 0 
854 101 50 190 247 15 0 0 0 0 552 150 346 0 166 8 8 132 124 110 176 136 144 146 402 32 138 42 86 6 0 0 
674 47 54 265 246 1 0 0 0 0 590 24 140 0 100 2 2 148 194 180 50 46 144 212 412 48 118 76 32 6 0 0 
799 297 81 59 0 0 0 0 0 0 544 4 406 26 430 2 0 120 82 188 282 260 86 0 0 0 0 0 0 0 0 0 
719 171 76 73 0 0 0 0 0 0 600 8 310 16 316 2 14 166 152 98 144 144 62 0 0 0 0 0 0 0 0 0 
561 176 110 264 88 6 0 0 0 0 488 36 64 0 304 0 110 164 214 92 32 52 248 60 76 2 140 76 98 2 0 0 
687 610 81 34 0 0 0 0 0 0 660 16 474 378 136 0 78 140 232 164 222 122 88 0 0 0 0 0 0 0 0 0 
753 542 122 97 0 0 0 0 0 0 668 70 398 388 204 2 128 156 330 134 162 132 84 0 0 0 0 0 0 0 0 0 
797 557 83 89 0 0 0 0 0 0 538 198 606 546 274 0 96 158 126 2 202 98 100 0 0 0 0 0 0 0 0 0 
956 244 7 13 0 0 0 0 0 0 708 532 552 268 68 2 150 62 28 2 74 26 22 2 0 0 0 0 0 0 0 0 
973 506 48 14 0 0 0 0 0 0 606 604 778 104 202 70 140 54 108 34 102 140 52 0 0 0 0 0 0 0 0 0 
761 376 12 30 0 0 0 0 0 0 654 310 274 180 410 32 38 60 36 230 28 10 20 0 0 0 14 0 0 0 0 0 
701 530 35 113 4 0 0 0 0 0 626 154 304 294 374 92 36 184 122 370 28 72 76 0 0 4 58 4 0 0 0 0 
815 386 51 160 3 0 0 0 0 0 586 394 212 194 418 2 12 172 146 396 68 52 66 4 0 10 70 18 0 2 0 0 
881 229 113 90 30 0 0 0 0 0 580 664 4 198 216 18 0 186 94 308 214 2 50 2 0 16 118 18 0 16 0 0 
736 17 44 159 144 0 0 0 0 0 518 526 0 2 62 10 48 60 16 148 46 32 356 64 72 148 104 16 0 40 0 0 
679 32 93 325 206 1 0 0 0 0 522 276 2 6 40 8 62 84 68 262 100 82 468 60 62 168 186 38 0 72 0 0 
651 355 8 455 17 0 0 0 0 0 536 0 96 192 210 12 0 4 820 24 406 196 6 102 12 0 4 6 0 8 0 0 
637 327 7 557 124 0 0 0 0 0 484 0 172 188 82 0 0 16 780 36 476 186 32 260 148 4 6 34 30 36 0 0 
510 103 28 461 113 0 0 0 0 0 412 0 20 24 56 38 0 4 484 112 400 84 16 326 100 2 2 26 38 26 0 0 
592 209 284 496 155 0 0 0 0 0 380 2 0 58 120 312 2 98 556 288 278 218 58 150 192 26 16 124 58 138 0 0 
577 60 324 150 110 0 0 0 0 0 546 26 22 0 16 470 0 112 188 134 68 246 108 48 160 42 4 28 18 58 0 0 
656 227 437 82 0 0 0 0 0 0 592 22 102 76 458 346 64 72 62 452 156 118 84 32 30 20 0 0 0 0 0 0 
641 126 396 234 82 45 0 0 0 0 500 56 12 8 312 200 100 70 228 248 68 56 74 142 32 8 104 344 162 0 0 0 
663 198 217 367 176 43 0 0 0 0 458 36 54 0 134 196 12 0 146 194 4 236 32 222 34 24 274 604 192 10 0 0 
737 70 479 23 0 0 0 0 0 0 694 116 38 6 164 560 8 146 74 358 110 146 60 12 0 0 0 0 0 0 0 0 
906 113 344 57 1 0 0 0 0 0 650 316 120 8 218 452 2 182 136 176 106 260 96 18 2 0 0 0 0 0 0 0 
636 72 212 259 200 33 0 0 0 0 530 104 74 2 38 146 30 76 224 66 36 246 344 64 68 98 44 160 132 0 0 0 
707 54 249 472 397 74 0 0 0 0 540 6 0 6 12 22 128 18 140 136 46 138 398 166 286 122 152 576 314 22 0 0 
704 49 408 16 0 0 0 0 0 0 686 62 46 2 434 300 0 184 68 44 46 140 128 64 0 0 0 0 0 0 0 0 
789 166 137 327 187 31 0 0 0 0 662 26 64 2 104 102 8 12 272 204 16 162 62 54 248 40 146 394 190 4 0 0 
767 40 358 182 138 1 0 0 0 0 788 36 4 6 98 104 78 242 316 34 46 10 276 266 28 32 30 70 114 76 0 0 
756 94 356 294 351 33 0 0 0 0 680 24 20 6 48 8 92 296 432 76 52 12 528 244 58 104 54 142 166 56 0 0 
568 231 436 258 155 4 0 0 0 0 462 4 72 20 100 34 80 374 448 12 154 62 140 228 12 38 122 124 200 28 0 0 
565 331 500 395 147 14 0 0 0 0 390 0 66 40 204 156 218 306 438 184 178 150 8 22 76 26 318 236 134 70 0 0 
712 32 217 522 315 56 0 0 0 0 408 6 180 0 4 182 22 0 8 392 12 198 152 16 66 114 462 636 28 148 0 0 
833 182 222 282 60 6 0 0 0 0 412 556 60 54 164 46 4 302 286 262 92 70 116 16 20 74 64 156 78 70 0 0 
945 141 199 149 28 2 0 0 0 0 720 502 82 24 72 0 10 286 244 72 18 16 28 134 28 20 10 146 252 124 0 0 
852 99 281 258 191 12 0 0 0 0 596 444 72 102 6 2 124 74 196 124 2 76 174 352 108 114 0 268 234 48 0 0 
745 177 202 121 57 7 0 0 0 0 534 312 134 186 88 96 120 24 118 132 0 120 92 98 10 88 58 170 76 4 0 0 
740 40 104 28 109 41 0 0 0 0 638 260 2 138 54 48 52 38 84 270 0 68 88 30 10 52 82 164 116 4 0 0 
723 16 161 264 603 174 0 0 0 0 540 4 28 8 0 0 2 150 0 154 0 52 206 340 78 108 378 662 540 28 0 0 
676 131 83 140 152 32 0 0 0 0 670 32 0 218 146 0 34 18 18 92 0 20 102 128 44 270 212 146 100 0 0 0 
669 217 156 197 52 3 0 0 0 0 616 50 2 232 288 10 70 34 106 104 0 8 152 0 176 284 148 138 36 2 0 0 
808 167 261 78 17 0 0 0 0 0 622 214 34 260 300 146 188 18 70 86 0 74 86 16 56 232 144 8 2 0 0 0 
1054 232 32 22 11 0 0 0 0 0 710 702 4 492 202 18 78 6 46 306 0 76 100 4 50 50 36 16 2 2 0 0 
632 265 61 14 32 0 0 0 0 0 626 150 2 388 142 18 46 6 6 194 0 4 16 42 18 250 120 46 2 0 0 0 
927 264 140 78 27 0 0 0 0 0 650 338 58 300 496 124 104 0 132 64 0 38 68 42 40 188 164 58 2 2 0 0 
965 273 60 36 0 0 0 0 0 0 806 114 428 218 422 136 170 90 10 54 24 38 78 0 10 16 16 26 44 0 0 0 
889 337 8 24 0 0 0 0 0 0 740 150 506 250 182 246 98 216 0 20 0 16 38 0 14 0 2 74 16 0 0 0 
919 367 18 49 0 0 0 0 0 0 638 338 392 460 138 214 26 254 6 62 0 72 6 0 2 0 2 152 20 0 0 0 
684 229 59 153 436 8 0 0 0 0 526 2 218 324 172 30 30 154 10 14 68 34 198 180 506 38 66 44 224 38 0 0 
474 1 41 159 804 12 0 0 0 0 340 0 0 0 0 2 0 0 4 14 44 8 312 196 940 140 166 16 350 60 0 0 
854 460 109 37 1 0 0 0 0 0 646 32 324 380 288 318 202 156 34 42 34 62 80 20 52 2 20 24 30 0 0 0 
644 363 107 4 0 0 0 0 0 0 516 116 122 290 242 266 246 160 46 64 18 228 6 2 2 0 0 2 0 0 0 0 
919 237 102 96 1 0 0 0 0 0 550 688 142 102 244 126 166 202 64 184 26 98 92 22 52 6 2 0 0 0 0 0 
816 168 112 77 2 0 0 0 0 0 594 582 118 44 172 154 106 200 80 182 52 100 86 40 54 0 8 4 0 0 0 0 
1047 170 188 24 50 1 0 0 0 0 608 858 66 42 178 194 126 400 118 78 102 62 2 76 62 10 32 58 44 0 0 0 
653 312 387 27 6 0 0 0 0 0 532 110 52 152 174 520 410 236 34 162 116 68 18 4 28 0 8 8 72 0 0 0 
