85 106 120 110 90 104 127 26 123 103 117 100 103 103 133 116 115 134 118 131 111 87 104 125 110 94 111 139 99 121 89 84 
30 10 0 0 10 0 10 10 0 0 0 10 9 30 9 18 32 31 30 18 9 10 18 0 0 20 20 10 20 9 20 41 
19 16 26 13 17 10 3 12 8 8 6 8 3 8 9 3 2 3 10 5 18 10 7 1 13 10 11 13 9 6 3 4 
36 14 12 8 1 7 11 6 16 7 0 8 5 0 2 7 4 9 6 9 22 2 15 0 7 0 15 1 6 2 13 0 
10 2 0 3 1 0 4 4 0 3 1 1 5 1 5 0 0 0 0 0 0 1 0 0 2 0 0 0 1 1 0 0 
35 30 35 27 28 8 20 23 2 27 17 7 10 30 25 11 4 18 12 4 22 36 6 4 28 19 34 5 33 18 30 10 
37 15 15 27 16 26 16 10 31 14 23 25 8 24 13 17 13 46 9 20 9 8 25 28 10 14 28 12 25 26 28 26 
19 0 0 0 0 0 0 1 0 0 0 0 0 0 0 1 0 0 0 0 0 0 0 0 0 0 0 0 0 0 0 0 
60 93 25 47 40 40 50 106 19 107 63 70 48 60 35 39 160 54 112 81 43 27 64 39 30 51 13 42 24 33 43 81 
115 106 122 135 110 100 114 115 109 121 101 139 114 121 92 90 116 98 118 122 100 111 100 116 100 118 121 103 44 113 130 98 
23 39 29 18 22 17 17 19 37 28 25 9 17 18 15 9 13 19 36 32 29 35 22 25 62 39 9 26 50 31 13 30 
81 64 67 76 83 57 53 53 65 67 75 57 96 84 50 59 67 57 50 46 93 67 79 72 61 75 83 76 67 53 60 56 
79 35 41 31 64 29 45 34 27 61 65 22 34 24 77 53 52 52 52 41 78 68 66 19 33 17 51 58 24 46 35 50 
24 7 2 7 9 8 3 0 1 25 0 0 4 9 2 4 21 0 0 0 1 4 2 7 8 0 0 4 0 7 12 1 
26 21 8 8 6 7 17 20 4 5 9 9 20 12 8 0 9 12 19 0 13 25 12 8 10 6 14 6 20 15 0 12 
102 103 110 117 91 63 109 83 106 90 113 110 91 104 105 113 74 114 114 100 119 102 123 116 108 79 115 89 92 130 122 109 
9 7 5 0 0 4 0 9 0 7 6 5 0 10 0 0 12 9 1 0 0 0 5 10 0 0 5 1 5 10 5 7 
96 75 115 96 96 79 94 105 101 90 97 112 83 116 83 76 105 95 121 96 64 115 93 115 74 111 115 84 2 81 92 107 
20 7 14 16 0 12 25 14 28 24 17 17 7 20 14 12 0 7 11 10 20 12 15 7 7 21 7 14 0 12 0 15 
47 55 65 16 42 23 28 47 40 23 38 48 37 34 35 43 49 53 44 32 40 41 42 38 52 22 36 64 63 37 16 37 
91 78 106 107 85 75 61 60 113 75 96 130 74 72 69 99 98 94 126 92 98 93 96 71 80 104 88 90 112 111 57 59 
95 67 73 65 73 68 84 79 87 80 45 71 70 92 55 67 79 85 82 18 77 63 67 73 72 72 65 54 63 82 78 56 
7 1 0 0 2 5 4 0 4 2 2 3 2 5 0 3 0 0 0 0 0 0 0 0 1 1 2 1 0 0 0 0 
39 48 49 52 59 58 48 47 51 63 53 41 47 49 50 0 59 62 56 61 48 53 48 61 53 69 50 41 42 73 64 56 
23 4 0 0 5 11 0 0 8 7 4 4 0 4 10 9 0 7 0 0 16 5 12 4 12 4 0 0 11 0 5 8 
9 16 15 7 6 15 14 10 24 13 10 5 15 16 13 16 10 15 13 28 9 14 14 16 11 13 9 9 10 1 11 14 
5 2 0 3 2 0 2 5 2 1 2 1 0 3 0 0 2 3 2 1 2 3 2 2 3 2 2 3 0 1 5 1 
10 10 0 0 0 0 0 10 11 0 0 10 0 10 1 0 0 11 10 11 0 0 0 11 10 11 0 27 11 0 11 0 
4 2 0 0 1 0 1 1 0 1 0 1 2 1 1 0 2 2 0 0 0 1 1 0 0 0 2 1 1 0 0 1 
112 103 138 105 99 65 46 120 120 112 89 133 102 113 65 173 108 57 161 121 99 100 74 75 46 106 86 93 144 104 183 76 
3 0 1 3 3 0 0 0 0 0 1 0 2 0 2 0 3 3 0 0 0 0 0 0 0 1 0 0 0 5 0 0 
74 49 39 56 40 54 33 41 47 39 42 43 41 46 33 30 64 48 58 36 85 31 44 51 48 37 27 45 43 58 77 56 
14 78 94 84 87 84 75 82 81 86 116 90 89 82 89 91 75 88 81 85 91 74 63 99 90 82 77 71 72 79 69 80 
10 4 16 2 10 6 8 12 14 9 6 8 12 4 10 10 6 16 4 12 10 10 8 4 6 10 14 8 6 16 8 0 
214 207 134 168 213 151 181 209 304 190 206 159 174 189 211 191 133 193 220 229 194 206 169 181 140 224 156 195 299 184 192 145 
117 96 131 85 82 94 107 115 92 119 120 86 103 97 80 106 112 102 128 107 16 89 115 102 123 88 104 102 107 106 92 104 
18 0 0 0 1 0 1 0 8 16 0 0 0 0 0 0 2 0 0 18 7 8 0 0 11 7 0 9 0 1 1 0 
14 1 7 2 5 2 9 0 1 0 0 0 0 10 1 2 1 0 4 3 0 0 1 3 1 12 3 2 1 7 0 4 
132 110 128 92 77 95 95 114 106 110 132 91 111 97 99 76 113 97 94 88 13 91 103 99 124 95 108 109 91 124 79 111 
45 2 18 19 16 2 20 35 22 3 2 35 1 2 21 0 35 4 49 31 21 2 1 19 31 21 36 39 16 19 33 22 
2 1 1 0 1 0 0 0 0 2 1 1 2 0 1 1 0 1 2 0 1 2 1 0 0 2 0 1 0 4 2 1 
7 0 2 6 5 3 3 1 6 4 3 0 1 4 4 4 3 1 4 3 3 3 5 1 8 2 4 2 3 4 1 2 
116 92 85 112 80 96 84 89 54 103 99 91 88 99 65 121 71 103 96 83 114 96 67 87 80 80 21 89 90 78 92 120 
9 4 6 3 4 4 2 10 2 11 5 6 9 3 4 0 4 12 3 0 2 3 8 9 2 6 8 7 10 2 7 8 
114 67 72 83 58 44 56 58 70 92 77 55 70 67 74 70 49 76 47 58 66 72 80 58 69 88 71 57 15 111 68 69 
27 17 0 25 2 34 0 0 17 8 3 17 0 1 1 0 40 17 19 32 1 17 26 17 18 0 9 18 17 17 14 0 
8 5 9 6 0 3 6 10 6 8 6 4 3 7 2 9 8 7 2 6 12 9 6 2 5 8 8 2 5 4 9 4 
89 82 74 84 87 84 90 85 64 92 92 79 75 83 79 92 78 88 91 88 96 81 86 88 70 88 14 74 72 74 94 62 
35 5 7 0 5 12 10 17 11 0 7 2 11 11 7 21 14 17 1 4 2 0 5 6 5 19 0 8 5 7 5 4 
14 4 5 12 7 5 8 2 7 6 6 1 5 7 10 6 11 7 9 7 5 9 12 2 10 2 6 10 9 7 5 7 
14 12 0 3 16 10 13 3 11 4 18 11 12 1 3 2 11 11 1 3 2 26 0 8 21 22 1 0 3 2 11 10 
15 2 7 5 8 3 5 2 1 0 10 15 1 7 8 1 19 3 6 6 8 12 5 3 6 7 5 6 6 2 10 10 
6 18 9 14 15 22 12 9 18 14 20 30 19 6 9 11 19 9 9 8 12 9 15 6 12 13 9 9 8 12 19 6 
48 12 25 25 24 19 23 28 45 34 12 15 23 25 70 23 9 53 1 14 27 23 15 24 16 27 62 33 11 19 39 41 
61 43 48 64 43 35 45 41 56 48 61 49 45 42 36 35 31 49 41 33 52 44 42 35 46 38 42 33 0 43 44 39 
81 36 36 63 35 66 42 33 62 62 47 40 60 33 28 40 12 38 63 55 48 22 50 27 37 43 32 29 63 31 49 33 
26 2 14 16 15 15 12 5 17 16 21 14 25 23 22 14 18 7 17 7 17 8 13 22 24 9 12 17 6 18 19 22 
12 14 7 15 1 12 9 9 10 8 15 15 12 11 5 7 10 14 11 7 11 14 9 9 17 7 9 11 12 10 4 13 
93 93 70 72 98 92 95 126 68 33 104 80 74 101 111 51 54 85 71 102 44 79 82 68 84 81 114 92 138 100 69 81 
2 1 1 0 0 0 4 2 2 0 0 0 0 1 0 4 0 0 0 0 2 2 0 0 2 0 2 0 4 0 0 2 
83 5 72 84 75 59 71 71 74 72 80 99 89 86 82 82 72 77 77 67 71 82 92 83 80 79 89 76 73 78 86 76 
7 0 2 2 0 2 4 2 1 2 3 3 2 2 3 0 2 1 1 0 1 0 0 2 3 1 2 2 0 0 1 2 
60 32 42 34 49 6 36 52 29 55 41 46 32 55 51 33 39 30 31 36 40 32 48 41 41 56 21 47 39 31 40 51 
30 2 11 25 11 36 20 28 7 39 28 22 13 36 5 14 5 16 12 16 16 4 13 6 31 9 10 18 3 18 23 17 
21 5 17 5 9 5 10 2 6 16 4 4 8 4 2 4 20 4 6 2 2 28 0 14 10 25 13 2 10 17 22 17 
5 6 3 7 3 3 4 9 3 9 3 6 6 4 5 5 4 2 6 0 1 1 5 4 5 3 3 2 2 5 1 3 
218 247 178 227 208 152 287 120 145 139 212 145 157 241 166 151 163 225 249 190 176 202 140 126 229 171 209 154 92 168 181 189 
100 108 109 110 103 93 110 106 106 112 120 123 109 99 109 93 102 104 88 76 108 120 101 97 14 88 104 99 101 95 94 95 
70 97 71 75 75 49 69 73 62 88 79 94 63 76 49 81 79 75 64 108 99 68 46 63 91 75 75 89 63 44 99 65 
190 178 164 181 146 171 172 175 153 148 148 154 160 121 150 159 130 147 187 170 148 235 108 157 171 242 193 156 117 184 216 118 
7 0 0 12 0 6 25 12 0 10 10 6 0 12 0 12 0 5 0 0 0 6 0 0 0 0 6 10 10 6 0 0 
37 16 3 19 19 21 16 0 19 16 2 19 33 0 2 6 19 16 6 3 0 22 5 3 31 9 2 30 6 9 3 3 
24 1 2 1 10 1 0 1 2 4 0 0 10 0 12 4 1 2 0 1 2 11 11 2 2 0 2 0 11 1 10 3 
125 84 150 156 122 93 185 147 120 63 123 81 113 141 122 123 135 191 88 179 175 127 96 131 95 79 93 117 94 108 126 148 
17 1 0 0 0 0 0 5 1 7 6 1 0 12 1 0 0 6 1 1 0 7 0 6 1 0 1 0 0 1 0 6 
82 67 32 56 66 76 59 48 40 55 65 51 51 77 68 57 55 57 71 65 64 62 57 62 54 70 64 60 64 69 52 47 
26 37 29 12 28 16 16 13 20 12 5 23 19 19 16 19 12 34 2 22 29 20 12 35 22 13 5 13 13 12 16 6 
22 0 66 0 22 10 11 22 22 11 27 0 30 20 23 11 11 11 30 11 0 11 27 23 43 33 11 20 0 11 20 0 
73 26 12 13 13 51 34 0 0 12 31 15 0 24 31 13 31 0 1 26 30 27 0 2 16 24 12 12 24 13 15 24 
122 80 98 99 94 112 94 87 37 117 99 85 109 103 103 104 98 105 68 122 94 88 96 127 76 124 105 117 118 124 103 94 
25 14 30 20 19 18 16 5 18 8 21 13 17 20 20 16 20 14 12 9 17 38 20 18 9 12 22 11 8 13 28 26 
7 6 9 10 4 0 14 9 4 14 4 6 6 7 23 6 4 4 11 20 8 6 6 12 10 8 8 14 4 18 15 6 
12 0 0 0 0 0 0 3 0 0 0 0 0 0 6 3 0 3 0 0 0 0 0 0 0 0 0 0 0 0 0 0 
1 0 0 0 0 0 0 0 0 0 0 0 0 0 0 0 0 0 0 0 0 0 0 0 0 0 0 1 0 0 0 0 
134 133 138 144 94 82 109 114 157 102 146 125 145 122 98 148 99 139 109 119 143 132 143 126 131 82 135 120 130 119 151 106 
2 0 4 2 0 2 0 6 2 0 2 2 3 2 0 4 0 0 0 0 0 0 0 0 0 0 0 0 2 0 0 1 
17 4 16 3 10 6 8 12 14 9 7 8 12 4 10 10 6 16 4 12 10 10 8 4 6 10 14 8 6 16 8 0 
27 9 15 4 5 7 11 41 5 7 10 12 14 16 6 14 7 12 24 10 12 0 4 6 15 17 9 21 21 17 22 11 
10 10 0 0 0 0 9 0 0 0 0 0 0 9 9 0 0 0 0 0 0 0 9 9 0 0 16 0 9 0 9 9 
81 64 72 85 72 79 24 120 74 60 19 67 96 36 108 28 36 24 56 48 55 43 80 57 32 44 90 72 60 80 60 56 
26 0 4 0 0 4 5 3 0 6 0 11 15 4 4 0 0 10 9 8 0 0 7 0 24 0 0 0 10 12 8 0 
79 67 65 61 75 83 0 66 62 72 72 53 64 47 57 73 73 69 62 70 68 62 70 82 79 76 73 64 75 60 70 73 
115 130 155 98 97 78 107 101 115 86 118 80 136 92 92 91 97 126 110 113 20 93 91 119 106 113 112 128 92 106 87 107 
116 111 79 128 59 78 86 53 61 103 86 99 108 80 59 88 38 117 113 70 88 95 58 89 120 63 80 96 111 62 79 48 
1 0 0 0 0 0 0 0 0 0 0 0 0 0 0 0 0 0 0 0 0 0 0 0 0 0 0 0 0 0 0 0 
14 9 4 4 9 6 2 3 5 4 2 4 0 10 9 8 5 11 8 7 6 5 13 4 5 5 7 3 5 6 6 3 
188 206 146 181 185 254 183 169 181 211 232 226 129 185 160 211 80 228 192 165 151 198 211 207 114 162 185 180 196 144 193 164 
17 0 4 9 14 5 0 16 5 0 1 21 4 0 6 18 9 16 19 0 21 0 3 0 1 23 10 0 3 3 7 0 
207 161 151 190 148 194 161 172 233 177 196 122 144 164 176 133 38 189 160 135 149 181 145 173 152 171 164 170 152 196 163 171 
201 160 136 175 142 150 203 122 156 139 178 137 139 169 140 139 125 178 144 144 156 165 151 148 161 129 140 131 35 155 138 143 
9 0 2 3 0 0 0 0 5 2 0 0 0 6 4 0 2 0 1 0 0 0 1 1 0 4 0 10 0 0 0 1 
23 25 20 10 25 15 23 9 11 16 3 8 31 17 18 9 8 14 25 18 36 16 24 23 10 19 29 6 18 18 8 15 
10 5 5 6 3 4 4 5 4 4 5 3 6 4 3 7 4 7 10 10 4 2 11 7 3 4 2 4 4 1 3 5 
27 32 33 30 27 47 6 27 38 32 18 25 49 31 13 61 19 2 25 21 34 30 25 39 21 18 22 36 24 30 20 44 
27 27 24 6 14 26 26 10 25 9 15 8 11 13 10 15 12 30 20 39 35 9 8 20 18 20 37 16 20 14 19 31 
108 73 60 86 51 63 80 67 62 62 74 53 68 79 73 71 94 83 67 67 70 55 72 9 84 76 70 78 88 84 65 68 
2 0 0 0 0 0 0 0 0 0 0 0 0 0 0 0 0 0 0 0 0 0 0 0 0 0 0 0 0 0 0 0 
44 48 27 19 20 16 21 24 22 25 16 22 19 20 22 13 22 19 23 29 6 26 32 29 15 9 16 18 21 29 29 22 
28 3 55 21 33 9 14 39 20 8 7 11 34 38 9 10 27 9 45 22 15 26 26 6 18 23 35 3 19 26 11 26 
11 7 3 2 5 4 6 2 1 1 6 2 6 4 2 3 5 4 4 2 4 1 1 3 6 6 3 2 4 3 2 4 
146 128 129 123 139 117 115 115 101 138 130 130 124 113 127 111 115 142 114 126 36 134 94 118 129 120 124 107 116 109 152 115 
35 6 6 18 13 10 19 35 24 10 36 12 8 1 24 24 0 19 6 18 41 11 6 6 8 5 11 6 0 24 24 18 
8 12 11 10 6 10 9 1 9 12 2 8 8 7 4 9 7 6 7 6 6 10 12 7 3 14 10 6 10 7 5 3 
23 17 23 18 21 21 26 16 17 21 7 25 9 18 14 16 22 16 22 35 14 17 22 25 19 19 18 12 19 23 26 18 
1 0 0 0 0 0 0 0 0 0 0 0 0 0 0 0 0 0 0 0 0 0 0 0 0 0 0 0 0 0 0 0 
14 19 10 19 17 10 13 18 19 18 12 8 9 6 8 9 14 14 14 11 6 13 17 9 12 6 10 19 9 22 23 16 
311 362 294 329 300 230 384 162 232 229 302 271 274 330 248 250 287 350 350 346 265 304 245 248 324 301 343 268 174 247 272 265 
100 88 93 97 85 86 90 103 4 95 87 95 89 95 102 87 89 112 78 91 83 89 83 106 105 95 78 114 99 79 89 84 
74 65 61 69 63 51 75 62 64 58 77 72 12 80 59 73 71 68 69 80 72 52 71 69 64 68 66 51 66 59 62 55 
3 1 5 0 2 2 4 0 2 2 0 0 1 0 1 1 1 3 0 1 2 1 2 1 1 0 0 0 0 0 0 1 
181 140 139 138 129 95 143 175 136 139 140 128 109 108 152 139 102 98 129 120 141 111 153 147 140 91 150 118 116 131 172 108 
248 225 195 229 257 193 250 299 242 236 249 196 200 269 222 215 230 183 215 201 207 184 248 232 240 161 195 201 247 171 148 264 
117 119 105 97 121 109 100 98 91 106 85 94 101 96 115 108 121 112 121 106 101 16 103 119 113 92 79 80 117 87 84 92 
7 3 4 4 7 9 3 6 4 5 7 5 5 7 2 5 10 3 2 9 1 10 5 5 2 3 4 3 6 7 2 4 
26 5 10 15 16 4 10 17 0 7 7 13 14 9 11 3 10 13 6 9 9 9 5 18 21 15 7 13 11 16 22 9 
2 2 2 0 0 2 5 2 2 0 0 0 0 0 0 0 5 0 0 2 0 6 0 0 4 0 2 0 4 0 0 0 
11 0 0 0 0 0 0 11 1 10 10 10 10 1 0 0 10 0 0 0 0 10 18 0 0 0 0 10 10 11 1 10 
16 11 4 11 5 10 12 9 10 12 5 10 5 11 7 11 7 7 6 9 16 4 10 8 10 11 6 10 13 7 10 0 
5 3 3 4 7 2 4 1 5 7 0 7 6 4 6 3 6 4 5 2 3 10 3 6 3 3 2 2 4 3 4 0 
8 4 3 3 3 5 4 3 7 4 7 7 2 2 6 3 3 5 3 5 4 1 5 7 1 6 5 1 2 5 5 2 
16 34 8 3 14 15 1 5 3 47 12 26 24 17 4 26 35 16 16 12 23 26 1 17 17 24 14 21 27 0 6 23 
25 24 39 18 26 28 39 34 35 6 58 17 15 17 12 26 16 30 24 10 33 17 21 25 30 15 39 20 13 31 14 21 
1 0 1 0 1 1 1 0 0 1 0 0 1 0 0 0 0 0 1 0 0 0 0 1 0 0 0 0 0 0 1 1 
8 3 5 3 2 10 0 5 5 3 0 2 1 12 7 2 3 5 3 2 2 2 11 7 5 3 1 1 5 4 5 7 
3 0 0 0 0 0 0 0 0 0 1 0 1 0 1 0 0 0 0 1 0 0 0 1 0 0 0 0 0 1 0 1 
7 74 82 76 75 77 69 79 80 81 105 74 75 77 83 90 73 78 71 83 78 69 61 87 81 81 69 64 75 70 63 72 
2 0 0 0 0 0 1 0 2 0 0 1 0 0 0 2 0 0 0 0 0 1 0 0 0 0 0 0 0 0 0 0 
6 6 6 4 2 3 2 5 0 4 3 6 5 6 5 3 0 5 2 5 6 4 3 7 5 2 2 4 1 5 4 0 
10 4 10 16 11 15 4 7 6 1 0 3 13 10 5 6 5 9 6 1 10 13 14 12 10 1 6 5 16 3 8 2 
142 72 78 107 89 113 110 83 106 105 107 87 77 92 109 87 3 91 97 86 98 78 73 109 84 90 84 98 108 90 70 87 
22 22 20 22 21 75 76 20 21 22 21 20 20 0 21 0 1 42 3 60 41 21 1 22 0 20 21 39 21 22 21 0 
20 0 0 0 20 10 21 11 0 9 0 27 10 0 20 11 30 0 17 24 9 1 0 9 20 10 10 9 0 20 0 20 
240 195 209 223 220 242 225 207 225 224 205 245 239 224 189 156 217 216 244 162 225 244 242 241 221 203 220 203 255 222 248 213 
0 0 0 0 0 0 0 0 0 0 0 0 0 0 0 0 0 0 0 0 0 0 0 0 0 0 0 0 0 0 0 0 
54 24 21 10 19 24 21 17 17 28 15 18 32 22 40 28 25 19 16 18 21 13 13 12 21 20 15 21 19 39 34 36 
112 116 115 96 100 103 99 128 12 99 95 94 111 96 110 106 103 146 91 92 100 99 102 114 116 109 92 141 107 100 107 90 
121 96 114 122 121 124 105 102 117 135 118 114 131 112 117 66 131 62 122 124 117 120 118 116 116 133 130 111 115 151 125 151 
22 2 10 16 18 8 8 17 11 6 6 12 10 10 14 0 4 8 4 12 8 6 6 6 22 4 18 14 12 12 14 0 
33 16 8 9 10 18 9 25 29 13 1 18 34 3 36 11 19 33 29 18 11 3 17 13 26 23 42 3 35 0 27 9 
14 5 4 0 2 3 4 9 2 3 2 4 1 4 0 2 11 2 2 4 15 14 2 4 5 3 17 3 4 10 1 4 
35 11 20 14 23 12 15 8 23 13 9 11 7 9 12 23 9 24 9 25 17 7 10 22 10 12 11 11 8 13 15 11 
21 11 5 6 5 8 10 22 14 9 13 7 6 2 3 5 8 9 9 6 4 3 3 3 5 2 5 10 1 14 4 6 
122 99 146 102 104 64 45 113 120 108 87 129 99 112 65 177 106 59 158 121 94 91 71 75 46 104 89 91 137 105 180 75 
9 7 0 0 0 0 0 0 0 7 0 12 0 0 0 13 0 0 0 0 0 7 0 0 0 0 0 0 1 0 7 0 
91 56 43 114 99 73 62 70 76 76 77 75 66 66 106 68 22 86 101 44 56 96 78 43 71 75 63 68 65 94 78 78 
25 12 20 13 9 14 15 4 23 11 15 16 11 23 17 6 12 19 26 16 15 9 16 8 11 17 15 14 17 25 12 13 
12 3 1 5 0 1 6 6 13 3 8 9 0 3 1 15 2 31 16 1 9 0 2 5 2 5 0 0 11 5 1 2 
77 91 82 71 90 82 82 74 85 79 90 87 71 93 90 90 78 75 80 86 83 90 3 72 75 84 86 90 98 93 88 82 
42 19 22 25 42 19 16 15 23 25 32 10 24 15 9 36 28 20 25 33 21 23 22 22 33 24 29 27 16 20 35 16 
41 24 46 42 39 40 26 31 30 10 41 46 12 43 37 12 55 31 58 54 36 26 18 56 88 30 38 12 26 44 30 17 
35 12 12 11 14 0 1 1 0 0 25 0 15 30 0 11 0 15 0 14 3 11 15 3 3 0 0 1 0 31 36 3 
25 28 18 21 16 12 21 10 8 21 9 20 13 18 18 13 15 19 14 15 0 19 15 20 10 7 14 15 21 14 21 16 
22 10 12 24 1 6 6 13 21 25 6 22 13 6 16 13 1 2 21 18 26 23 10 1 6 9 14 25 5 25 18 6 
40 23 20 23 40 5 18 29 27 18 30 25 12 11 14 15 22 28 20 17 15 26 32 31 37 38 28 33 28 27 21 41 
13 7 4 4 7 6 4 6 6 2 3 1 4 18 13 3 3 2 5 7 9 3 5 9 6 5 6 3 6 8 7 3 
91 83 82 87 100 121 91 80 81 94 90 87 97 112 75 106 94 111 94 3 102 93 113 108 91 93 90 88 106 97 106 116 
110 104 80 108 84 99 118 78 90 68 110 85 88 98 88 85 81 109 104 98 89 105 99 95 100 86 86 88 2 89 92 90 
9 3 12 5 5 5 7 6 4 3 3 2 1 8 2 4 8 6 6 3 7 8 3 1 1 2 6 7 2 1 5 2 
7 2 3 1 4 5 0 1 4 1 3 1 2 6 1 0 5 2 2 7 1 3 2 2 3 4 0 0 2 1 4 2 
11 5 7 3 2 4 2 4 3 3 3 5 1 4 6 6 2 6 4 3 4 4 10 1 2 5 5 3 2 3 7 0 
13 6 3 12 5 6 3 15 4 15 4 7 11 1 5 3 2 9 4 12 7 13 7 2 3 5 15 4 3 15 4 2 
216 256 290 284 255 191 256 283 216 298 201 211 240 279 190 262 334 254 248 215 215 210 230 251 278 120 221 252 262 213 269 388 
185 146 124 210 153 163 205 182 170 157 206 163 115 186 139 112 162 127 121 183 137 169 136 172 180 149 172 108 169 139 135 140 
16 7 8 10 6 7 12 14 5 14 13 5 9 4 5 15 8 9 12 12 11 6 9 6 11 8 12 16 8 2 9 8 
118 70 72 86 76 88 59 61 103 72 58 111 67 93 123 85 104 108 81 100 99 103 97 120 130 98 91 68 96 86 60 92 
19 95 105 105 71 98 98 82 84 98 97 83 94 83 116 85 102 104 86 109 104 78 73 111 113 82 76 78 87 84 86 101 
7 5 7 5 4 8 4 0 6 5 5 2 4 4 4 1 4 2 10 2 5 2 2 6 5 3 4 4 8 2 9 0 
89 88 74 82 69 55 52 65 74 97 73 44 63 77 75 75 67 37 53 83 49 68 70 51 66 47 57 76 82 100 63 53 
3 0 1 3 1 1 3 0 4 1 2 1 0 0 1 0 2 2 2 2 1 0 0 0 1 2 1 1 1 3 3 0 
29 44 29 35 44 43 32 26 33 39 37 30 32 32 31 37 33 32 40 30 32 25 28 28 29 40 36 34 20 24 34 17 
15 27 9 5 10 4 6 18 11 6 5 13 8 15 12 13 4 2 14 10 10 11 5 15 10 9 8 8 9 7 5 12 
91 106 88 75 92 63 47 90 79 66 58 90 94 100 68 73 91 89 104 35 75 75 70 64 86 64 68 78 86 89 65 77 
5 2 1 2 1 2 1 0 0 0 1 0 3 1 3 3 0 0 2 1 1 1 4 1 0 3 2 1 0 1 1 1 
1 1 1 3 1 1 0 0 1 0 0 1 1 0 0 1 0 1 0 0 0 0 0 0 1 1 0 0 0 3 0 0 
23 18 25 23 14 24 14 16 15 20 23 15 17 21 21 18 15 23 15 22 15 24 16 29 19 0 16 26 14 24 19 22 
19 13 19 6 10 15 12 14 13 12 12 14 15 17 15 12 11 12 18 9 5 10 15 10 8 9 11 10 16 11 11 9 
174 126 150 113 126 102 147 164 118 147 129 94 131 139 105 139 112 110 122 98 115 121 140 130 146 146 96 113 145 152 80 149 
255 159 243 198 216 184 218 259 231 221 228 218 177 149 237 203 209 236 218 227 275 203 281 192 292 195 206 172 184 174 227 183 
57 37 49 38 41 37 54 51 35 48 40 27 54 41 39 39 36 49 45 1 41 36 51 42 41 45 35 34 44 53 45 46 
102 91 73 87 75 76 81 74 72 96 1 80 79 75 78 97 84 93 81 65 81 77 85 90 68 76 67 90 81 74 83 73 
67 78 76 94 75 51 76 63 74 94 84 67 77 50 70 76 54 80 67 44 59 79 68 42 74 46 62 80 79 72 78 54 
25 27 15 30 13 35 4 51 31 27 32 35 13 13 21 6 20 32 12 33 9 12 7 44 13 4 39 35 18 24 25 2 
37 34 9 17 0 17 10 42 8 17 18 22 9 26 27 16 0 10 17 18 1 0 17 9 9 9 0 18 10 0 21 2 
95 81 104 110 87 84 98 100 91 99 87 106 91 98 72 80 98 91 100 90 72 94 89 102 78 93 109 77 4 87 95 85 
142 118 101 128 123 115 130 100 115 125 39 117 116 120 121 133 124 133 115 95 114 116 125 122 103 119 101 123 75 113 131 89 
101 39 26 22 81 36 21 36 32 69 54 38 45 49 33 82 62 73 45 50 98 41 73 66 49 71 47 44 55 42 35 73 
139 187 131 89 86 115 149 195 117 160 159 180 219 194 125 92 141 196 141 146 160 125 128 124 123 111 156 108 74 117 197 114 
201 198 135 173 205 176 129 257 205 165 108 193 181 189 144 145 133 200 148 181 160 121 137 220 146 214 161 154 188 135 189 169 
64 32 38 18 27 28 36 40 27 69 55 48 33 35 18 40 48 50 76 30 53 52 30 31 43 39 39 58 21 37 23 35 
37 52 64 62 86 32 78 45 33 83 39 41 43 45 51 88 42 87 39 36 54 65 25 64 49 42 49 32 50 51 52 32 
2 0 0 0 0 1 0 1 0 0 0 0 1 0 0 1 0 0 1 0 0 1 0 0 1 0 0 0 0 0 1 2 
11 0 6 0 5 0 0 10 0 0 0 0 6 1 6 0 6 0 0 0 0 0 0 0 5 0 12 0 5 0 0 0 
19 8 4 13 17 15 5 4 8 7 4 7 9 7 12 15 7 9 5 15 8 7 3 6 5 12 10 12 2 6 23 11 
0 0 0 0 0 0 0 0 0 0 0 0 0 0 0 0 0 0 0 0 0 0 0 0 0 0 0 0 0 0 0 0 
98 84 84 85 72 91 81 98 88 95 69 78 91 86 80 88 92 95 72 102 2 87 86 95 82 98 86 89 85 88 107 77 
16 4 0 0 0 3 9 0 0 10 4 0 4 6 0 0 0 0 0 2 5 0 0 0 3 0 0 0 5 2 7 3 
6 5 3 0 3 0 7 3 4 5 2 3 1 4 2 2 0 4 2 3 5 1 2 0 0 3 1 2 0 1 1 2 
8 0 2 4 2 3 2 1 2 3 4 6 0 2 1 3 0 4 3 2 0 3 3 1 0 1 1 1 2 2 2 3 
1 0 0 0 1 0 0 0 0 0 0 0 0 0 0 0 0 0 0 0 0 0 0 0 0 0 0 0 0 0 0 0 
4 1 3 3 0 0 0 1 1 5 0 0 1 0 0 2 0 0 0 3 0 0 2 0 0 1 1 1 0 1 2 0 
308 248 296 297 213 249 259 282 291 252 279 261 250 276 267 229 314 256 225 302 297 281 336 292 239 276 215 298 239 224 287 271 
4 1 1 1 2 2 0 3 1 1 0 3 0 0 1 1 2 1 4 0 0 2 4 0 4 0 1 1 0 2 2 0 
109 96 4 105 101 88 113 101 95 95 117 94 80 100 78 81 96 86 81 95 90 98 92 97 105 86 103 69 94 81 88 92 
12 0 0 12 0 1 12 0 0 0 0 0 0 0 1 13 0 1 20 1 0 0 0 0 20 11 10 0 11 0 0 0 
132 114 119 108 131 119 100 116 124 126 96 112 118 112 146 106 128 120 139 118 103 29 142 131 136 104 76 82 125 93 96 96 
12 12 2 2 7 1 3 8 10 5 3 4 6 6 6 9 6 4 4 8 4 2 8 4 8 4 7 10 8 4 13 6 
2 0 0 2 0 2 2 0 2 0 0 0 0 0 2 2 4 0 0 0 0 0 0 0 6 0 2 0 0 0 0 0 
19 18 0 13 12 13 24 13 19 13 0 18 0 49 18 18 14 26 48 13 12 0 14 22 12 0 0 13 24 31 26 0 
83 96 70 72 74 49 68 72 62 86 78 94 62 74 46 77 78 75 63 109 97 65 44 63 92 75 74 89 62 42 100 65 
222 290 310 310 305 235 291 332 249 327 240 236 275 309 227 274 374 284 293 247 269 239 257 288 328 165 223 276 290 245 293 420 
114 153 101 92 110 119 95 93 91 92 102 115 79 138 125 121 102 98 100 108 96 110 14 96 106 98 116 98 124 127 128 112 
0 0 0 0 0 0 0 0 0 0 0 0 0 0 0 0 0 0 0 0 0 0 0 0 0 0 0 0 0 0 0 0 
9 0 4 1 5 12 18 6 8 7 11 5 7 2 3 3 4 10 4 25 7 4 6 3 5 1 15 7 4 12 4 4 
52 52 36 32 14 24 25 41 46 31 15 25 38 18 23 29 33 38 33 28 38 30 23 15 26 26 40 25 53 21 25 24 
7 2 0 0 0 0 4 2 0 0 4 0 1 0 0 0 0 2 1 0 0 1 0 6 0 1 5 0 0 3 4 4 
69 76 80 74 70 69 61 74 63 73 67 67 73 72 4 79 67 71 66 73 69 73 62 69 70 82 74 65 81 75 64 72 
1 0 0 0 0 0 0 0 0 0 0 0 0 0 0 0 0 0 0 0 0 0 0 0 0 0 0 0 0 0 0 0 
58 50 80 71 52 81 46 26 80 72 55 68 57 63 47 51 71 84 60 38 51 71 64 64 54 62 40 59 55 52 61 35 
11 11 11 10 23 7 19 17 13 10 15 17 11 15 15 24 22 12 8 12 23 15 7 10 15 17 21 17 17 20 29 21 
22 82 103 86 93 94 79 85 83 94 118 89 99 86 94 93 76 90 87 92 98 78 67 102 97 88 77 78 77 88 72 83 
17 29 27 3 31 45 0 17 3 2 2 26 50 14 2 15 39 14 2 4 40 26 39 13 1 12 28 15 54 3 65 25 
40 35 36 33 38 40 27 31 46 35 45 32 33 24 40 30 33 47 36 27 34 32 32 27 44 26 39 21 26 30 3 24 
24 14 32 19 20 19 17 4 18 8 22 13 17 19 19 15 21 15 12 9 17 38 21 18 10 12 21 11 9 13 29 24 
128 135 135 125 146 140 142 140 121 127 121 143 150 146 129 140 124 156 145 108 125 135 152 150 109 62 117 140 146 159 131 102 
2 1 0 3 0 0 0 1 0 1 0 0 0 2 0 2 0 0 3 0 0 0 2 0 0 0 2 5 4 0 0 0 
15 2 10 11 18 2 8 18 4 0 6 12 11 10 8 0 4 8 4 12 8 6 6 6 22 4 12 14 12 12 9 0 
0 0 0 0 0 0 0 0 0 0 0 0 0 0 0 0 0 0 0 0 0 0 0 0 0 0 0 0 0 0 0 0 
28 15 21 13 15 20 15 16 16 13 9 19 11 9 16 17 9 25 13 18 13 7 16 22 10 24 14 19 8 4 14 11 
0 0 0 0 0 0 0 0 0 0 0 0 0 0 0 0 0 0 0 0 0 0 0 0 0 0 0 0 0 0 0 0 
19 12 15 13 7 12 6 12 4 21 17 15 28 26 13 12 12 21 11 25 10 14 20 8 28 14 24 20 15 15 11 10 
60 38 58 39 40 44 26 29 37 45 58 55 42 58 28 34 63 42 31 22 44 44 50 50 34 60 51 27 43 37 51 51 
78 74 77 85 60 68 72 84 93 71 57 73 65 67 61 60 72 89 63 70 87 76 67 3 90 78 71 61 94 66 68 69 
2 0 0 0 1 1 0 0 1 0 1 3 0 1 0 2 1 0 1 1 0 0 0 2 0 0 0 1 1 1 0 1 
6 5 12 0 6 0 0 6 6 6 18 12 12 0 1 10 0 5 8 6 0 1 6 12 0 6 0 6 0 0 5 6 
13 10 9 9 15 3 17 15 10 10 4 11 7 14 14 9 4 9 12 9 12 14 4 11 4 17 9 20 3 6 11 12 
48 25 43 12 40 19 14 18 15 14 16 22 14 25 23 20 14 28 25 19 24 17 34 23 15 28 24 24 9 23 23 19 
196 147 176 146 161 168 170 94 162 175 126 147 184 200 160 151 156 182 168 182 159 126 179 158 126 159 183 178 167 149 176 134 
101 69 87 62 90 112 78 57 64 61 41 42 76 81 82 71 62 89 75 85 69 59 78 55 52 53 82 74 69 33 78 52 
0 0 0 0 0 0 0 0 0 0 0 0 0 0 0 0 0 0 0 0 0 0 0 0 0 0 0 0 0 0 0 0 
34 38 7 33 33 24 22 24 23 16 23 17 20 7 13 18 18 20 33 21 62 18 47 7 34 5 29 26 28 21 8 10 
14 4 7 0 0 9 0 8 6 7 9 0 3 3 9 6 2 12 4 1 6 11 9 9 6 30 7 0 3 3 15 0 
25 12 6 4 7 8 3 5 7 6 10 9 14 3 9 7 9 7 7 8 12 5 5 5 7 7 8 2 4 6 10 15 
1 0 0 0 1 1 1 0 0 1 0 0 0 0 1 0 1 0 1 0 1 2 3 1 1 0 1 0 0 1 0 0 
0 0 0 0 0 0 0 0 0 0 0 0 0 0 0 0 0 0 0 0 0 0 0 0 0 0 0 0 0 0 0 0 
2 0 0 0 0 0 0 0 0 0 0 0 0 0 0 0 1 0 0 0 0 0 0 0 0 0 1 0 0 0 0 0 
16 1 6 3 7 2 7 0 0 10 2 3 6 12 1 1 0 0 1 10 0 2 8 0 7 2 2 10 15 6 2 1 
24 25 22 11 30 22 21 30 40 34 25 35 16 37 32 17 18 42 15 19 22 21 30 24 21 36 26 35 17 24 26 22 
23 1 5 2 2 3 4 5 0 4 3 2 5 1 1 0 4 5 1 7 11 1 2 5 3 13 2 5 8 4 4 2 
46 28 24 43 51 52 39 58 49 33 47 25 36 57 47 48 37 35 69 44 42 51 47 50 36 39 57 51 50 34 39 48 
128 68 72 132 107 100 132 103 77 150 115 111 76 96 76 113 135 106 107 124 94 94 89 122 97 143 50 119 104 101 92 84 
2 0 0 0 1 0 0 0 0 0 0 0 0 0 0 0 0 0 1 0 0 0 0 0 0 0 0 1 0 0 0 0 
48 26 21 51 40 25 10 17 30 7 22 13 33 26 17 45 39 17 24 27 17 27 43 13 39 22 32 21 27 34 33 34 
6 0 0 0 12 6 1 0 6 0 0 11 6 0 1 0 5 6 5 1 6 0 0 5 6 1 0 0 5 0 0 0 
25 3 8 8 5 2 4 2 7 5 7 1 6 11 8 2 7 7 7 3 3 7 10 1 5 5 3 5 4 6 6 3 
135 117 136 124 115 135 146 110 111 120 124 114 144 144 111 132 112 129 108 104 128 96 103 109 33 112 111 121 110 96 111 119 
12 8 10 4 5 6 0 3 5 2 8 4 4 4 1 13 4 0 13 12 1 6 2 13 4 12 12 5 1 4 1 4 
0 0 0 0 0 0 0 0 0 0 0 0 0 0 0 0 0 0 0 0 0 0 0 0 0 0 0 0 0 0 0 0 
57 54 46 44 36 50 46 41 41 45 50 58 11 47 38 42 46 42 49 38 43 38 41 36 44 47 54 38 55 46 43 34 
200 148 76 160 163 145 178 153 161 147 179 151 127 158 145 135 158 136 126 165 110 150 144 152 162 164 151 137 138 145 154 168 
113 93 115 120 101 102 116 115 105 112 115 129 101 94 104 85 106 108 125 115 66 122 102 95 87 103 129 88 18 110 103 129 
36 21 13 11 13 12 26 2 2 7 12 28 11 20 22 23 18 6 15 11 10 11 4 6 17 11 9 12 13 2 24 13 
40 29 37 29 36 1 34 38 24 41 37 38 30 40 47 26 27 26 26 33 36 31 41 36 33 37 19 34 34 32 25 36 
76 40 36 25 60 24 30 55 37 28 45 48 17 45 21 20 49 48 37 33 18 58 47 40 57 52 35 39 45 39 42 39 
3 0 1 0 1 0 0 1 0 0 0 0 0 0 1 0 2 2 1 0 1 0 0 0 1 0 0 0 1 0 0 0 
116 70 71 83 89 96 90 77 98 77 82 81 72 88 84 83 4 99 89 88 76 75 75 85 66 96 82 87 88 89 71 78 
34 47 1 1 16 1 0 16 0 0 49 2 17 16 1 32 4 17 16 0 1 3 17 33 17 0 1 17 17 16 2 16 
76 80 73 85 94 112 83 77 80 87 81 79 91 101 70 102 91 103 86 0 95 89 109 105 86 85 86 82 99 86 105 111 
44 28 12 29 33 46 75 64 36 48 36 41 43 56 36 36 9 32 28 47 38 38 36 49 58 45 13 46 18 28 72 2 
9 12 20 16 6 7 14 12 20 23 7 10 5 9 11 15 9 10 13 10 13 12 12 1 13 10 11 11 8 10 14 9 
12 6 5 5 6 9 6 5 4 8 6 5 3 4 8 6 0 9 8 11 9 9 4 2 7 5 6 6 6 4 5 3 
41 23 18 18 6 6 14 30 0 23 37 16 25 0 54 9 39 7 14 23 7 8 15 16 7 18 30 9 0 7 14 19 
123 129 111 126 125 132 107 104 102 117 121 101 132 123 114 133 112 139 108 48 127 125 127 126 132 110 117 111 119 124 134 139 
90 69 80 62 83 98 71 57 64 61 41 42 72 79 74 68 62 75 61 81 69 52 71 55 46 53 76 74 69 29 72 52 
109 69 73 91 92 114 3 101 92 90 106 81 106 85 83 93 111 96 106 122 69 84 103 89 80 83 84 74 98 94 104 75 
115 93 128 99 95 99 110 103 111 86 103 110 85 93 129 41 79 81 84 114 111 84 116 93 98 67 94 90 106 95 118 77 
2 1 4 1 2 0 1 0 1 0 4 5 1 0 2 1 2 0 3 2 6 2 4 3 0 1 1 3 0 4 0 1 
177 75 203 153 188 156 170 165 185 168 159 162 180 168 151 171 145 172 159 179 163 203 206 164 193 211 199 184 146 187 107 92 
63 33 40 57 42 48 28 46 57 41 38 49 17 34 41 27 51 63 61 34 28 51 34 37 31 23 50 45 25 50 56 43 
3 3 0 6 2 5 0 4 4 1 3 4 2 6 2 4 4 3 3 4 3 6 2 2 3 2 0 4 1 4 2 1 
2 0 1 0 0 0 0 0 0 0 0 0 0 2 0 0 1 0 0 0 0 0 0 1 0 0 0 1 0 0 0 0 
1 0 0 1 1 1 0 0 0 0 0 0 0 0 0 0 0 0 0 0 0 0 0 0 0 0 0 0 0 0 0 0 
229 189 182 190 193 212 195 146 156 191 175 198 203 125 152 161 143 142 133 163 221 346 134 138 132 260 162 165 125 237 265 166 
4 0 0 1 0 2 0 1 0 0 0 0 0 0 0 0 0 0 0 0 0 0 0 0 2 2 1 0 0 0 0 0 
5 0 1 4 0 0 0 0 0 1 0 3 0 0 0 0 1 1 0 0 0 1 1 3 1 1 0 3 0 0 0 0 
0 0 0 0 0 0 0 0 0 0 0 0 0 0 0 0 0 0 0 0 0 0 0 0 0 0 0 0 0 0 0 0 
46 13 22 22 36 17 15 28 14 10 12 31 16 13 25 10 13 17 11 27 12 16 16 20 28 16 35 17 21 24 32 14 
6 4 4 0 6 6 2 0 0 2 4 2 0 0 6 4 0 3 3 2 4 2 6 4 2 2 7 2 2 0 0 1 
11 0 4 2 0 6 2 4 2 1 4 4 4 4 0 0 6 3 5 5 4 4 0 6 0 2 0 2 2 2 0 0 
21 16 9 10 8 19 16 11 10 23 21 12 11 5 0 20 18 28 31 10 29 16 13 23 22 17 16 30 6 5 10 15 
44 7 15 7 23 50 16 17 15 9 21 28 5 13 29 53 32 19 31 12 6 17 15 28 24 19 27 42 9 28 33 20 
11 1 3 0 0 4 0 0 0 1 1 1 1 1 8 0 0 1 1 0 0 0 8 0 0 0 4 4 5 1 1 0 
8 5 5 9 8 6 10 10 18 12 10 10 8 13 10 8 16 2 10 8 6 11 9 4 6 8 12 10 4 17 8 6 
205 188 234 163 299 207 227 138 253 224 158 223 186 192 201 211 184 167 252 207 233 230 99 131 238 210 182 219 197 193 236 162 
27 7 3 3 16 1 9 12 5 5 8 5 9 6 8 11 8 11 13 10 8 7 11 8 9 6 4 17 10 7 11 9 
2 0 0 0 0 5 0 1 1 0 0 1 1 0 0 4 2 0 0 1 0 1 0 1 0 1 0 0 0 1 2 0 
46 18 21 29 41 11 26 26 17 18 14 34 20 34 18 11 25 21 15 12 17 22 19 30 39 12 33 34 40 27 28 10 
130 111 183 129 93 89 108 102 101 157 72 112 94 103 134 133 154 97 122 111 102 128 124 74 94 64 146 91 138 118 126 97 
8 14 10 8 7 4 5 9 8 13 6 7 5 4 5 4 5 7 10 9 9 6 5 11 8 10 11 5 8 2 8 6 
10 3 2 5 8 1 2 1 6 7 3 7 3 3 4 4 6 2 1 5 2 0 4 1 0 2 4 2 9 3 3 8 
17 0 1 7 5 2 0 2 4 1 0 0 0 4 1 3 4 2 4 0 5 1 1 0 0 0 2 1 2 5 0 0 
12 3 3 4 1 2 8 5 3 4 7 6 4 8 2 7 4 0 4 4 11 1 6 4 6 4 3 4 5 4 1 0 
52 48 38 65 51 15 47 63 36 32 47 28 41 48 31 35 43 37 31 32 33 29 38 53 33 48 33 50 25 46 49 37 
5 0 0 0 1 1 0 0 0 0 0 1 0 0 2 0 1 1 0 1 0 0 0 0 1 5 0 1 0 0 0 0 
140 107 20 109 125 120 137 122 120 115 143 110 95 120 93 112 116 108 94 117 106 107 117 123 120 95 126 84 113 97 102 106 
89 65 84 80 67 69 96 20 76 82 87 80 62 83 81 73 80 105 93 87 74 81 88 81 76 87 88 97 74 90 76 74 
48 5 14 7 14 16 15 7 34 28 36 4 26 0 29 9 27 40 3 22 2 14 33 8 2 49 0 21 1 38 18 2 
26 27 12 22 27 20 32 30 21 35 20 26 33 19 29 35 33 29 24 13 19 26 32 30 41 29 13 27 34 29 26 26 
13 15 0 0 13 7 11 0 2 1 2 7 15 0 6 1 2 5 2 2 0 2 7 1 1 0 1 1 7 0 0 8 
8 5 7 8 5 1 2 5 5 5 6 4 4 3 3 4 2 3 5 2 5 2 4 6 3 4 6 5 0 7 6 4 
173 203 156 96 156 146 137 167 117 177 184 154 146 113 175 186 209 137 221 156 117 66 172 177 130 109 110 114 159 77 118 143 
84 60 88 76 72 61 85 60 68 80 51 96 94 66 75 84 78 68 70 51 58 71 37 71 66 75 88 77 87 79 76 65 
86 88 113 88 80 103 104 77 87 89 94 100 111 113 93 105 93 102 83 93 99 80 87 86 10 85 85 99 81 70 89 88 
0 0 0 0 0 0 0 0 0 0 0 0 0 0 0 0 0 0 0 0 0 0 0 0 0 0 0 0 0 0 0 0 
84 90 74 83 70 53 53 63 74 101 75 44 60 76 72 73 66 37 53 83 50 68 72 54 64 48 59 78 87 97 65 54 
115 85 80 83 87 108 95 81 96 77 100 88 90 107 92 81 1 84 94 80 88 81 69 87 69 91 87 86 93 84 64 93 
14 3 9 12 11 9 6 5 5 16 13 6 7 16 13 8 13 13 9 8 6 13 3 9 8 6 12 7 13 9 11 9 
91 107 69 79 107 98 73 46 95 86 84 77 113 93 87 88 96 105 98 76 104 66 75 97 85 122 94 89 95 112 88 60 
8 8 10 2 4 10 2 6 8 10 12 6 8 6 12 6 10 12 16 6 18 4 10 14 8 8 5 8 5 2 8 6 
7 9 0 4 4 3 0 8 4 1 4 0 4 0 4 0 2 4 9 4 12 0 0 4 1 0 8 3 4 0 4 4 
40 2 0 0 0 11 0 11 1 0 11 22 13 12 1 0 11 0 17 14 1 13 12 13 11 3 30 12 0 12 13 12 
3 2 1 0 1 0 2 0 0 0 2 0 1 2 1 3 1 0 1 1 2 1 1 0 0 2 0 2 0 2 1 0 
133 129 156 140 134 121 139 111 191 183 148 153 129 152 169 123 140 134 119 139 146 103 102 170 124 138 85 153 141 82 184 143 
151 107 108 127 113 159 61 167 187 169 126 126 130 177 111 163 191 134 130 164 157 131 134 158 152 142 121 144 138 134 142 137 
81 77 86 87 83 93 9 118 103 98 90 87 97 94 90 109 106 87 87 101 76 90 96 96 81 92 86 85 91 88 102 86 
101 96 83 74 110 118 88 88 88 85 103 94 94 79 98 100 99 103 102 118 111 109 113 104 113 95 90 114 120 50 116 36 
67 96 28 56 39 70 37 80 54 53 92 76 96 90 51 58 50 72 80 34 88 48 50 72 33 81 72 56 47 30 99 42 
22 26 27 31 11 21 25 22 22 23 22 22 27 20 0 30 24 28 20 26 24 23 21 16 23 22 21 28 20 29 18 11 
24 1 1 0 1 0 5 0 16 14 0 0 4 0 1 6 1 0 1 1 3 0 1 1 16 0 1 5 0 0 5 0 
58 49 57 43 51 40 35 62 55 42 28 58 59 65 40 48 55 58 66 2 52 41 50 43 46 45 43 43 51 60 50 36 
60 28 30 60 43 17 20 25 28 47 47 14 23 30 48 52 2 32 35 26 20 45 33 23 40 26 12 11 17 8 23 51 
85 42 69 79 70 89 58 85 71 100 35 72 27 51 31 61 82 87 49 69 48 105 66 44 50 65 48 68 40 87 49 36 
22 13 6 6 26 7 8 18 20 10 1 4 8 17 25 7 7 9 11 1 8 7 5 3 28 0 9 19 5 5 25 16 
3 1 0 2 3 1 0 1 5 1 0 1 0 3 0 2 0 1 3 5 1 0 4 1 3 2 0 2 3 3 4 0 
103 55 106 72 114 97 106 78 82 76 64 64 108 54 86 61 88 81 102 74 80 76 97 106 110 80 73 104 62 108 98 82 
28 15 27 0 9 20 21 18 2 23 32 2 19 9 18 20 8 24 8 0 1 15 18 3 16 3 1 26 62 1 13 14 
18 0 7 0 0 0 0 7 1 0 0 0 0 17 0 7 0 0 9 8 0 0 0 0 0 0 15 7 0 7 0 0 
23 18 25 23 14 24 14 16 15 20 23 15 17 21 21 18 15 23 15 22 15 24 16 29 19 0 16 26 14 24 19 22 
0 0 0 0 0 0 0 0 0 0 0 0 0 0 0 0 0 0 0 0 0 0 0 0 0 0 0 0 0 0 0 0 
4 6 5 2 6 2 2 4 7 3 5 9 2 4 4 6 1 5 3 4 4 0 4 3 1 4 10 5 3 10 7 4 
52 42 26 33 20 36 37 31 47 28 46 61 25 33 41 43 33 34 36 44 36 42 44 42 39 45 39 24 20 32 43 55 
57 43 38 44 37 48 44 39 9 50 41 39 51 38 40 43 43 53 37 57 45 39 50 52 33 66 45 52 47 47 55 50 
2 0 0 0 0 1 0 0 0 0 0 0 1 0 0 0 0 0 0 1 0 0 0 0 0 0 0 0 0 0 0 0 
61 35 34 54 52 48 35 36 56 46 55 58 42 35 24 54 35 52 42 50 40 39 63 39 44 36 50 48 56 61 42 58 
80 52 70 51 54 51 51 51 62 59 55 59 54 61 50 53 53 52 47 58 7 51 54 63 57 63 48 56 45 56 66 55 
3 2 2 1 2 0 0 4 0 1 1 6 0 3 6 2 2 1 3 2 1 4 5 4 2 0 3 1 2 2 3 0 
113 83 104 83 81 104 102 80 100 119 90 93 92 119 94 86 92 96 81 89 41 90 99 114 84 104 71 78 83 89 104 92 
12 4 5 4 8 5 0 4 3 5 4 2 6 3 5 5 11 7 5 5 3 6 7 4 9 6 7 2 8 8 6 5 
1 0 0 0 0 0 0 0 0 0 0 0 0 1 0 0 0 0 0 0 1 0 0 1 0 1 0 0 0 1 0 0 
81 47 46 76 68 63 69 65 55 72 67 78 68 65 76 75 4 67 76 49 58 67 61 46 74 75 69 63 63 69 61 63 
36 33 32 30 41 11 28 36 23 27 22 46 46 43 32 42 22 22 41 26 17 33 18 23 32 36 31 29 36 41 31 50 
129 118 95 89 110 100 93 90 86 95 80 89 96 90 102 97 114 95 118 101 99 8 101 101 102 91 78 74 106 74 80 81 
31 35 22 42 37 64 31 21 36 83 20 37 36 60 36 30 28 45 35 26 49 37 55 42 23 49 59 16 97 34 21 35 
11 0 0 0 2 0 1 0 2 0 0 2 0 0 2 5 0 0 3 1 0 0 3 2 0 0 0 0 0 1 0 2 
85 39 31 50 21 22 32 66 60 23 31 36 23 33 13 25 30 57 24 40 21 27 16 18 27 19 24 50 54 45 15 49 
22 6 1 5 7 14 2 7 4 10 5 10 6 7 10 5 8 8 7 12 4 11 11 4 8 3 1 10 8 8 12 4 
91 99 75 96 76 86 115 68 80 68 95 77 80 96 84 81 79 100 94 88 81 99 86 82 89 74 77 86 0 81 83 80 
21 17 12 12 16 14 9 17 7 9 7 7 11 6 5 17 11 6 10 9 12 10 18 7 9 6 9 10 7 15 6 9 
70 43 57 37 62 53 56 62 39 43 61 39 50 42 38 34 50 29 46 49 63 45 54 65 69 49 58 68 40 34 37 50 
7 8 8 16 0 8 4 8 4 8 4 6 3 7 8 9 5 5 14 17 1 26 4 13 0 8 0 12 16 8 9 8 
1 0 0 1 1 0 0 2 0 2 0 0 1 0 2 0 0 1 2 0 0 0 1 0 3 1 0 0 0 0 3 1 
50 10 13 32 15 12 28 5 18 14 26 18 14 10 15 17 9 16 12 13 60 16 7 7 6 2 42 33 17 38 12 15 
8 0 0 4 0 0 0 1 1 5 1 1 0 1 0 1 3 2 0 3 0 0 0 3 3 2 3 5 0 0 2 0 
11 4 2 3 5 4 6 4 3 1 4 5 4 3 4 5 3 4 4 5 4 5 0 7 9 8 4 6 2 3 9 3 
1 1 0 0 0 2 1 0 2 0 0 2 0 1 0 2 2 0 0 0 0 0 1 2 1 1 1 2 0 0 0 2 
87 77 102 107 83 76 61 60 113 72 93 128 72 72 69 99 97 93 120 92 97 90 96 71 81 101 85 88 111 105 57 55 
2 2 1 0 0 1 1 0 1 4 0 1 3 0 0 1 0 0 1 2 1 0 2 0 0 2 0 0 2 0 0 0 
52 54 59 57 51 44 60 55 54 51 64 62 0 65 50 61 53 56 55 60 63 47 59 54 58 62 54 43 56 53 59 45 
42 22 20 4 7 36 23 17 33 43 26 20 22 39 16 36 27 19 16 29 43 11 39 9 26 7 22 20 37 47 24 24 
109 110 106 116 125 111 87 101 99 107 117 122 93 115 102 114 98 109 91 84 26 101 102 122 110 98 139 109 127 81 133 95 
1 0 0 0 0 0 0 0 0 0 0 0 0 0 0 0 0 0 0 0 0 0 0 0 0 0 0 0 0 0 0 1 
15 4 5 5 13 10 7 1 5 9 9 4 4 15 6 9 10 11 7 4 7 10 9 8 7 10 7 7 12 0 9 8 
2 0 0 1 1 0 0 0 0 1 0 0 0 0 0 0 0 0 1 0 1 0 0 0 1 0 0 0 0 0 1 1 
0 0 0 0 0 0 0 0 0 0 0 0 0 0 0 0 0 0 0 0 0 0 0 0 0 0 0 0 0 0 0 0 
6 3 6 8 7 5 5 3 3 4 8 3 4 9 1 5 3 12 3 3 2 9 3 3 3 7 4 7 3 2 9 0 
68 43 63 45 57 55 54 46 61 73 51 52 58 55 46 52 45 58 43 57 7 43 52 59 50 67 41 49 44 52 83 49 
36 13 10 53 31 28 27 51 18 16 28 26 37 17 23 19 57 32 48 21 6 12 6 8 14 39 16 27 10 12 35 29 
170 121 32 111 130 129 139 111 111 123 149 106 96 118 108 107 129 101 88 101 109 99 111 119 141 119 137 98 131 114 111 115 
23 3 4 2 2 11 6 22 4 7 9 2 13 0 4 2 8 18 17 11 4 5 1 2 17 6 13 14 3 7 8 3 
41 29 26 28 25 46 39 38 36 38 31 38 24 42 40 26 34 39 36 34 38 27 53 38 30 26 30 35 22 48 41 28 
46 31 21 21 35 30 25 19 25 35 19 36 29 21 27 5 26 25 19 35 22 30 26 22 31 38 18 19 25 28 32 23 
135 143 117 112 128 77 113 127 166 105 85 142 122 92 130 97 99 103 133 131 125 78 100 108 126 163 104 131 106 99 155 167 
1 0 0 3 0 1 0 0 1 1 0 2 0 1 2 0 2 0 1 0 0 0 2 0 1 0 0 1 0 0 0 1 
72 76 88 71 58 83 78 88 99 79 63 74 63 76 68 66 70 97 79 94 78 75 78 15 90 92 89 66 74 73 62 73 
75 57 49 55 54 53 63 57 46 84 63 65 54 51 73 81 87 55 76 46 45 67 58 69 57 81 60 61 18 45 93 64 
22 9 16 3 1 39 12 24 3 21 36 6 9 17 34 14 18 7 17 3 11 24 14 14 18 16 13 20 11 4 7 4 
0 0 0 0 0 0 0 0 0 0 0 0 0 0 0 0 0 0 0 0 0 0 0 0 0 0 0 0 0 0 0 0 
5 0 2 1 0 0 0 2 1 1 1 0 0 0 0 0 0 0 0 1 0 0 1 1 1 0 0 1 0 1 1 0 
90 85 59 64 78 75 69 65 84 69 73 68 66 68 53 76 77 73 76 70 68 64 81 62 10 64 74 76 64 71 75 58 
26 28 29 33 15 23 29 23 22 24 25 23 30 19 1 32 26 28 20 25 27 23 21 16 23 27 22 28 20 33 18 15 
2 1 0 3 4 5 4 1 1 0 2 2 1 1 2 0 1 2 3 0 3 1 1 2 1 6 0 4 4 0 3 1 
12 4 11 4 6 13 9 9 10 11 10 9 10 15 8 8 5 4 9 16 14 9 11 8 5 16 11 11 10 15 13 8 
3 0 0 1 0 0 1 0 1 0 0 0 1 0 0 1 0 1 0 0 0 0 1 0 0 0 0 0 0 0 0 0 
20 7 27 8 10 50 34 35 27 28 11 17 19 39 16 17 12 8 20 24 16 13 23 40 16 32 6 12 25 18 24 19 
282 227 190 329 294 260 260 270 251 277 263 207 243 312 282 276 224 274 354 274 257 277 222 280 278 291 276 306 304 311 310 220 
120 121 92 81 90 104 107 132 119 104 99 137 87 102 105 96 5 108 97 91 90 124 111 103 95 84 110 116 99 89 110 110 
16 9 17 19 11 4 7 4 8 7 13 12 5 11 21 15 10 7 16 10 11 12 7 12 9 3 12 14 14 19 9 16 
50 10 27 16 22 20 11 3 12 8 7 14 28 12 20 11 7 16 37 24 13 4 13 14 13 15 17 10 23 6 11 8 
25 35 20 11 31 20 14 1 35 13 35 19 16 29 34 28 8 25 18 27 42 39 25 39 47 18 25 30 19 17 25 41 
44 47 41 48 41 52 44 43 37 41 40 34 44 34 45 0 39 46 29 53 32 56 48 40 42 45 29 38 32 37 28 46 
136 187 131 90 86 115 149 195 117 160 159 180 220 194 125 92 141 196 141 146 160 125 128 125 124 111 157 109 74 117 198 114 
10 0 0 0 4 5 0 4 4 0 0 0 0 0 0 0 5 5 5 5 0 0 0 6 0 0 10 0 5 0 0 0 
42 43 41 50 41 50 45 12 39 92 88 63 63 72 53 42 26 49 41 83 43 50 32 69 39 56 47 44 51 86 29 20 
8 0 0 4 12 0 4 4 4 3 4 7 0 8 4 4 11 4 0 4 0 0 0 0 0 3 6 6 0 0 3 0 
203 157 170 92 101 136 120 102 100 109 97 73 108 83 145 132 112 104 107 145 118 84 108 74 76 80 117 138 122 45 105 84 
31 34 22 28 29 20 11 22 13 23 21 23 37 19 31 28 16 30 21 28 13 31 37 27 16 30 27 22 23 59 21 32 
4 0 0 0 0 0 0 0 0 0 0 0 0 0 0 0 0 0 0 0 0 0 0 0 0 0 0 0 0 0 0 0 
2 0 0 0 0 0 0 0 2 1 0 0 0 0 0 0 0 0 0 0 0 0 1 0 0 0 0 0 1 1 0 0 
140 129 85 137 96 108 120 127 150 90 128 154 114 71 105 101 87 148 82 111 126 123 112 4 131 116 97 90 108 99 100 101 
35 4 5 8 5 3 0 6 4 10 5 2 2 6 3 10 13 4 5 12 4 0 3 0 2 5 10 6 2 6 0 3 
23 7 21 19 20 20 11 17 9 6 8 23 24 19 17 9 4 12 15 24 12 27 17 9 21 12 19 11 11 19 12 27 
0 0 0 0 0 0 0 0 0 0 0 0 0 0 0 0 0 0 0 0 0 0 0 0 0 0 0 0 0 0 0 0 
3 0 0 0 0 0 0 0 0 0 0 0 0 0 0 0 0 0 0 0 0 0 0 0 1 0 0 0 0 0 0 0 
113 93 97 94 80 70 111 94 86 87 90 87 87 78 122 7 82 78 83 99 98 94 98 81 99 81 92 87 88 84 107 78 
12 21 1 20 0 11 0 3 0 1 0 10 1 12 10 0 3 2 11 1 1 0 11 10 10 13 0 3 13 36 0 9 
68 12 90 58 45 97 71 86 112 36 39 9 52 52 38 29 39 89 81 42 108 26 106 48 60 67 123 36 40 83 41 88 
99 107 106 104 104 95 101 105 94 97 97 114 97 114 120 114 99 93 89 142 112 110 23 92 89 108 93 112 136 127 131 108 
21 29 23 24 22 9 48 25 19 18 23 31 29 10 35 24 34 35 18 17 17 24 44 31 40 17 1 27 59 35 29 36 
122 140 126 85 133 113 129 90 117 113 103 126 102 101 121 107 124 125 148 114 95 36 116 100 114 99 78 104 113 72 113 101 
109 93 104 114 80 79 104 24 106 92 103 115 95 93 104 93 93 105 110 98 91 88 102 89 98 97 102 109 96 105 93 63 
62 13 23 31 15 33 4 18 13 20 10 22 20 30 26 27 19 27 14 28 13 22 19 38 19 36 15 22 23 31 7 49 
105 86 110 78 78 79 92 99 91 78 101 74 86 74 84 75 88 88 95 85 3 72 78 86 92 79 96 91 72 92 79 85 
192 150 137 138 161 140 152 176 137 90 186 151 132 143 158 107 101 166 128 144 121 160 135 111 154 142 171 143 171 156 133 145 
102 112 92 109 90 89 97 95 109 94 92 102 97 85 80 72 87 87 83 64 84 110 91 86 17 76 89 91 81 98 80 87 
7 3 3 3 3 4 2 3 3 2 0 5 2 3 1 3 3 3 2 4 0 1 2 3 4 2 4 5 6 4 5 3 
71 80 62 49 59 34 48 50 67 86 65 38 51 62 60 60 54 38 43 77 35 56 54 54 45 32 53 65 73 73 44 38 
33 29 23 28 24 31 27 36 23 20 24 45 15 23 24 28 17 35 33 35 30 31 20 31 21 34 36 34 30 22 33 44 
199 134 156 119 112 223 168 178 170 177 265 119 153 174 195 154 130 242 141 103 125 173 231 219 195 241 206 213 135 129 230 169 
8 5 7 5 2 4 2 4 3 3 3 5 1 4 6 7 2 6 4 3 3 4 8 1 2 5 5 3 3 3 8 0 
125 139 141 147 113 146 97 128 87 152 114 162 111 91 120 150 123 165 140 70 130 151 151 139 137 126 106 136 102 141 94 96 
12 8 0 0 0 0 6 3 5 4 6 2 4 0 0 0 3 5 6 3 5 0 7 3 3 0 4 2 5 0 0 6 
4 0 0 0 3 1 1 0 1 0 1 0 0 0 0 0 0 0 0 0 0 0 0 2 0 0 0 0 0 0 0 0 
42 34 58 36 26 47 46 23 53 28 21 31 16 30 21 20 41 43 54 30 41 25 40 29 15 36 30 11 29 48 21 35 
15 6 0 10 0 11 1 0 4 1 6 0 2 2 2 0 0 0 1 0 1 1 0 2 3 7 7 5 2 2 0 0 
129 84 84 91 87 74 124 114 93 101 94 78 72 118 101 66 62 63 98 67 69 64 97 32 91 70 86 128 73 97 94 76 
65 77 65 73 58 57 50 98 66 60 68 62 6 55 83 96 70 66 69 69 93 42 52 61 84 55 69 75 59 72 78 66 
96 108 79 99 81 91 119 72 85 71 103 82 87 102 85 85 86 106 102 91 90 106 88 89 94 79 87 94 3 86 86 87 
12 12 8 8 11 11 10 5 10 4 0 6 7 4 7 6 10 6 10 9 7 2 13 12 5 9 9 15 9 5 10 7 
37 29 37 29 35 1 34 38 23 41 37 37 30 40 47 26 27 25 26 33 36 31 41 35 31 37 19 32 34 31 25 35 
4 1 3 3 2 0 0 1 4 2 4 0 4 4 6 0 2 4 2 2 7 6 2 2 4 4 2 2 0 7 2 2 
133 136 98 117 112 124 144 110 120 109 133 111 116 127 142 111 108 131 135 130 126 148 125 128 121 102 128 126 56 112 123 104 
46 36 30 43 38 40 36 34 29 36 34 21 44 42 30 34 37 30 39 17 31 18 19 21 29 24 33 21 42 22 26 48 
75 101 114 107 112 109 103 100 121 85 120 101 114 113 95 99 110 88 118 120 119 116 102 109 82 88 88 107 98 104 116 44 
1 0 1 0 0 0 0 0 0 1 0 0 0 0 0 0 0 0 0 0 0 0 0 0 0 0 0 0 0 1 0 0 
12 5 6 5 6 9 2 7 1 1 4 4 4 8 0 2 8 4 5 5 6 4 3 7 3 9 4 5 4 3 4 0 
1 0 0 0 0 1 1 0 0 0 0 0 0 1 0 0 0 0 0 0 0 0 0 0 1 0 0 0 0 0 0 1 
123 121 101 124 95 107 139 87 96 96 110 98 100 117 99 114 105 127 119 107 99 127 105 101 112 105 98 86 25 106 110 96 
214 128 210 185 183 179 190 262 217 186 235 195 162 150 187 191 216 189 194 180 231 155 195 177 212 182 163 154 145 170 195 155 
17 22 35 29 21 56 22 14 14 26 25 44 21 23 17 1 28 16 31 16 39 60 15 39 22 18 37 43 29 42 28 16 
1 0 0 0 0 0 0 0 0 0 0 0 0 0 0 0 0 0 0 1 0 0 0 0 0 0 0 0 0 0 0 0 
0 0 0 0 0 0 0 0 0 0 0 0 0 0 0 0 0 0 0 0 0 0 0 0 0 0 0 0 0 0 0 0 
110 48 111 94 109 92 89 92 102 96 92 92 101 94 94 102 83 100 87 107 91 118 118 101 111 126 108 105 92 104 60 57 
0 0 0 0 0 0 0 0 0 0 0 0 0 0 0 0 0 0 0 0 0 0 0 0 0 0 0 0 0 0 0 0 
6 8 2 2 4 6 2 2 0 0 0 2 0 10 3 0 2 8 2 4 4 0 2 4 4 2 2 2 4 6 2 0 
3 3 0 2 3 3 3 2 1 0 0 1 4 0 4 0 2 2 1 2 1 1 1 1 0 1 2 0 1 4 3 1 
11 15 12 15 15 15 10 12 18 16 16 22 13 13 10 11 21 10 13 18 15 13 12 13 17 15 22 13 13 17 16 0 
107 99 136 103 99 64 44 113 119 105 85 126 99 109 66 167 105 57 156 120 94 91 71 75 46 99 89 92 140 101 178 75 
48 56 37 35 19 42 34 40 41 48 48 28 31 14 38 30 51 34 45 30 43 39 34 34 57 45 25 58 22 59 58 62 
73 80 72 88 77 89 77 80 51 85 97 90 77 83 69 100 68 92 93 96 87 87 77 84 80 75 16 68 79 68 94 57 
138 143 114 105 120 72 118 127 154 100 91 136 115 100 118 93 107 103 135 126 114 76 105 103 122 159 94 127 107 95 151 169 
100 101 121 107 115 112 97 108 83 117 93 118 78 81 104 91 75 127 99 64 102 112 122 109 98 91 83 94 72 130 72 61 
17 7 7 10 6 12 18 13 6 9 17 6 1 3 8 4 5 16 8 15 15 8 1 17 6 7 8 9 14 13 4 5 
25 12 11 19 10 14 10 9 8 24 5 9 9 7 8 10 11 11 13 8 10 22 9 6 10 6 14 12 10 9 7 2 
8 4 4 13 3 4 11 7 5 11 3 9 8 5 14 4 4 5 8 14 5 5 5 1 3 4 11 11 7 10 6 7 
14 8 19 11 12 8 2 10 2 6 4 8 10 3 11 7 4 1 13 6 7 7 8 10 11 5 1 1 3 9 18 4 
14 11 10 8 3 5 7 5 3 4 7 4 8 8 8 10 7 9 5 1 3 4 5 11 1 6 1 3 6 7 8 1 
6 6 0 1 4 10 3 2 3 17 6 7 2 3 7 5 8 4 8 12 6 3 9 9 4 2 9 2 6 8 9 2 
33 34 34 27 31 27 34 32 31 38 32 38 33 33 29 29 29 40 44 3 31 40 36 42 19 33 21 35 30 37 34 18 
120 80 102 75 73 80 3 130 101 121 132 108 129 92 93 123 106 101 94 118 78 94 123 112 132 93 102 83 89 98 117 86 
89 81 85 74 83 80 10 103 94 99 100 87 96 93 91 103 98 81 78 89 70 95 87 85 85 82 89 87 80 81 93 77 
0 0 0 0 0 0 0 0 0 0 0 0 0 0 0 0 0 0 0 0 0 0 0 0 0 0 0 0 0 0 0 0 
19 18 30 18 12 10 30 9 7 8 9 15 20 14 18 16 17 12 17 14 14 14 8 15 12 23 20 22 7 21 10 8 
143 83 88 79 76 79 90 31 90 115 97 108 127 100 94 72 94 133 84 121 128 78 81 131 81 93 141 94 95 91 100 63 
89 91 90 79 98 106 98 93 88 76 83 74 113 102 95 109 83 102 79 83 98 77 83 95 80 10 88 89 91 96 97 82 
140 81 77 102 92 106 96 92 107 83 100 102 85 113 88 97 9 87 102 109 91 84 74 92 79 96 95 101 112 83 81 81 
17 8 6 8 4 2 4 4 0 2 4 0 9 8 14 3 5 3 7 9 7 6 5 12 7 8 7 3 4 4 1 10 
7 1 1 1 0 0 0 3 1 0 1 0 2 4 2 0 0 2 0 0 0 0 0 0 2 0 2 0 0 0 2 0 
128 59 72 74 64 98 93 78 29 89 86 77 118 85 97 82 84 121 84 115 91 68 80 109 74 105 96 104 81 120 87 95 
15 8 0 30 1 32 13 12 26 0 17 1 17 0 21 8 9 16 31 1 9 8 9 0 1 15 0 12 0 28 18 17 
119 75 88 73 75 77 51 51 70 58 81 66 68 74 57 59 70 51 103 59 82 76 62 75 60 58 71 66 70 68 75 3 
11 2 1 0 1 5 2 0 1 0 1 0 3 0 1 7 1 0 0 4 1 2 0 4 2 4 0 2 2 7 1 0 
18 28 7 8 8 7 4 6 7 10 11 9 11 8 6 3 7 14 4 13 6 9 9 7 5 7 2 2 6 6 5 4 
19 4 2 1 3 2 3 1 2 3 2 1 2 1 3 1 1 6 1 0 2 3 1 4 0 5 4 6 2 8 1 0 
8 0 1 3 0 0 2 3 1 0 0 0 2 2 0 0 2 0 4 0 1 1 0 0 2 0 1 0 1 0 2 0 
0 0 0 0 0 0 0 0 0 0 0 0 0 0 0 0 0 0 0 0 0 0 0 0 0 0 0 0 0 0 0 0 
39 56 32 30 1 26 38 39 19 22 23 35 21 12 51 20 1 10 15 37 10 24 18 38 20 22 28 25 31 30 17 25 
101 96 83 73 110 118 89 88 87 85 103 94 94 79 98 100 99 102 102 117 111 108 113 103 113 94 89 112 120 50 117 36 
6 6 7 0 2 7 4 6 4 4 2 3 4 1 2 4 2 6 2 3 2 10 5 2 5 4 3 3 5 2 7 2 
2 0 0 1 0 0 0 0 0 0 0 0 0 0 0 0 0 0 0 0 1 0 0 0 0 0 0 0 0 0 0 0 
169 144 140 167 157 129 122 157 148 144 156 149 137 132 150 127 118 152 132 114 57 139 137 151 142 142 151 131 104 136 135 136 
228 169 159 167 162 190 129 155 161 148 173 167 142 151 172 189 153 160 194 205 158 207 188 193 177 188 161 185 174 136 203 90 
