114 9 6 14 20 0 57 0 55 0 1 70 0 6 10 90 11 0 13 8 21 0 0 0 0 0 2 8 0 0 0 0 
21 0 0 0 0 0 0 0 0 1 5 2 1 0 0 0 0 0 0 0 12 0 0 0 0 0 0 8 0 0 0 0 
42 0 0 1 0 0 0 0 2 0 0 1 0 0 0 69 0 0 19 42 17 0 2 0 0 0 0 8 0 0 0 0 
63 0 1 0 0 0 1 81 1 0 0 3 0 0 2 39 4 0 25 5 27 0 0 0 0 0 2 8 0 0 0 0 
44 4 4 16 10 0 0 0 0 0 0 20 0 6 12 0 8 0 0 8 15 0 0 0 0 0 0 8 0 0 0 0 
17 0 6 0 0 0 0 0 0 0 0 0 6 0 1 0 2 0 0 1 5 0 0 18 0 0 0 21 0 0 0 0 
3 0 0 0 0 0 0 0 0 0 0 0 0 0 0 0 0 0 0 0 0 0 0 9 0 0 0 15 0 0 0 0 
12 0 12 0 0 0 0 0 0 0 0 0 14 0 0 0 0 0 0 0 4 0 0 24 0 0 0 26 0 0 0 0 
12 0 12 0 0 0 0 0 0 0 0 0 14 0 0 0 0 0 0 0 4 0 0 18 0 0 0 20 0 0 0 0 
14 0 8 0 0 0 0 0 0 0 0 0 8 0 0 0 0 0 0 0 3 0 0 24 0 0 0 25 0 0 0 0 
8 0 2 0 0 0 0 0 0 0 0 0 1 0 0 0 0 0 0 0 1 0 0 9 0 0 0 9 0 0 0 0 
79 0 103 0 0 0 0 0 0 0 0 0 86 0 0 0 0 0 0 0 33 0 0 0 0 0 0 0 0 0 0 0 
44 0 60 0 0 0 0 0 0 0 0 0 64 0 0 0 0 0 0 0 1 0 0 0 0 0 0 0 0 0 0 0 
58 0 66 0 0 0 0 0 0 0 0 0 66 0 0 0 0 0 0 0 0 0 0 0 0 0 0 0 0 0 0 0 
63 0 62 0 0 0 0 0 0 0 0 0 80 0 0 0 0 0 0 0 0 0 0 21 0 0 0 0 0 0 0 0 
51 0 62 0 0 0 0 0 0 0 0 0 78 0 0 0 0 0 0 0 0 0 0 21 0 0 0 0 0 0 0 0 
64 0 73 0 0 0 0 0 0 0 0 0 86 0 0 0 0 0 0 0 0 0 0 30 0 0 0 0 0 0 0 0 
52 0 66 0 0 0 0 0 0 0 0 0 68 0 0 0 0 0 0 0 0 0 0 42 0 0 0 0 0 0 0 0 
48 0 66 0 0 0 0 0 0 0 0 0 74 0 0 0 0 0 0 0 0 0 0 51 0 0 0 0 0 0 0 0 
21 0 64 0 0 0 0 0 0 0 0 0 66 0 0 0 0 0 0 0 30 0 0 0 0 0 0 24 0 0 0 0 
26 0 75 0 0 0 0 0 0 0 0 0 79 0 0 0 0 0 0 0 36 0 0 0 0 0 0 25 0 0 0 0 
0 0 84 0 0 0 0 0 0 0 0 0 98 0 0 0 0 0 0 0 28 0 0 0 0 0 0 14 0 0 0 0 
26 0 75 0 0 0 0 0 0 0 0 0 85 0 0 0 0 0 0 0 36 0 0 0 0 0 0 25 0 0 0 0 
31 0 69 0 0 0 0 0 0 0 0 0 76 0 0 0 0 0 0 0 35 0 0 0 0 0 0 24 0 0 0 0 
15 0 104 0 0 0 0 0 0 0 0 0 101 0 0 0 0 0 0 0 33 0 0 0 0 0 0 13 0 0 0 0 
31 0 72 0 0 0 0 0 0 0 0 0 78 0 0 0 0 0 0 0 35 0 0 0 0 0 0 24 0 0 0 0 
44 0 94 0 0 0 0 0 0 0 0 0 98 0 0 0 0 0 0 0 35 0 0 0 0 0 0 7 0 0 0 0 
21 0 72 0 0 0 0 0 0 0 0 0 77 0 0 0 0 0 0 0 34 0 0 0 0 0 0 24 0 0 0 0 
39 0 80 0 0 0 0 0 0 0 0 0 87 0 0 0 0 0 0 0 42 0 0 0 0 0 0 25 0 0 0 0 
9 0 83 0 0 0 0 0 0 0 0 0 92 0 0 0 0 0 0 0 31 0 0 0 0 0 0 13 0 0 0 0 
30 0 69 0 0 0 0 0 0 0 0 0 78 0 0 0 0 0 0 0 35 0 0 0 0 0 0 24 0 0 0 0 
14 0 49 0 0 0 0 0 0 0 0 0 59 0 0 0 0 0 0 0 16 0 0 9 0 0 0 16 0 0 0 0 
11 0 2 0 0 0 0 0 0 0 0 0 1 0 0 0 0 0 0 0 1 0 0 24 0 0 0 18 0 0 0 0 
13 0 4 0 0 0 0 0 0 0 0 0 2 0 0 0 0 0 0 0 2 0 0 18 0 0 0 24 0 0 0 0 
6 0 6 0 0 0 0 0 0 0 0 0 7 0 0 0 0 0 0 0 2 0 0 18 0 0 0 19 0 0 0 0 
17 0 24 0 0 0 0 0 0 0 0 0 14 0 0 0 0 1 0 0 4 0 0 21 0 0 0 20 0 0 0 0 
35 0 20 0 0 0 0 0 0 0 0 0 3 0 0 0 0 5 0 0 3 0 0 27 0 0 0 27 0 0 0 0 
26 0 20 0 0 0 0 0 0 0 0 0 22 0 0 0 0 0 0 0 7 0 0 24 0 0 0 27 0 0 0 0 
26 0 21 0 0 0 0 0 0 0 0 0 22 0 0 0 0 0 0 0 7 0 0 24 0 0 0 27 0 0 0 0 
32 0 7 0 0 0 0 0 0 0 0 0 4 0 0 0 0 0 0 0 4 0 0 24 0 0 0 24 0 0 0 0 
17 0 8 0 0 0 0 0 0 0 0 0 7 0 0 0 0 0 0 0 3 0 0 18 0 0 0 16 0 0 0 0 
2 0 22 0 0 0 0 0 0 0 0 0 15 0 0 0 0 0 0 0 0 0 0 7 0 0 0 0 0 0 0 0 
7 0 67 0 0 0 0 0 0 0 0 0 60 0 0 0 0 0 0 0 0 0 0 21 0 0 0 0 0 0 0 0 
7 0 53 0 0 0 0 0 0 0 0 0 63 0 0 0 0 0 0 0 0 0 0 23 0 0 0 0 0 0 0 0 
6 0 80 0 0 0 0 0 0 0 0 0 92 0 0 0 0 0 0 0 20 0 0 8 0 0 0 14 0 0 0 0 
4 0 78 0 0 0 0 0 0 0 0 0 95 0 0 0 0 0 0 0 26 0 0 0 0 0 0 17 0 0 0 0 
7 0 6 0 0 0 0 0 0 0 0 0 2 0 0 0 0 0 0 0 0 0 0 6 0 0 0 12 0 0 0 0 
8 0 3 0 0 0 0 0 0 0 0 0 10 0 0 0 0 0 0 0 0 0 0 19 0 0 0 18 0 0 0 0 
101 0 26 0 0 0 0 0 0 0 0 0 9 0 0 0 0 0 0 0 0 0 0 19 0 0 0 15 0 0 0 0 
66 0 18 0 0 0 0 0 0 0 0 0 5 0 0 0 0 0 0 0 0 0 0 15 0 0 0 12 0 0 0 0 
97 0 26 0 0 0 0 0 0 0 0 0 7 0 0 0 0 0 0 0 0 0 0 13 0 0 0 21 0 0 0 0 
107 0 42 0 0 0 0 0 0 0 0 0 6 0 0 0 0 0 0 0 0 0 0 10 0 0 0 9 0 0 0 0 
78 0 92 0 0 0 0 0 0 0 0 0 5 0 0 0 0 0 0 0 0 0 0 0 0 0 0 0 0 0 0 0 
74 0 90 0 0 0 0 0 0 0 0 0 3 0 0 0 0 0 0 0 0 0 0 0 0 0 0 0 0 0 0 0 
487 0 212 0 0 0 0 0 0 0 0 0 33 0 0 0 0 0 0 0 0 0 0 49 0 0 0 0 0 0 0 0 
247 0 68 0 0 0 0 0 0 0 0 0 47 0 0 0 0 0 0 0 0 0 0 20 0 0 0 14 0 0 0 0 
141 0 11 0 0 0 0 0 0 0 0 0 99 0 0 0 0 0 0 0 0 0 0 12 0 0 0 14 0 0 0 0 
146 0 17 0 0 0 0 0 0 0 0 0 92 0 0 0 0 0 0 0 0 0 0 13 0 0 0 13 0 0 0 0 
193 0 24 0 0 0 0 0 0 0 0 0 83 0 0 0 0 0 0 0 0 0 0 25 0 0 0 17 0 0 0 0 
77 0 0 0 0 0 0 0 0 0 0 0 89 0 0 0 0 0 0 0 0 0 0 6 0 0 0 8 0 0 0 0 
242 0 24 0 0 0 0 0 0 0 0 0 80 0 0 0 0 1 0 0 0 0 0 22 0 0 0 20 0 0 0 0 
162 0 11 0 0 0 0 0 0 0 0 0 85 0 0 0 0 0 0 0 0 0 0 13 0 0 0 16 0 0 0 0 
