109 14 0 46 52 0 0 0 53 2 7 89 1 16 31 48 30 0 0 43 16 0 0 0 0 0 0 8 0 0 0 0 
154 0 5 1 0 0 0 36 26 0 0 1 0 0 0 69 7 0 43 20 95 0 0 0 0 0 0 8 0 0 0 0 
100 0 0 0 18 0 0 0 0 0 0 14 0 9 26 0 36 0 0 8 10 0 0 3 0 0 0 8 0 0 0 0 
104 0 0 0 0 0 0 0 0 0 0 0 0 0 0 0 0 0 0 0 0 0 0 6 0 0 0 9 0 0 0 0 
134 0 4 0 0 0 0 0 0 0 0 0 0 0 0 0 0 0 0 0 0 0 0 12 0 0 0 12 0 0 0 0 
149 0 84 0 0 0 0 0 0 0 0 0 92 0 0 0 0 0 0 0 0 0 0 3 0 0 0 3 0 0 0 0 
166 0 99 0 0 0 0 0 0 0 0 0 94 0 0 0 0 0 0 0 0 0 0 0 0 0 0 0 0 0 0 0 
198 0 132 0 0 0 0 0 0 0 0 0 100 0 0 0 0 0 0 0 0 0 0 8 0 0 0 0 0 0 0 0 
230 0 143 0 0 0 0 0 0 0 0 0 94 0 0 0 0 0 0 0 0 0 0 14 0 0 0 0 0 0 0 0 
262 0 77 0 0 0 0 0 0 0 0 0 77 0 0 0 0 0 0 0 16 0 0 10 0 0 0 2 0 0 0 0 
378 0 29 0 0 0 0 0 0 0 0 0 38 0 0 0 0 0 0 0 18 0 0 0 0 0 0 2 0 0 0 0 
306 0 56 0 0 0 0 0 0 0 0 0 81 0 0 0 0 0 0 0 35 0 0 0 0 0 0 4 0 0 0 0 
384 0 37 0 0 0 0 0 0 0 0 0 65 0 0 0 0 0 0 0 18 0 0 0 0 0 0 2 0 0 0 0 
327 0 67 0 0 0 0 0 0 0 0 0 93 0 0 0 0 0 0 0 17 0 0 0 0 0 0 2 0 0 0 0 
372 0 28 0 0 0 0 0 0 0 0 0 81 0 0 0 0 0 0 0 18 0 0 0 0 0 0 2 0 0 0 0 
285 0 46 0 0 0 0 0 0 0 0 0 43 0 0 0 0 0 0 0 17 0 0 3 0 0 0 5 0 0 0 0 
90 0 12 0 0 0 0 0 0 0 0 0 0 0 0 0 0 0 0 0 0 0 0 9 0 0 0 9 0 0 0 0 
135 0 6 0 0 0 0 0 0 0 0 0 0 0 0 0 0 0 0 0 0 0 0 9 0 0 0 9 0 0 0 0 
166 0 32 0 0 0 0 0 0 0 0 0 0 0 0 0 0 0 0 0 0 0 0 24 0 0 0 24 0 0 0 0 
154 0 20 0 0 0 0 0 0 0 0 0 0 0 0 0 0 0 0 0 0 0 0 24 0 0 0 24 0 0 0 0 
92 0 4 0 0 0 0 0 0 0 0 0 0 0 0 0 0 0 0 0 0 0 0 13 0 0 0 6 0 0 0 0 
275 0 2 0 0 0 0 0 0 0 0 0 0 0 0 0 0 0 0 0 0 0 0 24 0 0 0 0 0 0 0 0 
420 0 0 0 0 0 0 0 0 0 0 0 0 0 0 0 0 0 0 0 0 0 0 4 0 0 0 16 0 0 0 0 
76 0 4 0 0 0 0 0 0 0 0 0 2 0 0 0 0 0 0 0 0 0 0 3 0 0 0 6 0 0 0 0 
86 0 14 0 0 0 0 0 0 0 0 0 171 0 0 0 0 0 0 0 0 0 0 9 0 0 0 6 0 0 0 0 
112 0 97 0 0 0 0 0 0 0 0 0 114 0 0 0 0 0 0 0 0 0 0 6 0 0 0 9 0 0 0 0 
190 0 148 0 0 0 0 0 0 0 0 0 4 0 0 0 0 0 0 0 0 0 0 0 0 0 0 0 0 0 0 0 
236 0 122 0 0 0 0 0 0 0 0 0 799 0 0 0 0 0 0 0 0 0 0 16 0 0 0 4 0 0 0 0 
220 0 7 0 0 0 0 0 0 0 0 0 315 0 0 0 0 0 0 0 0 0 0 8 0 0 0 8 0 0 0 0 
205 0 6 0 0 0 0 0 0 0 0 0 295 0 0 0 0 0 0 0 0 0 0 8 0 0 0 8 0 0 0 0 
208 0 7 0 0 0 0 0 0 0 0 0 437 0 0 0 0 0 0 0 0 0 0 12 0 0 0 12 0 0 0 0 
