180 20 16 36 88 16 32 52 64 52 128 28 252 48 100 136 108 16 96 252 116 112 500 172 40 12 4 4 44 20 208 0 
472 8 176 160 56 16 40 24 160 32 0 16 0 0 8 136 8 8 304 72 440 40 744 64 40 16 16 16 0 56 0 0 
509 8 342 165 65 16 78 26 160 32 0 18 4 0 9 165 47 10 306 75 458 42 749 71 41 36 16 17 1 57 0 0 
503 137 188 217 422 447 180 133 230 229 214 322 271 715 661 772 301 965 898 1263 1327 1683 786 1193 477 105 91 149 106 157 21 0 
206 11 2 144 12 14 3 9 17 1 11 55 4 40 20 7 1 2 164 22 56 125 66 61 12 0 0 31 87 1 0 0 
1221 70 115 190 118 116 82 161 321 100 113 147 116 673 500 527 200 160 1466 710 885 1012 2871 824 131 136 31 113 145 59 25 0 
2024 81 85 83 127 52 38 73 518 554 482 267 61 332 640 300 91 110 1748 807 882 973 3151 760 94 104 24 98 129 87 38 0 
2709 661 500 475 1000 1665 490 691 1177 921 645 671 593 1479 2034 2016 1546 3081 5686 4279 4549 5486 9492 4639 1366 652 201 834 863 503 344 0 
1225 442 281 565 779 1315 658 435 1344 628 440 1164 854 3189 3560 927 900 2585 1846 3086 2030 2172 6046 2775 1046 1107 614 1510 783 1019 162 0 
180 60 64 37 130 39 17 68 46 38 52 222 84 44 126 157 155 86 244 429 477 423 2785 393 106 42 43 11 392 12 19 0 
4277 2463 2579 3550 4136 8759 2901 2813 3362 3869 3567 1776 2603 7373 7401 10425 5796 5906 11186 18249 20043 25369 15361 22155 7620 1927 1330 5346 3461 1649 1183 0 
552 64 80 156 156 80 96 132 288 164 84 76 28 28 392 216 448 52 388 724 932 448 2308 296 168 116 40 260 364 304 576 0 
1040 112 112 296 296 120 192 248 568 296 160 144 48 32 248 408 864 88 768 1272 1848 840 3488 528 312 232 48 312 728 576 1136 0 
1786 756 823 1236 1334 2962 1072 1200 1069 1943 1204 673 650 1359 2183 3980 2597 2293 4561 7294 6614 7535 8048 7144 2794 750 379 1796 2244 1216 883 0 
526 202 121 112 177 1337 387 180 141 449 122 257 115 476 264 259 169 471 270 333 480 544 1872 1461 313 82 24 607 542 845 236 0 
272 16 48 24 16 208 16 0 0 0 0 32 8 8 16 80 40 16 24 32 88 40 464 256 168 0 0 120 8 0 0 0 
272 16 48 24 16 208 16 0 0 0 0 32 8 8 16 80 40 16 24 32 88 40 464 256 168 0 0 120 8 0 0 0 
286 18 113 47 34 211 27 12 1 3 0 52 10 21 28 95 56 18 52 46 129 53 572 281 173 1 11 123 13 2 3 0 
235 50 49 37 31 164 20 32 26 53 13 31 12 39 32 102 99 45 181 111 173 106 1141 402 171 32 3 99 27 6 127 0 
0 96 24 8 56 32 16 88 96 192 16 16 8 56 56 80 120 64 520 304 296 160 2192 712 152 104 0 8 48 16 496 0 
0 96 24 8 56 32 16 88 96 192 16 16 8 56 56 80 120 64 520 304 296 160 2192 712 152 104 0 8 48 16 496 0 
54 85 57 14 74 40 38 96 167 248 62 60 16 71 76 90 136 92 526 374 311 201 2290 776 186 119 6 16 74 25 505 0 
0 96 24 8 56 32 16 88 96 192 16 16 8 56 56 80 120 64 520 304 296 160 2192 712 152 104 0 8 48 16 496 0 
0 96 24 8 56 32 16 88 96 192 16 16 8 56 56 80 120 64 520 304 296 160 2192 712 152 104 0 8 48 16 496 0 
349 236 154 185 294 435 254 294 354 302 536 171 213 762 613 709 705 2128 1147 1336 1116 1347 5908 1629 507 254 119 226 182 268 755 0 
79 122 48 70 85 67 45 130 112 258 79 26 15 70 102 163 191 78 598 418 534 211 2659 775 189 136 20 30 80 43 988 0 
3872 2020 1809 2683 3400 9348 2718 2882 2638 2847 2702 1638 2089 4457 6756 9457 5478 7809 11775 16451 17582 20011 26776 23199 7916 2008 726 2640 3826 1714 1295 0 
1437 231 166 590 473 572 563 277 587 369 285 121 314 595 1049 1573 653 385 1617 1081 1753 1531 3688 1863 974 325 100 322 440 156 72 0 
4648 376 208 1280 944 304 1424 656 880 408 696 120 176 256 1192 2112 1264 448 2728 1456 2096 2608 8856 3192 1408 856 216 256 848 240 120 0 
4648 376 208 1280 944 304 1424 656 880 408 696 120 176 256 1192 2112 1264 448 2728 1456 2096 2608 8856 3192 1408 856 216 256 848 240 120 0 
4773 426 269 1487 1180 630 1518 700 953 1013 817 168 216 410 1406 2721 1378 515 3310 1798 2742 3081 9865 3773 1642 908 242 324 985 292 142 0 
6203 973 1041 2821 2442 3131 2499 1526 1933 1548 1690 718 1252 2390 3938 6140 3969 3341 6727 7175 7270 8553 17687 9306 3896 1566 605 2776 2290 1021 561 0 
7337 3194 2058 3650 4128 6051 3679 2921 5946 4028 3394 2968 2599 8728 7765 9380 7420 12674 11111 14776 15265 17349 37748 18404 9053 4870 3436 4660 4018 3204 1020 0 
4865 1978 1721 2903 2856 4984 3855 3032 2305 3070 2580 1420 1644 3848 5566 9183 5191 4607 10065 13235 13391 13948 23287 15456 7220 1677 1233 3083 3041 1358 730 0 
1910 372 759 819 972 491 528 850 337 571 351 216 222 327 1144 2210 1349 837 2543 2902 2247 2826 8746 2035 1281 466 404 2146 1710 268 260 0 
4244 644 615 1003 1614 1670 769 682 639 2015 1022 432 581 1739 1891 3548 1854 1121 5076 6318 5390 7197 14332 7246 3888 828 199 873 2270 454 581 0 
4364 790 771 1198 1622 1861 995 814 991 1752 1092 513 667 1885 2244 3873 2365 1334 5610 7457 5777 7718 18398 7683 3912 1032 370 897 2571 677 567 0 
6535 2926 2596 4505 5557 10437 3375 3117 4025 5834 4551 2452 2618 7008 8346 13648 8296 5926 16169 23914 24601 30109 32193 29579 12333 3214 1844 6006 6473 2745 1816 0 
156 69 3 6 27 12 48 3 0 6 6 0 12 3 15 75 12 18 15 48 99 57 732 27 6 3 3 3 0 9 48 0 
416 184 8 16 72 32 128 8 0 16 16 0 32 8 40 200 32 48 40 128 264 152 1952 72 16 8 8 8 0 24 128 0 
632 228 74 162 177 65 571 207 103 63 97 31 61 83 150 345 106 62 362 326 511 337 2653 199 176 54 49 37 267 102 212 0 
208 92 4 12 40 16 80 4 4 8 12 0 16 4 20 100 16 24 20 64 132 76 976 36 56 4 4 4 0 12 64 0 
95 9 14 57 54 12 893 21 32 8 94 22 5 10 10 18 17 9 14 17 60 28 221 29 439 11 12 19 5 6 10 0 
88 32 8 8 32 72 800 8 0 16 16 8 8 8 32 56 32 0 32 56 168 8 456 152 72 16 0 8 8 16 0 0 
79 15 40 6 41 21 308 42 10 34 29 14 40 89 45 171 34 19 20 56 81 90 266 26 205 10 70 39 41 50 15 0 
219 33 29 122 92 44 1705 103 25 53 201 44 18 32 45 30 52 34 57 27 130 56 236 9 442 15 21 26 21 25 17 0 
284 32 50 40 301 81 3558 47 79 38 264 58 28 26 36 41 94 38 21 25 111 23 336 61 218 110 94 46 11 56 18 0 
105 13 11 16 2 8 21 16 2 47 36 10 9 24 10 157 13 2 9 27 26 9 41 14 12 10 10 11 7 3 0 0 
712 40 16 8 8 8 144 40 0 288 144 16 0 16 0 8 24 0 24 16 88 24 64 24 80 8 16 8 24 8 0 0 
634 37 16 10 14 10 127 36 5 331 277 14 0 14 3 10 29 4 27 30 81 31 97 24 73 14 20 23 22 10 4 0 
50 24 6 94 23 209 28 19 16 1457 518 38 6 77 50 17 60 36 11 26 28 41 259 47 31 206 20 61 81 434 99 0 
38 13 0 105 17 251 25 1 0 1748 398 9 2 32 25 4 30 25 3 25 16 13 137 26 25 288 14 69 18 319 46 0 
382 97 134 110 119 421 89 81 79 801 1142 94 120 389 309 165 173 596 243 351 411 583 542 596 156 983 113 502 637 549 147 0 
232 30 0 6 54 18 6 8 0 270 1002 26 12 96 54 24 36 102 18 54 48 30 198 14 6 960 36 270 12 234 86 0 
512 11 8 11 48 26 85 0 0 886 422 1 8 0 169 48 26 0 270 68 19 25 341 50 3 44 33 212 0 277 34 0 
521 11 8 21 51 56 28 0 0 1086 525 1 8 3 172 51 27 1 264 69 19 25 341 55 2 55 33 222 2 291 34 0 
512 8 8 8 48 24 24 0 0 800 408 0 8 0 168 48 24 0 264 64 16 24 328 48 0 40 32 208 0 272 24 0 
686 365 259 364 425 1255 290 600 298 1454 681 200 399 1477 839 1150 1102 486 1599 2048 2137 2489 2579 2485 765 350 131 427 260 433 186 0 
629 127 183 99 89 162 40 72 89 2099 1709 47 66 223 101 132 57 56 34 345 107 55 340 86 52 255 59 301 159 619 180 0 
387 14 5 52 4 67 27 93 3 493 213 4 0 9 2 5 15 4 0 61 4 9 36 15 7 30 6 17 7 81 66 0 
0 5 0 0 8 0 0 1 1 90 22 1 0 0 5 0 0 0 1 4 1 1 6 7 0 4 0 5 0 6 4 0 
397 131 55 92 69 40 17 20 45 1110 835 29 83 123 43 31 30 13 19 140 152 25 285 53 25 75 12 117 63 468 86 0 
584 184 8 104 72 0 16 24 32 1248 760 32 128 96 16 40 40 8 24 88 248 16 368 64 24 56 0 64 8 48 104 0 
584 184 8 104 72 0 16 24 32 1248 760 32 128 96 16 40 40 8 24 88 248 16 368 64 24 56 0 64 8 48 104 0 
760 383 58 213 438 211 205 130 242 1563 1888 192 201 208 255 420 291 121 223 919 1083 664 1650 597 186 194 28 244 83 388 141 0 
345 45 8 58 18 15 26 11 30 432 302 22 23 15 340 48 24 4 28 68 62 31 256 31 41 26 2 19 34 45 49 0 
161 32 48 78 46 69 95 21 47 114 13 5 32 44 255 45 22 26 48 143 62 57 251 62 47 26 1 14 27 25 4 0 
192 0 8 48 0 80 80 0 16 128 0 0 8 0 0 16 8 0 0 8 0 16 48 24 0 0 0 0 24 0 0 0 
866 61 174 415 154 950 170 16 262 92 12 79 62 70 329 383 100 32 153 274 75 225 520 253 64 79 7 424 64 5 38 0 
1232 125 276 585 266 1512 347 57 531 126 48 152 139 299 255 773 229 113 422 345 233 513 1690 2431 281 123 26 608 199 70 63 0 
1088 56 225 524 184 1216 186 16 320 86 16 104 73 72 104 472 105 32 192 89 32 242 614 195 40 96 8 560 75 0 48 0 
1536 393 531 923 1156 2496 828 470 686 648 352 653 671 1139 1413 2414 1069 1163 1468 2055 1789 2623 6662 3506 975 970 506 1118 571 787 352 0 
1805 328 378 517 572 3355 1254 341 412 617 1183 392 462 910 1072 1203 574 507 1682 2072 2079 2500 7396 5562 812 208 229 806 420 371 166 0 
1452 104 70 83 256 366 133 196 216 364 1085 142 778 2721 1348 89 111 130 200 265 163 168 860 423 142 163 205 543 142 339 77 0 
167 52 54 83 122 81 23 70 19 396 123 128 48 43 260 87 75 114 235 97 68 53 253 48 50 98 50 941 129 116 286 0 
511 166 244 247 458 291 80 128 95 315 164 617 123 80 199 187 273 399 809 201 84 94 545 46 106 204 319 1215 785 282 1076 0 
613 230 265 366 431 425 248 189 305 590 214 461 175 561 522 876 519 348 774 1056 972 894 2758 943 324 247 346 1865 717 265 797 0 
335 84 139 146 245 75 64 35 59 307 85 201 61 66 65 58 84 123 188 124 57 34 280 45 92 75 52 729 670 111 467 0 
39 4 0 0 11 0 0 0 3 52 120 0 3 7 0 1 3 1 6 2 2 0 14 5 9 18 0 1 3 3 22 0 
49 22 22 23 28 26 8 26 24 159 28 12 59 26 65 58 119 694 95 140 137 245 475 114 77 23 8 23 61 19 17 0 
1000 762 719 654 585 2091 609 559 751 1322 1115 576 869 5970 2932 1974 3744 18055 2399 2592 4117 5346 13114 4137 3027 840 491 1463 990 1161 243 0 
1093 178 143 39 99 242 66 124 95 927 2016 105 188 577 495 105 108 257 37 219 108 86 853 136 236 1543 152 418 153 1319 238 0 
97 11 23 2 2 2 2 8 6 96 136 1 4 15 2 3 10 1 5 5 12 2 31 7 0 24 1 13 21 55 138 0 
138 6 99 36 11 22 1 34 0 351 95 0 2 1 8 10 5 3 24 13 1 3 34 11 4 15 2 16 8 31 85 0 
18 10 0 10 20 3 5 0 0 159 190 0 0 5 16 7 4 0 115 34 0 10 81 21 0 45 5 7 4 59 101 0 
172 11 0 2 5 5 2 5 1 173 588 2 1 2 0 1 7 2 8 8 11 0 23 5 3 12 2 5 12 16 45 0 
471 61 39 57 126 17 16 27 13 124 219 45 9 19 43 147 39 39 947 155 279 185 14 164 186 57 18 28 7 15 17 0 
644 248 424 172 216 1140 244 132 256 352 488 264 384 1024 872 444 520 2008 704 1068 1432 2120 772 2072 440 324 228 768 260 348 96 0 
495 247 185 419 331 900 455 229 246 656 373 190 242 573 1049 1768 1057 301 1144 1767 2141 1586 2917 2288 526 145 162 391 567 157 428 0 
356 66 43 29 166 134 29 44 88 487 1432 65 33 198 162 103 93 110 40 144 146 88 528 58 77 559 42 218 65 443 308 0 
0 8 0 39 3 0 6 5 0 124 67 13 0 0 0 25 22 3 0 16 5 5 96 5 0 8 8 0 0 35 88 0 
217 110 37 66 96 500 140 32 106 1399 283 89 119 449 279 133 65 104 164 280 313 380 127 1006 159 155 31 93 77 240 93 0 
1131 768 264 392 584 3872 784 256 768 1056 744 536 888 3504 2216 1048 424 664 1280 1960 2312 2984 664 7853 1168 936 192 584 352 1304 216 0 
102 11 4 2 8 26 3 11 12 113 142 12 52 177 179 21 9 13 11 16 10 12 103 18 30 25 10 23 12 16 16 0 
626 152 197 160 380 414 298 235 200 412 355 504 134 874 677 623 240 162 912 1392 1830 939 4743 1054 631 165 154 198 203 275 105 0 
749 102 425 1043 515 177 242 173 323 226 188 308 109 699 345 238 200 121 604 1145 517 364 2960 298 192 128 82 160 168 158 105 0 
1134 237 1007 3387 703 1552 684 627 1245 543 349 878 1097 8130 3615 541 1556 703 334 317 368 594 2081 481 335 455 344 983 462 1758 131 0 
3595 1508 1325 2370 2175 7781 2127 1663 2427 2310 2141 1506 1733 5623 4824 6685 3639 5779 7423 11690 13021 13932 18138 14834 5942 1087 622 1920 1698 1523 841 0 
13667 3388 3756 5440 5436 15331 5643 5844 5594 5197 5801 4861 4887 14018 12212 17576 9676 12800 19143 28122 31689 33787 66995 38171 16190 3401 2540 5083 5528 3812 1800 0 
10956 1209 1294 2455 1888 4154 2021 2596 1916 1618 2440 2339 2254 7547 4597 7695 3548 4419 6903 12032 13812 11922 35490 14168 4646 1339 430 1455 2186 1821 907 0 
11203 1256 1366 2511 1908 4077 2035 2679 1927 1615 2486 2436 2326 7348 4508 7701 3609 4153 6994 12084 13745 11767 36676 13947 4607 1330 439 1433 2167 1768 919 0 
11906 1729 1970 3492 2756 6616 2891 3354 2535 2610 3336 2942 2947 8938 6372 10668 5178 7853 10001 16632 18740 17640 42549 19372 6472 1917 698 3024 3120 2338 1167 0 
3755 1152 1458 2145 2120 3250 1862 2451 1433 1741 1640 1527 1221 3284 3151 5270 3324 2819 5721 8550 9402 9109 18076 9626 4846 964 520 1377 1601 1031 752 0 
887 167 272 243 341 149 203 346 114 187 309 401 380 144 384 396 484 372 813 812 867 768 4376 791 194 70 44 73 129 104 103 0 
27 0 0 44 3 2 0 1 0 64 26 0 3 15 14 4 3 0 5 5 0 0 28 9 0 23 12 4 5 8 13 0 
0 8 2 4 2 0 1 0 1 275 263 5 0 0 27 5 12 0 8 15 12 0 16 12 4 26 3 32 0 26 67 0 
0 8 0 8 0 0 0 0 0 592 752 16 0 0 96 8 32 0 0 16 24 0 16 24 0 32 0 48 0 40 104 0 
138 7 7 10 13 7 128 7 8 221 282 6 2 7 49 25 20 3 39 85 25 32 214 67 13 23 11 30 11 45 35 0 
281 31 35 28 57 51 28 32 13 378 187 9 23 14 67 89 95 30 101 149 99 139 187 84 298 37 22 450 409 215 79 0 
154 54 111 26 50 33 18 38 11 116 598 10 16 29 47 92 49 23 74 120 145 113 728 98 89 37 3 122 53 44 87 0 
184 32 272 8 48 16 0 8 0 336 1880 8 8 48 56 8 40 8 8 40 104 48 320 64 16 104 8 88 16 120 288 0 
140 0 7 21 14 14 0 14 63 113 50 7 0 7 21 28 85 14 35 43 56 14 595 84 91 21 7 0 21 0 0 0 
726 123 229 172 142 740 122 94 91 2294 1326 95 120 321 288 187 201 553 280 402 468 591 975 620 241 448 141 752 118 992 298 0 
672 95 215 162 150 712 172 81 121 2267 1139 91 104 473 356 183 200 600 251 568 448 617 972 618 224 285 247 914 131 844 281 0 
36 4 1 21 138 6 61 22 19 351 102 15 2 14 29 6 15 4 17 16 4 9 79 16 3 31 3 20 9 18 44 0 
25 12 25 69 28 18 8 31 58 930 370 24 0 2 22 31 55 12 33 45 26 24 232 25 45 35 13 63 20 50 104 0 
22 40 97 145 48 57 24 65 40 2054 1289 64 0 8 72 96 152 25 112 162 72 73 840 64 152 109 41 116 71 145 331 0 
161 19 0 0 17 6 1 23 34 323 208 113 6 7 11 10 21 9 7 11 7 18 49 16 20 56 5 24 11 2 12 0 
1412 141 78 189 270 685 585 246 2010 1257 813 1101 681 2644 1990 496 513 491 305 542 864 932 1266 923 294 1004 413 1767 275 1332 200 0 
1855 348 471 518 399 1322 1291 747 2964 2076 241 1734 1056 3338 2516 929 1328 1142 701 1462 1254 1249 3308 1464 886 346 1389 2065 906 1174 192 0 
272 87 200 131 107 298 215 77 208 609 214 224 88 558 487 480 643 290 364 977 527 545 1551 587 327 61 40 107 172 109 191 0 
22 119 11 7 17 351 23 8 10 348 209 34 3 33 38 18 24 22 15 78 39 59 97 335 39 32 17 99 12 121 30 0 
37 15 5 35 9 8 18 3 21 283 152 10 15 2 8 9 11 1 1 13 6 3 21 16 24 66 2 23 5 35 48 0 
72 12 62 15 70 58 33 22 25 185 287 31 12 36 35 32 17 27 22 70 12 50 267 55 14 56 8 38 34 66 47 0 
26 7 7 53 21 134 32 8 5 883 265 9 0 20 9 9 18 6 25 38 21 21 443 47 12 65 10 29 38 98 40 0 
