3688 1362 7 21 6 7 2 5 12 8 12 12 24 10 15 14 375 0 3 1 0 0 0 0 1 0 0 0 2 87 0 0 
6432 618 228 139 0 1 106 0 0 0 0 0 0 0 0 0 0 0 0 0 0 0 0 0 0 0 0 0 0 0 0 0 
8847 1466 607 226 13 6 10 0 0 252 0 0 0 0 0 0 0 2 0 0 0 0 0 0 0 0 0 0 0 0 0 0 
10619 4360 3096 2058 1367 1926 854 1529 1468 439 1046 1115 989 1585 917 710 1237 2515 4 0 0 0 0 0 0 0 3 0 91 2 47 0 
5397 1798 1265 1151 292 401 74 142 75 23 248 90 37 15 0 0 188 112 0 0 0 0 0 0 0 0 0 0 0 0 0 0 
765 1022 900 1173 0 0 0 0 0 4 0 0 0 0 0 0 16 0 0 0 0 0 0 0 0 0 0 0 0 0 0 0 
207 66 106 14 0 0 0 0 0 5 0 0 0 0 0 0 19 0 0 0 0 0 0 0 0 0 0 0 0 0 0 0 
2421 765 284 347 25 15 12 104 0 6 7 272 0 0 0 0 306 3 0 0 0 0 0 0 0 0 0 0 0 0 0 0 
28 0 0 0 0 0 0 0 0 0 0 0 0 0 0 0 781 0 0 0 0 0 0 0 0 0 0 0 0 0 0 0 
590 250 322 31 5 1 2 0 0 0 0 21 0 0 0 0 58 18 0 0 0 0 0 0 0 0 0 0 0 0 0 0 
5947 159 331 229 124 235 6 35 14 28 57 14 48 1 32 0 42 139 12 0 0 19 0 0 0 0 0 0 0 0 0 0 
7754 158 134 25 82 2 0 21 2 0 0 1 7 0 0 0 19 30 0 0 0 0 0 0 0 0 0 0 0 0 0 0 
8433 3325 1003 1120 1141 1241 711 1026 1617 553 1089 1527 1477 1216 1257 985 1049 608 8 0 1 1 0 0 10 47 0 0 18 0 0 0 
364 109 79 42 0 2 1 1 1 13 41 35 3 39 59 0 0 19 0 0 0 0 0 0 0 0 0 0 0 0 0 0 
106 18 0 0 0 0 0 0 0 0 0 0 0 0 0 0 0 0 0 0 0 0 0 0 0 0 0 0 0 0 0 0 
0 0 0 0 0 0 0 0 0 0 0 0 0 0 0 0 0 0 0 0 0 0 0 0 0 0 0 0 0 0 0 0 
0 0 0 0 0 0 0 0 0 0 0 0 0 0 0 0 0 0 0 0 0 0 0 0 0 0 0 0 0 0 0 0 
3 0 0 0 0 0 0 0 0 0 0 0 0 0 0 0 0 0 0 0 0 0 0 0 0 0 0 0 0 0 0 0 
3780 645 32 53 36 35 8 27 48 32 51 69 41 40 60 57 29 1 0 0 0 0 0 0 0 0 0 0 0 0 0 0 
5 1 0 14 8 0 0 0 0 0 0 0 0 0 0 0 0 0 0 0 0 0 0 0 0 0 0 0 0 0 0 0 
2281 1050 792 1023 264 333 73 355 136 334 262 159 49 102 105 2 349 1180 110 68 277 312 280 5 135 128 152 291 199 192 174 0 
14 0 1 0 0 33 0 0 0 0 0 0 0 0 0 0 0 0 0 0 0 0 0 0 0 0 0 0 0 0 0 0 
806 310 31 0 0 0 6 5 0 0 4 23 0 0 1 0 8 0 0 0 0 0 0 0 0 0 0 0 0 0 0 0 
7454 659 5116 142 1019 925 17 2275 1384 188 382 93 83 246 0 0 1424 0 0 0 0 0 0 0 0 0 0 0 0 0 0 0 
8466 1850 1344 461 209 795 41 512 548 42 254 72 0 80 0 1 0 1 0 0 2 0 0 0 0 0 0 0 6 5 40 0 
7527 2354 2443 761 1027 770 245 2074 467 110 449 138 240 1537 0 12 401 32 0 9 48 4 3 1 9 59 1 95 190 140 0 0 
0 0 0 0 0 0 0 0 0 0 0 0 0 0 0 0 0 0 0 0 0 0 0 0 0 0 0 0 0 0 0 0 
1028 954 225 55 39 655 33 20 136 5 362 222 90 84 0 6 8 0 0 0 0 0 0 0 0 0 0 0 0 0 0 0 
1181 212 250 10 2 110 0 3 0 2 181 5 0 1 0 0 26 165 0 0 0 0 0 0 0 0 0 0 0 0 0 0 
937 32 27 8 1 4 0 0 0 0 4 0 0 0 0 0 20 29 0 0 0 0 0 0 0 0 0 0 0 0 0 0 
1069 773 394 421 229 176 37 56 23 0 107 31 47 43 10 0 109 85 0 0 0 0 0 0 0 0 0 0 0 0 0 0 
