506 608 517 594 634 1158 236 870 272 778 585 441 403 200 575 989 887 553 111 770 265 116 580 873 647 739 774 777 115 1194 629 555 
182 432 382 364 621 366 215 316 202 395 426 385 258 187 134 331 209 233 409 333 426 341 414 309 720 235 292 130 856 581 716 1562 
1154 82 458 314 790 876 860 206 488 383 538 678 692 757 225 639 138 472 424 243 486 239 574 732 770 646 1287 703 763 1054 439 2123 
341 380 453 783 596 507 342 563 936 304 777 932 211 484 1057 638 419 202 309 225 306 426 899 504 548 747 466 328 1036 522 462 1170 
316 224 186 305 200 924 170 1441 168 541 702 669 318 102 431 486 567 233 181 452 310 347 327 621 153 137 208 186 676 639 481 933 
127 416 362 224 406 391 30 335 151 514 110 519 217 100 139 111 416 166 176 299 363 402 296 329 55 298 286 83 474 511 809 363 
89 545 94 425 275 515 272 322 131 1064 821 592 182 556 267 564 367 179 655 246 432 386 818 493 159 51 212 422 153 424 176 409 
188 224 151 204 78 425 359 217 602 66 346 75 381 141 296 376 249 498 71 286 116 47 525 265 457 269 83 436 929 787 484 663 
475 87 112 248 895 441 526 244 51 105 315 320 535 217 252 97 472 434 669 395 500 303 428 437 311 174 354 406 808 288 143 818 
626 436 518 1176 858 738 107 383 346 432 419 720 546 314 1140 613 351 528 576 1198 692 545 603 233 150 352 1004 841 298 436 710 1540 
459 568 238 19 139 239 269 459 114 287 495 115 351 191 529 288 534 475 427 317 34 241 189 223 471 106 719 422 583 510 544 643 
228 74 506 95 208 222 319 141 235 287 213 166 266 307 80 136 385 394 532 30 634 194 779 131 78 643 300 248 297 544 499 387 
140 103 422 792 191 677 616 448 686 495 155 506 341 146 652 283 518 170 946 267 208 358 323 240 262 790 96 347 227 665 356 187 
207 216 331 258 205 239 421 475 190 557 786 422 345 48 332 453 548 385 108 217 162 304 640 320 708 781 468 251 433 923 853 1939 
329 98 221 310 38 471 12 384 160 726 537 64 6 122 680 508 381 191 316 563 71 247 209 875 1047 191 202 72 167 250 145 658 
