719 3879 3403 2798 2266 1724 908 1208 1588 1194 1181 978 576 258 325 61 319 11 0 0 0 0 0 0 0 0 0 0 0 0 0 0 
585 3625 3098 2172 1484 1518 1869 812 628 699 816 710 295 130 141 0 8 27 0 0 0 0 0 0 0 0 0 0 0 0 0 0 
696 4100 2782 2853 2135 1806 1636 1078 1426 1928 1429 600 156 361 489 69 215 27 0 0 0 0 0 0 0 0 0 0 0 0 0 0 
547 8965 6065 4075 4677 1796 1238 924 1439 1492 429 233 165 241 126 0 298 31 0 0 0 0 0 0 0 0 0 0 0 0 0 0 
6704 38286 25974 17324 13102 9273 6144 4925 3109 1674 3136 2498 577 109 76 36 53 27 0 0 0 0 0 0 0 0 0 0 0 0 0 0 
14932 29024 25684 18276 17242 11383 9773 5072 4621 4501 1716 2232 377 1050 772 163 54 26 0 0 0 0 0 0 0 0 0 0 0 0 0 0 
9242 22993 14994 10569 7747 4151 3739 2232 2968 2936 697 1376 469 788 215 1 50 33 0 0 0 0 0 0 0 0 0 0 0 0 0 0 
10433 16901 15509 11419 8144 4454 3572 2344 3429 3388 1714 1572 536 626 153 0 48 76 0 0 0 0 0 0 0 0 0 0 0 0 0 0 
21106 31150 28870 19643 13394 10279 7855 6058 5718 3473 3609 2924 1840 1089 150 35 110 42 0 0 0 0 0 0 0 0 0 0 0 0 0 0 
8895 23269 17175 12349 9355 6329 6126 3748 5649 2309 1199 1312 711 862 167 5 68 75 0 0 0 0 0 0 0 0 0 0 0 0 0 0 
10158 34271 22472 14322 9512 7975 9990 5041 3415 1666 1523 1848 888 744 246 5 6 0 0 0 0 0 0 0 0 0 0 0 0 0 0 0 
5511 25961 20420 15779 11204 7266 7238 5069 3809 1312 1854 1900 683 254 88 12 48 5 0 0 0 0 0 0 0 0 0 0 0 0 0 0 
16645 28948 24766 17266 11433 7105 6448 3754 4507 3817 2659 1624 265 430 109 0 45 0 0 0 0 0 0 0 0 0 0 0 0 0 0 0 
6618 13525 12626 11419 4837 4281 5243 3562 1879 883 2820 2030 691 73 170 80 40 0 0 0 0 0 0 0 0 0 0 0 0 0 0 0 
12389 37356 27601 18866 9667 8541 9171 4337 7630 2255 2519 2635 1336 655 187 16 9 9 0 0 0 0 0 0 0 0 0 0 0 0 0 0 
17727 35416 25847 17907 10485 6893 5513 3902 5602 3496 2515 2668 1081 871 247 7 9 0 0 0 0 0 0 0 0 0 0 0 0 0 0 0 
8952 16870 16822 14672 9154 7096 6783 4350 8930 2791 887 1162 337 1348 198 1 9 0 0 0 0 0 0 0 0 0 0 0 0 0 0 0 
18781 20867 19919 14484 9622 7716 7176 4075 9247 3507 1677 2460 825 1451 358 3 32 37 0 0 0 0 0 0 0 0 0 0 0 0 0 0 
16035 29351 21315 14821 8683 7776 7814 4611 3631 1848 3254 2671 831 1110 222 46 36 7 0 0 0 0 0 0 0 0 0 0 0 0 0 0 
11551 31408 22157 15406 8497 8205 7206 4110 3021 1767 2964 2311 897 832 98 67 22 7 0 0 0 0 0 0 0 0 0 0 0 0 0 0 
3248 11775 8779 6412 4971 3481 3943 2425 3370 1821 456 728 296 753 102 23 0 0 0 0 0 0 0 0 0 0 0 0 0 0 0 0 
10870 29234 19923 14830 8412 6658 6865 3546 4205 1896 1292 1520 636 647 501 173 5 36 0 0 0 0 0 0 0 0 0 0 0 0 0 0 
11610 31374 18834 13832 7580 6216 4597 5146 5985 2260 3051 2188 1174 1126 238 2 28 55 0 0 0 0 0 0 0 0 0 0 0 0 0 0 
17229 26655 23662 19279 10597 8306 8230 4211 7309 2927 3356 2422 1039 1175 234 37 83 36 0 0 0 0 0 0 0 0 0 0 0 0 0 0 
8269 19282 15409 12272 5778 5372 5971 3165 3128 3173 2975 3609 658 701 304 20 10 16 0 0 0 0 0 0 0 0 0 0 0 0 0 0 
11123 22279 19333 14526 8483 8480 7230 3029 6157 1962 1487 1563 370 1101 292 5 5 16 0 0 0 0 0 0 0 0 0 0 0 0 0 0 
13381 36964 28624 21661 13274 10818 9202 6253 10009 2758 2836 3274 931 1646 223 23 11 15 0 0 0 0 0 0 0 0 0 0 0 0 0 0 
11203 29336 22384 19120 7193 8037 7170 4550 4877 1894 4073 3854 1366 1156 195 19 17 0 0 0 0 0 0 0 0 0 0 0 0 0 0 0 
18822 33888 31184 23559 14257 12618 11477 7169 8636 2561 4097 2466 786 790 576 294 47 0 0 0 0 0 0 0 0 0 0 0 0 0 0 0 
13933 33822 32069 26893 13509 10631 9155 7359 5381 2749 6036 2974 722 401 19 12 32 0 0 0 0 0 0 0 0 0 0 0 0 0 0 0 
14238 28223 32071 26830 14654 11560 10595 7453 6828 3644 3146 1301 364 285 208 43 18 0 0 0 0 0 0 0 0 0 0 0 0 0 0 0 
9534 32915 26742 21410 11176 10532 8944 9256 5915 1188 6283 2994 662 599 78 19 3 0 0 0 0 0 0 0 0 0 0 0 0 0 0 0 
17372 38682 34283 26945 13480 14133 12153 10437 7880 1761 8165 3696 1021 858 350 127 31 0 0 0 0 0 0 0 0 0 0 0 0 0 0 0 
12423 25715 26455 22287 10558 10572 7003 7459 5478 2002 5906 2560 780 275 100 52 14 87 0 0 0 0 0 0 0 0 0 0 0 0 0 0 
12181 28947 22815 18701 10237 8507 8151 6868 4072 1249 5183 2643 463 249 63 21 59 96 0 0 0 0 0 0 0 0 0 0 0 0 0 0 
16699 43970 32605 24833 13009 12944 10759 6644 7038 1902 4523 3222 1408 867 169 85 116 9 0 0 0 0 0 0 0 0 0 0 0 0 0 0 
16523 34094 28918 21465 10625 11975 7697 8153 8593 1925 5618 4851 1167 693 128 47 59 106 0 0 0 0 0 0 0 0 0 0 0 0 0 0 
9935 24620 18138 15845 7612 7217 6299 5385 7591 2162 2969 2827 760 922 48 5 19 0 0 0 0 0 0 0 0 0 0 0 0 0 0 0 
7133 24056 18269 15215 8486 6504 5939 7989 5050 1531 4162 1858 541 500 164 106 140 18 0 0 0 0 0 0 0 0 0 0 0 0 0 0 
8610 22593 18927 17154 7190 7274 6402 5384 6603 1743 3538 2123 699 233 50 17 2 1 0 0 0 0 0 0 0 0 0 0 0 0 0 0 
13875 31734 22291 15359 8158 7006 5973 5887 6294 3117 3714 4176 1168 696 139 16 10 3 0 0 0 0 0 0 0 0 0 0 0 0 0 0 
8902 19074 20517 18201 9889 8749 6500 5518 5199 2260 3976 1458 279 471 141 15 5 0 0 0 0 0 0 0 0 0 0 0 0 0 0 0 
16128 37173 31787 26775 14030 10749 9312 6546 11054 3555 4589 2276 614 1071 237 105 45 1 0 0 0 0 0 0 0 0 0 0 0 0 0 0 
8546 15465 15928 13976 6529 5292 6838 3603 3606 1133 1496 444 339 89 97 4 5 0 0 0 0 0 0 0 0 0 0 0 0 0 0 0 
9751 14742 18202 16460 5970 6243 6985 4001 6502 2162 3476 2416 591 668 101 15 8 50 0 0 0 0 0 0 0 0 0 0 0 0 0 0 
10992 25469 17598 13791 6233 6327 4995 3490 8257 2144 2043 1117 734 1070 312 52 4 49 0 0 0 0 0 0 0 0 0 0 0 0 0 0 
4181 13420 8001 7178 3500 3051 3421 2636 1150 241 1387 594 417 193 21 2 1 8 0 0 0 0 0 0 0 0 0 0 0 0 0 0 
3022 9030 10108 9382 4731 4312 5885 2504 3971 1535 430 220 88 415 33 0 0 0 0 0 0 0 0 0 0 0 0 0 0 0 0 0 
7323 25590 18101 16294 6759 7168 5592 5115 9933 1869 2415 1873 740 680 116 0 6 0 0 0 0 0 0 0 0 0 0 0 0 0 0 0 
7932 20369 14295 11213 6644 4654 5434 3959 4161 1539 1805 1864 370 547 75 1 6 0 0 0 0 0 0 0 0 0 0 0 0 0 0 0 
10289 24512 21143 18570 11347 7606 5468 4838 7777 2161 2085 1411 512 463 101 27 40 1 0 0 0 0 0 0 0 0 0 0 0 0 0 0 
12150 15926 19437 16292 8201 7756 7499 7945 7612 2299 2560 3415 689 1097 184 14 24 1 0 0 0 0 0 0 0 0 0 0 0 0 0 0 
3122 11985 7784 6462 3261 3238 2059 2660 3006 731 1249 1014 110 64 18 9 45 3 0 0 0 0 0 0 0 0 0 0 0 0 0 0 
8187 14209 13297 12093 5284 5555 4007 5036 5717 1477 1547 1467 413 495 33 1 6 1 0 0 0 0 0 0 0 0 0 0 0 0 0 0 
5559 12688 11750 9294 9359 6037 4847 3378 3501 2807 340 1127 141 1323 86 0 73 5 0 0 0 0 0 0 0 0 0 0 0 0 0 0 
10752 19901 18515 17340 11108 8571 9014 3799 5688 3174 1919 1405 221 688 278 15 24 29 0 0 0 0 0 0 0 0 0 0 0 0 0 0 
3656 9998 9036 8550 7279 4071 3673 2227 1379 1063 902 1122 135 154 33 43 39 0 0 0 0 0 0 0 0 0 0 0 0 0 0 0 
15531 23070 21219 18156 13258 9522 8500 6226 10797 3862 2619 2783 512 2001 468 9 56 7 0 0 0 0 0 0 0 0 0 0 0 0 0 0 
8744 12536 12431 10350 6867 5154 5660 3232 2107 2876 1057 916 512 571 198 2 5 3 0 0 0 0 0 0 0 0 0 0 0 0 0 0 
4089 6991 7027 5082 5793 3478 3402 2674 1237 1119 1058 986 81 135 186 18 23 0 0 0 0 0 0 0 0 0 0 0 0 0 0 0 
1482 4479 1500 1651 735 214 112 103 451 230 43 33 639 392 9 0 0 0 0 0 0 0 0 0 0 0 0 0 0 0 0 0 
1193 7087 1197 1686 28 17 17 167 1374 17 108 53 920 480 10 0 0 0 0 0 0 0 0 0 0 0 0 0 0 0 0 0 
