10120 1980 235 160 6 8 108 5 12 8 12 12 24 10 15 14 375 0 3 1 0 0 0 0 1 0 0 0 2 87 0 0 
19466 5826 3703 2284 1380 1932 864 1529 1468 691 1046 1115 989 1585 917 710 1237 2517 4 0 0 0 0 0 0 0 3 0 91 2 47 0 
6162 2820 2165 2324 292 401 74 142 75 27 248 90 37 15 0 0 204 112 0 0 0 0 0 0 0 0 0 0 0 0 0 0 
2628 831 390 361 25 15 12 104 0 11 7 272 0 0 0 0 325 3 0 0 0 0 0 0 0 0 0 0 0 0 0 0 
618 250 322 31 5 1 2 0 0 0 0 21 0 0 0 0 839 18 0 0 0 0 0 0 0 0 0 0 0 0 0 0 
13701 317 465 254 206 237 6 56 16 28 57 15 55 1 32 0 61 169 12 0 0 19 0 0 0 0 0 0 0 0 0 0 
8797 3434 1082 1162 1141 1243 712 1027 1618 566 1130 1562 1480 1255 1316 985 1049 627 8 0 1 1 0 0 10 47 0 0 18 0 0 0 
106 18 0 0 0 0 0 0 0 0 0 0 0 0 0 0 0 0 0 0 0 0 0 0 0 0 0 0 0 0 0 0 
3 0 0 0 0 0 0 0 0 0 0 0 0 0 0 0 0 0 0 0 0 0 0 0 0 0 0 0 0 0 0 0 
3785 646 32 67 44 35 8 27 48 32 51 69 41 40 60 57 29 1 0 0 0 0 0 0 0 0 0 0 0 0 0 0 
2295 1050 793 1023 264 366 73 355 136 334 262 159 49 102 105 2 349 1180 110 68 277 312 280 5 135 128 152 291 199 192 174 0 
8260 969 5147 142 1019 925 23 2280 1384 188 386 116 83 246 1 0 1432 0 0 0 0 0 0 0 0 0 0 0 0 0 0 0 
15993 4204 3787 1222 1236 1565 286 2586 1015 152 703 210 240 1617 0 13 401 33 0 9 50 4 3 1 9 59 1 95 196 145 40 0 
1028 954 225 55 39 655 33 20 136 5 362 222 90 84 0 6 8 0 0 0 0 0 0 0 0 0 0 0 0 0 0 0 
2118 244 277 18 3 114 0 3 0 2 185 5 0 1 0 0 46 194 0 0 0 0 0 0 0 0 0 0 0 0 0 0 
