485 573 83 594 448 2038 10769 5747 17 338 146 26 136 3197 157 445 4260 347 59 4747 265 2968 784 4119 277 2136 721 734 2650 4064 561 7806 
21 35 434 0 186 402 672 374 255 440 439 415 267 96 8636 5810 8521 206 52 5686 0 86 180 576 370 6480 53 43 3132 429 1396 1145 
2329 64 1064 268 252 116 3257 3430 65 1052 874 189 93 91 123 68 154 781 281 135 5411 256 819 156 222 3221 4989 92 1951 266 1860 572 
3171 6808 72 96 369 1254 189 158 137 90 295 3354 165 96 11 263 470 197 128 198 93 478 344 153 3514 212 223 38 5917 3614 733 4702 
925 3347 900 307 789 1398 764 4426 3318 258 134 431 1522 665 816 367 35 191 1008 125 1410 3026 2920 580 3046 53 477 386 3103 915 3252 1114 
229 15 253 7 1 1500 2154 599 49 125 404 247 240 7062 88 3897 103 281 275 118 2707 151 376 3974 314 2074 810 317 4651 568 347 1009 
185 115 417 438 548 629 10289 3466 67 256 376 1118 116 48 4887 3842 5625 190 6 205 3202 384 1307 2068 165 600 262 21 4391 522 915 521 
156 265 36 345 48 436 7100 2348 3559 48 401 346 2891 436 190 10 4970 12 303 20 217 2761 30 328 383 3884 204 307 3263 2387 2062 1604 
2372 119 35 91 36 472 134 44 104 77 166 407 97 45 1165 5698 2528 29 126 7242 121 186 95 123 25 120 75 145 104 46 297 485 
208 105 151 214 164 452 36 1397 2754 464 536 6578 221 57 3669 5689 2345 2271 55 85 189 161 2801 498 3144 17 133 41 572 593 596 4160 
2302 4119 2801 88 477 1289 688 4690 89 497 1125 157 610 3890 974 36 112 972 106 5855 505 838 610 4296 35 6144 728 33 2909 2090 354 3816 
469 1044 329 136 381 391 23 280 62 17 2971 3520 1714 3094 8 75 4368 1132 929 4786 765 355 140 1589 580 609 796 50 773 1072 2162 660 
479 371 13 711 230 892 1 91 84 5145 3158 249 101 132 8087 547 742 740 283 176 3430 747 796 4209 96 3223 1101 988 3747 560 169 874 
40 10100 2849 299 2301 2642 3678 231 47 0 8 343 81 424 1587 17 143 834 372 70 63 6580 3995 106 63 3087 1140 13 6728 1990 7 119 
2664 20 114 7 0 415 3020 1228 495 0 203 48 1 100 2175 106 3587 60 0 1190 51 0 287 147 14 2834 54 0 556 485 1208 4175 
3242 204 37 197 78 10 294 5323 107 66 143 27 380 3832 220 270 94 438 71 24 65 47 238 2046 443 100 29 436 373 3146 3354 1572 
607 4139 2850 712 100 1334 172 206 44 105 237 669 917 31 94 22 3488 212 365 5028 1948 214 81 59 2997 440 2240 225 3089 150 19 557 
267 5938 30 48 795 1161 2869 3993 7 0 78 152 1079 186 158 2496 2892 222 304 8632 81 89 347 378 3120 136 199 181 282 1560 124 3513 
87 3616 231 340 526 714 29 3639 107 285 185 220 244 3369 701 4 236 136 69 4881 206 425 4872 4013 70 182 959 746 108 376 79 991 
539 100 3055 1313 332 490 78 5267 239 147 234 500 680 7008 439 609 115 392 507 816 486 2839 108 42 3096 170 497 498 190 3359 631 4261 
380 480 10 389 115 101 8347 2100 0 194 357 25 501 30 424 830 2597 660 1116 273 28 18 2003 939 2965 2 6092 205 469 3542 323 2390 
79 692 228 19 24 138 6604 4644 1342 93 138 90 269 3855 1608 159 413 241 170 1560 6 223 83 7 296 710 222 773 114 116 221 798 
128 59 506 57 161 51 8002 3318 728 235 199 3250 205 284 646 58 2062 334 526 3447 3396 2729 630 96 78 3456 697 1081 2886 3542 3453 204 
100 15 0 38 47 171 3432 95 83 3073 14 74 1777 23 8955 78 153 60 6 11 2941 184 149 35 0 385 91 71 54 301 1122 1155 
58 8280 4024 498 120 832 411 69 422 81 704 88 160 4447 1129 4392 155 17 475 3041 1574 676 684 2079 2069 194 71 97 1673 85 66 121 
512 3291 3224 879 71 605 3219 379 264 998 93 418 1319 17 799 1305 4355 726 471 245 2311 324 291 89 245 596 25 829 143 2002 290 2473 
197 161 318 184 193 206 798 2440 159 315 382 377 188 38 3847 2849 405 262 85 166 2676 3384 2980 2169 283 711 698 173 1673 3819 819 2137 
471 4149 13 1064 12 1037 4238 462 31 690 404 3203 3202 3103 303 3705 1422 1024 882 6503 25 2970 673 1248 3015 70 222 78 2735 843 428 5416 
1225 2038 749 40 30 0 413 0 57 120 707 0 1716 20 255 50 34 43 119 672 20 132 0 931 933 121 4591 630 5851 729 5 3512 
319 4115 806 270 8 1231 8440 384 103 606 1046 64 597 4600 7527 458 4647 148 197 6780 51 757 861 500 674 70 2154 72 167 77 552 689 
60 109 126 170 90 6 6022 2045 2135 171 353 303 252 103 456 156 6075 84 245 21 55 25 8 183 55 2770 227 263 4478 1558 956 3492 
