0 8285 7147 1914 2423 1065 113 701 1704 0 0 0 0 0 0 0 0 0 0 0 0 0 0 0 0 0 0 0 0 0 0 0 
0 49907 35690 4709 5873 201 804 265 0 0 0 0 0 0 0 0 0 0 0 0 0 0 0 0 0 0 0 0 0 0 0 0 
0 92471 30619 9220 10202 2090 2967 1752 6258 0 0 0 0 0 0 0 0 0 0 0 0 0 0 0 0 0 0 0 0 0 0 0 
0 73107 44389 10492 4658 652 2138 106 70 0 0 0 0 0 0 0 0 0 0 0 0 0 0 0 0 0 0 0 0 0 0 0 
0 22760 17656 2152 2707 10103 3309 318 499 0 0 0 0 0 0 0 0 0 0 0 0 0 0 0 0 0 0 0 0 0 0 0 
0 13704 2436 536 1130 787 40 80 24 0 0 0 0 0 0 0 0 0 0 0 0 0 0 0 0 0 0 0 0 0 0 0 
0 34204 13030 17643 17779 8366 16 37 0 0 0 0 0 0 0 0 0 0 0 0 0 0 0 0 0 0 0 0 0 0 0 0 
0 29705 4956 9715 970 2226 1151 165 38 26 3 0 0 0 0 0 0 0 0 1 130 0 0 0 0 0 0 0 0 0 0 0 
0 15514 14037 19187 5417 1077 1243 1096 0 0 0 0 0 0 0 0 0 0 0 0 0 0 0 0 0 0 0 0 0 0 0 0 
0 26046 32274 12866 5972 3302 4261 4242 0 0 0 0 0 0 0 0 0 0 0 0 0 0 0 0 0 0 0 0 0 0 0 0 
0 10764 13272 7308 1598 8409 495 31 205 0 0 0 0 0 0 0 0 0 0 0 0 0 0 0 0 0 0 0 0 0 0 0 
0 18246 13327 13436 8337 4980 1462 122 124 652 0 0 0 0 0 0 0 0 0 0 0 0 0 0 0 0 0 0 0 0 0 0 
0 22463 15245 21090 15661 6044 2355 25 0 0 0 0 0 0 0 0 0 0 0 0 0 0 0 0 0 0 0 0 0 0 0 0 
0 38992 20437 10591 45217 17650 3515 413 156 911 0 0 0 0 0 0 0 0 0 0 0 0 0 0 0 0 0 0 0 0 0 0 
0 8112 5758 3734 8429 2621 88 253 12 56 0 0 0 0 0 0 0 0 0 0 0 0 0 0 0 0 0 0 0 0 0 0 
0 3691 2477 1727 5722 4381 653 1260 593 225 0 0 0 0 0 0 0 0 0 0 0 0 0 0 0 0 0 0 0 0 0 0 
0 28535 18040 9714 13143 34400 17164 1411 2685 1140 0 0 0 0 0 0 0 0 0 0 0 0 0 0 0 0 0 0 0 0 0 0 
0 40387 20301 12041 11106 27010 10794 2429 3057 1397 0 0 0 0 0 0 0 0 0 0 0 0 0 0 0 0 0 0 0 0 0 0 
2721 60774 44358 19055 15979 29765 26754 8006 9446 584 250 9 4 0 4 4 2 1 4 105 326 72 366 361 61 30 33 44 39 45 29 44 
0 58282 40108 20964 21748 38002 18657 28505 6828 8504 0 0 0 0 0 0 0 0 0 0 0 0 0 0 0 0 0 0 0 0 0 0 
0 39198 23852 12713 10055 22668 13463 8616 444 0 0 0 0 0 0 0 0 0 0 0 0 0 0 0 0 0 0 0 0 0 0 0 
0 30687 16840 10411 8904 15346 18400 4950 2565 4300 0 0 0 0 0 0 0 0 0 0 0 0 0 0 0 0 0 0 0 0 0 0 
0 54910 37281 11942 13027 17781 17923 12911 7202 6670 0 0 0 0 0 0 0 0 0 0 0 0 0 0 0 0 0 0 0 0 0 0 
0 51920 27813 15544 15416 28663 23827 6598 6793 1930 110 2 1 0 0 0 0 0 1 63 276 559 0 0 0 0 0 0 0 0 0 0 
0 57783 33163 18154 14660 24815 19549 14382 6334 2325 0 0 0 0 0 0 0 0 0 0 0 0 0 0 0 0 0 0 0 0 0 0 
0 47886 31305 15745 16419 31522 15268 29641 6649 1821 0 0 0 0 0 0 0 0 0 0 0 0 0 0 0 0 0 0 0 0 0 0 
0 44436 26517 16690 11993 29665 10533 13734 4984 1649 1796 0 0 0 0 0 0 0 0 0 0 0 0 0 0 0 0 0 0 0 0 0 
0 47157 22094 13561 12270 21505 11090 10015 11947 4831 49 9 1 0 0 0 1 0 1 32 512 344 0 0 0 0 0 0 0 0 0 0 
0 39640 18881 11142 9729 19343 8843 4136 9839 820 636 4 0 0 0 0 0 0 0 3 16 25 0 0 0 0 0 0 0 0 0 0 
0 44207 31123 14271 11602 16040 9538 6003 11773 3881 1179 0 0 0 0 0 0 0 0 0 0 0 0 0 0 0 0 0 0 0 0 0 
0 48027 18804 9415 8745 17815 8539 4423 7782 3955 282 28 16 9 9 3 6 7 22 627 2240 0 0 0 0 0 0 0 0 0 0 0 
0 37637 21084 10782 9294 20538 8416 5083 6260 6263 1758 7 0 1 1 1 0 0 0 7 244 0 0 0 0 0 0 0 0 0 0 0 
0 32019 16609 10956 8193 14367 7818 4361 5643 7511 724 60 1 9 23 0 0 0 0 9 0 0 0 0 0 0 0 0 0 0 0 0 
0 34917 15934 11043 8979 19582 6944 5269 7243 1696 691 3 2 0 0 0 1 1 1 410 713 0 0 0 0 0 0 0 0 0 0 0 
0 27539 16103 8600 7662 18444 7473 4159 3589 4535 912 9 22 18 25 14 13 23 20 44 2014 0 0 0 0 0 0 0 0 0 0 0 
0 35171 22070 12854 9402 18567 8962 4210 3105 8862 67 0 0 2 0 0 0 0 0 125 825 0 0 0 0 0 0 0 0 0 0 0 
0 16790 9655 6288 4796 8308 3893 3003 1586 3037 1754 238 0 27 1 0 0 0 0 28 423 0 0 0 0 0 0 0 0 0 0 0 
0 26490 19726 13529 13639 11859 13002 9374 6203 25214 6358 20 8 4 5 11 2 3 3 2860 924 0 0 0 0 0 0 0 0 0 0 0 
0 67177 38306 11750 13786 6915 9090 5844 4163 7801 3955 46 16 33 17 18 9 17 24 709 5407 517 138 0 0 0 0 0 0 0 0 0 
0 26380 16944 7444 10867 4546 4489 3544 2842 5638 5224 69 23 43 27 11 19 19 17 1125 4385 196 276 0 0 0 0 0 0 0 0 0 
0 39111 31588 12402 11427 6609 5928 5792 3933 12427 7190 32 8 11 8 6 7 10 6 1088 5038 26 300 0 0 0 0 0 0 0 0 0 
0 38936 29987 15271 11840 5643 5587 5566 4585 7251 11427 960 599 469 362 255 325 334 441 12732 13720 81 738 0 0 0 0 0 0 0 0 0 
0 27885 28835 58930 14270 10310 5469 9102 6109 7472 154202 114418 65157 47879 56365 46654 39614 41803 33960 34519 2109 73029 5307 151 0 0 0 0 0 0 0 0 
0 5959 5336 3542 3494 2168 2245 1803 1386 1956 3899 525 611 417 330 270 225 358 228 3947 13462 5116 630 0 0 0 0 0 0 0 0 0 
0 36977 24752 18636 13985 12856 13090 13048 7977 6505 8120 1740 1143 806 720 601 623 595 578 16046 9159 1919 23132 0 0 0 0 0 0 0 0 0 
0 32270 20003 10405 6329 5098 5494 3501 2995 2412 1044 26 8 7 12 5 0 2 3 1867 4572 2268 548 114 0 0 0 0 0 0 0 0 
0 11547 10549 4135 3866 3613 4439 2601 2810 1795 593 6 3 6 2 1 1 1 1 2303 3476 440 132 680 0 0 0 0 0 0 0 0 
0 26281 17374 7740 7900 8284 6140 4394 3589 3326 1302 19 13 5 7 0 3 6 2 801 8992 484 1845 0 0 0 0 0 0 0 0 0 
0 19679 15071 7286 5836 4248 3301 3035 2749 2914 926 10 2 6 7 1 2 1 3 385 5524 2627 1128 9 0 0 0 0 0 0 0 0 
0 12871 12232 4522 4622 4691 2229 2384 1886 2283 1071 8 1 5 1 0 0 0 1 330 5630 2571 197 0 0 0 0 0 0 0 0 0 
0 40993 22064 11832 9680 7028 7292 5405 4163 3308 1399 64 36 34 50 43 30 26 34 885 4392 4144 1363 3568 0 0 0 0 0 0 0 0 
0 29664 23519 6159 5909 3710 3767 3041 2166 2640 1348 15 15 16 11 8 5 11 13 1105 4975 3022 906 367 0 0 0 0 0 0 0 0 
0 22830 21285 9239 7311 5241 4668 3661 2907 3263 1562 81 49 41 34 20 45 31 45 563 3396 2318 5359 0 0 0 0 0 0 0 0 0 
0 27897 17766 10002 9099 7338 6475 6431 4763 4841 1922 352 167 123 78 78 96 76 101 2184 5037 2331 20011 162 0 0 0 0 0 0 0 0 
0 10208 7137 3514 3757 1338 2206 1303 1089 1162 507 3 1 3 2 0 0 0 1 333 675 2220 95 87 0 0 0 0 0 0 0 0 
71 13472 8274 5900 4091 4056 2900 2767 2261 1130 491 15 1 3 4 5 2 4 1 215 560 1369 2658 142 14 0 0 22 0 0 0 0 
0 35155 20440 13012 9723 7528 8542 7887 5609 3641 1159 120 27 22 23 17 22 16 22 752 1738 5773 6914 63 57 0 0 0 0 0 0 0 
0 18150 9473 8878 4294 3477 3242 2889 1780 1276 461 72 41 31 32 19 18 61 46 328 629 1057 3430 1035 0 0 0 0 0 0 0 0 
0 15469 7728 6157 4699 3649 3040 2394 1967 1410 496 23 7 3 5 0 0 1 5 308 508 869 3065 512 456 0 0 0 0 0 0 0 
0 20027 10564 9715 4973 4369 3731 3265 2606 1601 434 15 6 3 6 1 3 3 3 371 722 1084 2964 1855 0 0 0 0 0 0 0 0 
0 38152 18951 13389 12828 8730 8772 6746 5151 4813 1771 88 59 59 43 37 81 22 35 1208 1985 1070 3240 13200 0 0 0 0 0 0 0 0 
0 94245 91777 28409 26004 32893 41867 20845 27880 27111 6038 517 312 132 139 106 105 210 102 4171 6449 3508 21462 11935 29833 151 0 0 0 0 0 0 
