0 324 297 224 295 174 154 181 157 247 190 221 153 181 241 291 196 197 298 263 261 360 338 257 380 331 342 382 0 0 0 0 
0 353 373 332 366 255 240 263 278 316 311 304 225 268 315 372 263 293 360 342 373 516 448 364 532 469 477 498 0 0 0 0 
0 351 382 341 354 309 334 315 301 290 321 274 195 264 277 263 383 302 255 317 362 335 344 270 370 420 312 298 0 0 0 0 
0 314 441 361 315 298 330 323 260 310 311 256 245 242 287 279 380 249 259 244 324 329 323 324 441 439 386 260 0 0 0 0 
0 304 433 311 265 238 203 180 234 272 236 160 195 221 224 272 270 181 231 232 281 282 325 349 363 433 348 300 0 0 0 0 
0 152 107 103 95 69 77 70 79 74 89 98 58 63 107 101 61 81 86 91 78 141 116 97 96 108 84 211 0 0 0 0 
0 312 295 213 235 187 203 155 211 222 184 241 213 225 221 223 326 185 260 283 306 333 313 344 389 426 348 307 0 0 0 0 
0 228 202 132 104 121 101 111 78 151 100 115 88 122 101 107 108 62 89 108 81 111 175 97 146 139 116 215 0 0 0 0 
0 388 366 219 211 201 173 194 189 260 204 174 146 216 187 177 208 155 210 216 281 274 272 214 242 296 249 212 0 0 0 0 
0 252 230 148 154 131 108 101 105 135 95 123 94 113 126 86 94 88 115 102 104 125 129 93 98 108 79 143 0 0 0 0 
0 302 338 251 287 209 225 237 216 281 220 220 156 231 222 237 246 197 219 227 257 292 299 208 288 338 294 270 0 0 0 0 
0 241 305 283 211 210 236 214 206 233 213 190 143 211 222 175 275 181 188 199 267 253 230 202 318 327 272 206 0 0 0 0 
0 159 133 134 96 95 96 84 76 82 60 123 68 110 109 90 103 101 87 127 96 158 111 145 115 137 141 124 0 0 0 0 
0 242 233 132 132 107 107 123 168 161 142 131 125 133 141 175 157 106 149 167 195 186 239 183 222 244 258 272 0 0 0 0 
0 464 461 311 291 269 212 220 225 272 182 164 176 190 176 180 182 147 161 188 190 229 221 199 226 259 207 141 0 0 0 0 
0 138 152 154 111 108 81 99 82 109 101 100 85 142 105 106 122 99 95 110 98 128 127 157 159 201 189 113 0 0 0 0 
0 202 197 131 136 93 96 106 128 141 157 115 153 125 135 135 140 127 172 154 170 185 128 184 185 217 178 214 0 0 0 0 
0 264 277 262 235 161 186 152 187 197 254 227 273 205 231 240 168 219 237 191 210 366 227 236 256 277 240 249 0 0 0 0 
0 319 285 270 251 170 222 143 192 225 309 284 363 187 222 282 138 247 262 178 253 440 255 272 249 298 235 208 0 0 0 0 
0 356 241 392 322 277 247 231 230 249 260 243 184 212 284 223 258 275 272 232 286 311 312 196 324 362 309 271 0 0 0 0 
0 369 437 300 296 237 246 227 185 257 221 226 167 213 295 186 250 170 203 194 234 295 226 203 241 259 262 214 0 0 0 0 
0 214 183 162 130 88 129 89 95 108 111 94 82 139 107 74 109 90 136 100 152 174 168 142 166 186 155 194 0 0 0 0 
0 204 252 257 239 148 185 150 160 213 165 183 147 226 165 187 199 163 251 179 216 260 231 281 301 302 295 229 0 0 0 0 
0 168 154 100 150 110 87 89 109 113 103 133 99 132 104 132 164 109 127 180 172 178 175 190 188 193 204 168 0 0 0 0 
0 196 151 173 142 113 108 86 121 113 141 120 140 105 122 146 98 121 137 112 143 185 133 141 128 181 122 140 0 0 0 0 
0 100 88 93 98 58 88 101 28 62 24 59 60 75 59 61 105 44 100 42 61 77 66 108 81 92 80 69 0 0 0 0 
0 109 149 102 111 52 95 84 73 111 60 94 63 95 53 64 110 76 84 111 109 127 122 105 96 120 93 131 0 0 0 0 
0 110 70 64 115 52 59 102 77 64 71 81 54 83 72 61 101 67 104 76 51 104 92 108 91 123 100 89 0 0 0 0 
0 112 129 86 102 64 86 65 53 48 38 124 47 83 43 81 77 67 82 59 76 115 91 115 74 101 84 77 0 0 0 0 
0 125 91 87 105 64 87 113 84 56 39 100 61 92 70 98 87 59 58 56 89 100 111 72 76 116 89 86 0 0 0 0 
0 207 155 129 190 132 123 138 114 154 103 160 127 168 165 138 211 162 175 172 190 204 184 194 240 232 179 220 0 0 0 0 
0 214 176 113 144 83 71 66 70 63 60 79 36 41 76 43 50 39 50 66 79 74 64 22 53 46 70 66 0 0 0 0 
0 220 207 175 177 140 119 136 174 165 137 211 133 157 180 210 205 152 234 211 210 230 211 268 253 257 277 331 0 0 0 0 
0 344 375 260 254 205 213 155 214 253 347 245 348 245 254 295 182 262 274 255 274 383 274 310 316 307 277 226 0 0 0 0 
0 239 192 142 262 184 150 176 145 160 176 176 163 111 216 145 223 165 162 120 203 195 177 110 193 183 232 190 0 0 0 0 
0 229 161 146 177 90 178 134 104 111 124 152 123 171 192 122 163 130 174 131 182 248 210 158 229 220 210 217 0 0 0 0 
0 130 80 61 101 48 65 62 65 87 54 86 64 114 53 55 80 45 79 67 79 68 104 98 81 119 104 74 0 0 0 0 
0 98 72 59 69 63 76 53 45 69 57 60 77 79 79 50 89 57 48 59 66 96 66 52 89 95 90 79 0 0 0 0 
0 144 88 50 95 33 34 46 46 70 82 51 43 52 49 46 93 53 86 82 90 94 73 50 96 103 93 75 0 0 0 0 
0 96 72 81 124 67 84 121 55 87 44 109 77 87 81 89 137 96 108 73 93 144 143 159 122 158 118 126 0 0 0 0 
0 168 145 116 111 74 72 92 78 80 66 87 59 93 97 81 84 71 80 65 121 109 104 81 120 104 90 119 0 0 0 0 
0 162 190 121 100 89 79 74 88 123 135 117 121 106 98 132 86 113 110 112 120 162 108 119 147 127 126 101 0 0 0 0 
0 136 120 88 112 88 106 79 42 77 72 75 90 80 118 81 106 70 91 77 98 101 114 106 102 118 159 98 0 0 0 0 
0 119 96 70 78 54 65 71 52 73 60 41 42 50 55 41 61 39 67 40 42 59 50 57 47 66 59 40 0 0 0 0 
0 100 93 85 115 82 70 122 98 74 73 79 45 94 68 77 97 73 89 68 75 133 94 70 99 68 86 92 0 0 0 0 
0 71 56 57 41 39 34 39 45 59 51 35 19 43 45 42 42 45 58 27 31 62 63 47 66 90 88 65 0 0 0 0 
0 98 142 118 60 66 70 90 111 85 49 77 50 74 100 86 71 74 76 80 87 106 120 84 100 133 106 168 0 0 0 0 
0 267 223 153 147 114 82 64 81 117 61 85 47 76 73 64 73 36 64 76 81 78 86 57 67 80 77 58 0 0 0 0 
0 134 168 116 93 79 76 91 89 110 132 120 113 118 107 149 84 124 121 112 131 176 146 133 157 148 158 141 0 0 0 0 
3 214 252 224 182 187 136 153 126 188 134 121 115 149 183 145 155 146 144 130 143 190 155 142 167 202 178 161 0 0 0 0 
0 180 117 84 119 93 82 66 99 101 87 80 62 115 82 60 111 85 96 80 113 127 99 113 142 182 142 119 0 0 0 0 
0 211 209 83 169 135 119 99 133 137 125 152 78 255 139 125 189 207 274 117 183 193 167 232 229 164 249 210 0 0 0 0 
0 71 64 35 87 73 38 48 102 31 59 22 41 28 48 74 49 30 47 59 47 24 78 84 52 70 111 62 0 0 0 0 
0 43 48 23 83 33 44 47 50 21 45 71 25 53 35 27 50 29 68 24 35 38 33 58 55 40 48 51 0 0 0 0 
0 60 63 42 117 65 87 91 30 39 26 65 43 60 47 77 84 39 73 34 27 90 63 122 57 76 84 77 0 0 0 0 
0 213 148 101 165 83 47 52 52 54 43 59 30 68 62 43 25 37 44 69 68 60 53 25 58 57 48 57 0 0 0 0 
0 171 140 113 120 88 78 72 96 100 112 89 105 80 120 84 113 98 78 101 122 160 103 135 162 157 147 114 0 0 0 0 
0 194 141 101 171 90 113 129 114 129 70 90 103 136 100 75 142 90 115 100 150 122 146 120 146 160 182 120 0 0 0 0 
0 208 130 123 88 53 89 107 66 67 80 85 82 97 67 63 107 86 71 103 132 152 104 93 119 140 95 116 0 0 0 0 
0 174 216 131 101 110 91 74 116 140 99 116 93 161 87 159 102 115 109 138 117 120 173 149 145 167 135 167 0 0 0 0 
0 126 107 72 67 55 58 67 66 58 64 42 75 65 60 59 73 46 58 60 74 51 82 62 57 63 56 49 0 0 0 0 
0 62 108 101 94 66 74 108 142 116 76 106 92 91 93 128 81 98 133 97 97 106 121 151 118 181 169 268 0 0 0 0 
