238 101 158 158 164 139 136 133 139 130 149 52 0 0 0 0 0 0 0 0 0 0 0 0 0 0 0 0 0 0 0 0 
134 52 65 72 118 71 87 70 66 98 78 48 0 0 0 0 0 0 0 0 0 0 0 0 0 0 0 0 0 0 0 0 
315 189 246 234 317 250 224 224 205 259 300 63 0 0 0 0 0 0 0 0 0 0 0 0 0 0 0 0 0 0 0 0 
264 194 181 133 161 166 164 174 164 134 131 60 0 0 0 0 0 0 0 0 0 0 0 0 0 0 0 0 0 0 0 0 
192 131 120 162 133 100 126 98 110 121 149 44 0 0 0 0 0 0 0 0 0 0 0 0 0 0 0 0 0 0 0 0 
165 148 82 102 106 91 127 104 98 74 97 22 0 0 0 0 0 0 0 0 0 0 0 0 0 0 0 0 0 0 0 0 
261 166 187 187 157 136 176 175 188 215 187 49 0 0 0 0 0 0 0 0 0 0 0 0 0 0 0 0 0 0 0 0 
524 423 380 394 375 393 459 333 440 317 402 117 0 0 0 0 0 0 0 0 0 0 0 0 0 0 0 0 0 0 0 0 
170 86 84 103 103 120 100 66 78 94 92 29 0 0 0 0 0 0 0 0 0 0 0 0 0 0 0 0 0 0 0 0 
252 156 150 172 150 153 173 160 178 138 154 37 0 0 0 0 0 0 0 0 0 0 0 0 0 0 0 0 0 0 0 0 
180 107 117 144 132 132 106 96 102 81 116 38 0 0 0 0 0 0 0 0 0 0 0 0 0 0 0 0 0 0 0 0 
233 181 154 155 249 199 180 191 157 175 162 60 0 0 0 0 0 0 0 0 0 0 0 0 0 0 0 0 0 0 0 0 
294 176 194 186 224 144 169 151 145 163 152 32 0 0 0 0 0 0 0 0 0 0 0 0 0 0 0 0 0 0 0 0 
428 326 375 424 465 375 481 346 364 368 370 89 0 0 0 0 0 0 0 0 0 0 0 0 0 0 0 0 0 0 0 0 
157 86 109 94 104 138 118 102 87 96 102 26 0 0 0 0 0 0 0 0 0 0 0 0 0 0 0 0 0 0 0 0 
188 81 101 114 99 89 97 99 98 73 105 35 0 0 0 0 0 0 0 0 0 0 0 0 0 0 0 0 0 0 0 0 
324 198 168 170 216 197 187 199 191 169 185 52 0 0 0 0 0 0 0 0 0 0 0 0 0 0 0 0 0 0 0 0 
214 119 150 126 120 132 110 138 160 94 125 28 0 0 0 0 0 0 0 0 0 0 0 0 0 0 0 0 0 0 0 0 
212 153 125 153 116 112 111 106 119 112 131 52 0 0 0 0 0 0 0 0 0 0 0 0 0 0 0 0 0 0 0 0 
274 196 168 178 137 183 186 156 150 149 130 47 0 0 0 0 0 0 0 0 0 0 0 0 0 0 0 0 0 0 0 0 
232 130 99 143 147 116 159 98 125 113 129 34 0 0 0 0 0 0 0 0 0 0 0 0 0 0 0 0 0 0 0 0 
257 111 104 107 87 130 114 122 111 103 140 17 0 0 0 0 0 0 0 0 0 0 0 0 0 0 0 0 0 0 0 0 
429 288 309 242 319 294 315 270 297 232 265 75 0 0 0 0 0 0 0 0 0 0 0 0 0 0 0 0 0 0 0 0 
328 268 201 210 189 212 215 217 203 176 181 63 0 0 0 0 0 0 0 0 0 0 0 0 0 0 0 0 0 0 0 0 
191 103 115 144 133 101 124 105 93 115 110 41 0 0 0 0 0 0 0 0 0 0 0 0 0 0 0 0 0 0 0 0 
375 234 208 228 186 214 239 232 201 237 215 69 0 0 0 0 0 0 0 0 0 0 0 0 0 0 0 0 0 0 0 0 
431 215 218 267 312 183 246 226 267 285 212 45 0 0 0 0 0 0 0 0 0 0 0 0 0 0 0 0 0 0 0 0 
270 132 161 179 189 179 196 184 152 164 204 89 0 0 0 0 0 0 0 0 0 0 0 0 0 0 0 0 0 0 0 0 
337 240 266 298 311 236 296 227 304 217 280 93 0 0 0 0 0 0 0 0 0 0 0 0 0 0 0 0 0 0 0 0 
211 97 116 95 72 87 109 109 92 99 107 26 0 0 0 0 0 0 0 0 0 0 0 0 0 0 0 0 0 0 0 0 
429 361 317 329 334 325 302 334 283 270 312 101 0 0 0 0 0 0 0 0 0 0 0 0 0 0 0 0 0 0 0 0 
451 270 298 228 362 272 321 257 237 320 289 68 0 0 0 0 0 0 0 0 0 0 0 0 0 0 0 0 0 0 0 0 
386 273 239 301 253 235 211 233 258 205 238 64 0 0 0 0 0 0 0 0 0 0 0 0 0 0 0 0 0 0 0 0 
288 205 183 153 188 227 236 181 213 226 163 69 0 0 0 0 0 0 0 0 0 0 0 0 0 0 0 0 0 0 0 0 
200 129 116 109 124 137 126 125 132 115 130 50 0 0 0 0 0 0 0 0 0 0 0 0 0 0 0 0 0 0 0 0 
448 269 301 291 313 344 298 320 274 313 306 108 0 0 0 0 0 0 0 0 0 0 0 0 0 0 0 0 0 0 0 0 
163 94 128 89 154 106 104 103 103 79 111 35 0 0 0 0 0 0 0 0 0 0 0 0 0 0 0 0 0 0 0 0 
358 103 157 218 321 214 322 242 142 313 306 79 0 0 0 0 0 0 0 0 0 0 0 0 0 0 0 0 0 0 0 0 
171 78 90 93 76 76 62 111 86 111 91 22 0 0 0 0 0 0 0 0 0 0 0 0 0 0 0 0 0 0 0 0 
212 119 133 145 201 133 165 157 109 154 139 53 0 0 0 0 0 0 0 0 0 0 0 0 0 0 0 0 0 0 0 0 
268 172 191 143 161 164 161 169 172 159 173 37 0 0 0 0 0 0 0 0 0 0 0 0 0 0 0 0 0 0 0 0 
204 164 147 135 104 139 151 104 118 115 119 26 0 0 0 0 0 0 0 0 0 0 0 0 0 0 0 0 0 0 0 0 
256 213 152 171 213 188 226 185 151 171 169 61 0 0 0 0 0 0 0 0 0 0 0 0 0 0 0 0 0 0 0 0 
344 196 308 242 340 291 284 245 210 332 287 110 0 0 0 0 0 0 0 0 0 0 0 0 0 0 0 0 0 0 0 0 
166 84 116 99 86 116 96 76 92 80 83 28 0 0 0 0 0 0 0 0 0 0 0 0 0 0 0 0 0 0 0 0 
324 197 224 223 163 165 231 204 228 205 174 71 0 0 0 0 0 0 0 0 0 0 0 0 0 0 0 0 0 0 0 0 
151 128 126 118 87 116 124 91 92 118 77 38 0 0 0 0 0 0 0 0 0 0 0 0 0 0 0 0 0 0 0 0 
236 105 108 149 186 153 185 131 115 132 104 51 0 0 0 0 0 0 0 0 0 0 0 0 0 0 0 0 0 0 0 0 
243 124 156 194 204 134 125 121 159 151 139 51 0 0 0 0 0 0 0 0 0 0 0 0 0 0 0 0 0 0 0 0 
213 131 179 165 171 136 181 171 159 106 186 55 0 0 0 0 0 0 0 0 0 0 0 0 0 0 0 0 0 0 0 0 
211 139 113 109 164 106 161 150 114 161 148 35 0 0 0 0 0 0 0 0 0 0 0 0 0 0 0 0 0 0 0 0 
238 157 210 174 200 190 175 130 175 131 172 71 0 0 0 0 0 0 0 0 0 0 0 0 0 0 0 0 0 0 0 0 
359 226 223 247 170 201 172 216 217 197 198 68 0 0 0 0 0 0 0 0 0 0 0 0 0 0 0 0 0 0 0 0 
258 115 110 175 161 114 154 148 153 125 139 44 0 0 0 0 0 0 0 0 0 0 0 0 0 0 0 0 0 0 0 0 
413 178 229 194 259 238 202 190 206 214 197 85 0 0 0 0 0 0 0 0 0 0 0 0 0 0 0 0 0 0 0 0 
234 165 174 151 177 145 152 153 159 151 134 55 0 0 0 0 0 0 0 0 0 0 0 0 0 0 0 0 0 0 0 0 
213 90 142 121 149 145 165 122 111 153 160 55 0 0 0 0 0 0 0 0 0 0 0 0 0 0 0 0 0 0 0 0 
219 227 160 212 202 206 144 173 215 186 131 56 0 0 0 0 0 0 0 0 0 0 0 0 0 0 0 0 0 0 0 0 
206 136 104 125 115 107 87 109 98 114 95 51 0 0 0 0 0 0 0 0 0 0 0 0 0 0 0 0 0 0 0 0 
180 105 113 134 141 105 130 99 114 109 139 24 0 0 0 0 0 0 0 0 0 0 0 0 0 0 0 0 0 0 0 0 
278 186 212 210 218 193 196 216 196 198 190 36 0 0 0 0 0 0 0 0 0 0 0 0 0 0 0 0 0 0 0 0 
101 51 47 56 37 56 43 70 60 47 45 6 0 0 0 0 0 0 0 0 0 0 0 0 0 0 0 0 0 0 0 0 
