143 0 0 0 0 0 0 0 0 0 54 0 9 37 30 12 0 0 31 96 0 0 0 0 0 0 0 0 0 0 0 0 
87 0 0 55 0 0 4 0 0 0 94 0 36 14 6 14 5 0 18 51 0 0 0 0 0 0 0 0 0 0 0 0 
71 0 0 33 0 0 6 0 44 0 132 6 14 0 5 0 0 0 16 5 0 0 0 0 0 0 0 0 0 0 0 0 
70 0 0 0 0 0 0 0 51 0 29 0 32 60 65 6 0 0 28 10 0 0 0 0 0 0 0 0 0 0 0 0 
64 8 8 0 0 0 0 56 0 0 0 0 28 93 9 10 19 0 38 0 0 0 0 0 0 0 0 0 0 0 0 0 
64 0 16 0 0 0 0 26 0 85 0 0 16 80 19 5 0 0 18 0 0 0 0 0 0 0 0 0 0 0 0 0 
74 0 0 0 0 40 0 0 0 15 0 59 15 18 46 10 20 0 33 0 0 0 0 0 0 0 0 0 0 0 0 0 
105 0 0 0 0 0 0 19 0 5 0 24 0 22 14 52 15 32 30 0 0 0 0 0 0 0 0 0 0 0 0 0 
106 0 0 0 0 49 10 0 0 8 0 8 0 0 48 34 5 8 23 0 0 0 0 0 0 0 0 0 0 0 0 0 
64 0 30 0 0 0 101 0 0 0 0 0 0 37 18 36 0 45 0 0 0 0 0 0 0 0 0 0 0 0 0 0 
64 0 30 0 0 0 15 58 0 64 18 0 0 6 0 44 0 24 0 0 0 0 0 0 0 0 0 0 0 0 0 0 
64 10 81 5 0 0 0 0 0 0 19 0 0 0 0 44 79 0 30 11 0 0 0 0 0 0 0 0 0 0 0 0 
70 18 8 15 0 0 11 0 8 0 0 18 62 39 0 53 0 0 26 0 0 0 0 0 0 0 0 0 0 0 0 0 
74 8 0 0 0 0 52 23 0 47 27 0 0 21 19 0 0 50 6 0 0 0 0 0 0 0 0 0 0 0 0 0 
64 0 0 0 0 0 54 0 0 81 0 0 0 0 12 101 5 6 5 0 0 0 0 0 0 0 0 0 0 0 0 0 
73 0 0 0 0 0 0 66 0 0 0 0 5 53 0 43 33 30 22 3 0 0 0 0 0 0 0 0 0 0 0 0 
118 0 0 0 0 0 44 0 0 5 0 0 39 0 48 33 0 30 36 96 0 0 0 0 0 0 0 0 0 0 0 0 
82 0 0 0 15 0 0 40 16 0 8 0 120 0 36 35 0 0 15 54 0 0 0 0 0 0 0 0 0 0 0 0 
64 0 0 0 44 0 0 0 28 0 10 44 116 10 0 0 5 13 5 0 0 0 0 0 0 0 0 0 0 0 0 0 
64 8 0 0 71 0 0 9 0 0 0 66 0 0 72 24 9 0 19 0 0 0 0 0 0 0 0 0 0 0 0 0 
64 0 0 0 40 0 0 99 0 0 0 13 0 0 52 20 8 17 15 0 0 0 0 0 0 0 0 0 0 0 0 0 
64 0 0 0 78 0 0 154 0 0 0 24 0 0 0 6 0 0 0 0 0 0 0 0 0 0 0 0 0 0 0 0 
68 0 0 0 42 89 0 37 0 19 0 0 0 34 6 19 20 0 0 0 0 0 0 0 0 0 0 0 0 0 0 0 
95 0 0 0 0 8 0 45 0 0 0 0 0 68 41 6 31 21 6 0 0 0 0 0 0 0 0 0 0 0 0 0 
78 0 0 0 0 81 0 0 0 0 0 0 51 0 63 23 0 0 25 0 0 0 0 0 0 0 0 0 0 0 0 0 
64 0 0 0 4 72 0 10 0 8 0 0 55 0 9 99 5 6 9 0 0 0 0 0 0 0 0 0 0 0 0 0 
64 0 0 18 0 4 0 10 0 0 0 62 14 118 6 33 0 0 13 0 0 0 0 0 0 0 0 0 0 0 0 0 
64 0 0 10 0 0 0 9 0 0 0 27 0 129 68 0 0 0 0 0 0 0 0 0 0 0 0 0 0 0 0 0 
68 0 0 10 0 0 0 0 8 0 69 0 18 92 36 8 0 0 6 0 0 0 0 0 0 0 0 0 0 0 0 0 
64 4 0 4 0 0 0 0 0 0 108 0 0 10 38 52 0 0 64 0 0 0 0 0 0 0 0 0 0 0 0 0 
70 0 0 16 0 0 17 0 0 0 27 83 51 0 13 0 0 0 38 0 0 0 0 0 0 0 0 0 0 0 0 0 
