832 0 200 1976 1336 0 52 0 236 0 0 0 0 0 0 0 0 0 0 0 0 0 636 812 0 0 0 0 0 0 0 0 
1214 11 354 2717 141 0 0 12 264 28 0 75 0 0 0 0 0 211 1080 0 735 426 10997 248 0 0 0 117 0 56 0 0 
2597 0 403 46 135 0 0 0 344 125 0 15 91 125 755 376 0 96 1708 1007 1107 1081 3160 985 0 33 0 142 187 0 0 0 
9717 209 0 0 768 0 0 0 1570 451 1186 307 0 707 0 47 42 3700 4934 1279 2509 5043 35018 4297 462 974 0 0 17 0 0 0 
9773 63 372 0 0 506 0 183 451 0 44 4302 17 6204 634 149 139 0 1319 1972 1276 1142 18293 490 0 21 856 1258 895 125 0 0 
5932 693 471 419 869 990 0 270 0 662 378 80 26 1895 1666 2944 849 0 996 4727 4439 2869 166108 1823 2108 3896 520 0 6590 278 167 0 
5472 389 0 503 2220 0 183 233 0 274 0 59 0 0 583 604 636 316 268 5297 417 3103 50541 2103 4959 11688 335 523 3671 87 0 0 
1433 330 0 15 37 4084 9 141 0 0 0 0 0 0 0 0 0 0 0 0 0 135 4321 1590 0 0 0 102 2445 731 0 0 
1443 0 80 244 21 0 0 0 0 0 0 39 0 0 0 0 38 0 49 0 0 0 0 2577 0 0 0 0 0 0 0 0 
8049 217 0 21 0 0 0 0 0 0 0 0 0 0 0 0 260 0 41 0 43 0 0 1013 0 0 0 27 0 0 0 0 
12026 700 15 0 96 0 0 0 64 0 0 0 0 0 0 0 0 0 0 0 0 0 0 0 0 0 0 0 0 0 0 0 
12048 0 0 0 0 0 0 0 0 0 0 0 0 0 0 0 0 0 0 0 0 0 0 0 0 0 0 0 0 0 0 0 
12205 0 0 163 0 124 146 350 0 0 533 0 0 1432 1899 176 793 1281 332 1131 188 179 5048 0 2698 0 0 0 85 0 1354 0 
13715 163 355 0 2094 450 305 287 1624 854 339 500 49 3167 1670 1822 825 4275 7634 5659 5654 6005 134477 16409 763 1231 0 523 2932 502 36 0 
36368 0 0 0 2208 0 0 0 0 0 0 0 0 0 2496 2736 0 0 7344 4064 0 10736 9296 1888 0 960 0 0 6448 0 0 0 
37211 51 384 297 2922 303 334 0 97 1317 320 58 168 2176 5110 3683 1592 511 8158 6527 2639 12380 45700 6398 4082 1376 511 523 6962 1183 144 0 
23546 2373 394 1685 4264 2327 2828 6020 11682 3408 3399 1710 914 3759 8058 12026 7105 9133 11747 9700 6955 13564 192986 12550 18783 6114 2241 1849 5446 165 1947 0 
15781 486 131 3466 1464 435 0 4403 0 0 485 0 0 59 949 5282 1217 0 5696 14252 2983 1844 45210 7606 3940 304 1134 284 2823 317 882 0 
17977 326 314 4525 1357 4455 1443 551 2357 1987 2024 827 772 207 1254 8638 3142 1121 9648 25548 8272 6159 234312 14073 2552 2526 0 1505 5571 1262 522 0 
924 1595 0 0 0 0 0 0 0 0 0 0 0 0 0 3058 0 0 0 0 0 0 0 0 0 0 0 0 0 0 0 0 
1048 1740 65 300 0 0 231 0 0 38 0 0 0 0 0 3336 0 0 170 892 0 1474 691 0 0 0 0 0 0 464 161 0 
246 0 0 203 67 0 138 0 72 0 58 0 0 0 0 0 0 0 0 0 0 0 0 0 3683 0 0 0 0 0 0 0 
197 0 0 0 256 0 616 0 0 0 0 0 0 0 0 55 0 0 0 584 0 0 0 0 3986 275 0 0 0 0 0 0 
331 0 0 0 0 0 24 0 0 93 41 0 0 22 0 39 0 0 0 0 173 0 0 0 6005 0 178 0 0 0 0 0 
1299 0 0 0 0 0 330 0 0 1459 615 0 0 0 0 0 17 0 0 0 117 0 0 0 0 0 46 0 0 0 0 0 
5927 0 0 25 0 0 0 0 0 1002 92 0 0 0 0 0 0 0 0 0 0 366 0 0 17 150 0 0 0 215 0 0 
3611 0 0 0 0 0 0 28 0 3652 832 0 0 0 269 0 0 87 0 0 0 0 4380 0 348 155 0 37 63 1546 40 0 
5331 0 0 0 0 0 0 0 0 2208 47 0 0 0 0 0 0 0 0 0 0 0 0 0 0 33 0 0 0 0 0 0 
5056 0 0 70 451 0 104 0 0 1960 130 0 117 0 2606 884 445 0 1098 664 0 679 11942 369 0 449 0 0 0 0 65 0 
1926 328 0 0 0 0 33 0 0 6009 1032 3 0 0 0 0 0 0 0 125 0 0 0 0 0 0 0 0 0 852 0 0 
2175 66 0 0 48 0 0 2 0 1746 310 0 0 0 0 0 0 0 0 0 0 0 224 0 0 0 0 0 0 284 0 0 
7216 0 0 0 0 0 0 0 0 0 896 0 0 0 0 0 0 0 0 0 0 0 896 0 0 0 0 0 0 0 0 0 
4330 251 0 84 295 0 130 0 217 1005 1889 299 0 0 76 551 0 0 108 408 1247 281 756 0 1705 0 0 0 52 676 0 0 
359 0 0 0 0 346 0 0 152 832 0 0 0 0 604 172 0 0 0 73 0 86 0 0 0 0 0 0 0 0 0 0 
6615 26 11 1856 51 3364 27 0 2117 264 0 0 0 0 558 1092 0 0 569 36 0 0 1399 1089 0 0 0 0 0 0 0 0 
7396 723 0 2193 325 6865 355 0 2176 1394 112 2346 137 1120 153 3378 1730 0 497 455 0 388 8706 1039 157 998 0 996 1032 0 0 0 
3210 0 172 258 0 14485 330 8 311 1095 2665 61 336 5045 4524 78 0 644 1496 610 967 712 14036 459 507 0 293 0 0 0 18 0 
1477 0 0 0 72 0 0 186 0 0 23 0 0 0 0 14 26 0 44 15 0 64 441 0 0 49 0 266 11874 0 160 0 
1069 0 98 0 105 528 0 0 168 967 0 182 0 0 0 583 457 0 328 626 500 96 5895 300 0 0 0 2 12493 0 49 0 
697 0 0 168 0 0 0 0 0 32 0 0 0 0 0 0 521 0 49 0 47 0 1589 0 0 0 0 0 0 0 108 0 
1816 152 162 168 0 0 0 0 0 10012 0 0 0 491 4662 60 1082 12180 416 756 144 476 38780 69 638 0 72 0 0 68 0 0 
465 0 7 0 0 0 0 0 0 573 36 0 0 0 0 0 0 0 0 16 0 0 441 0 0 0 0 0 0 266 0 0 
1302 0 0 0 0 0 0 0 0 687 69 0 0 0 0 0 0 0 0 0 0 0 0 0 0 0 0 0 0 0 0 0 
1538 0 0 0 0 0 0 0 0 0 100 0 0 0 1076 0 0 348 0 0 0 0 20733 0 0 0 0 148 0 0 72 0 
1292 0 0 0 111 102 0 0 0 5001 824 0 539 1505 367 1150 2456 0 0 261 413 621 15069 64 0 0 0 149 199 0 162 0 
1135 0 0 0 0 0 0 0 0 452 1402 0 0 0 0 0 0 0 0 0 0 0 4812 0 0 0 0 0 0 122 0 0 
1635 0 0 0 0 205 0 0 0 912 296 0 0 283 97 0 0 0 0 0 0 0 38496 3 0 0 0 0 0 976 0 0 
4467 266 1633 0 651 0 0 1120 1682 0 2304 312 0 334 76 1717 64 0 7138 1306 297 266 6336 0 405 0 233 720 981 0 0 0 
5005 532 7040 0 2803 960 573 371 5660 0 184 1402 0 8538 11618 2559 536 1601 1215 1184 1296 2017 103097 13795 3622 0 88 266 854 0 124 0 
42161 309 187 654 1188 13080 240 4114 1075 769 1412 6343 1154 1652 29988 31990 1281 6288 13400 15146 15706 4918 289563 45364 17039 571 233 3524 3062 1124 214 0 
44865 8 97 630 458 6378 136 3438 338 936 472 3754 161 402 28893 32892 963 77 11272 16163 10300 2398 180713 26454 16949 166 0 608 3197 963 399 0 
6552 540 0 937 3242 1344 2455 2031 33 1165 160 2056 0 0 4501 4858 2913 76 5121 7240 4605 4681 57017 3475 5467 1083 96 378 271 295 518 0 
1110 0 0 16 0 0 0 0 0 0 0 0 0 0 0 0 0 0 0 0 0 0 0 0 0 0 18 0 0 0 0 0 
2652 0 0 0 0 0 0 4 0 162 20 0 0 0 103 0 0 0 0 0 445 0 0 0 0 0 0 0 0 0 0 0 
1524 0 0 0 0 0 0 0 0 846 230 0 0 0 310 0 0 0 0 716 0 289 905 229 88 0 0 1081 687 0 0 0 
1348 0 0 0 0 0 0 0 308 2952 0 0 0 0 0 0 0 0 0 0 0 0 0 1141 0 0 0 0 0 0 0 0 
11839 0 0 0 0 0 0 0 0 594 2151 0 0 0 538 27 0 174 42 24 70 99 8760 192 0 1714 0 74 0 1274 755 0 
3269 0 0 0 108 0 0 67 0 0 0 0 0 0 38 0 0 0 0 0 0 0 0 0 0 0 0 0 0 0 68 0 
6976 11 0 0 0 0 0 6 31 530 81 70 0 0 0 0 0 0 0 0 0 0 0 0 0 0 0 6 0 82 0 0 
3084 0 0 0 0 0 0 0 27662 4803 0 2159 0 3628 802 196 914 227 285 892 501 1046 10333 123 0 0 3227 3259 240 1316 0 0 
2393 0 0 0 0 0 0 0 2244 0 0 0 0 0 50 196 0 0 285 892 501 414 5661 283 0 0 0 0 0 0 97 0 
1123 0 0 0 0 0 0 0 182 1370 0 0 0 0 0 0 0 0 0 0 0 0 0 0 0 0 0 0 0 0 0 0 
