132 35 25 48 28 35 31 25 31 13 30 29 22 17 21 17 17 15 8 20 20 13 10 16 14 20 19 11 12 15 13 0 
180 97 45 68 61 41 25 32 46 47 36 28 26 32 39 23 23 19 20 24 38 19 21 28 22 20 32 38 35 34 19 0 
68 40 15 36 19 19 13 11 24 11 10 13 22 13 13 15 10 12 4 10 12 7 8 8 19 7 8 6 8 8 10 0 
228 62 51 53 48 40 40 40 43 30 27 34 37 33 29 22 29 33 19 16 26 24 25 25 10 27 28 34 31 38 14 0 
161 58 43 30 33 28 17 34 32 27 30 34 35 21 17 22 23 19 22 13 22 14 6 25 18 17 17 7 14 13 2 0 
82 47 26 22 18 23 22 18 17 18 16 17 20 20 11 11 19 15 9 7 10 4 13 6 13 8 16 12 6 12 7 0 
82 38 21 24 17 25 5 21 24 22 18 20 14 10 18 6 14 14 6 6 9 11 12 8 6 9 10 17 8 7 8 0 
135 32 36 44 23 24 19 10 18 20 15 11 17 10 30 10 17 17 11 11 18 8 16 12 10 12 6 10 7 21 6 0 
111 53 29 27 36 33 24 20 27 28 19 22 32 20 21 18 20 16 13 23 24 18 15 18 22 20 14 14 23 19 5 0 
101 55 33 25 28 33 14 20 12 25 21 24 19 18 14 20 10 26 12 12 15 13 12 20 16 19 17 19 11 12 3 0 
154 50 42 30 43 42 20 25 53 32 22 17 34 17 32 22 25 28 16 22 26 24 24 23 22 16 32 20 28 26 15 0 
86 38 29 28 30 27 16 25 19 19 18 21 16 16 12 12 11 15 9 9 13 19 8 9 11 17 11 16 13 7 9 0 
205 67 64 43 46 62 42 55 40 41 36 31 37 29 28 39 24 25 23 28 30 27 26 28 31 20 30 38 29 48 23 0 
170 52 31 44 55 37 40 55 38 38 30 37 23 33 37 28 17 26 22 28 27 24 13 24 29 16 21 27 39 21 19 0 
127 51 33 37 32 35 21 33 26 36 30 40 27 18 25 32 25 32 24 27 27 15 25 19 22 20 22 25 22 25 11 0 
