0 1342 1493 1258 1330 1036 1058 1082 996 1163 1133 1055 818 955 1120 1205 1222 1041 1172 1166 1320 1540 1453 1215 1723 1659 1517 1438 0 0 0 0 
0 996 1037 759 699 615 584 516 602 719 609 614 554 631 653 703 765 509 666 714 746 867 929 887 994 1106 896 1033 0 0 0 0 
0 1183 1239 901 863 751 742 746 716 909 732 707 539 771 757 675 823 621 732 744 909 944 930 717 946 1069 894 831 0 0 0 0 
0 1003 979 731 630 579 496 526 551 624 485 518 454 575 531 551 564 453 492 592 579 701 698 684 722 841 795 650 0 0 0 0 
0 1141 1000 1055 944 701 751 632 737 812 980 869 973 729 872 880 704 868 943 755 919 1302 922 888 1014 1154 962 942 0 0 0 0 
0 955 1026 819 815 583 647 555 549 691 600 636 495 710 671 579 722 532 717 653 774 907 800 816 896 940 916 805 0 0 0 0 
0 515 458 432 466 275 350 373 299 350 296 354 317 358 306 332 414 308 425 341 364 493 413 462 396 516 395 429 0 0 0 0 
0 658 551 415 541 343 367 382 321 321 240 463 271 384 354 360 425 327 365 353 434 493 450 403 443 495 422 449 0 0 0 0 
0 1032 935 723 870 619 660 601 637 689 784 784 767 684 842 772 773 709 844 717 869 1056 872 846 991 967 996 964 0 0 0 0 
0 468 312 251 389 211 259 282 211 313 237 306 261 332 262 240 399 251 321 281 328 402 386 359 388 475 405 354 0 0 0 0 
0 585 551 395 401 305 322 316 260 353 333 320 312 329 368 335 337 293 348 294 381 431 376 363 416 415 434 358 0 0 0 0 
0 536 514 413 363 301 256 315 335 335 234 276 161 287 286 269 283 228 287 251 274 379 363 258 332 371 357 383 0 0 0 0 
3 739 746 507 563 494 413 409 447 536 478 473 368 637 511 479 539 562 635 439 570 686 567 620 695 696 727 631 0 0 0 0 
0 387 323 201 452 254 216 238 234 145 173 217 139 209 192 221 208 135 232 186 177 212 227 289 222 243 291 247 0 0 0 0 
0 747 627 468 480 341 371 382 392 436 361 380 383 474 374 381 464 389 373 442 521 554 526 497 572 624 559 517 0 0 0 0 
