15628 3749 1642 630 57 0 0 0 0 0 11466 7168 4534 2654 2602 3920 4450 1126 1414 1276 710 1442 410 194 736 242 44 0 14 2 0 0 
12636 6887 4050 1619 25 10 0 0 0 0 11528 756 2432 7218 2604 3048 2916 2530 4944 1596 2020 2026 626 290 22 184 162 60 102 34 0 0 
12972 4971 3294 1152 631 220 0 0 0 0 10606 2403 3252 4492 2166 2228 1262 5094 888 1220 3062 1982 1328 1286 386 302 634 714 224 338 0 0 
13589 3059 2211 2166 813 242 0 0 0 0 13704 2044 1650 3058 2282 1806 1462 2114 922 2702 1404 1980 922 1872 636 484 1246 1142 414 158 0 0 
13808 3446 1834 2082 1880 366 0 0 0 0 13820 2032 2068 3146 3126 2842 886 1568 1306 1598 1538 2166 534 2206 242 1800 738 1490 770 544 0 0 
11259 4647 2932 1895 247 154 0 0 0 0 9852 1542 1151 3956 4404 1894 2986 1442 3234 868 1842 2472 686 840 454 604 262 272 894 370 0 0 
13528 2428 1581 2224 619 218 0 0 0 0 12991 4432 1987 346 2601 1968 776 546 1968 844 1624 2461 1064 966 932 1520 580 390 1800 832 0 0 
12284 4575 1160 3401 976 373 0 0 0 0 10988 3231 2506 1808 3420 796 824 1074 1984 2538 2493 2857 1782 900 322 1244 934 700 1016 772 0 0 
13130 3189 2849 1233 1153 533 0 0 0 0 13324 2812 696 2130 2904 2028 2428 4046 1540 950 1871 2080 472 1172 994 750 726 826 1032 346 0 0 
14008 3092 2350 1528 635 61 0 0 0 0 12114 5408 2364 2220 2476 1080 2228 2490 3096 2048 1710 1414 320 1348 1438 322 458 288 332 18 0 0 
11177 4555 3879 930 5 42 0 0 0 0 9464 1890 1406 2628 5183 2272 4602 3844 2206 1424 1052 1566 368 234 590 120 66 142 136 52 0 0 
13194 4409 1415 1731 409 49 0 0 0 0 11104 2310 2616 4130 4486 3082 936 1614 2224 1710 2650 744 1160 500 552 266 738 316 184 164 0 0 
12336 4813 1058 1974 968 23 0 0 0 0 9440 3958 4860 2600 3710 250 918 2038 2070 2718 1924 1406 2066 550 1024 428 946 288 216 144 0 0 
10929 2263 4244 4432 2051 260 0 0 0 0 9138 832 844 584 2504 3268 524 1532 4926 2582 2314 2454 2302 2170 1398 522 836 2508 1414 434 0 0 
12413 2798 3115 2842 1956 351 0 0 0 0 9400 3688 1224 2680 2688 1016 1322 1726 2210 2502 480 1070 1606 1468 802 1924 2334 3000 1846 530 0 0 
