15270 2337 1150 124 0 0 0 0 0 0 6064 398 1402 1022 910 1266 1822 476 0 518 0 574 126 40 336 136 0 0 0 0 0 0 
14480 2453 451 465 87 0 0 0 0 0 4470 3698 1448 418 662 900 762 97 772 186 301 338 146 64 202 0 0 0 0 0 0 0 
12840 5504 1705 722 0 0 0 0 0 0 5458 116 724 3338 760 698 258 336 980 450 662 896 152 42 0 0 34 0 38 0 0 0 
12399 3816 3028 1305 0 0 0 0 0 0 5076 60 896 1308 794 1006 1458 928 1736 502 412 368 346 84 0 76 0 0 0 0 0 0 
13427 3175 2227 429 223 35 0 0 0 0 5546 292 1118 1672 258 1114 232 1664 406 256 920 613 182 166 0 40 138 34 0 108 0 0 
11279 3460 1964 956 487 165 0 0 0 0 4254 1102 684 758 930 222 312 1704 64 419 1157 904 544 530 180 114 232 288 126 0 0 0 
13344 1690 2193 1435 250 53 0 0 0 0 6170 540 256 830 616 758 846 664 286 1316 324 292 370 336 238 114 152 136 76 42 0 0 
12262 2108 778 1283 642 302 0 0 0 0 5594 378 548 994 580 260 66 562 180 264 524 780 144 954 96 106 646 594 110 0 0 0 
14938 2964 1360 743 49 0 0 0 0 0 5808 932 822 1804 740 1828 542 302 668 336 356 434 42 0 34 106 76 42 42 42 0 0 
11505 1454 918 1660 2827 338 0 0 0 0 5390 30 516 204 878 0 48 654 170 144 612 1064 202 1336 98 1062 444 750 326 196 0 0 
10459 1719 1686 981 184 135 0 0 0 0 4754 302 26 868 1334 465 378 252 728 318 406 912 194 544 168 190 124 160 220 192 0 0 
10901 4809 2051 1269 43 77 0 0 0 0 4538 524 602 1388 1342 668 1464 424 932 144 544 502 246 90 112 278 0 0 442 70 0 0 
12528 2238 730 1073 120 0 0 0 0 0 5218 1270 948 34 1168 628 110 0 732 146 500 224 282 548 234 660 152 82 224 166 0 0 
13426 615 1260 1689 515 178 0 0 0 0 5875 1198 396 0 406 456 186 246 386 314 336 1170 454 0 324 330 208 182 834 230 0 0 
10853 3375 728 2396 1098 276 0 0 0 0 4642 492 868 206 1220 362 66 32 728 374 1600 854 744 344 34 452 486 440 196 290 0 0 
13220 2437 474 1376 297 268 0 0 0 0 5786 1192 440 884 784 48 384 604 296 904 242 666 232 152 68 128 132 38 402 348 0 0 
11588 1499 1778 975 1724 603 0 0 0 0 5390 466 0 462 418 32 1118 1380 306 332 293 636 52 616 672 372 260 248 738 194 0 0 
13659 2933 1876 378 0 0 0 0 0 0 5450 1150 260 632 1458 1176 510 1374 622 148 854 904 208 24 0 0 48 0 0 0 0 0 
15142 1038 1796 110 446 0 0 0 0 0 5424 2650 818 100 256 232 1084 802 652 576 122 62 0 708 350 126 234 0 30 0 0 0 
11661 3152 1039 1738 241 45 0 0 0 0 4642 408 580 1164 1362 262 262 386 1472 772 1166 648 128 114 472 34 40 156 144 0 0 0 
11521 2469 1790 286 0 0 0 0 0 0 4556 746 500 196 1879 822 1336 894 416 732 426 74 104 0 288 42 0 0 0 0 0 0 
9664 3948 3116 556 0 44 0 0 0 0 4462 154 230 1400 1292 610 1816 1488 606 28 242 584 38 190 70 0 24 72 80 42 0 0 
14291 3675 714 534 0 0 0 0 0 0 5364 1054 608 1684 1912 1462 460 438 296 114 904 220 174 0 76 84 110 0 0 40 0 0 
10506 2084 746 1823 397 49 0 0 0 0 4222 504 628 848 996 580 60 448 870 932 964 210 462 324 214 94 340 166 38 34 0 0 
10755 3685 719 1237 792 0 0 0 0 0 4306 152 1814 1024 1244 0 200 722 856 698 698 514 586 90 704 0 268 152 118 0 0 0 
12472 3099 347 1089 428 0 0 0 0 0 4534 2158 1420 720 1168 106 340 248 310 1134 256 216 630 48 80 242 378 0 0 38 0 0 
9543 2012 2184 4020 935 132 0 0 0 0 4330 30 202 306 682 862 120 210 2204 926 1058 726 168 664 272 74 258 856 312 228 0 0 
11694 613 3260 2064 1766 152 0 0 0 0 5108 376 94 0 462 1040 114 670 1202 644 192 694 1070 588 410 102 224 732 554 126 0 0 
11378 1193 3211 2806 1305 90 0 0 0 0 4520 1070 240 232 274 252 458 968 1120 966 250 510 276 622 132 208 708 1238 728 248 0 0 
11989 2101 1295 1103 938 291 0 0 0 0 4796 826 424 1462 1306 262 434 156 150 578 0 76 626 340 208 788 642 702 496 0 0 0 
11269 3116 572 660 2013 0 0 0 0 0 4516 954 1032 964 1030 1140 438 866 108 314 114 294 544 306 994 42 126 204 358 38 0 0 
