6 0 0 0 0 0 26 0 0 0 0 0 0 0 0 0 0 0 0 0 0 0 0 0 0 0 0 0 0 0 0 0 
6 0 0 0 0 0 26 0 0 0 0 0 0 0 0 0 0 0 0 0 0 0 0 0 0 0 0 0 0 0 0 0 
30 0 0 0 668 0 0 0 22 0 0 0 0 0 0 0 0 0 0 0 0 0 318 406 0 0 0 0 0 0 0 0 
30 0 0 0 668 0 0 0 22 0 0 0 0 0 0 0 0 0 0 0 0 0 318 406 0 0 0 0 0 0 0 0 
190 0 50 494 0 0 0 0 48 0 0 0 0 0 0 0 0 0 0 0 0 0 0 0 0 0 0 0 0 0 0 0 
190 0 50 494 0 0 0 0 48 0 0 0 0 0 0 0 0 0 0 0 0 0 0 0 0 0 0 0 0 0 0 0 
190 0 50 494 0 0 0 0 48 0 0 0 0 0 0 0 0 0 0 0 0 0 0 0 0 0 0 0 0 0 0 0 
190 0 50 494 0 0 0 0 48 0 0 0 0 0 0 0 0 0 0 0 0 0 0 0 0 0 0 0 0 0 0 0 
190 0 50 494 0 0 0 0 48 0 0 0 0 0 0 0 0 0 0 0 0 0 0 0 0 0 0 0 0 0 0 0 
190 0 50 494 0 0 0 0 48 0 0 0 0 0 0 0 0 0 0 0 0 0 0 0 0 0 0 0 0 0 0 0 
186 0 60 494 141 0 0 0 48 0 0 0 0 0 0 0 0 0 0 0 0 0 0 248 0 0 0 0 0 0 0 0 
190 0 50 494 0 0 0 0 48 0 0 0 0 0 0 0 0 0 0 0 0 0 0 0 0 0 0 0 0 0 0 0 
190 0 50 494 0 0 0 0 48 0 0 0 0 0 0 0 0 0 0 0 0 0 0 0 0 0 0 0 0 0 0 0 
100 11 94 247 0 0 0 12 24 28 0 15 0 0 0 0 0 211 216 0 147 226 10997 0 0 0 0 117 0 56 0 0 
84 0 0 0 0 0 0 0 0 0 0 30 0 0 0 0 0 0 432 0 294 100 0 0 0 0 0 0 0 0 0 0 
84 0 0 0 0 0 0 0 0 0 0 30 0 0 0 0 0 0 432 0 294 100 0 0 0 0 0 0 0 0 0 0 
79 0 0 0 0 0 0 0 0 0 0 15 0 0 0 0 0 0 264 0 147 50 0 0 0 0 0 0 17 0 0 0 
74 0 0 0 0 0 0 0 0 0 0 0 0 0 0 0 0 0 96 0 0 0 0 0 0 0 0 0 34 0 0 0 
74 0 0 0 0 0 0 0 0 0 0 0 0 0 0 0 0 0 96 0 0 0 0 0 0 0 0 0 34 0 0 0 
74 0 0 0 0 0 0 0 0 0 0 0 0 0 0 0 0 0 96 0 0 0 0 0 0 0 0 0 34 0 0 0 
74 0 0 0 0 0 0 0 0 0 0 0 0 0 0 0 0 0 96 0 0 0 0 0 0 0 0 0 34 0 0 0 
74 0 0 0 0 0 0 0 0 0 0 0 0 0 0 0 0 0 96 0 0 0 0 0 0 0 0 0 34 0 0 0 
1040 0 403 46 135 0 0 0 172 125 0 0 91 125 755 376 0 96 588 1007 722 611 2600 589 0 33 0 142 0 0 0 0 
1108 0 0 0 0 0 0 0 172 0 0 0 0 0 0 0 0 0 376 0 238 420 560 396 0 0 0 0 0 0 0 0 
1153 0 0 0 0 0 0 0 172 0 0 15 0 0 0 0 0 0 640 0 385 470 560 396 0 0 0 0 17 0 0 0 
1108 0 0 0 0 0 0 0 172 0 0 0 0 0 0 0 0 0 376 0 238 420 560 396 0 0 0 0 0 0 0 0 
1092 0 0 0 25 0 0 0 172 353 801 0 0 0 0 0 0 0 376 0 238 420 560 396 24 0 0 0 0 0 0 0 
1108 0 0 0 0 0 0 0 172 0 0 0 0 0 0 0 0 0 376 0 238 420 560 396 0 0 0 0 0 0 0 0 
1108 0 0 0 0 0 0 0 172 0 0 0 0 0 0 0 0 0 376 0 238 420 560 396 0 0 0 0 0 0 0 0 
1108 0 0 0 0 0 0 0 172 0 0 0 0 0 0 0 0 0 376 0 238 420 560 396 0 0 0 0 0 0 0 0 
1166 0 0 0 388 0 0 0 346 0 327 0 0 707 0 0 0 891 1220 316 696 634 17142 924 0 0 0 0 0 0 0 0 
1874 209 0 0 355 0 0 0 192 98 58 292 0 0 0 47 42 2809 1194 963 238 1839 14516 997 438 974 0 0 0 0 0 0 
1597 63 0 0 0 0 0 183 172 0 44 885 0 6204 512 0 0 0 817 67 684 882 16462 490 0 21 0 1258 895 125 0 0 
717 0 186 0 0 0 0 0 26 0 0 0 0 0 61 149 71 0 0 135 107 130 742 0 0 0 428 0 0 0 0 0 
1305 0 0 0 0 506 0 0 253 0 0 3417 0 0 61 0 68 0 502 270 485 130 0 0 0 0 428 0 0 0 0 0 
1232 0 186 0 0 0 0 0 0 0 0 0 0 0 0 0 0 0 0 270 0 0 277 0 0 0 0 0 0 0 0 0 
1232 0 0 0 0 0 0 0 0 0 0 0 0 0 0 0 0 0 0 270 0 0 0 0 0 0 0 0 0 0 0 0 
1232 0 0 0 0 0 0 0 0 0 0 0 0 0 0 0 0 0 0 270 0 0 0 0 0 0 0 0 0 0 0 0 
1232 0 0 0 0 0 0 0 0 0 0 0 0 0 0 0 0 0 0 270 0 0 0 0 0 0 0 0 0 0 0 0 
1226 0 0 0 0 0 0 0 0 0 0 0 17 0 0 0 0 0 0 420 0 0 812 0 0 0 0 0 0 0 0 0 
1856 0 0 0 26 0 0 0 0 0 0 80 26 0 178 43 68 0 42 270 1013 240 5588 403 0 0 428 0 248 0 0 0 
702 81 184 0 335 151 0 166 0 578 212 0 0 1895 94 1275 303 0 0 1641 273 151 80317 692 428 0 92 0 0 278 77 0 
776 612 287 419 0 84 0 104 0 84 166 0 0 0 1394 1626 478 0 954 2264 3153 1746 79804 728 192 0 0 0 6342 0 90 0 
362 0 0 0 0 151 0 0 0 0 0 0 0 0 0 0 0 0 0 0 0 0 399 0 0 0 0 0 0 0 0 0 
366 0 0 0 0 302 0 0 0 0 0 0 0 0 0 0 0 0 0 0 0 0 0 0 0 0 0 0 0 0 0 0 
366 0 0 0 0 302 0 0 0 0 0 0 0 0 0 0 0 0 0 0 0 0 0 0 0 0 0 0 0 0 0 0 
752 0 0 0 254 0 0 0 0 0 0 0 0 0 0 0 0 0 0 276 0 366 0 0 744 1948 0 0 0 0 0 0 
752 0 0 0 254 0 0 0 0 0 0 0 0 0 0 0 0 0 0 276 0 366 0 0 744 1948 0 0 0 0 0 0 
752 0 0 0 254 0 0 0 0 0 0 0 0 0 0 0 0 0 0 276 0 366 0 0 744 1948 0 0 0 0 0 0 
752 0 0 0 254 0 0 0 0 0 0 0 0 0 0 0 0 0 0 276 0 366 0 0 744 1948 0 0 0 0 0 0 
752 0 0 0 254 0 0 0 0 0 0 0 0 0 0 0 0 0 0 276 0 366 0 0 744 1948 0 0 0 0 0 0 
752 0 0 0 254 0 0 0 0 0 0 0 0 0 0 0 0 0 0 276 0 366 0 0 744 1948 0 0 0 0 0 0 
738 0 0 0 254 0 0 92 0 215 0 0 0 0 0 190 0 0 168 375 0 366 0 187 744 1948 0 0 0 0 0 0 
1157 200 0 503 950 0 174 0 0 59 0 59 0 0 583 414 636 316 100 3818 376 1273 50372 1888 1239 1948 335 370 1418 0 0 0 
296 63 0 0 0 0 9 141 0 0 0 0 0 0 0 0 0 0 0 0 41 0 169 28 0 0 0 51 1065 29 0 0 
273 126 0 0 0 0 0 0 0 0 0 0 0 0 0 0 0 0 0 0 0 0 0 0 0 0 0 102 1188 58 0 0 
250 141 0 15 0 0 0 0 0 0 0 0 0 0 0 0 0 0 0 0 0 0 0 0 0 0 0 102 1184 689 0 0 
109 63 0 0 0 0 9 141 0 0 0 0 0 0 0 0 0 0 0 0 0 21 0 0 0 0 0 0 473 14 0 0 
198 126 0 0 0 0 0 0 0 0 0 0 0 0 0 0 0 0 0 0 0 42 0 0 0 0 0 0 788 28 0 0 
148 0 0 0 37 4084 0 0 0 0 0 0 0 0 0 0 0 0 0 0 0 72 4321 318 0 0 0 0 0 0 0 0 
182 0 0 0 0 0 0 0 0 0 0 0 0 0 0 0 0 0 0 0 0 0 0 318 0 0 0 0 0 0 0 0 
182 0 0 0 0 0 0 0 0 0 0 0 0 0 0 0 0 0 0 0 0 0 0 318 0 0 0 0 0 0 0 0 
182 0 0 0 0 0 0 0 0 0 0 0 0 0 0 0 0 0 0 0 0 0 0 318 0 0 0 0 0 0 0 0 
182 0 0 0 0 0 0 0 0 0 0 0 0 0 0 0 0 0 0 0 0 0 0 318 0 0 0 0 0 0 0 0 
182 0 0 0 0 0 0 0 0 0 0 0 0 0 0 0 0 0 0 0 0 0 0 318 0 0 0 0 0 0 0 0 
182 0 0 0 0 0 0 0 0 0 0 0 0 0 0 0 0 0 0 0 0 0 0 318 0 0 0 0 0 0 0 0 
182 0 0 0 0 0 0 0 0 0 0 0 0 0 0 0 0 0 0 0 0 0 0 318 0 0 0 0 0 0 0 0 
182 0 0 0 0 0 0 0 0 0 0 0 0 0 0 0 0 0 0 0 0 0 0 318 0 0 0 0 0 0 0 0 
182 0 0 0 0 0 0 0 0 0 0 0 0 0 0 0 0 0 0 0 0 0 0 318 0 0 0 0 0 0 0 0 
169 0 80 244 21 0 0 0 0 0 0 39 0 0 0 0 38 0 49 0 0 0 0 351 0 0 0 0 0 0 0 0 
182 0 0 0 0 0 0 0 0 0 0 0 0 0 0 0 0 0 0 0 0 0 0 318 0 0 0 0 0 0 0 0 
182 0 0 0 0 0 0 0 0 0 0 0 0 0 0 0 0 0 0 0 0 0 0 318 0 0 0 0 0 0 0 0 
182 0 0 0 0 0 0 0 0 0 0 0 0 0 0 0 0 0 0 0 0 0 0 318 0 0 0 0 0 0 0 0 
182 0 0 0 0 0 0 0 0 0 0 0 0 0 0 0 0 0 0 0 0 0 0 318 0 0 0 0 0 0 0 0 
169 0 0 21 0 0 0 0 0 0 0 0 0 0 0 0 0 0 0 0 0 0 0 318 0 0 0 27 0 0 0 0 
1492 217 0 0 0 0 0 0 0 0 0 0 0 0 0 0 260 0 41 0 43 0 0 59 0 0 0 0 0 0 0 0 
1506 0 0 0 0 0 0 0 0 0 0 0 0 0 0 0 0 0 0 0 0 0 0 0 0 0 0 0 0 0 0 0 
1506 0 0 0 0 0 0 0 0 0 0 0 0 0 0 0 0 0 0 0 0 0 0 0 0 0 0 0 0 0 0 0 
1506 0 0 0 0 0 0 0 0 0 0 0 0 0 0 0 0 0 0 0 0 0 0 0 0 0 0 0 0 0 0 0 
1506 0 0 0 0 0 0 0 0 0 0 0 0 0 0 0 0 0 0 0 0 0 0 0 0 0 0 0 0 0 0 0 
1506 0 0 0 0 0 0 0 0 0 0 0 0 0 0 0 0 0 0 0 0 0 0 0 0 0 0 0 0 0 0 0 
1506 0 0 0 0 0 0 0 0 0 0 0 0 0 0 0 0 0 0 0 0 0 0 0 0 0 0 0 0 0 0 0 
1506 0 0 0 0 0 0 0 0 0 0 0 0 0 0 0 0 0 0 0 0 0 0 0 0 0 0 0 0 0 0 0 
1506 0 0 0 0 0 0 0 0 0 0 0 0 0 0 0 0 0 0 0 0 0 0 0 0 0 0 0 0 0 0 0 
1506 0 0 0 0 0 0 0 0 0 0 0 0 0 0 0 0 0 0 0 0 0 0 0 0 0 0 0 0 0 0 0 
1506 0 0 0 0 0 0 0 0 0 0 0 0 0 0 0 0 0 0 0 0 0 0 0 0 0 0 0 0 0 0 0 
1495 0 15 0 96 0 0 0 64 0 0 0 0 0 0 0 0 0 0 0 0 0 0 0 0 0 0 0 0 0 0 0 
1495 700 0 0 0 0 0 0 0 0 0 0 0 0 0 0 0 0 0 0 0 0 0 0 0 0 0 0 0 0 0 0 
1506 0 0 0 0 0 0 0 0 0 0 0 0 0 0 0 0 0 0 0 0 0 0 0 0 0 0 0 0 0 0 0 
1506 0 0 0 0 0 0 0 0 0 0 0 0 0 0 0 0 0 0 0 0 0 0 0 0 0 0 0 0 0 0 0 
1506 0 0 0 0 0 0 0 0 0 0 0 0 0 0 0 0 0 0 0 0 0 0 0 0 0 0 0 0 0 0 0 
1506 0 0 0 0 0 0 0 0 0 0 0 0 0 0 0 0 0 0 0 0 0 0 0 0 0 0 0 0 0 0 0 
1506 0 0 0 0 0 0 0 0 0 0 0 0 0 0 0 0 0 0 0 0 0 0 0 0 0 0 0 0 0 0 0 
1506 0 0 0 0 0 0 0 0 0 0 0 0 0 0 0 0 0 0 0 0 0 0 0 0 0 0 0 0 0 0 0 
1506 0 0 0 0 0 0 0 0 0 0 0 0 0 0 0 0 0 0 0 0 0 0 0 0 0 0 0 0 0 0 0 
1506 0 0 0 0 0 0 0 0 0 0 0 0 0 0 0 0 0 0 0 0 0 0 0 0 0 0 0 0 0 0 0 
1585 0 0 0 0 0 0 0 0 0 0 0 0 1432 1842 124 382 1281 0 43 0 0 5048 0 0 0 0 0 0 0 0 0 
1639 0 0 0 0 124 146 350 0 0 0 0 0 0 57 52 0 0 303 383 0 179 0 0 2698 0 0 0 85 0 939 0 
1506 0 0 0 0 0 0 0 0 0 0 0 0 0 0 0 0 0 0 0 0 0 0 0 0 0 0 0 0 0 0 0 
1506 0 0 0 0 0 0 0 0 0 0 0 0 0 0 0 0 0 0 0 0 0 0 0 0 0 0 0 0 0 0 0 
1506 0 0 0 0 0 0 0 0 0 0 0 0 0 0 0 0 0 0 0 0 0 0 0 0 0 0 0 0 0 0 0 
1506 0 0 0 0 0 0 0 0 0 0 0 0 0 0 0 0 0 0 0 0 0 0 0 0 0 0 0 0 0 0 0 
1506 0 0 0 0 0 0 0 0 0 0 0 0 0 0 0 0 0 0 0 0 0 0 0 0 0 0 0 0 0 0 0 
1451 0 0 163 0 0 0 0 0 0 533 0 0 0 0 0 411 0 29 705 188 0 0 0 0 0 0 0 0 0 415 0 
1506 0 0 0 0 0 0 0 0 0 0 0 0 0 0 0 0 0 0 0 0 0 0 0 0 0 0 0 0 0 0 0 
1604 0 0 0 0 0 0 0 0 788 0 0 0 0 0 0 0 0 0 0 0 0 0 0 114 0 0 0 0 0 36 0 
1685 0 0 0 1321 0 305 88 1106 0 0 398 0 1358 0 731 198 2928 3548 871 2136 1582 29923 3966 502 1051 0 0 1723 0 0 0 
3463 0 221 0 497 433 0 199 200 0 314 102 49 938 1184 694 0 1256 2978 3993 2403 2931 97213 12122 83 60 0 523 403 287 0 0 
0 0 0 0 0 0 0 0 0 0 0 0 0 0 156 0 0 0 0 0 0 0 0 0 0 0 0 0 0 0 0 0 
622 0 0 0 0 0 0 0 0 0 0 0 0 0 0 0 0 0 0 0 0 0 0 0 0 0 0 0 0 0 0 0 
323 83 134 0 0 17 0 0 32 0 25 0 0 0 9 14 0 0 0 266 1082 150 6147 74 64 0 0 0 0 0 0 0 
4512 80 0 0 276 0 0 0 286 66 0 0 0 871 321 383 627 91 1108 529 33 1342 1194 247 0 120 0 0 806 215 0 0 
4546 0 0 0 276 0 0 0 0 0 0 0 0 0 312 342 0 0 918 508 0 1342 1162 236 0 120 0 0 806 0 0 0 
4546 0 0 0 276 0 0 0 0 0 0 0 0 0 312 342 0 0 918 508 0 1342 1162 236 0 120 0 0 806 0 0 0 
4546 0 0 0 276 0 0 0 0 0 0 0 0 0 312 342 0 0 918 508 0 1342 1162 236 0 120 0 0 806 0 0 0 
4546 0 0 0 276 0 0 0 0 0 0 0 0 0 312 342 0 0 918 508 0 1342 1162 236 0 120 0 0 806 0 0 0 
4546 0 0 0 276 0 0 0 0 0 0 0 0 0 312 342 0 0 918 508 0 1342 1162 236 0 120 0 0 806 0 0 0 
4546 0 0 0 276 0 0 0 0 0 0 0 0 0 312 342 0 0 918 508 0 1342 1162 236 0 120 0 0 806 0 0 0 
4546 0 0 0 276 0 0 0 0 0 0 0 0 0 312 342 0 0 918 508 0 1342 1162 236 0 120 0 0 806 0 0 0 
4546 0 0 0 276 0 0 0 0 0 0 0 0 0 312 342 0 0 918 508 0 1342 1162 236 0 120 0 0 806 0 0 0 
4537 0 0 0 276 0 0 0 0 69 0 0 0 0 312 342 0 0 918 508 0 1342 1162 236 0 120 0 0 806 0 70 0 
4548 51 222 0 337 0 0 0 0 0 76 0 0 0 312 342 0 0 918 793 1082 1492 5127 310 1313 120 0 0 806 0 0 0 
4546 0 0 0 276 0 0 0 0 0 0 0 0 0 312 342 0 0 918 508 0 1342 1162 236 0 120 0 0 806 0 0 0 
4546 0 0 0 276 0 0 0 0 0 0 0 0 0 312 342 0 0 918 508 0 1342 1162 236 0 120 0 0 806 0 0 0 
4539 0 0 13 276 0 0 0 0 0 0 0 0 0 312 342 0 0 918 508 0 1342 1162 236 47 120 0 0 806 0 0 0 
4953 0 0 36 471 0 334 0 0 0 0 0 0 28 477 525 0 0 918 968 0 1422 1652 236 0 120 0 523 1166 282 0 0 
4788 0 134 132 524 303 0 0 72 48 162 58 0 2148 2314 910 1145 132 1624 1417 1557 2047 30298 3681 227 536 0 0 806 901 74 0 
4754 0 28 116 486 0 0 0 25 1200 82 0 168 0 759 538 447 379 1026 1317 0 2051 3975 1227 2495 120 511 0 960 0 0 0 
4561 277 0 447 276 67 65 195 218 2077 174 56 26 552 2380 767 577 0 1604 1636 255 2206 21793 559 11134 264 0 0 1297 125 0 0 
4600 0 39 28 422 0 279 822 352 332 565 232 0 549 2256 2043 2591 8675 1180 912 626 2083 42327 2047 632 3460 832 998 806 0 711 0 
3840 108 278 516 965 437 0 612 0 0 0 66 153 109 321 1456 28 0 1315 3293 515 1325 5114 1265 467 1091 162 328 1008 0 409 0 
2137 1084 77 0 885 804 0 0 10257 0 1673 1276 0 835 743 1668 1554 0 459 705 1485 4855 31794 1043 1097 60 275 0 642 0 0 0 
5312 731 0 694 1716 891 2484 699 848 999 987 80 735 1714 2345 5792 2355 458 7079 2578 2652 2633 91484 5511 2615 1239 0 523 1693 40 827 0 
1026 173 0 0 0 128 0 1244 7 0 0 0 0 0 0 100 0 0 110 192 474 154 474 921 970 0 324 0 0 0 0 0 
1034 0 0 0 0 0 0 1224 0 0 0 0 0 0 13 100 0 0 0 192 474 154 0 602 934 0 324 0 0 0 0 0 
1036 0 0 0 0 0 0 1224 0 0 0 0 0 0 0 100 0 0 0 192 474 154 0 602 934 0 324 0 0 0 0 0 
1036 0 0 0 0 0 0 1224 0 0 0 0 0 0 0 100 0 0 0 192 474 154 0 602 934 0 324 0 0 0 0 0 
1029 0 0 0 0 104 0 1224 0 0 0 0 0 0 0 100 0 0 0 192 474 154 0 602 934 0 324 0 0 0 0 0 
1036 0 0 0 0 0 0 1224 0 0 0 0 0 0 0 100 0 0 0 192 474 154 0 602 934 0 324 0 0 0 0 0 
1769 333 131 896 1133 331 0 676 0 0 0 0 0 0 45 1898 968 0 2008 2708 1268 864 6655 1322 467 147 162 284 2815 0 0 0 
2734 0 0 602 23 0 0 0 0 0 135 0 0 0 0 550 0 0 882 2511 0 0 7822 1537 0 0 0 0 0 0 882 0 
2743 0 0 764 0 0 0 0 0 0 0 0 0 0 148 550 0 0 882 2502 0 444 6700 828 0 0 0 0 8 0 0 0 
2708 153 0 602 0 0 0 0 0 0 0 0 0 59 756 1434 151 0 882 3267 293 0 12937 1167 445 157 0 0 0 317 0 0 
2726 0 0 602 308 0 0 55 0 0 350 0 0 0 0 550 98 0 1042 2688 0 74 11096 946 226 0 0 0 0 0 0 0 
2714 0 0 602 0 650 0 0 46 313 0 0 0 0 37 1239 0 197 1267 3480 123 146 7584 1470 0 786 0 0 0 0 0 0 
2716 0 50 602 109 0 0 85 0 0 139 447 0 0 0 550 0 0 921 3002 17 1044 10672 1149 0 0 0 0 6 0 0 0 
2725 0 0 602 695 0 0 195 0 0 0 0 0 0 0 1297 0 0 977 2681 0 0 7268 1246 230 0 0 0 0 0 0 0 
2695 89 264 602 468 0 983 0 1135 246 0 0 0 0 61 711 840 0 914 3097 1232 782 16250 1073 226 0 0 53 0 0 0 0 
2621 141 0 1214 0 1009 0 98 0 402 0 0 582 85 0 2653 1359 0 2404 5505 3238 978 61772 4517 0 0 0 1452 1026 923 44 0 
2626 96 0 602 0 2123 18 0 466 123 803 206 190 0 450 848 687 0 1591 3589 2063 1376 55636 3101 1039 951 0 0 1445 0 378 0 
1880 0 0 301 85 673 442 173 710 903 1082 174 0 122 706 1340 256 924 1574 4194 1599 1833 75130 1517 1057 789 0 0 3094 339 100 0 
0 0 0 0 0 0 0 0 0 0 0 0 0 0 0 0 0 0 0 0 0 0 0 0 0 0 0 0 0 0 0 0 
0 0 0 0 0 0 0 0 0 0 0 0 0 0 0 0 0 0 0 0 0 0 0 0 0 0 0 0 0 0 0 0 
0 0 0 0 0 0 0 0 0 0 0 0 0 0 0 0 0 0 0 0 0 0 0 0 0 0 0 0 0 0 0 0 
84 145 0 0 0 0 0 0 0 0 0 0 0 0 0 278 0 0 0 0 0 0 0 0 0 0 0 0 0 0 0 0 
168 290 0 0 0 0 0 0 0 0 0 0 0 0 0 556 0 0 0 0 0 0 0 0 0 0 0 0 0 0 0 0 
168 290 0 0 0 0 0 0 0 0 0 0 0 0 0 556 0 0 0 0 0 0 0 0 0 0 0 0 0 0 0 0 
168 290 0 0 0 0 0 0 0 0 0 0 0 0 0 556 0 0 0 0 0 0 0 0 0 0 0 0 0 0 0 0 
168 290 0 0 0 0 0 0 0 0 0 0 0 0 0 556 0 0 0 0 0 0 0 0 0 0 0 0 0 0 0 0 
168 290 0 0 0 0 0 0 0 0 0 0 0 0 0 556 0 0 0 0 0 0 0 0 0 0 0 0 0 0 0 0 
168 290 0 0 0 0 0 0 0 0 0 0 0 0 0 556 0 0 0 0 0 0 0 0 0 0 0 0 0 0 0 0 
145 290 65 300 0 0 231 0 0 38 0 0 0 0 0 556 0 0 170 892 0 1474 691 0 0 0 0 0 0 0 0 0 
168 290 0 0 0 0 0 0 0 0 0 0 0 0 0 556 0 0 0 0 0 0 0 0 0 0 0 0 0 0 0 0 
151 290 0 0 0 0 0 0 0 0 0 0 0 0 0 556 0 0 0 0 0 0 0 0 0 0 0 0 0 464 161 0 
168 290 0 0 0 0 0 0 0 0 0 0 0 0 0 556 0 0 0 0 0 0 0 0 0 0 0 0 0 0 0 0 
168 290 0 0 0 0 0 0 0 0 0 0 0 0 0 556 0 0 0 0 0 0 0 0 0 0 0 0 0 0 0 0 
40 0 0 0 0 0 0 0 0 0 0 0 0 0 0 0 0 0 0 0 0 0 0 0 0 0 0 0 0 0 0 0 
40 0 0 0 0 0 0 0 0 0 0 0 0 0 0 0 0 0 0 0 0 0 0 0 0 0 0 0 0 0 0 0 
64 0 0 203 67 0 74 0 36 0 58 0 0 0 0 0 0 0 0 0 0 0 0 0 398 0 0 0 0 0 0 0 
23 0 0 0 0 0 64 0 36 0 0 0 0 0 0 0 0 0 0 0 0 0 0 0 837 0 0 0 0 0 0 0 
28 0 0 0 0 0 0 0 0 0 0 0 0 0 0 0 0 0 0 0 0 0 0 0 48 0 0 0 0 0 0 0 
27 0 0 0 0 0 0 0 0 0 0 0 0 0 0 0 0 0 0 0 0 0 0 0 288 0 0 0 0 0 0 0 
26 0 0 0 0 0 0 0 0 0 0 0 0 0 0 0 0 0 0 0 0 0 0 0 528 0 0 0 0 0 0 0 
26 0 0 0 0 0 0 0 0 0 0 0 0 0 0 0 0 0 0 0 0 0 0 0 528 0 0 0 0 0 0 0 
26 0 0 0 0 0 0 0 0 0 0 0 0 0 0 0 0 0 0 0 0 0 0 0 528 0 0 0 0 0 0 0 
26 0 0 0 0 0 0 0 0 0 0 0 0 0 0 0 0 0 0 0 0 0 0 0 528 0 0 0 0 0 0 0 
10 0 0 0 0 0 0 0 0 0 0 0 0 0 0 55 0 0 0 584 0 0 0 0 264 275 0 0 0 0 0 0 
2 0 0 0 0 0 0 0 0 0 0 0 0 0 0 0 0 0 0 0 0 0 0 0 0 0 0 0 0 0 0 0 
2 0 0 0 0 0 0 0 0 0 0 0 0 0 0 0 0 0 0 0 0 0 0 0 0 0 0 0 0 0 0 0 
36 0 0 0 128 0 210 0 0 0 0 0 0 0 0 0 0 0 0 0 0 0 0 0 440 0 0 0 0 0 0 0 
36 0 0 0 128 0 210 0 0 0 0 0 0 0 0 0 0 0 0 0 0 0 0 0 440 0 0 0 0 0 0 0 
63 0 0 0 0 0 100 0 0 0 0 0 0 0 0 0 0 0 0 0 0 0 0 0 630 0 0 0 0 0 0 0 
48 0 0 0 0 0 96 0 0 0 0 0 0 0 0 0 0 0 0 0 0 0 0 0 590 0 0 0 0 0 0 0 
0 0 0 0 0 0 0 0 0 0 0 0 0 0 0 0 0 0 0 0 0 0 0 0 1622 0 0 0 0 0 0 0 
77 0 0 0 0 0 0 0 0 0 0 0 0 0 0 0 0 0 0 0 0 0 0 0 1964 0 0 0 0 0 0 0 
64 0 0 0 0 0 0 0 0 0 0 0 0 0 0 0 0 0 0 0 0 0 0 0 1350 0 0 0 0 0 0 0 
71 0 0 0 0 0 0 0 0 0 0 0 0 0 0 0 0 0 0 0 0 0 0 0 2013 0 0 0 0 0 0 0 
8 0 0 0 0 0 0 0 0 0 0 0 0 0 0 0 0 0 0 0 0 0 0 0 678 0 0 0 0 0 0 0 
1 0 0 0 0 0 2 0 0 0 0 0 0 0 0 0 0 0 0 0 0 0 0 0 0 0 0 0 0 0 0 0 
18 0 0 0 0 0 0 0 0 0 0 0 0 0 0 0 0 0 0 0 0 0 0 0 0 0 0 0 0 0 0 0 
18 0 0 0 0 0 0 0 0 0 0 0 0 0 0 0 0 0 0 0 0 0 0 0 0 0 0 0 0 0 0 0 
74 0 0 0 0 0 22 0 0 93 41 0 0 22 0 39 0 0 0 0 173 0 0 0 0 0 178 0 0 0 0 0 
152 0 0 0 0 0 44 0 0 186 82 0 0 0 0 0 0 0 0 0 0 0 0 0 0 0 0 0 0 0 0 0 
152 0 0 0 0 0 44 0 0 186 82 0 0 0 0 0 0 0 0 0 0 0 0 0 0 0 0 0 0 0 0 0 
152 0 0 0 0 0 44 0 0 186 82 0 0 0 0 0 0 0 0 0 0 0 0 0 0 0 0 0 0 0 0 0 
152 0 0 0 0 0 44 0 0 186 82 0 0 0 0 0 0 0 0 0 0 0 0 0 0 0 0 0 0 0 0 0 
152 0 0 0 0 0 44 0 0 186 82 0 0 0 0 0 0 0 0 0 0 0 0 0 0 0 0 0 0 0 0 0 
152 0 0 0 0 0 44 0 0 186 82 0 0 0 0 0 0 0 0 0 0 0 0 0 0 0 0 0 0 0 0 0 
152 0 0 0 0 0 44 0 0 186 82 0 0 0 0 0 0 0 0 0 0 0 0 0 0 0 0 0 0 0 0 0 
235 0 0 0 0 0 22 0 0 157 41 0 0 0 0 0 17 0 0 0 117 0 0 0 0 0 46 0 0 0 0 0 
328 0 0 0 0 0 0 0 0 128 0 0 0 0 0 0 0 0 0 0 0 0 0 0 0 0 0 0 0 0 0 0 
751 0 0 25 0 0 0 0 0 542 0 0 0 0 0 0 0 0 0 0 0 366 0 0 0 71 0 0 0 215 0 0 
764 0 0 0 0 0 0 0 0 0 18 0 0 0 0 0 0 0 0 0 0 0 0 0 17 79 0 0 0 0 0 0 
768 0 0 0 0 0 0 0 0 0 0 0 0 0 0 0 0 0 0 0 0 0 0 0 0 0 0 0 0 0 0 0 
1012 0 0 0 0 0 0 0 0 332 74 0 0 0 0 0 0 0 0 0 0 0 0 0 0 0 0 0 0 0 0 0 
768 0 0 0 0 0 0 0 0 0 0 0 0 0 0 0 0 0 0 0 0 0 0 0 0 0 0 0 0 0 0 0 
768 0 0 0 0 0 0 0 0 0 0 0 0 0 0 0 0 0 0 0 0 0 0 0 0 0 0 0 0 0 0 0 
768 0 0 0 0 0 0 0 0 0 0 0 0 0 0 0 0 0 0 0 0 0 0 0 0 0 0 0 0 0 0 0 
897 0 0 0 0 0 0 0 0 0 0 0 0 0 269 0 0 87 0 0 0 0 4380 0 348 82 0 37 63 1546 40 0 
252 0 0 0 0 0 0 0 0 332 92 0 0 0 0 0 0 0 0 0 0 0 0 0 0 73 0 0 0 0 0 0 
492 0 0 0 0 0 0 0 0 664 148 0 0 0 0 0 0 0 0 0 0 0 0 0 0 0 0 0 0 0 0 0 
492 0 0 0 0 0 0 0 0 664 148 0 0 0 0 0 0 0 0 0 0 0 0 0 0 0 0 0 0 0 0 0 
492 0 0 0 0 0 0 0 0 664 148 0 0 0 0 0 0 0 0 0 0 0 0 0 0 0 0 0 0 0 0 0 
492 0 0 0 0 0 0 0 0 664 148 0 0 0 0 0 0 0 0 0 0 0 0 0 0 0 0 0 0 0 0 0 
492 0 0 0 0 0 0 0 0 664 148 0 0 0 0 0 0 0 0 0 0 0 0 0 0 0 0 0 0 0 0 0 
2 0 0 0 0 0 0 28 0 0 0 0 0 0 0 0 0 0 0 0 0 0 0 0 0 0 0 0 0 0 0 0 
805 0 0 0 0 0 0 0 0 276 0 0 0 0 0 0 0 0 0 0 0 0 0 0 0 0 0 0 0 0 0 0 
576 0 0 0 0 0 0 0 0 276 0 0 0 0 0 0 0 0 0 0 0 0 0 0 0 0 0 0 0 0 0 0 
576 0 0 0 0 0 0 0 0 276 0 0 0 0 0 0 0 0 0 0 0 0 0 0 0 0 0 0 0 0 0 0 
576 0 0 0 0 0 0 0 0 276 0 0 0 0 0 0 0 0 0 0 0 0 0 0 0 0 0 0 0 0 0 0 
576 0 0 0 0 0 0 0 0 276 0 0 0 0 0 0 0 0 0 0 0 0 0 0 0 0 0 0 0 0 0 0 
1070 0 0 0 0 0 0 0 0 276 47 0 0 0 0 0 0 0 0 0 0 0 0 0 0 33 0 0 0 0 0 0 
576 0 0 0 0 0 0 0 0 276 0 0 0 0 0 0 0 0 0 0 0 0 0 0 0 0 0 0 0 0 0 0 
576 0 0 0 0 0 0 0 0 276 0 0 0 0 0 0 0 0 0 0 0 0 0 0 0 0 0 0 0 0 0 0 
576 0 0 0 0 0 0 0 0 276 0 0 0 0 0 0 0 0 0 0 0 0 0 0 0 0 0 0 0 0 0 0 
576 0 0 0 0 0 0 0 0 276 0 0 0 0 0 0 0 0 0 0 0 0 0 0 0 0 0 0 0 0 0 0 
576 0 0 0 0 0 0 0 0 276 0 0 0 0 0 0 0 0 0 0 0 0 0 0 0 0 0 0 0 0 0 0 
576 0 0 0 0 0 0 0 0 276 0 0 0 0 0 0 0 0 0 0 0 0 0 0 0 0 0 0 0 0 0 0 
576 0 0 0 0 0 0 0 0 276 0 0 0 0 0 0 0 0 0 0 0 0 0 0 0 0 0 0 0 0 0 0 
1374 0 0 70 264 0 56 0 0 342 0 0 117 0 368 731 73 0 1098 664 0 105 677 369 0 416 0 0 0 0 65 0 
673 0 0 0 187 0 48 0 0 138 0 0 0 0 2238 153 372 0 0 0 0 574 11265 0 0 33 0 0 0 0 0 0 
129 0 0 0 0 0 0 0 0 100 130 0 0 0 0 0 0 0 0 0 0 0 0 0 0 0 0 0 0 0 0 0 
158 132 0 0 0 0 0 0 0 2410 304 3 0 0 0 0 0 0 0 0 0 0 0 0 0 0 0 0 0 568 0 0 
113 196 0 0 0 0 0 0 0 2376 699 0 0 0 0 0 0 0 0 0 0 0 0 0 0 0 0 0 0 284 0 0 
562 0 0 0 0 0 11 0 0 636 29 0 0 0 0 0 0 0 0 25 0 0 0 0 0 0 0 0 0 0 0 0 
16 0 0 0 0 0 0 0 0 0 0 0 0 0 0 0 0 0 0 50 0 0 0 0 0 0 0 0 0 0 0 0 
532 0 0 0 0 0 11 0 0 169 0 0 0 0 0 0 0 0 0 50 0 0 0 0 0 0 0 0 0 0 0 0 
16 0 0 0 0 0 0 0 0 166 0 0 0 0 0 0 0 0 0 0 0 0 0 0 0 0 0 0 0 0 0 0 
527 0 0 0 0 0 11 0 0 252 0 0 0 0 0 0 0 0 0 0 0 0 0 0 0 0 0 0 0 0 0 0 
2 0 0 0 0 0 0 0 0 0 0 0 0 0 0 0 0 0 0 0 0 0 0 0 0 0 0 0 0 0 0 0 
22 0 0 0 0 0 0 0 0 0 0 0 0 0 0 0 0 0 0 0 0 0 0 0 0 0 0 0 0 0 0 0 
45 0 0 0 0 0 0 0 0 0 0 0 0 0 0 0 0 0 0 0 0 0 0 0 0 0 0 0 0 0 0 0 
61 0 0 0 0 0 0 0 0 0 0 0 0 0 0 0 0 0 0 0 0 0 0 0 0 0 0 0 0 0 0 0 
44 0 0 0 0 0 0 0 0 0 0 0 0 0 0 0 0 0 0 0 0 0 0 0 0 0 0 0 0 0 0 0 
86 0 0 0 0 0 0 0 0 0 0 0 0 0 0 0 0 0 0 0 0 0 0 0 0 0 0 0 0 0 0 0 
115 66 0 0 48 0 0 0 0 1746 86 0 0 0 0 0 0 0 0 0 0 0 0 0 0 0 0 0 0 284 0 0 
902 0 0 0 0 0 0 0 0 0 112 0 0 0 0 0 0 0 0 0 0 0 112 0 0 0 0 0 0 0 0 0 
900 0 0 0 0 0 0 2 0 0 112 0 0 0 0 0 0 0 0 0 0 0 112 0 0 0 0 0 0 0 0 0 
902 0 0 0 0 0 0 0 0 0 112 0 0 0 0 0 0 0 0 0 0 0 112 0 0 0 0 0 0 0 0 0 
902 0 0 0 0 0 0 0 0 0 112 0 0 0 0 0 0 0 0 0 0 0 112 0 0 0 0 0 0 0 0 0 
902 0 0 0 0 0 0 0 0 0 112 0 0 0 0 0 0 0 0 0 0 0 112 0 0 0 0 0 0 0 0 0 
902 0 0 0 0 0 0 0 0 0 112 0 0 0 0 0 0 0 0 0 0 0 112 0 0 0 0 0 0 0 0 0 
902 0 0 0 0 0 0 0 0 0 112 0 0 0 0 0 0 0 0 0 0 0 112 0 0 0 0 0 0 0 0 0 
902 0 0 0 0 0 0 0 0 0 112 0 0 0 0 0 0 0 0 0 0 0 112 0 0 0 0 0 0 0 0 0 
902 0 0 0 0 0 0 0 0 0 112 0 0 0 0 0 0 0 0 0 0 0 112 0 0 0 0 0 0 0 0 0 
902 0 0 0 0 0 0 0 0 0 112 0 0 0 0 0 0 0 0 0 0 0 112 0 0 0 0 0 0 0 0 0 
902 0 0 0 0 0 0 0 0 0 112 0 0 0 0 0 0 0 0 0 0 0 112 0 0 0 0 0 0 0 0 0 
902 0 0 0 0 0 0 0 0 0 112 0 0 0 0 0 0 0 0 0 0 0 112 0 0 0 0 0 0 0 0 0 
884 82 0 0 10 0 0 0 0 698 1525 0 0 0 0 0 0 0 0 0 0 0 112 0 91 0 0 0 0 268 0 0 
437 169 0 84 285 0 130 0 217 0 56 137 0 0 0 207 0 0 108 408 1247 109 364 0 1614 0 0 0 0 408 0 0 
1117 0 0 0 0 0 0 0 0 307 84 162 0 0 0 0 0 0 0 0 0 0 56 0 0 0 0 0 52 0 0 0 
32 0 0 0 0 0 0 0 0 0 0 0 0 0 0 0 0 0 0 0 0 0 0 0 0 0 0 0 0 0 0 0 
19 0 0 0 0 0 0 0 0 0 0 0 0 0 38 0 0 0 0 0 0 0 0 0 0 0 0 0 0 0 0 0 
37 0 0 0 0 0 0 0 0 0 0 0 0 0 38 344 0 0 0 0 0 172 0 0 0 0 0 0 0 0 0 0 
26 0 0 0 0 173 0 0 76 0 0 0 0 0 604 172 0 0 0 73 0 86 0 0 0 0 0 0 0 0 0 0 
45 0 0 0 0 173 0 0 76 64 0 0 0 0 0 0 0 0 0 0 0 0 0 0 0 0 0 0 0 0 0 0 
48 0 0 0 0 0 0 0 0 128 0 0 0 0 0 0 0 0 0 0 0 0 0 0 0 0 0 0 0 0 0 0 
48 0 0 0 0 0 0 0 0 128 0 0 0 0 0 0 0 0 0 0 0 0 0 0 0 0 0 0 0 0 0 0 
48 0 0 0 0 0 0 0 0 128 0 0 0 0 0 0 0 0 0 0 0 0 0 0 0 0 0 0 0 0 0 0 
48 0 0 0 0 0 0 0 0 128 0 0 0 0 0 0 0 0 0 0 0 0 0 0 0 0 0 0 0 0 0 0 
48 0 0 0 0 0 0 0 0 128 0 0 0 0 0 0 0 0 0 0 0 0 0 0 0 0 0 0 0 0 0 0 
48 0 0 0 0 0 0 0 0 128 0 0 0 0 0 0 0 0 0 0 0 0 0 0 0 0 0 0 0 0 0 0 
48 0 0 0 0 0 0 0 0 128 0 0 0 0 0 0 0 0 0 0 0 0 0 0 0 0 0 0 0 0 0 0 
975 26 0 308 0 126 0 0 409 0 0 0 0 0 131 156 0 0 569 36 0 0 0 0 0 0 0 0 0 0 0 0 
940 0 0 254 0 126 0 0 272 0 0 0 0 0 0 156 0 0 0 0 0 0 0 0 0 0 0 0 0 0 0 0 
940 0 0 254 0 126 0 0 272 0 0 0 0 0 0 156 0 0 0 0 0 0 0 0 0 0 0 0 0 0 0 0 
940 0 0 254 0 126 0 0 272 0 0 0 0 0 0 156 0 0 0 0 0 0 0 0 0 0 0 0 0 0 0 0 
903 0 11 254 51 2435 27 0 272 136 0 0 0 0 0 156 0 0 0 0 0 0 1399 1089 0 0 0 0 0 0 0 0 
929 0 0 278 0 299 0 0 348 0 0 0 0 0 427 156 0 0 0 0 0 0 0 0 0 0 0 0 0 0 0 0 
940 0 0 254 0 126 0 0 272 0 0 0 0 0 0 156 0 0 0 0 0 0 0 0 0 0 0 0 0 0 0 0 
940 0 0 254 0 126 0 0 272 0 0 0 0 0 0 156 0 0 0 0 0 0 0 0 0 0 0 0 0 0 0 0 
940 0 0 254 0 126 0 0 272 0 0 0 0 0 0 156 0 0 0 0 0 0 0 0 0 0 0 0 0 0 0 0 
940 0 0 254 0 126 0 0 272 0 0 0 0 0 0 156 0 0 0 0 0 0 0 0 0 0 0 0 0 0 0 0 
954 0 0 254 0 126 0 0 272 64 0 0 0 0 0 156 0 0 0 0 0 0 0 0 0 0 0 0 0 0 0 0 
940 0 0 254 0 126 0 0 272 0 0 0 0 0 0 156 0 0 0 0 0 0 0 0 0 0 0 0 0 0 0 0 
928 0 0 266 0 126 0 0 272 0 0 0 0 0 0 156 0 0 0 0 0 0 0 0 0 0 0 0 0 0 0 0 
917 0 0 254 291 5897 0 0 272 64 0 2190 0 1120 0 156 0 0 0 0 0 0 1080 510 0 0 0 0 211 0 0 0 
837 723 0 403 34 212 355 0 272 1266 112 156 137 0 153 2286 1730 0 497 455 0 388 7626 529 157 998 0 996 821 0 0 0 
532 0 172 258 0 12821 330 0 311 271 234 61 162 649 733 78 0 433 1496 610 967 712 14036 134 507 0 293 0 0 0 18 0 
376 0 0 0 0 256 0 0 0 0 374 0 0 0 0 0 0 0 0 0 0 0 0 50 0 0 0 0 0 0 0 0 
376 0 0 0 0 256 0 0 0 0 374 0 0 0 0 0 0 0 0 0 0 0 0 50 0 0 0 0 0 0 0 0 
376 0 0 0 0 256 0 0 0 0 374 0 0 0 0 0 0 0 0 0 0 0 0 50 0 0 0 0 0 0 0 0 
370 0 0 0 0 256 0 8 0 0 374 0 23 0 44 0 0 0 0 0 0 0 0 50 0 0 0 0 0 0 0 0 
376 0 0 0 0 256 0 0 0 0 374 0 0 0 0 0 0 0 0 0 0 0 0 50 0 0 0 0 0 0 0 0 
376 0 0 0 0 256 0 0 0 0 374 0 0 0 0 0 0 0 0 0 0 0 0 50 0 0 0 0 0 0 0 0 
428 0 0 0 0 128 0 0 0 824 187 0 151 4396 3747 0 0 211 0 0 0 0 0 25 0 0 0 0 0 0 0 0 
14 0 0 0 0 0 0 186 0 0 0 0 0 0 0 0 0 0 0 0 0 0 0 0 0 0 0 0 0 0 0 0 
28 0 0 0 0 0 0 0 0 0 0 0 0 0 0 0 0 0 0 0 0 0 0 0 0 0 0 0 0 0 0 0 
303 0 0 0 0 0 0 0 0 0 0 0 0 0 0 0 0 0 0 0 0 0 441 0 0 0 0 0 0 0 0 0 
193 0 0 0 0 0 0 0 0 0 0 0 0 0 0 0 0 0 0 0 0 0 0 0 0 0 0 0 3204 0 0 0 
198 0 0 0 0 0 0 0 0 0 0 0 0 0 0 0 0 0 0 0 0 0 0 0 0 0 0 0 1858 0 0 0 
214 0 0 0 35 0 0 0 0 0 0 0 0 0 0 14 0 0 21 15 0 32 0 0 0 0 0 0 2274 0 59 0 
272 0 0 0 37 0 0 0 0 0 23 0 0 0 0 0 0 0 0 0 0 0 0 0 0 49 0 266 2094 0 101 0 
255 0 0 0 0 0 0 0 0 0 0 0 0 0 0 0 26 0 23 0 0 32 0 0 0 0 0 0 2444 0 0 0 
82 0 0 0 0 0 0 0 0 0 0 0 0 0 0 0 0 0 0 0 0 64 0 0 0 0 0 0 544 0 0 0 
63 0 0 0 0 0 0 0 0 0 0 0 0 0 0 0 0 0 0 0 0 32 0 0 0 0 0 0 1191 0 0 0 
152 0 0 0 0 528 0 0 168 717 0 133 0 0 0 583 457 0 152 626 453 0 5814 300 0 0 0 0 1761 0 0 0 
285 0 0 0 0 0 0 0 0 0 0 0 0 0 0 0 0 0 46 0 0 0 0 0 0 0 0 0 5142 0 0 0 
290 0 0 0 0 0 0 0 0 250 0 0 0 0 0 0 0 0 46 0 0 0 0 0 0 0 0 2 3156 0 0 0 
66 0 49 0 35 0 0 0 0 0 0 0 0 0 0 0 0 0 21 0 0 0 0 0 0 0 0 0 45 0 9 0 
90 0 49 0 70 0 0 0 0 0 0 49 0 0 0 0 0 0 42 0 0 0 81 0 0 0 0 0 615 0 31 0 
41 0 0 0 0 0 0 0 0 0 0 0 0 0 0 0 0 0 21 0 47 0 0 0 0 0 0 0 39 0 9 0 
39 0 0 0 0 0 0 0 0 0 0 0 0 0 0 0 0 0 0 0 47 0 0 0 0 0 0 0 0 0 0 0 
70 0 0 0 0 0 0 0 0 0 0 0 0 0 0 0 0 0 0 0 0 0 0 0 0 0 0 0 0 0 0 0 
46 0 0 0 0 0 0 0 0 8 0 0 0 0 0 0 0 0 0 0 0 0 0 0 0 0 0 0 0 0 27 0 
22 0 0 0 0 0 0 0 0 16 0 0 0 0 0 0 0 0 0 0 0 0 0 0 0 0 0 0 0 0 54 0 
28 0 0 0 0 0 0 0 0 8 0 0 0 0 0 0 0 0 0 0 0 0 0 0 0 0 0 0 0 0 27 0 
53 0 0 0 0 0 0 0 0 0 0 0 0 0 0 0 0 0 0 0 0 0 0 0 0 0 0 0 0 0 0 0 
139 0 0 168 0 0 0 0 0 0 0 0 0 0 0 0 521 0 49 0 0 0 1589 0 0 0 0 0 0 0 0 0 
300 0 0 0 0 0 0 0 0 0 0 0 0 0 0 0 0 0 0 0 0 0 0 0 0 0 0 0 0 0 0 0 
300 0 0 0 0 0 0 0 0 0 0 0 0 0 0 0 0 0 0 0 0 0 0 0 0 0 0 0 0 0 0 0 
243 76 162 168 0 0 0 0 0 0 0 0 0 0 1058 60 819 10080 182 388 144 476 26419 69 319 0 0 0 0 0 0 0 
196 76 0 0 0 0 0 0 0 555 0 0 0 491 3604 0 263 2100 234 368 0 0 12361 0 319 0 0 0 0 0 0 0 
182 0 0 0 0 0 0 0 0 1237 0 0 0 0 0 0 0 0 0 0 0 0 0 0 0 0 72 0 0 0 0 0 
247 0 0 0 0 0 0 0 0 2863 0 0 0 0 0 0 0 0 0 0 0 0 0 0 0 0 0 0 0 68 0 0 
216 0 0 0 0 0 0 0 0 1696 0 0 0 0 0 0 0 0 0 0 0 0 0 0 0 0 0 0 0 0 0 0 
216 0 0 0 0 0 0 0 0 1965 0 0 0 0 0 0 0 0 0 0 0 0 0 0 0 0 0 0 0 0 0 0 
216 0 0 0 0 0 0 0 0 1696 0 0 0 0 0 0 0 0 0 0 0 0 0 0 0 0 0 0 0 0 0 0 
41 0 0 0 0 0 0 0 0 269 0 0 0 0 0 0 0 0 0 0 0 0 0 0 0 0 0 0 0 0 0 0 
51 0 0 0 0 0 0 0 0 16 0 0 0 0 0 0 0 0 0 0 0 0 0 0 0 0 0 0 0 38 0 0 
52 0 0 0 0 0 0 0 0 32 0 0 0 0 0 0 0 0 0 0 0 0 0 0 0 0 0 0 0 76 0 0 
52 0 0 0 0 0 0 0 0 32 0 0 0 0 0 0 0 0 0 0 0 0 0 0 0 0 0 0 0 76 0 0 
52 0 0 0 0 0 0 0 0 32 0 0 0 0 0 0 0 0 0 0 0 0 0 0 0 0 0 0 0 76 0 0 
70 0 7 0 0 0 0 0 0 96 18 0 0 0 0 0 0 0 0 16 0 0 441 0 0 0 0 0 0 0 0 0 
18 0 0 0 0 0 0 0 0 96 18 0 0 0 0 0 0 0 0 0 0 0 0 0 0 0 0 0 0 0 0 0 
129 0 0 0 0 0 0 0 0 0 0 0 0 0 0 0 0 0 0 0 0 0 0 0 0 0 0 0 0 0 0 0 
349 0 0 0 0 0 0 0 0 0 0 0 0 0 0 0 0 0 0 0 0 0 0 0 0 0 0 0 0 0 0 0 
364 0 0 0 0 0 0 0 0 0 0 0 0 0 0 0 0 0 0 0 0 0 0 0 0 0 0 0 0 0 0 0 
139 0 0 0 0 0 0 0 0 9 0 0 0 0 0 0 0 0 0 0 0 0 0 0 0 0 0 0 0 0 0 0 
50 0 0 0 0 0 0 0 0 18 0 0 0 0 0 0 0 0 0 0 0 0 0 0 0 0 0 0 0 0 0 0 
147 0 0 0 0 0 0 0 0 637 0 0 0 0 0 0 0 0 0 0 0 0 0 0 0 0 0 0 0 0 0 0 
18 0 0 0 0 0 0 0 0 0 0 0 0 0 0 0 0 0 0 0 0 0 0 0 0 0 0 0 0 0 0 0 
34 0 0 0 0 0 0 0 0 0 46 0 0 0 0 0 0 0 0 0 0 0 0 0 0 0 0 0 0 0 0 0 
201 0 0 0 0 0 0 0 0 23 23 0 0 0 0 0 0 0 0 0 0 0 0 0 0 0 0 0 0 0 0 0 
92 0 0 0 0 0 0 0 0 0 0 0 0 0 0 0 0 0 0 0 0 0 0 0 0 0 0 0 0 0 0 0 
93 0 0 0 0 0 0 0 0 0 0 0 0 0 0 0 0 0 0 0 0 0 0 0 0 0 0 0 0 0 0 0 
48 0 0 0 0 0 0 0 0 0 0 0 0 0 0 0 0 0 0 0 0 0 1071 0 0 0 0 0 0 0 0 0 
137 0 0 0 0 0 0 0 0 0 0 0 0 0 0 0 0 0 0 0 0 0 2142 0 0 0 0 0 0 0 0 0 
362 0 0 0 0 0 0 0 0 0 0 0 0 0 538 0 0 174 0 0 0 0 8760 0 0 0 0 74 0 0 0 0 
362 0 0 0 0 0 0 0 0 0 0 0 0 0 538 0 0 174 0 0 0 0 8760 0 0 0 0 74 0 0 0 0 
222 0 0 0 0 0 0 0 0 0 50 0 0 0 0 0 0 0 0 0 0 0 0 0 0 0 0 0 0 0 36 0 
222 0 0 0 0 0 0 0 0 0 50 0 0 0 0 0 0 0 0 0 0 0 0 0 0 0 0 0 0 0 36 0 
222 0 0 0 0 0 0 0 0 0 50 0 0 0 0 0 0 0 0 0 0 0 0 0 0 0 0 0 0 0 36 0 
222 0 0 0 0 0 0 0 0 0 50 0 0 0 0 0 0 0 0 0 0 0 0 0 0 0 0 0 0 0 36 0 
222 0 0 0 0 0 0 0 0 0 50 0 0 0 0 0 0 0 0 0 0 0 0 0 0 0 0 0 0 0 36 0 
182 0 0 0 0 102 0 0 0 0 50 0 383 1505 367 1150 2456 0 0 261 413 621 15069 64 0 0 0 149 199 0 36 0 
76 0 0 0 0 0 0 0 0 3867 153 0 156 0 0 0 0 0 0 0 0 0 0 0 0 0 0 0 0 0 18 0 
236 0 0 0 37 0 0 0 0 378 157 0 0 0 0 0 0 0 0 0 0 0 0 0 0 0 0 0 0 0 0 0 
120 0 0 0 74 0 0 0 0 756 314 0 0 0 0 0 0 0 0 0 0 0 0 0 0 0 0 0 0 0 0 0 
12 0 0 0 0 0 0 0 0 0 0 0 0 0 0 0 0 0 0 0 0 0 0 0 0 0 0 0 0 0 0 0 
122 0 0 0 0 0 0 0 0 0 0 0 0 0 0 0 0 0 0 0 0 0 0 0 0 0 0 0 0 0 0 0 
122 0 0 0 0 0 0 0 0 0 0 0 0 0 0 0 0 0 0 0 0 0 0 0 0 0 0 0 0 0 0 0 
153 0 0 0 0 0 0 0 0 0 0 0 0 0 0 0 0 0 0 0 0 0 0 0 0 0 0 0 0 0 0 0 
184 0 0 0 0 0 0 0 0 0 0 0 0 0 0 0 0 0 0 0 0 0 0 0 0 0 0 0 0 0 0 0 
152 0 0 0 0 0 0 0 0 128 273 0 0 0 0 0 0 0 0 0 0 0 0 0 0 0 0 0 0 0 0 0 
112 0 0 0 0 0 0 0 0 0 546 0 0 0 0 0 0 0 0 0 0 0 0 0 0 0 0 0 0 0 0 0 
112 0 0 0 0 0 0 0 0 0 546 0 0 0 0 0 0 0 0 0 0 0 0 0 0 0 0 0 0 0 0 0 
178 0 0 0 0 0 0 0 0 324 37 0 0 0 0 0 0 0 0 0 0 0 4812 0 0 0 0 0 0 122 0 0 
341 0 0 0 0 0 0 0 0 140 74 0 0 0 0 0 0 0 0 0 0 0 9624 3 0 0 0 0 0 244 0 0 
344 0 0 0 0 0 0 0 0 140 74 0 0 0 0 0 0 0 0 0 0 0 9624 0 0 0 0 0 0 244 0 0 
344 0 0 0 0 0 0 0 0 140 74 0 0 0 0 0 0 0 0 0 0 0 9624 0 0 0 0 0 0 244 0 0 
344 0 0 0 0 0 0 0 0 140 74 0 0 0 0 0 0 0 0 0 0 0 9624 0 0 0 0 0 0 244 0 0 
20 0 0 0 0 0 0 0 0 0 0 0 0 0 0 0 0 0 0 0 0 0 0 0 0 0 0 0 0 0 0 0 
78 0 0 0 0 0 0 0 0 176 0 0 0 0 0 0 0 0 0 0 0 0 0 0 0 0 0 0 0 0 0 0 
72 0 0 0 0 205 0 0 0 176 0 0 0 283 97 0 0 0 0 0 0 0 0 0 0 0 0 0 0 0 0 0 
92 0 0 0 0 0 0 0 0 0 0 0 0 0 0 0 0 0 0 0 0 0 0 0 0 0 0 0 0 0 0 0 
1414 0 0 0 0 0 0 436 0 0 0 0 0 0 0 750 0 0 0 588 0 0 1136 0 0 0 0 360 0 0 0 0 
1670 266 0 0 549 0 0 560 0 0 0 156 0 334 0 967 0 0 85 588 262 0 4856 0 0 0 0 360 0 0 0 0 
95 0 0 0 0 0 0 124 0 0 256 156 0 0 0 0 0 0 722 0 0 0 0 0 45 0 0 0 109 0 0 0 
136 0 0 0 0 0 0 0 0 0 512 0 0 0 0 0 0 0 1444 0 0 0 0 0 90 0 0 0 218 0 0 0 
136 0 0 0 0 0 0 0 0 0 512 0 0 0 0 0 0 0 1444 0 0 0 0 0 90 0 0 0 218 0 0 0 
136 0 0 0 0 0 0 0 0 0 512 0 0 0 0 0 0 0 1444 0 0 0 0 0 90 0 0 0 218 0 0 0 
508 0 35 0 102 0 0 0 0 0 512 0 0 0 76 0 64 0 1999 130 35 266 344 0 90 0 233 0 218 0 0 0 
372 0 1598 0 0 0 0 0 1682 0 0 0 0 0 0 0 0 0 0 0 0 0 0 0 0 0 0 0 0 0 0 0 
370 0 1600 0 0 0 0 0 1682 0 0 0 0 0 0 0 0 0 0 0 0 0 0 0 0 0 0 0 0 0 0 0 
337 0 2854 0 0 0 0 0 1682 0 0 0 0 6783 9885 0 0 0 0 0 0 0 437 0 0 0 0 0 0 0 0 0 
263 0 2235 0 270 644 117 0 1501 0 0 0 0 0 0 0 0 0 0 0 0 0 225 0 0 0 0 207 0 0 0 0 
88 0 0 0 270 21 42 176 720 0 0 259 0 0 0 75 0 0 0 0 0 0 225 0 0 0 0 0 0 0 0 0 
166 0 0 0 540 0 84 0 50 0 0 0 0 0 0 0 0 0 0 0 0 0 450 0 0 0 0 0 0 0 0 0 
362 266 0 0 819 0 42 0 25 0 0 0 0 334 0 217 0 0 317 0 262 317 11908 3990 0 0 0 0 229 0 0 0 
298 266 351 0 549 0 288 0 0 0 0 836 0 982 0 217 0 0 85 0 417 77 14798 3990 1206 0 0 0 0 0 0 0 
3121 0 0 0 355 295 0 195 0 0 184 307 0 439 1733 2050 536 1601 813 1184 617 1623 75054 5815 2416 0 88 59 625 0 124 0 
5755 0 187 654 639 3857 212 1579 878 460 767 3741 1154 1318 5955 5814 341 450 5406 4200 4964 3056 129552 5847 3824 371 233 3380 813 1062 5 0 
3320 309 0 0 549 912 0 195 132 0 358 193 0 334 3237 2440 387 3142 1022 930 4652 1079 39398 2266 1015 200 0 0 173 0 149 0 
5448 0 0 0 0 5361 0 390 0 0 287 386 0 0 3466 3956 0 2696 1162 1737 994 212 24236 20928 2030 0 0 0 346 0 0 0 
5581 0 0 0 0 590 0 390 0 274 0 479 0 0 3466 3956 535 0 1162 1967 994 0 20201 3222 2030 0 0 0 346 62 0 0 
5520 0 0 0 0 590 0 390 0 0 0 386 0 0 3466 3956 0 0 1162 1578 994 0 18322 3222 2030 0 0 0 346 0 0 0 
5520 0 0 0 0 590 0 390 0 0 0 386 0 0 3466 3956 0 0 1162 1578 994 0 18322 3222 2030 0 0 0 346 0 0 0 
5507 0 0 0 0 590 0 390 65 35 0 386 0 0 3466 3956 0 0 1162 1578 1120 342 21210 3394 2030 0 0 144 346 0 60 0 
5510 0 0 0 0 590 28 390 0 0 0 386 0 0 3466 3956 18 0 1162 1578 994 229 18322 3263 2050 0 0 0 346 0 0 0 
5784 0 0 0 220 590 0 549 0 0 0 512 0 0 3582 3956 48 0 1492 1889 1285 153 18390 3222 2030 0 0 0 346 0 0 0 
5784 0 0 0 220 590 0 549 0 0 0 512 0 0 3582 3956 48 0 1492 1889 1285 153 18390 3222 2030 0 0 0 346 0 0 0 
5555 8 0 104 0 590 0 390 0 0 0 386 0 0 3466 4018 0 0 1162 1578 994 260 18322 3222 2497 0 0 0 346 0 0 0 
5520 0 0 0 0 590 0 390 0 0 0 386 0 0 3466 3956 0 0 1162 1578 994 0 18322 3222 2030 0 0 0 346 0 0 0 
5476 0 0 0 0 2248 124 390 185 66 402 386 0 0 3514 4049 147 0 1301 2161 1737 186 21289 3222 2266 166 0 608 346 0 0 0 
5520 0 0 0 0 590 0 390 0 0 0 386 0 0 3466 3956 0 0 1162 1578 994 0 18322 3222 2030 0 0 0 346 0 0 0 
5653 0 0 221 18 590 12 390 153 556 0 479 0 0 3466 4747 535 0 1200 2515 994 598 21456 3379 2036 0 0 0 346 62 9 0 
5573 0 97 305 0 590 0 390 0 314 70 707 161 402 4351 4254 185 77 2301 2975 2017 1048 46222 3743 2030 0 0 0 775 901 390 0 
2708 435 0 178 1134 295 1997 474 0 153 160 193 0 0 1914 4165 0 0 2013 1290 1469 627 17185 1779 1015 849 0 189 173 52 182 0 
514 0 0 43 348 313 0 159 0 464 0 219 0 0 116 148 868 0 468 1989 291 189 2410 74 607 229 0 0 98 119 88 0 
684 20 0 140 220 0 0 159 0 548 0 682 0 0 116 0 1242 76 330 1089 519 1730 4514 0 0 0 0 0 0 124 0 0 
466 85 0 576 220 0 345 285 33 0 0 206 0 0 1631 439 503 0 330 1006 580 1079 32034 1622 3845 5 96 0 0 0 225 0 
708 0 0 0 440 0 0 318 0 0 0 252 0 0 232 0 96 0 660 622 582 306 136 0 0 0 0 0 0 0 0 0 
708 0 0 0 440 0 0 318 0 0 0 252 0 0 232 0 96 0 660 622 582 306 136 0 0 0 0 0 0 0 0 0 
698 0 0 0 440 736 113 318 0 0 0 252 0 0 260 106 108 0 660 622 582 444 602 0 0 0 0 0 0 0 23 0 
66 0 0 0 0 0 0 0 0 0 0 0 0 0 0 0 0 0 0 0 0 0 0 0 0 0 0 189 0 0 0 0 
108 0 0 8 0 0 0 0 0 0 0 0 0 0 0 0 0 0 0 0 0 0 0 0 0 0 0 0 0 0 0 0 
84 0 0 8 0 0 0 0 0 0 0 0 0 0 0 0 0 0 0 0 0 0 0 0 0 0 6 0 0 0 0 0 
84 0 0 0 0 0 0 0 0 0 0 0 0 0 0 0 0 0 0 0 0 0 0 0 0 0 12 0 0 0 0 0 
8 0 0 0 0 0 0 0 0 0 0 0 0 0 0 0 0 0 0 0 0 0 0 0 0 0 0 0 0 0 0 0 
182 0 0 0 0 0 0 0 0 0 0 0 0 0 0 0 0 0 0 0 0 0 0 0 0 0 0 0 0 0 0 0 
140 0 0 0 0 0 0 0 0 0 0 0 0 0 0 0 0 0 0 0 0 0 0 0 0 0 0 0 0 0 0 0 
50 0 0 0 0 0 0 0 0 0 0 0 0 0 0 0 0 0 0 0 0 0 0 0 0 0 0 0 0 0 0 0 
454 0 0 0 0 0 0 0 0 0 0 0 0 0 0 0 0 0 0 0 0 0 0 0 0 0 0 0 0 0 0 0 
454 0 0 0 0 0 0 0 0 0 0 0 0 0 0 0 0 0 0 0 0 0 0 0 0 0 0 0 0 0 0 0 
454 0 0 0 0 0 0 0 0 0 0 0 0 0 0 0 0 0 0 0 0 0 0 0 0 0 0 0 0 0 0 0 
454 0 0 0 0 0 0 0 0 0 0 0 0 0 0 0 0 0 0 0 0 0 0 0 0 0 0 0 0 0 0 0 
454 0 0 0 0 0 0 0 0 0 0 0 0 0 0 0 0 0 0 0 0 0 0 0 0 0 0 0 0 0 0 0 
440 0 0 0 0 0 0 0 0 0 20 0 0 0 103 0 0 0 0 0 445 0 0 0 0 0 0 0 0 0 0 0 
56 0 0 0 0 0 0 4 0 0 0 0 0 0 0 0 0 0 0 0 0 0 0 0 0 0 0 0 0 0 0 0 
222 0 0 0 0 0 0 0 0 0 0 0 0 0 0 0 0 0 0 0 0 0 0 0 0 0 0 0 0 0 0 0 
118 0 0 0 0 0 0 0 0 162 0 0 0 0 0 0 0 0 0 0 0 0 0 0 0 0 0 0 0 0 0 0 
342 0 0 0 0 0 0 0 0 36 64 0 0 0 0 0 0 0 0 0 0 0 0 0 0 0 0 0 0 0 0 0 
346 0 0 0 0 0 0 0 0 36 60 0 0 0 0 0 0 0 0 0 0 0 0 0 0 0 0 0 0 0 0 0 
346 0 0 0 0 0 0 0 0 36 60 0 0 0 0 0 0 0 0 0 0 0 0 0 0 0 0 0 0 0 0 0 
41 0 0 0 0 0 0 0 0 0 0 0 0 0 0 0 0 0 0 0 0 0 534 0 48 0 0 1081 687 0 0 0 
50 0 0 0 0 0 0 0 0 0 0 0 0 0 0 0 0 0 0 0 0 0 0 0 20 0 0 0 0 0 0 0 
50 0 0 0 0 0 0 0 0 0 0 0 0 0 0 0 0 0 0 0 0 0 0 0 20 0 0 0 0 0 0 0 
41 0 0 0 0 0 0 0 0 0 46 0 0 0 310 0 0 0 0 716 0 289 371 229 0 0 0 0 0 0 0 0 
308 0 0 0 0 0 0 0 0 738 0 0 0 0 0 0 0 0 0 0 0 0 0 0 0 0 0 0 0 0 0 0 
308 0 0 0 0 0 0 0 0 738 0 0 0 0 0 0 0 0 0 0 0 0 0 0 0 0 0 0 0 0 0 0 
308 0 0 0 0 0 0 0 0 738 0 0 0 0 0 0 0 0 0 0 0 0 0 0 0 0 0 0 0 0 0 0 
308 0 0 0 0 0 0 0 0 738 0 0 0 0 0 0 0 0 0 0 0 0 0 0 0 0 0 0 0 0 0 0 
308 0 0 0 0 0 0 0 0 738 0 0 0 0 0 0 0 0 0 0 0 0 0 0 0 0 0 0 0 0 0 0 
32 0 0 0 0 0 0 0 88 0 0 0 0 0 0 0 0 0 0 0 0 0 0 326 0 0 0 0 0 0 0 0 
32 0 0 0 0 0 0 0 88 0 0 0 0 0 0 0 0 0 0 0 0 0 0 326 0 0 0 0 0 0 0 0 
32 0 0 0 0 0 0 0 88 0 0 0 0 0 0 0 0 0 0 0 0 0 0 326 0 0 0 0 0 0 0 0 
20 0 0 0 0 0 0 0 44 0 0 0 0 0 0 0 0 0 0 0 0 0 0 163 0 0 0 0 0 0 0 0 
2069 0 0 0 0 0 0 0 0 356 415 0 0 0 269 27 0 87 0 0 70 99 4380 192 0 0 0 37 0 146 709 0 
1368 0 0 0 0 0 0 0 0 0 248 0 0 0 0 0 0 0 0 0 0 0 0 0 0 0 0 0 0 146 0 0 
1368 0 0 0 0 0 0 0 0 0 248 0 0 0 0 0 0 0 0 0 0 0 0 0 0 0 0 0 0 146 0 0 
1368 0 0 0 0 0 0 0 0 0 248 0 0 0 0 0 0 0 0 0 0 0 0 0 0 0 0 0 0 146 0 0 
1368 0 0 0 0 0 0 0 0 0 248 0 0 0 0 0 0 0 0 0 0 0 0 0 0 0 0 0 0 146 0 0 
1377 0 0 0 0 0 0 0 0 0 248 0 0 0 0 0 0 0 0 0 0 0 0 0 0 0 0 0 0 146 0 0 
1368 0 0 0 0 0 0 0 0 0 248 0 0 0 0 0 0 0 0 0 0 0 0 0 0 0 0 0 0 146 0 0 
1553 0 0 0 0 0 0 0 0 238 248 0 0 0 269 0 0 87 42 24 0 0 4380 0 0 1714 0 37 0 252 46 0 
268 0 0 0 0 0 0 0 0 0 0 0 0 0 38 0 0 0 0 0 0 0 0 0 0 0 0 0 0 0 0 0 
194 0 0 0 0 0 0 67 0 0 0 0 0 0 0 0 0 0 0 0 0 0 0 0 0 0 0 0 0 0 0 0 
249 0 0 0 0 0 0 0 0 0 0 0 0 0 0 0 0 0 0 0 0 0 0 0 0 0 0 0 0 0 0 0 
299 0 0 0 0 0 0 0 0 0 0 0 0 0 0 0 0 0 0 0 0 0 0 0 0 0 0 0 0 0 0 0 
227 0 0 0 72 0 0 0 0 0 0 0 0 0 0 0 0 0 0 0 0 0 0 0 0 0 0 0 0 0 68 0 
244 0 0 0 36 0 0 0 0 0 0 0 0 0 0 0 0 0 0 0 0 0 0 0 0 0 0 0 0 0 0 0 
166 0 0 0 0 0 0 0 0 0 0 0 0 0 0 0 0 0 0 0 0 0 0 0 0 0 0 0 0 0 0 0 
1622 0 0 0 0 0 0 0 0 0 0 0 0 0 0 0 0 0 0 0 0 0 0 0 0 0 0 0 0 0 0 0 
1622 0 0 0 0 0 0 0 0 0 0 0 0 0 0 0 0 0 0 0 0 0 0 0 0 0 0 0 0 0 0 0 
1619 0 0 0 0 0 0 0 0 0 13 0 0 0 0 0 0 0 0 0 0 0 0 0 0 0 0 6 0 82 0 0 
1622 0 0 0 0 0 0 0 0 0 0 0 0 0 0 0 0 0 0 0 0 0 0 0 0 0 0 0 0 0 0 0 
1622 0 0 0 0 0 0 0 0 0 0 0 0 0 0 0 0 0 0 0 0 0 0 0 0 0 0 0 0 0 0 0 
35 0 0 0 0 0 0 0 0 0 13 0 0 0 0 0 0 0 0 0 0 0 0 0 0 0 0 0 0 0 0 0 
164 11 0 0 0 0 0 6 0 212 22 28 0 0 0 0 0 0 0 0 0 0 0 0 0 0 0 0 0 0 0 0 
168 0 0 0 0 0 0 0 0 212 22 28 0 0 0 0 0 0 0 0 0 0 0 0 0 0 0 0 0 0 0 0 
124 0 0 0 0 0 0 0 31 106 11 14 0 0 0 0 0 0 0 0 0 0 0 0 0 0 0 0 0 0 0 0 
396 0 0 0 0 0 0 0 1948 0 0 0 0 0 0 0 0 0 0 0 0 0 1008 0 0 0 922 168 120 658 0 0 
492 0 0 0 0 0 0 0 1692 1070 0 260 0 0 0 0 88 0 0 0 0 0 1008 0 0 0 0 0 0 0 0 0 
479 0 0 0 0 0 0 0 1692 1940 0 260 0 0 0 0 88 0 0 0 0 0 1008 0 0 0 0 0 0 0 0 0 
592 0 0 0 0 0 0 0 2955 1117 0 646 0 1814 178 0 290 0 0 0 0 0 1008 0 0 0 461 168 60 329 0 0 
605 0 0 0 0 0 0 0 4904 629 0 675 0 1814 310 0 448 0 0 0 0 0 1008 0 0 0 922 1401 60 329 0 0 
168 0 0 0 0 0 0 0 2459 0 0 188 0 0 132 0 0 0 0 0 0 0 0 0 0 0 922 1522 0 0 0 0 
196 0 0 0 0 0 0 0 7524 47 0 130 0 0 182 196 0 227 285 892 501 414 5293 123 0 0 0 0 0 0 0 0 
156 0 0 0 0 0 0 0 4488 0 0 0 0 0 0 0 0 0 0 0 0 632 0 0 0 0 0 0 0 0 0 0 
114 0 0 0 0 0 0 0 2244 0 0 0 0 0 50 196 0 0 285 892 501 414 4789 123 0 0 0 0 0 0 0 0 
21 0 0 0 0 0 0 0 0 0 0 0 0 0 0 0 0 0 0 0 0 0 0 0 0 0 0 0 0 0 0 0 
1031 0 0 0 0 0 0 0 0 0 0 0 0 0 0 0 0 0 0 0 0 0 0 0 0 0 0 0 0 0 0 0 
86 0 0 0 0 0 0 0 0 0 0 0 0 0 0 0 0 0 0 0 0 0 0 0 0 0 0 0 0 0 0 0 
206 0 0 0 0 0 0 0 0 0 0 0 0 0 0 0 0 0 0 0 0 0 0 0 0 0 0 0 0 0 97 0 
54 0 0 0 0 0 0 0 0 0 0 0 0 0 0 0 0 0 0 0 0 0 0 0 0 0 0 0 0 0 0 0 
277 0 0 0 0 0 0 0 0 0 0 0 0 0 0 0 0 0 0 0 0 0 872 160 0 0 0 0 0 0 0 0 
604 0 0 0 0 0 0 0 0 0 0 0 0 0 0 0 0 0 0 0 0 0 0 0 0 0 0 0 0 0 0 0 
270 0 0 0 0 0 0 0 162 0 0 0 0 0 0 0 0 0 0 0 0 0 0 0 0 0 0 0 0 0 0 0 
77 0 0 0 0 0 0 0 0 0 0 0 0 0 0 0 0 0 0 0 0 0 0 0 0 0 0 0 0 0 0 0 
348 0 0 0 0 0 0 0 20 0 0 0 0 0 0 0 0 0 0 0 0 0 0 0 0 0 0 0 0 0 0 0 
28 0 0 0 0 0 0 0 0 0 0 0 0 0 0 0 0 0 0 0 0 0 0 0 0 0 0 0 0 0 0 0 
28 0 0 0 0 0 0 0 0 22 0 0 0 0 0 0 0 0 0 0 0 0 0 0 0 0 0 0 0 0 0 0 
66 0 0 0 0 0 0 0 0 1205 0 0 0 0 0 0 0 0 0 0 0 0 0 0 0 0 0 0 0 0 0 0 
175 0 0 0 0 0 0 0 0 143 0 0 0 0 0 0 0 0 0 0 0 0 0 0 0 0 0 0 0 0 0 0 
131 0 0 0 0 0 0 0 0 0 0 0 0 0 0 0 0 0 0 0 0 0 0 0 0 0 0 0 0 0 0 0 
189 0 0 0 0 0 0 0 0 0 0 0 0 0 0 0 0 0 0 0 0 0 0 0 0 0 0 0 0 0 0 0 
228 0 0 0 0 0 0 0 0 0 0 0 0 0 0 644 0 0 0 0 0 0 0 0 0 66 0 0 0 0 0 0 
636 0 0 0 0 0 0 0 0 0 0 0 0 0 0 0 0 0 0 0 0 0 0 0 0 0 0 0 0 0 0 0 
636 0 0 0 0 0 0 0 0 0 0 0 0 0 0 0 0 0 0 0 0 0 0 0 0 0 0 0 0 0 0 0 
