8017 1355 282 0 0 0 0 0 0 0 3517 254 693 570 565 348 1014 132 0 212 0 84 126 0 210 0 0 0 0 0 0 0 
6903 982 868 124 0 0 0 0 0 0 2514 142 695 452 339 915 808 340 0 303 0 487 0 40 126 136 0 0 0 0 0 0 
6981 909 270 259 0 0 0 0 0 0 2456 1822 842 48 198 523 500 34 398 76 32 32 40 0 148 0 0 0 0 0 0 0 
6665 1485 181 206 87 0 0 0 0 0 1934 1869 587 370 464 369 262 63 363 110 269 303 106 64 52 0 0 0 0 0 0 0 
5709 2951 505 142 0 0 0 0 0 0 2548 52 497 1709 540 108 203 166 170 246 553 252 76 41 0 0 0 0 37 0 0 0 
5449 2532 1200 580 0 0 0 0 0 0 2751 63 217 1584 207 573 54 165 803 204 106 635 76 0 0 0 34 0 0 0 0 0 
5109 1817 1384 1104 0 0 0 0 0 0 2619 0 0 862 595 217 55 545 1373 0 369 250 304 42 0 0 0 0 0 0 0 0 
5897 1996 1642 201 0 0 0 0 0 0 2325 60 896 425 187 784 1399 366 333 502 38 117 42 42 0 76 0 0 0 0 0 0 
6699 2111 1376 66 0 0 0 0 0 0 2510 0 1057 1193 0 938 232 532 306 256 430 360 76 0 0 0 0 34 0 0 0 0 
6494 1064 851 363 223 35 0 0 0 0 3032 292 50 474 258 170 0 1132 100 0 490 253 106 166 0 40 138 0 0 108 0 0 
5331 1019 923 599 53 0 0 0 0 0 1978 1010 124 118 286 179 0 697 64 376 627 593 253 150 0 42 70 123 0 0 0 0 
5673 2441 1040 357 434 165 0 0 0 0 2253 92 560 639 644 38 312 1003 0 34 526 308 288 380 180 72 162 162 126 0 0 0 
6535 783 1392 919 49 0 0 0 0 0 2852 472 60 170 106 610 484 278 286 862 156 262 328 76 68 0 76 0 76 42 0 0 
6809 907 801 516 201 53 0 0 0 0 3318 68 196 660 510 148 362 386 0 454 168 30 42 260 170 114 76 136 0 0 0 0 
6440 598 538 881 565 232 0 0 0 0 3130 30 190 68 548 0 24 222 48 88 260 460 66 740 32 106 324 552 110 0 0 0 
5822 1510 240 402 77 70 0 0 0 0 2464 348 358 926 32 260 42 340 132 176 264 320 78 214 64 0 322 42 0 0 0 0 
7298 1778 373 323 0 0 0 0 0 0 2980 652 380 1186 320 522 204 0 268 148 118 260 42 0 0 0 0 42 0 0 0 0 
7640 1186 987 420 49 0 0 0 0 0 2828 280 442 618 420 1306 338 302 400 188 238 174 0 0 34 106 76 0 42 42 0 0 
4845 415 598 1001 1595 285 0 0 0 0 2262 0 182 144 0 0 48 204 132 50 356 556 202 880 98 406 368 572 148 162 0 0 
6660 1039 320 659 1232 53 0 0 0 0 3128 30 334 60 878 0 0 450 38 94 256 508 0 456 0 656 76 178 178 34 0 0 
5479 948 180 473 184 135 0 0 0 0 2592 238 26 238 966 0 0 252 28 228 180 302 88 372 64 32 124 160 140 72 0 0 
4932 771 1506 508 0 0 0 0 0 0 2160 64 0 628 368 465 378 0 700 90 223 610 106 172 104 158 0 0 80 120 0 0 
5148 1561 686 906 43 77 0 0 0 0 2324 78 98 870 148 236 761 93 497 0 248 80 246 90 112 240 0 0 404 70 0 0 
5745 2855 1365 363 0 0 0 0 0 0 2196 446 502 504 1193 429 697 328 432 143 294 421 0 0 0 38 0 0 38 0 0 0 
6344 1984 186 638 77 0 0 0 0 0 2396 785 947 34 897 364 66 0 352 98 395 28 170 148 38 120 152 0 82 0 0 0 
6184 254 544 435 43 0 0 0 0 0 2822 484 0 0 270 262 44 0 380 48 104 196 112 400 196 540 0 82 140 166 0 0 
6487 50 389 963 385 178 0 0 0 0 2875 544 0 0 0 306 30 142 176 224 114 274 32 0 267 302 208 126 820 190 0 0 
6939 565 871 726 0 0 0 0 0 0 2999 654 396 0 406 150 156 104 210 90 222 896 422 0 56 28 0 56 0 40 0 0 
5836 1638 425 1191 85 43 0 0 0 0 2178 492 868 0 415 68 0 32 378 124 1354 754 280 0 0 186 76 76 36 0 0 0 
5017 1737 303 1205 1013 233 0 0 0 0 2464 0 0 206 803 294 66 0 350 250 246 100 464 344 34 266 410 364 160 290 0 0 
6572 1568 51 605 26 0 0 0 0 0 2899 575 296 650 448 0 294 102 34 681 84 356 192 0 0 96 0 0 0 0 0 0 
6474 869 423 771 206 268 0 0 0 0 2878 600 144 234 336 48 90 502 262 222 158 309 40 152 68 32 132 38 395 348 0 0 
5130 438 620 788 1671 603 0 0 0 0 2355 284 0 0 150 32 406 518 160 226 165 378 52 260 672 238 260 248 678 194 0 0 
6095 1058 1158 187 53 0 0 0 0 0 3018 182 0 455 258 0 706 857 146 106 128 258 0 356 0 134 0 0 60 0 0 0 
6664 2087 970 80 0 0 0 0 0 0 2596 616 230 169 969 1067 390 414 234 0 524 490 38 0 0 0 0 0 0 0 0 0 
6806 837 906 298 0 0 0 0 0 0 2840 532 30 458 476 102 118 958 384 148 330 414 170 24 0 0 48 0 0 0 0 0 
7933 209 893 74 76 0 0 0 0 0 3072 1210 348 0 0 56 774 276 458 222 0 0 0 276 102 42 168 0 0 0 0 0 
7209 829 903 36 370 0 0 0 0 0 2352 1440 470 100 256 176 310 526 194 354 122 62 0 432 248 84 66 0 30 0 0 0 
6731 1830 218 154 49 0 0 0 0 0 2574 306 550 1130 616 224 144 244 786 248 126 64 0 24 64 0 0 42 0 0 0 0 
4930 1322 821 1584 192 45 0 0 0 0 2068 102 30 34 746 38 118 142 686 524 1040 584 128 90 408 34 40 114 144 0 0 0 
5520 1467 662 179 0 0 0 0 0 0 2454 394 30 0 1408 48 268 620 192 512 74 0 0 0 0 0 0 0 0 0 0 0 
5901 1002 1128 107 0 0 0 0 0 0 2098 351 464 196 471 772 1068 274 224 220 352 74 104 0 288 42 0 0 0 0 0 0 
4956 2457 707 194 0 0 0 0 0 0 2379 0 30 1203 672 164 551 623 360 0 36 356 0 0 70 0 24 0 0 0 0 0 
4708 1172 2406 362 0 44 0 0 0 0 2071 154 200 184 620 446 1257 861 242 28 206 226 38 190 0 0 0 72 80 42 0 0 
6695 2199 631 354 0 0 0 0 0 0 2168 360 488 702 1014 1068 376 438 28 114 500 148 144 0 38 42 110 0 0 40 0 0 
7544 1476 83 180 0 0 0 0 0 0 3196 686 120 982 898 394 84 0 268 0 404 72 30 0 38 42 0 0 0 0 0 0 
5365 1769 602 669 168 49 0 0 0 0 1970 188 484 824 740 556 32 316 294 470 612 84 148 0 24 64 0 166 0 0 0 0 
5141 315 144 1154 229 0 0 0 0 0 2252 316 144 24 256 24 28 132 576 461 352 126 314 324 190 30 340 0 38 34 0 0 
5670 836 259 614 718 0 0 0 0 0 2082 48 919 0 718 0 0 424 290 408 304 402 176 90 638 0 198 72 42 0 0 0 
5085 2849 460 623 74 0 0 0 0 0 2224 103 893 1024 525 0 199 298 566 290 394 112 410 0 66 0 70 80 76 0 0 0 
6344 2229 0 194 0 0 0 0 0 0 2377 913 1213 548 594 106 285 98 114 404 0 155 96 0 0 0 38 0 0 0 0 0 
5953 869 347 895 428 0 0 0 0 0 2154 1238 200 172 572 0 52 150 196 730 256 60 534 48 80 242 340 0 0 38 0 0 
4679 1268 398 2840 405 0 0 0 0 0 2102 0 171 268 128 258 0 30 1916 250 962 316 0 406 132 0 0 162 38 152 0 0 
4864 695 1719 1180 530 132 0 0 0 0 2228 30 30 32 554 602 120 180 288 676 96 410 168 255 140 74 258 688 274 76 0 0 
5894 282 1604 968 885 108 0 0 0 0 2544 376 64 0 122 754 54 236 302 478 122 462 546 172 124 72 76 494 300 0 0 0 
5800 331 1656 1096 881 44 0 0 0 0 2564 0 30 0 340 286 60 434 900 166 70 232 524 416 286 30 148 238 254 126 0 0 
5074 791 2193 2045 867 34 0 0 0 0 1914 306 210 0 198 195 300 776 814 452 250 364 132 192 64 80 674 686 220 80 0 0 
6251 402 1017 761 438 56 0 0 0 0 2600 764 30 231 76 56 158 192 306 513 0 146 144 430 68 128 34 552 507 168 0 0 
5308 728 998 953 886 291 0 0 0 0 2448 130 0 515 412 98 230 156 46 242 0 0 428 316 170 480 408 622 454 0 0 0 
6363 1373 297 150 52 0 0 0 0 0 2325 675 424 936 893 164 202 0 104 336 0 76 197 24 37 308 234 80 42 0 0 0 
5621 1251 44 346 2013 0 0 0 0 0 2382 198 606 444 380 383 38 434 0 42 30 70 308 306 866 42 126 204 316 38 0 0 
5648 1865 528 314 0 0 0 0 0 0 2134 756 426 520 650 756 400 432 108 271 84 224 236 0 128 0 0 0 42 0 0 0 
