76 0 0 0 0 0 0 0 0 0 21 0 0 5 30 0 0 0 5 45 0 0 0 0 0 0 0 0 0 0 0 0 
61 0 0 0 0 0 0 0 0 0 33 0 9 32 0 12 0 0 26 51 0 0 0 0 0 0 0 0 0 0 0 0 
54 0 0 28 0 0 4 0 0 0 37 0 36 0 0 0 5 0 6 48 0 0 0 0 0 0 0 0 0 0 0 0 
33 0 0 27 0 0 0 0 0 0 57 0 0 14 6 14 0 0 12 3 0 0 0 0 0 0 0 0 0 0 0 0 
32 0 0 33 0 0 6 0 0 0 78 6 0 0 5 0 0 0 10 0 0 0 0 0 0 0 0 0 0 0 0 0 
39 0 0 0 0 0 0 0 44 0 54 0 14 0 0 0 0 0 6 5 0 0 0 0 0 0 0 0 0 0 0 0 
32 0 0 0 0 0 0 0 20 0 29 0 28 0 41 6 0 0 18 5 0 0 0 0 0 0 0 0 0 0 0 0 
38 0 0 0 0 0 0 0 31 0 0 0 4 60 24 0 0 0 10 5 0 0 0 0 0 0 0 0 0 0 0 0 
32 8 0 0 0 0 0 0 0 0 0 0 28 35 9 10 19 0 32 0 0 0 0 0 0 0 0 0 0 0 0 0 
32 0 8 0 0 0 0 56 0 0 0 0 0 58 0 0 0 0 6 0 0 0 0 0 0 0 0 0 0 0 0 0 
32 0 8 0 0 0 0 26 0 57 0 0 16 20 0 5 0 0 0 0 0 0 0 0 0 0 0 0 0 0 0 0 
32 0 8 0 0 0 0 0 0 28 0 0 0 60 19 0 0 0 18 0 0 0 0 0 0 0 0 0 0 0 0 0 
32 0 0 0 0 18 0 0 0 0 0 10 15 18 40 5 20 0 10 0 0 0 0 0 0 0 0 0 0 0 0 0 
42 0 0 0 0 22 0 0 0 15 0 49 0 0 6 5 0 0 23 0 0 0 0 0 0 0 0 0 0 0 0 0 
52 0 0 0 0 0 0 10 0 0 0 24 0 0 14 30 0 5 30 0 0 0 0 0 0 0 0 0 0 0 0 0 
53 0 0 0 0 0 0 9 0 5 0 0 0 22 0 22 15 27 0 0 0 0 0 0 0 0 0 0 0 0 0 0 
62 0 0 0 0 21 0 0 0 8 0 0 0 0 30 16 5 0 0 0 0 0 0 0 0 0 0 0 0 0 0 0 
44 0 0 0 0 28 10 0 0 0 0 8 0 0 18 18 0 8 23 0 0 0 0 0 0 0 0 0 0 0 0 0 
32 0 8 0 0 0 56 0 0 0 0 0 0 18 0 6 0 39 0 0 0 0 0 0 0 0 0 0 0 0 0 0 
32 0 22 0 0 0 45 0 0 0 0 0 0 19 18 30 0 6 0 0 0 0 0 0 0 0 0 0 0 0 0 0 
32 0 20 0 0 0 15 58 0 12 0 0 0 6 0 0 0 24 0 0 0 0 0 0 0 0 0 0 0 0 0 0 
32 0 10 0 0 0 0 0 0 52 18 0 0 0 0 44 0 0 0 0 0 0 0 0 0 0 0 0 0 0 0 0 
32 0 28 0 0 0 0 0 0 0 19 0 0 0 0 39 5 0 30 11 0 0 0 0 0 0 0 0 0 0 0 0 
32 10 53 5 0 0 0 0 0 0 0 0 0 0 0 5 74 0 0 0 0 0 0 0 0 0 0 0 0 0 0 0 
32 10 8 15 0 0 0 0 0 0 0 0 62 0 0 21 0 0 13 0 0 0 0 0 0 0 0 0 0 0 0 0 
38 8 0 0 0 0 11 0 8 0 0 18 0 39 0 32 0 0 13 0 0 0 0 0 0 0 0 0 0 0 0 0 
38 8 0 0 0 0 30 23 0 4 0 0 0 11 19 0 0 34 6 0 0 0 0 0 0 0 0 0 0 0 0 0 
36 0 0 0 0 0 22 0 0 43 27 0 0 10 0 0 0 16 0 0 0 0 0 0 0 0 0 0 0 0 0 0 
32 0 0 0 0 0 36 0 0 59 0 0 0 0 12 20 0 6 5 0 0 0 0 0 0 0 0 0 0 0 0 0 
32 0 0 0 0 0 18 0 0 22 0 0 0 0 0 81 5 0 0 0 0 0 0 0 0 0 0 0 0 0 0 0 
32 0 0 0 0 0 0 28 0 0 0 0 5 31 0 33 21 4 22 0 0 0 0 0 0 0 0 0 0 0 0 0 
41 0 0 0 0 0 0 38 0 0 0 0 0 22 0 10 12 26 0 3 0 0 0 0 0 0 0 0 0 0 0 0 
64 0 0 0 0 0 26 0 0 0 0 0 0 0 48 22 0 0 16 48 0 0 0 0 0 0 0 0 0 0 0 0 
54 0 0 0 0 0 18 0 0 5 0 0 39 0 0 11 0 30 20 48 0 0 0 0 0 0 0 0 0 0 0 0 
48 0 0 0 0 0 0 30 0 0 0 0 38 0 36 35 0 0 5 48 0 0 0 0 0 0 0 0 0 0 0 0 
34 0 0 0 15 0 0 10 16 0 8 0 82 0 0 0 0 0 10 6 0 0 0 0 0 0 0 0 0 0 0 0 
32 0 0 0 18 0 0 0 18 0 10 35 57 0 0 0 0 0 5 0 0 0 0 0 0 0 0 0 0 0 0 0 
32 0 0 0 26 0 0 0 10 0 0 9 59 10 0 0 5 13 0 0 0 0 0 0 0 0 0 0 0 0 0 0 
32 8 0 0 38 0 0 0 0 0 0 59 0 0 20 6 0 0 11 0 0 0 0 0 0 0 0 0 0 0 0 0 
32 0 0 0 33 0 0 9 0 0 0 7 0 0 52 18 9 0 8 0 0 0 0 0 0 0 0 0 0 0 0 0 
32 0 0 0 12 0 0 44 0 0 0 13 0 0 34 20 0 0 15 0 0 0 0 0 0 0 0 0 0 0 0 0 
32 0 0 0 28 0 0 55 0 0 0 0 0 0 18 0 8 17 0 0 0 0 0 0 0 0 0 0 0 0 0 0 
32 0 0 0 60 0 0 70 0 0 0 0 0 0 0 0 0 0 0 0 0 0 0 0 0 0 0 0 0 0 0 0 
32 0 0 0 18 0 0 84 0 0 0 24 0 0 0 6 0 0 0 0 0 0 0 0 0 0 0 0 0 0 0 0 
36 0 0 0 27 30 0 13 0 0 0 0 0 34 0 14 14 0 0 0 0 0 0 0 0 0 0 0 0 0 0 0 
32 0 0 0 15 59 0 24 0 19 0 0 0 0 6 5 6 0 0 0 0 0 0 0 0 0 0 0 0 0 0 0 
38 0 0 0 0 8 0 36 0 0 0 0 0 46 30 0 16 0 6 0 0 0 0 0 0 0 0 0 0 0 0 0 
51 0 0 0 0 0 0 9 0 0 0 0 0 22 11 6 15 21 0 0 0 0 0 0 0 0 0 0 0 0 0 0 
42 0 0 0 0 41 0 0 0 0 0 0 31 0 38 8 0 0 0 0 0 0 0 0 0 0 0 0 0 0 0 0 
36 0 0 0 0 40 0 0 0 0 0 0 20 0 25 15 0 0 25 0 0 0 0 0 0 0 0 0 0 0 0 0 
32 0 0 0 0 44 0 10 0 0 0 0 12 0 9 58 0 0 9 0 0 0 0 0 0 0 0 0 0 0 0 0 
32 0 0 0 4 28 0 0 0 8 0 0 43 0 0 41 5 6 0 0 0 0 0 0 0 0 0 0 0 0 0 0 
32 0 0 18 0 4 0 0 0 0 0 36 4 51 6 12 0 0 5 0 0 0 0 0 0 0 0 0 0 0 0 0 
32 0 0 0 0 0 0 10 0 0 0 26 10 67 0 21 0 0 8 0 0 0 0 0 0 0 0 0 0 0 0 0 
32 0 0 10 0 0 0 9 0 0 0 10 0 77 25 0 0 0 0 0 0 0 0 0 0 0 0 0 0 0 0 0 
32 0 0 0 0 0 0 0 0 0 0 17 0 52 43 0 0 0 0 0 0 0 0 0 0 0 0 0 0 0 0 0 
32 0 0 10 0 0 0 0 0 0 33 0 0 79 0 0 0 0 6 0 0 0 0 0 0 0 0 0 0 0 0 0 
36 0 0 0 0 0 0 0 8 0 36 0 18 13 36 8 0 0 0 0 0 0 0 0 0 0 0 0 0 0 0 0 
32 4 0 0 0 0 0 0 0 0 50 0 0 0 12 42 0 0 33 0 0 0 0 0 0 0 0 0 0 0 0 0 
32 0 0 4 0 0 0 0 0 0 58 0 0 10 26 10 0 0 31 0 0 0 0 0 0 0 0 0 0 0 0 0 
32 0 0 16 0 0 0 0 0 0 27 16 32 0 0 0 0 0 38 0 0 0 0 0 0 0 0 0 0 0 0 0 
38 0 0 0 0 0 17 0 0 0 0 67 19 0 13 0 0 0 0 0 0 0 0 0 0 0 0 0 0 0 0 0 
