1610 659 3 1 3 1 0 0 0 0 0 0 14 0 0 0 230 0 0 0 0 0 0 0 0 0 0 0 0 0 0 0 
2127 716 4 20 3 6 2 5 12 8 12 12 10 10 15 14 145 0 3 1 0 0 0 0 1 0 0 0 2 87 0 0 
1647 151 75 35 219 1 106 0 0 0 0 0 0 0 0 0 0 0 0 0 0 0 0 0 0 0 0 0 0 0 0 0 
4786 467 154 104 0 0 0 0 0 0 0 0 0 0 0 0 0 0 0 0 0 0 0 0 0 0 0 0 0 0 0 0 
4884 411 238 117 13 0 0 0 0 0 0 0 0 0 0 0 0 0 0 0 0 0 0 0 0 0 0 0 0 0 0 0 
4008 1070 380 112 0 9 10 0 3 736 11 0 0 0 0 0 0 2 0 0 0 0 0 0 0 0 0 0 0 0 0 0 
88 3 7 32 0 1 0 2 0 0 48 0 0 0 0 0 0 0 0 0 0 0 0 0 0 0 0 0 0 0 0 0 
12227 4612 3279 2033 1370 2088 947 1528 1475 535 1000 1116 989 1721 917 710 1243 2515 15 4 5 364 0 0 0 0 3 0 91 2 47 0 
513 339 562 66 12 4 1 14 8 13 12 0 0 12 0 0 0 56 0 0 0 0 0 0 0 0 0 0 0 0 0 0 
6372 1550 1251 1705 281 421 73 128 67 10 236 90 37 3 0 0 188 56 0 0 0 0 0 0 0 0 0 0 0 0 0 0 
929 237 157 36 0 0 0 0 0 4 0 0 0 0 0 0 16 0 0 0 0 0 0 0 0 0 0 0 0 0 0 0 
0 785 743 2862 0 0 0 0 0 0 0 0 0 0 0 0 0 0 0 0 0 0 0 0 0 0 0 0 0 0 0 0 
201 78 105 13 0 0 0 0 0 5 0 0 0 0 0 0 7 0 0 0 0 0 0 0 0 0 0 0 0 0 0 0 
6 0 1 1 0 0 0 0 0 0 0 0 0 0 0 0 12 0 0 0 0 0 0 0 0 0 0 0 0 0 0 0 
1135 170 0 1 0 0 0 0 0 0 0 0 0 0 0 0 184 1 0 0 0 0 0 0 0 0 0 0 0 0 0 0 
1543 595 284 346 25 15 12 104 0 6 7 272 0 0 0 0 122 2 0 0 0 0 0 0 0 0 0 0 0 0 0 0 
0 0 0 0 0 0 0 0 0 0 0 0 0 0 0 0 316 0 0 0 0 0 0 0 0 0 0 0 0 0 0 0 
28 0 0 0 0 0 0 0 0 0 0 0 0 0 0 0 465 0 0 0 0 0 0 0 0 0 0 0 0 0 0 0 
459 165 155 23 3 0 1 0 0 0 0 0 0 0 0 0 33 0 0 0 0 0 0 0 0 0 0 0 0 0 0 0 
292 99 167 8 2 1 1 0 0 0 0 21 0 0 0 0 25 18 0 0 0 0 0 0 0 0 0 0 0 0 0 0 
2287 153 319 1265 111 282 6 23 1 24 56 14 48 0 32 0 38 74 12 0 0 19 0 0 0 0 0 0 0 0 0 0 
4009 46 171 17 20 3 2 13 13 4 1 0 0 1 0 0 4 65 0 0 0 0 0 0 0 0 0 0 0 0 0 0 
3916 127 5 20 58 2 0 21 2 0 0 1 7 0 0 0 19 30 0 0 0 0 0 0 0 0 0 0 0 0 0 0 
3838 31 129 5 24 0 0 0 0 0 0 0 0 0 0 0 0 0 0 0 0 0 0 0 0 0 0 0 0 0 0 0 
9094 3249 990 1103 1137 1241 709 1022 1617 553 1089 1527 1477 1216 1257 985 1049 461 0 0 1 0 0 0 10 47 0 0 0 0 0 0 
264 89 13 17 4 0 2 4 0 0 0 0 0 0 0 0 0 147 8 0 0 1 0 0 0 0 0 0 18 0 0 0 
120 2 1 12 0 0 0 0 0 0 0 0 0 0 0 0 0 19 0 0 0 0 0 0 0 0 0 0 0 0 0 0 
244 116 165 30 0 2 1 1 1 13 41 35 3 39 59 0 0 0 0 0 0 0 0 0 0 0 0 0 0 0 0 0 
106 18 0 0 0 0 0 0 0 0 0 0 0 0 0 0 0 0 0 0 0 0 0 0 0 0 0 0 0 0 0 0 
0 0 0 0 0 0 0 0 0 0 0 0 0 0 0 0 0 0 0 0 0 0 0 0 0 0 0 0 0 0 0 0 
0 0 0 0 0 0 0 0 0 0 0 0 0 0 0 0 0 0 0 0 0 0 0 0 0 0 0 0 0 0 0 0 
0 0 0 0 0 0 0 0 0 0 0 0 0 0 0 0 0 0 0 0 0 0 0 0 0 0 0 0 0 0 0 0 
0 0 0 0 0 0 0 0 0 0 0 0 0 0 0 0 0 0 0 0 0 0 0 0 0 0 0 0 0 0 0 0 
0 0 0 0 0 0 0 0 0 0 0 0 0 0 0 0 0 0 0 0 0 0 0 0 0 0 0 0 0 0 0 0 
0 0 0 0 0 0 0 0 0 0 0 0 0 0 0 0 0 0 0 0 0 0 0 0 0 0 0 0 0 0 0 0 
3 0 0 0 0 0 0 0 0 0 0 0 0 0 0 0 0 0 0 0 0 0 0 0 0 0 0 0 0 0 0 0 
3982 830 32 52 12 35 8 21 48 32 51 69 41 40 60 57 29 1 0 0 0 0 0 0 0 0 0 0 0 0 0 0 
7 0 0 1 24 0 0 6 0 0 0 0 0 0 0 0 0 0 0 0 0 0 0 0 0 0 0 0 0 0 0 0 
1 1 0 0 8 0 0 0 0 0 0 0 0 0 0 0 0 0 0 0 0 0 0 0 0 0 0 0 0 0 0 0 
4 0 0 14 0 0 0 0 0 0 0 0 0 0 0 0 0 0 0 0 0 0 0 0 0 0 0 0 0 0 0 0 
3595 1227 1138 2725 156 326 168 275 158 400 393 151 46 42 250 1 336 1045 58 32 327 230 171 1 272 68 18 180 151 187 12 0 
518 90 114 92 145 117 5 95 33 80 277 13 3 113 0 1 19 140 417 42 104 514 111 4 94 63 135 112 191 145 422 0 
63 14 7 3 3 42 1 0 1 0 0 1 0 1 0 0 1 0 11 4 5 364 0 0 0 0 0 0 0 0 0 0 
0 0 0 0 0 0 0 0 0 0 0 0 0 0 0 0 0 0 0 0 0 0 0 0 0 0 0 0 0 0 0 0 
4 3 0 0 0 0 0 0 0 0 0 0 0 0 0 0 8 0 0 0 0 0 0 0 0 0 0 0 0 0 0 0 
803 307 31 0 0 0 6 5 1 0 4 23 0 0 1 184 0 0 0 0 0 0 0 0 0 0 0 0 0 0 0 0 
154 6 0 4 0 30 0 0 0 0 0 0 0 0 0 0 0 0 0 0 0 0 0 0 0 0 0 0 0 0 0 0 
11699 672 6384 138 1335 895 17 2930 1530 188 382 93 83 246 0 0 2223 0 0 0 0 0 0 0 0 0 0 0 0 0 0 0 
6546 1243 1367 702 210 808 40 403 548 42 230 72 0 80 0 0 0 1 0 0 2 0 0 0 0 0 0 0 6 5 40 0 
3014 757 4 250 0 9 1 109 0 0 24 0 0 0 0 1 0 0 0 0 0 0 0 0 0 0 0 0 0 0 0 0 
2929 948 0 331 0 10 0 96 0 0 27 12 0 0 0 0 0 0 0 0 0 0 0 0 0 0 0 0 0 0 0 0 
5668 1724 2821 435 1028 762 247 2206 469 110 423 128 240 1672 0 12 401 35 0 9 48 4 3 1 9 60 1 96 191 278 0 0 
0 0 0 0 0 0 0 0 0 0 0 0 0 0 0 0 0 0 0 0 0 0 0 0 0 0 0 0 0 0 0 0 
0 0 0 0 0 0 0 0 0 0 0 0 0 0 0 0 0 0 0 0 0 0 0 0 0 0 0 0 0 0 0 0 
1012 1071 203 42 42 1250 33 18 109 5 190 236 546 84 0 6 8 0 0 0 0 0 0 0 0 0 0 0 0 0 0 0 
202 39 28 19 0 42 0 2 27 0 172 0 0 0 0 0 0 0 0 0 0 0 0 0 0 0 0 0 0 0 0 0 
187 177 139 2 0 107 0 1 0 1 76 0 0 0 0 0 0 0 0 0 0 0 0 0 0 0 0 0 0 0 0 0 
994 53 111 8 2 3 0 2 0 1 105 5 0 1 0 0 26 165 0 0 0 0 0 0 0 0 0 0 0 0 0 0 
799 0 10 0 0 0 0 0 0 0 0 0 0 0 0 0 0 0 0 0 0 0 0 0 0 0 0 0 0 0 0 0 
138 32 17 8 1 4 0 0 0 0 4 0 0 0 0 0 20 29 0 0 0 0 0 0 0 0 0 0 0 0 0 0 
1846 302 535 1975 229 264 37 56 23 0 107 31 47 43 10 0 108 76 0 0 0 0 0 0 0 0 0 0 0 0 0 0 
207 535 3 29 0 0 0 0 0 0 0 0 0 0 0 0 1 9 0 0 0 0 0 0 0 0 0 0 0 0 0 0 
