9 24 20 21 22 21 19 9 32 12 12 21 13 15 21 24 30 15 22 20 8 9 24 32 17 21 17 15 27 38 10 8 
76 82 100 89 68 83 108 17 91 91 105 79 90 88 112 92 85 119 96 111 103 78 80 93 93 73 94 124 72 83 79 76 
30 10 0 0 10 0 10 10 0 0 0 10 9 30 9 18 32 31 30 18 9 10 18 0 0 20 20 10 20 9 20 41 
0 0 0 0 0 0 0 0 0 0 0 0 0 0 0 0 0 0 0 0 0 0 0 0 0 0 0 0 0 0 0 0 
12 13 22 9 13 10 3 8 8 8 3 8 3 8 9 3 2 3 6 5 10 6 7 1 13 10 11 13 9 6 3 4 
7 3 4 4 4 0 0 4 0 0 3 0 0 0 0 0 0 0 4 0 8 4 0 0 0 0 0 0 0 0 0 0 
3 2 0 0 0 0 2 0 0 0 0 0 0 0 0 0 0 0 0 1 0 0 0 0 0 0 0 0 0 1 0 0 
33 12 12 8 1 7 9 6 16 7 0 8 5 0 2 7 4 9 6 8 22 2 15 0 7 0 15 1 6 1 13 0 
2 0 0 0 1 0 0 0 0 0 0 1 0 0 1 0 0 0 0 0 0 0 0 0 0 0 0 0 0 1 0 0 
8 2 0 3 0 0 4 4 0 3 1 0 5 1 4 0 0 0 0 0 0 1 0 0 2 0 0 0 1 0 0 0 
16 10 6 1 4 2 12 4 2 3 9 7 4 10 1 3 4 4 4 4 2 4 6 4 4 3 3 5 9 2 6 2 
19 20 29 26 24 6 8 19 0 24 8 0 6 20 24 8 0 14 8 0 20 32 0 0 24 16 31 0 24 16 24 8 
2 4 2 0 1 0 1 2 1 1 0 0 1 1 1 0 4 3 0 2 0 1 0 0 0 2 3 1 3 0 0 1 
35 11 13 27 15 26 15 8 30 13 23 25 7 23 12 17 9 43 9 18 9 7 25 28 10 12 25 11 22 26 28 25 
0 0 0 0 0 0 0 0 0 0 0 0 0 0 0 0 0 0 0 0 0 0 0 0 0 0 0 0 0 0 0 0 
19 0 0 0 0 0 0 1 0 0 0 0 0 0 0 1 0 0 0 0 0 0 0 0 0 0 0 0 0 0 0 0 
1 0 1 0 0 0 1 0 0 0 0 1 0 0 0 0 1 0 0 0 1 1 0 0 0 0 0 0 0 0 0 0 
59 93 24 47 40 40 49 106 19 107 63 69 48 60 35 39 159 54 112 81 42 26 64 39 30 51 13 42 24 33 43 81 
105 92 107 117 99 90 106 100 96 104 92 127 100 103 80 75 104 90 105 106 80 98 97 106 82 95 110 88 22 93 109 85 
10 14 15 18 11 10 8 15 13 17 9 12 14 18 12 15 12 8 13 16 20 13 3 10 18 23 11 15 22 20 21 13 
0 2 3 3 0 6 5 2 5 2 0 2 5 6 5 4 3 4 4 3 4 5 5 2 1 3 4 2 5 6 4 1 
23 37 26 15 22 11 12 17 32 26 25 7 12 12 10 5 10 15 32 29 25 30 17 23 61 36 5 24 45 25 9 29 
22 15 15 11 39 23 15 14 19 20 24 19 27 30 26 22 20 15 15 15 35 16 26 36 21 34 53 21 30 21 7 33 
59 49 52 65 44 34 38 39 46 47 51 38 69 54 24 37 47 42 35 31 58 51 53 36 40 41 30 55 37 32 53 23 
27 25 29 29 23 8 15 22 15 24 31 20 32 21 20 32 17 27 29 16 23 23 20 17 21 17 27 22 24 23 32 19 
52 10 12 2 41 21 30 12 12 37 34 2 2 3 57 21 35 25 23 25 55 45 46 2 12 0 24 36 0 23 3 31 
8 0 0 0 1 0 3 0 1 4 0 0 4 0 2 1 1 0 0 0 1 4 2 0 1 0 0 4 0 0 4 1 
16 7 2 7 8 8 0 0 0 21 0 0 0 9 0 3 20 0 0 0 0 0 0 7 7 0 0 0 0 7 8 0 
4 0 0 0 0 3 0 0 0 0 0 0 0 4 0 0 0 0 3 0 0 4 0 0 0 0 0 0 0 0 0 0 
22 21 8 8 6 4 17 20 4 5 9 9 20 8 8 0 9 12 16 0 13 21 12 8 10 6 14 6 20 15 0 12 
95 96 102 109 86 55 100 83 104 79 109 105 85 101 99 107 67 104 111 93 113 95 120 107 99 75 111 79 85 126 113 101 
7 7 8 8 5 8 9 0 2 11 4 5 6 3 6 6 7 10 3 7 6 7 3 9 9 4 4 10 7 4 9 8 
8 7 5 0 0 4 0 8 0 7 5 5 0 10 0 0 12 9 0 0 0 0 5 10 0 0 5 0 5 10 5 7 
1 0 0 0 0 0 0 1 0 0 1 0 0 0 0 0 0 0 1 0 0 0 0 0 0 0 0 1 0 0 0 0 
96 75 115 96 96 79 94 105 101 90 97 112 83 116 83 76 105 95 121 96 64 115 93 115 74 111 115 84 2 81 92 107 
0 0 0 0 0 0 0 0 0 0 0 0 0 0 0 0 0 0 0 0 0 0 0 0 0 0 0 0 0 0 0 0 
14 7 14 14 0 7 7 14 18 24 6 7 7 14 14 12 0 6 0 10 20 7 14 7 7 21 7 14 0 7 0 14 
6 0 0 2 0 5 18 0 10 0 11 10 0 6 0 0 0 1 11 0 0 5 1 0 0 0 0 0 0 5 0 1 
47 55 65 16 42 23 28 47 40 23 38 48 37 34 35 43 49 53 44 32 40 41 42 38 52 22 36 64 63 37 16 37 
0 0 0 0 0 0 0 0 0 0 0 0 0 0 0 0 0 0 0 0 0 0 0 0 0 0 0 0 0 0 0 0 
2 0 0 0 1 1 0 0 0 0 0 0 0 0 1 0 0 1 0 0 0 1 0 0 0 0 0 1 1 0 0 1 
89 78 106 107 84 74 61 60 113 75 96 130 74 72 68 99 98 93 126 92 98 92 96 71 80 104 88 89 111 111 57 58 
16 3 0 0 16 5 27 2 12 12 0 4 1 15 1 3 14 5 1 2 0 2 4 1 15 12 1 1 1 13 3 14 
79 64 73 65 57 63 57 77 75 68 45 67 69 77 54 64 65 80 81 16 77 61 63 72 57 60 64 53 62 69 75 42 
7 1 0 0 2 5 4 0 4 2 2 3 2 5 0 3 0 0 0 0 0 0 0 0 1 1 2 1 0 0 0 0 
0 0 0 0 0 0 0 0 0 0 0 0 0 0 0 0 0 0 0 0 0 0 0 0 0 0 0 0 0 0 0 0 
0 0 0 0 0 0 0 0 0 0 0 0 0 0 0 0 0 0 0 0 0 0 0 0 0 0 0 0 0 0 0 0 
39 48 49 52 59 58 48 47 51 63 53 41 47 49 50 0 59 62 56 61 48 53 48 61 53 69 50 41 42 73 64 56 
23 4 0 0 5 11 0 0 8 7 4 4 0 4 10 9 0 7 0 0 16 5 12 4 12 4 0 0 11 0 5 8 
0 0 0 0 0 0 0 0 0 0 0 0 0 0 0 0 0 0 0 0 0 0 0 0 0 0 0 0 0 0 0 0 
0 0 0 0 0 0 0 0 0 0 0 0 0 0 0 0 0 0 0 0 0 0 0 0 0 0 0 0 0 0 0 0 
9 16 15 7 6 15 14 10 24 13 10 5 15 16 13 16 10 15 13 28 9 14 14 16 11 13 9 9 10 1 11 14 
0 0 0 0 0 0 0 0 0 0 0 0 0 0 0 0 0 0 0 0 0 0 0 0 0 0 0 0 0 0 0 0 
5 2 0 3 2 0 2 5 2 1 2 1 0 3 0 0 2 3 2 1 2 3 2 2 3 2 2 3 0 1 5 1 
10 10 0 0 0 0 0 10 11 0 0 10 0 10 1 0 0 11 10 11 0 0 0 11 10 11 0 27 11 0 11 0 
0 0 0 0 0 0 0 0 0 0 0 0 0 0 0 0 0 0 0 0 0 0 0 0 0 0 0 0 0 0 0 0 
2 2 0 0 0 0 1 1 0 0 0 1 0 0 0 0 2 0 0 0 0 1 1 0 0 0 2 0 1 0 0 1 
2 0 0 0 1 0 0 0 0 1 0 0 2 1 1 0 0 2 0 0 0 0 0 0 0 0 0 1 0 0 0 0 
107 103 138 102 99 65 45 120 119 112 89 126 101 110 65 169 105 57 159 121 95 100 71 75 46 106 86 93 139 100 183 76 
5 0 0 3 0 0 1 0 1 0 0 7 1 3 0 4 3 0 2 0 4 0 3 0 0 0 0 0 5 4 0 0 
3 0 1 3 3 0 0 0 0 0 1 0 2 0 2 0 3 3 0 0 0 0 0 0 0 1 0 0 0 5 0 0 
0 0 0 0 0 0 0 0 0 0 0 0 0 0 0 0 0 0 0 0 0 0 0 0 0 0 0 0 0 0 0 0 
65 44 34 52 36 47 31 36 46 38 38 39 38 39 33 30 58 45 53 31 79 27 42 45 45 32 23 41 39 55 73 56 
9 5 5 4 4 7 2 5 1 1 4 4 3 7 0 0 6 3 5 5 6 4 2 6 3 5 4 4 4 3 4 0 
12 78 94 83 87 84 74 81 81 84 115 87 89 81 89 91 75 87 80 85 90 73 63 99 90 82 77 71 72 79 68 80 
2 0 0 1 0 0 1 1 0 2 1 3 0 1 0 0 0 1 1 0 1 1 0 0 0 0 0 0 0 0 1 0 
0 0 0 0 0 0 0 0 0 0 0 0 0 0 0 0 0 0 0 0 0 0 0 0 0 0 0 0 0 0 0 0 
10 4 16 2 10 6 8 12 14 9 6 8 12 4 10 10 6 16 4 12 10 10 8 4 6 10 14 8 6 16 8 0 
212 207 133 168 211 150 181 209 304 190 206 158 172 189 209 191 133 193 220 228 192 204 169 180 140 224 156 195 299 182 192 144 
2 0 1 0 2 1 0 0 0 0 0 1 2 0 2 0 0 0 0 1 2 2 0 1 0 0 0 0 0 2 0 1 
0 0 0 0 0 0 0 0 0 0 0 0 0 0 0 0 0 0 0 0 0 0 0 0 0 0 0 0 0 0 0 0 
117 96 131 85 82 94 107 115 92 119 120 86 103 97 80 106 112 102 128 107 16 89 115 102 123 88 104 102 107 106 92 104 
0 0 0 0 0 0 0 0 0 0 0 0 0 0 0 0 0 0 0 0 0 0 0 0 0 0 0 0 0 0 0 0 
18 0 0 0 1 0 1 0 8 16 0 0 0 0 0 0 2 0 0 18 7 8 0 0 11 7 0 9 0 1 1 0 
14 1 7 2 5 2 9 0 1 0 0 0 0 10 1 2 1 0 4 3 0 0 1 3 1 12 3 2 1 7 0 4 
0 0 0 0 0 0 0 0 0 0 0 0 0 0 0 0 0 0 0 0 0 0 0 0 0 0 0 0 0 0 0 0 
43 29 18 17 2 20 9 25 19 33 39 17 25 25 21 2 25 10 8 4 13 20 25 14 38 16 18 24 19 34 5 33 
89 81 110 75 75 75 86 89 87 77 93 74 86 72 78 74 88 87 86 84 0 71 78 85 86 79 90 85 72 90 74 78 
15 0 0 0 0 0 0 2 0 0 0 0 0 0 0 0 0 0 0 0 0 0 0 0 0 0 0 0 0 0 1 4 
30 2 18 19 16 2 20 33 22 3 2 35 1 2 21 0 35 4 49 31 21 2 1 19 31 21 36 39 16 19 32 18 
0 0 0 0 0 0 0 0 0 0 0 0 0 0 0 0 0 0 0 0 0 0 0 0 0 0 0 0 0 0 0 0 
2 1 1 0 1 0 0 0 0 2 1 1 2 0 1 1 0 1 2 0 1 2 1 0 0 2 0 1 0 4 2 1 
3 0 0 0 3 0 0 0 0 2 0 0 0 0 0 0 0 0 0 0 0 0 2 0 0 0 0 0 0 0 0 0 
4 0 2 6 2 3 3 1 6 2 3 0 1 4 4 4 3 1 4 3 3 3 3 1 8 2 4 2 3 4 1 2 
75 73 69 83 74 86 76 68 50 81 76 84 68 81 63 102 65 92 92 78 100 75 65 70 60 75 0 75 56 72 84 75 
41 19 16 29 6 10 8 21 4 22 23 7 20 18 2 19 6 11 4 5 14 21 2 17 20 5 21 14 34 6 8 45 
2 0 0 1 0 0 0 1 0 0 0 0 0 1 0 0 1 0 1 0 0 1 0 1 0 0 0 1 0 0 1 0 
7 4 6 2 4 4 2 9 2 11 5 6 9 2 4 0 3 12 2 0 2 2 8 8 2 6 8 6 10 2 6 8 
18 15 9 15 6 6 9 6 4 6 8 5 10 8 21 13 10 27 10 21 5 10 4 15 20 32 9 11 15 33 16 13 
96 52 63 68 52 38 47 52 66 86 69 50 60 59 53 57 39 49 37 37 61 62 76 43 49 56 62 46 0 78 52 56 
18 17 0 17 1 34 0 0 17 0 3 17 0 1 1 0 32 17 19 18 1 17 18 17 18 0 1 18 17 17 0 0 
9 0 0 8 1 0 0 0 0 8 0 0 0 0 0 0 8 0 0 14 0 0 8 0 0 0 8 0 0 0 14 0 
0 0 0 0 0 0 0 0 0 0 0 0 0 0 0 0 0 0 0 0 0 0 0 0 0 0 0 0 0 0 0 0 
8 5 9 6 0 3 6 10 6 8 6 4 3 7 2 9 8 7 2 6 12 9 6 2 5 8 8 2 5 4 9 4 
77 73 67 81 74 76 82 74 53 87 86 73 67 73 68 86 61 85 83 84 88 74 74 79 66 76 8 69 59 65 90 56 
12 9 7 3 13 8 8 11 11 5 6 6 8 10 11 6 17 3 8 4 8 7 12 9 4 12 6 5 13 9 4 6 
33 5 5 0 5 11 10 15 10 0 5 0 10 10 5 21 11 16 0 1 0 0 5 5 5 16 0 8 5 6 5 3 
2 0 2 0 0 1 0 2 1 0 2 2 1 1 2 0 3 1 1 3 2 0 0 1 0 3 0 0 0 1 0 1 
0 0 0 0 0 0 0 0 0 0 0 0 0 0 0 0 0 0 0 0 0 0 0 0 0 0 0 0 0 0 0 0 
14 4 5 12 7 5 8 2 7 6 6 1 5 7 10 6 11 7 9 7 5 9 12 2 10 2 6 10 9 7 5 7 
0 0 0 0 0 0 0 0 0 0 0 0 0 0 0 0 0 0 0 0 0 0 0 0 0 0 0 0 0 0 0 0 
14 12 0 3 16 10 13 3 11 4 18 11 12 1 3 2 11 11 1 3 2 26 0 8 21 22 1 0 3 2 11 10 
4 0 0 0 0 0 0 0 0 0 0 0 0 0 0 0 0 3 0 0 3 4 0 0 0 3 3 0 0 0 0 0 
11 2 7 5 8 3 5 2 1 0 10 15 1 7 8 1 19 0 6 6 5 8 5 3 6 4 2 6 6 2 10 10 
0 0 0 0 0 0 0 0 0 0 0 0 0 0 0 0 0 0 0 0 0 0 0 0 0 0 0 0 0 0 0 0 
6 18 9 14 15 22 12 9 18 14 20 30 19 6 9 11 19 9 9 8 12 9 15 6 12 13 9 9 8 12 19 6 
33 12 25 25 24 13 23 14 45 34 12 0 12 25 70 23 3 53 1 14 27 23 15 18 16 20 62 33 11 5 26 26 
15 0 0 0 0 6 0 14 0 0 0 15 11 0 0 0 6 0 0 0 0 0 0 6 0 7 0 0 0 14 13 15 
5 0 5 8 0 0 0 0 0 0 4 0 0 0 0 0 0 0 4 0 6 0 0 0 0 0 0 0 0 0 0 0 
56 43 43 56 43 35 45 41 56 48 57 49 45 42 36 35 31 49 37 33 46 44 42 35 46 38 42 33 0 43 44 39 
49 22 24 48 25 35 21 10 36 30 24 20 47 21 17 26 12 25 45 27 31 11 36 11 26 20 10 15 42 10 41 18 
32 14 12 15 10 31 21 23 26 32 23 20 13 12 11 14 0 13 18 28 17 11 14 16 11 23 22 14 21 21 8 15 
7 0 0 0 0 0 5 0 0 7 12 6 11 11 6 0 6 0 6 0 6 0 6 7 12 0 0 0 0 7 5 12 
19 2 14 16 15 15 7 5 17 9 9 8 14 12 16 14 12 7 11 7 11 8 7 15 12 9 12 17 6 11 14 10 
2 1 0 1 1 0 0 1 1 1 0 0 1 0 0 0 2 1 1 1 0 0 0 0 0 0 3 1 0 0 0 0 
10 13 7 14 0 12 9 8 9 7 15 15 11 11 5 7 8 13 10 6 11 14 9 9 17 7 6 10 12 10 4 13 
79 93 70 65 98 92 88 126 61 33 97 80 67 89 111 51 54 85 71 102 44 79 82 68 84 81 114 92 138 100 69 81 
14 0 0 7 0 0 7 0 7 0 7 0 7 12 0 0 0 0 0 0 0 0 0 0 0 0 0 0 0 0 0 0 
0 0 0 0 0 0 0 0 0 0 0 0 0 0 0 0 0 0 0 0 0 0 0 0 0 0 0 0 0 0 0 0 
2 1 1 0 0 0 4 2 2 0 0 0 0 1 0 4 0 0 0 0 2 2 0 0 2 0 2 0 4 0 0 2 
0 0 0 0 0 0 0 0 0 0 0 0 0 0 0 0 0 0 0 0 0 0 0 0 0 0 0 0 0 0 0 0 
83 5 72 84 75 59 71 71 74 72 80 99 89 86 82 82 72 77 77 67 71 82 92 83 80 79 89 76 73 78 86 76 
1 0 1 1 0 1 0 1 0 1 2 1 0 0 1 0 2 0 0 0 0 0 0 1 0 0 2 1 0 0 1 1 
6 0 1 1 0 1 4 1 1 1 1 2 2 2 2 0 0 1 1 0 1 0 0 1 3 1 0 1 0 0 0 1 
59 31 42 33 49 6 36 52 26 54 40 46 32 51 51 33 39 30 30 36 40 32 46 41 41 56 21 47 39 30 39 51 
1 1 0 1 0 0 0 0 3 1 1 0 0 4 0 0 0 0 1 0 0 0 2 0 0 0 0 0 0 1 1 0 
12 2 1 7 2 4 5 10 6 3 1 5 2 9 5 3 4 7 3 6 6 3 2 6 4 9 9 0 2 0 1 5 
18 0 10 18 9 32 15 18 1 36 27 17 11 27 0 11 1 9 9 10 10 1 11 0 27 0 1 18 1 18 22 12 
18 4 17 0 9 4 10 2 5 16 4 4 8 4 2 4 19 2 6 2 2 28 0 12 10 25 12 2 10 17 22 17 
3 1 0 5 0 1 0 0 1 0 0 0 0 0 0 0 1 2 0 0 0 0 0 2 0 0 1 0 0 0 0 0 
5 6 3 7 3 3 4 9 3 9 3 6 6 4 5 5 4 2 6 0 1 1 5 4 5 3 3 2 2 5 1 3 
0 0 0 0 0 0 0 0 0 0 0 0 0 0 0 0 0 0 0 0 0 0 0 0 0 0 0 0 0 0 0 0 
12 1 0 7 0 7 23 0 1 0 1 6 0 7 7 0 0 7 0 2 0 0 0 0 7 0 7 6 7 14 6 7 
206 246 178 220 208 145 264 120 144 139 211 139 157 234 159 151 163 218 249 188 176 202 140 126 222 171 202 148 85 154 175 182 
94 108 102 105 97 87 109 95 99 111 113 117 106 96 98 84 99 95 86 71 99 116 96 94 12 81 95 97 95 94 87 92 
6 0 7 5 6 6 1 11 7 1 7 6 3 3 11 9 3 9 2 5 9 4 5 3 2 7 9 2 6 1 7 3 
67 96 70 72 74 49 68 72 62 86 78 93 62 74 46 77 78 74 62 108 97 65 44 63 91 74 74 89 62 42 99 65 
3 1 1 3 1 0 1 1 0 2 1 1 1 2 3 4 1 1 2 0 2 3 2 0 0 1 1 0 1 2 0 0 
10 0 0 4 0 4 2 4 2 0 1 0 0 0 4 4 4 4 4 6 0 0 8 2 4 1 2 0 0 9 3 2 
180 178 164 177 146 167 170 171 151 148 147 154 160 121 146 155 126 143 183 164 148 235 100 155 167 241 191 156 117 175 213 116 
0 0 0 0 0 0 0 0 0 0 0 0 0 0 0 0 0 0 0 0 0 0 0 0 0 0 0 0 0 0 0 0 
7 0 0 12 0 6 25 12 0 10 10 6 0 12 0 12 0 5 0 0 0 6 0 0 0 0 6 10 10 6 0 0 
37 16 3 19 19 21 16 0 19 16 2 19 33 0 2 6 19 16 6 3 0 22 5 3 31 9 2 30 6 9 3 3 
0 0 0 0 0 0 0 0 0 0 0 0 0 0 0 0 0 0 0 0 0 0 0 0 0 0 0 0 0 0 0 0 
0 0 0 0 0 0 0 0 0 0 0 0 0 0 0 0 0 0 0 0 0 0 0 0 0 0 0 0 0 0 0 0 
24 1 2 1 10 1 0 1 2 4 0 0 10 0 12 4 1 2 0 1 2 11 11 2 2 0 2 0 11 1 10 3 
29 7 0 1 0 8 23 14 0 0 7 0 0 0 7 15 0 7 12 8 1 9 0 14 12 8 0 6 14 7 14 18 
96 77 150 155 122 85 162 133 120 63 116 81 113 141 115 108 135 184 76 171 174 118 96 117 83 71 93 111 80 101 112 130 
15 0 0 0 0 0 0 5 0 6 6 0 0 12 0 0 0 5 1 0 0 5 0 6 0 0 0 0 0 1 0 5 
2 1 0 0 0 0 0 0 1 1 0 1 0 0 1 0 0 1 0 1 0 2 0 0 1 0 1 0 0 0 0 1 
47 34 27 43 38 51 34 17 10 26 40 33 26 60 38 35 36 32 43 33 36 36 30 31 25 51 37 24 31 41 27 28 
35 33 5 13 28 25 25 31 30 29 25 18 25 17 30 22 19 25 28 32 28 26 27 31 29 19 27 36 33 28 25 19 
8 2 4 4 7 8 7 5 4 4 5 6 2 3 7 3 4 6 2 5 4 4 4 11 4 5 5 4 6 0 8 6 
18 35 25 8 21 8 9 8 16 8 0 17 17 16 9 16 8 28 0 17 25 16 8 24 18 8 0 9 7 12 8 0 
2 0 0 0 0 0 0 0 0 0 0 0 0 0 0 0 0 0 0 0 0 0 0 1 0 0 0 0 0 0 0 0 
20 0 66 0 22 10 11 22 22 11 27 0 30 20 23 11 11 11 30 11 0 11 27 22 43 33 11 20 0 11 20 0 
2 0 0 0 0 0 0 0 0 0 0 0 0 0 0 0 0 0 0 0 0 0 0 0 0 0 0 0 0 0 0 0 
71 26 12 13 13 51 34 0 0 12 31 15 0 24 31 13 31 0 1 26 30 27 0 2 16 24 12 12 24 13 15 24 
79 41 60 65 55 85 69 58 3 72 64 65 80 67 68 69 65 80 63 87 67 55 65 88 47 92 72 82 71 83 77 69 
43 39 38 34 39 27 25 29 34 45 35 20 29 36 35 35 33 25 5 35 27 33 31 39 29 32 33 35 47 41 26 25 
1 0 0 0 0 0 0 0 0 0 1 0 0 0 0 0 0 0 0 0 0 0 0 0 0 0 0 0 0 0 0 0 
24 14 30 20 19 18 16 5 18 8 20 13 17 20 20 16 20 14 12 9 17 38 20 18 9 12 22 11 8 13 28 26 
0 0 0 0 0 0 0 0 0 0 0 0 0 0 0 0 0 0 0 0 0 0 0 0 0 0 0 0 0 0 0 0 
7 6 9 10 4 0 14 9 4 14 4 6 6 7 23 6 4 4 11 20 8 6 6 12 10 8 8 14 4 18 15 6 
4 0 0 0 0 0 0 3 0 0 0 0 0 0 6 3 0 3 0 0 0 0 0 0 0 0 0 0 0 0 0 0 
8 0 0 0 0 0 0 0 0 0 0 0 0 0 0 0 0 0 0 0 0 0 0 0 0 0 0 0 0 0 0 0 
0 0 0 0 0 0 0 0 0 0 0 0 0 0 0 0 0 0 0 0 0 0 0 0 0 0 0 0 0 0 0 0 
1 0 0 0 0 0 0 0 0 0 0 0 0 0 0 0 0 0 0 0 0 0 0 0 0 0 0 1 0 0 0 0 
92 100 99 93 67 52 82 90 127 72 107 101 91 86 86 124 63 112 94 95 101 93 110 96 104 58 115 82 111 101 114 94 
42 33 39 51 27 30 27 24 30 30 39 24 54 36 12 24 36 27 15 24 42 39 33 30 27 24 20 38 19 18 37 12 
0 0 0 0 0 0 0 0 0 0 0 0 0 0 0 0 0 0 0 0 0 0 0 0 0 0 0 0 0 0 0 0 
2 0 4 2 0 2 0 6 2 0 2 2 3 2 0 4 0 0 0 0 0 0 0 0 0 0 0 0 2 0 0 1 
10 4 16 2 10 6 8 12 14 9 6 8 12 4 10 10 6 16 4 12 10 10 8 4 6 10 14 8 6 16 8 0 
7 0 0 1 0 0 0 0 0 0 1 0 0 0 0 0 0 0 0 0 0 0 0 0 0 0 0 0 0 0 0 0 
25 9 15 4 4 6 11 41 4 7 10 12 14 16 4 13 7 12 24 10 10 0 4 5 15 17 9 18 21 17 22 11 
2 0 0 0 1 1 0 0 1 0 0 0 0 0 2 1 0 0 0 0 2 0 0 1 0 0 0 3 0 0 0 0 
10 10 0 0 0 0 9 0 0 0 0 0 0 9 9 0 0 0 0 0 0 0 9 9 0 0 16 0 9 0 9 9 
0 0 0 0 0 0 0 0 0 0 0 0 0 0 0 0 0 0 0 0 0 0 0 0 0 0 0 0 0 0 0 0 
8 16 0 0 0 7 0 0 14 0 7 7 0 0 12 16 0 0 8 0 0 7 7 8 8 0 0 0 0 0 0 0 
73 48 72 85 72 72 24 120 60 60 12 60 96 36 96 12 36 24 48 48 55 36 73 49 24 44 90 72 60 80 60 56 
14 0 4 0 0 4 5 3 0 0 0 11 10 4 4 0 0 4 4 8 0 0 7 0 10 0 0 0 4 4 3 0 
12 0 0 0 0 0 0 0 0 6 0 0 5 0 0 0 0 6 5 0 0 0 0 0 14 0 0 0 6 8 5 0 
1 0 0 0 0 0 0 0 0 1 0 1 1 0 0 1 0 0 0 0 0 0 0 2 0 1 1 0 1 0 0 1 
78 67 65 61 75 83 0 66 62 71 72 52 63 47 57 72 73 69 62 70 68 62 70 80 79 75 72 64 74 60 70 72 
1 2 0 0 0 0 0 0 0 0 1 0 0 1 0 1 0 3 0 3 1 0 0 2 1 1 0 0 0 1 0 0 
114 128 155 98 97 78 107 101 115 86 117 80 136 91 92 90 97 123 110 110 19 93 91 117 105 112 112 128 92 105 87 107 
63 61 62 73 38 55 46 17 32 88 51 64 71 78 30 73 27 55 64 17 72 80 26 75 79 27 51 56 71 43 34 33 
53 50 17 55 21 23 40 36 29 15 35 35 37 2 29 15 11 62 49 53 16 15 32 14 41 36 29 40 40 19 45 15 
0 0 0 0 0 0 0 0 0 0 0 0 0 0 0 0 0 0 0 0 0 0 0 0 0 0 0 0 0 0 0 0 
1 0 0 0 0 0 0 0 0 0 0 0 0 0 0 0 0 0 0 0 0 0 0 0 0 0 0 0 0 0 0 0 
12 8 3 3 9 6 2 3 4 4 2 4 0 9 8 6 4 9 6 6 5 4 13 3 4 4 5 2 4 5 6 2 
2 1 1 1 0 0 0 0 1 0 0 0 0 1 1 2 1 2 2 1 1 1 0 1 1 1 2 1 1 1 0 1 
16 32 18 25 25 15 28 17 16 8 27 15 15 30 23 36 35 15 18 17 20 14 21 16 20 43 8 30 23 33 10 25 
172 174 128 156 160 239 155 152 165 203 205 211 114 155 137 175 45 213 174 148 131 184 190 191 94 119 177 150 173 111 183 139 
16 0 4 9 14 5 0 16 5 0 1 21 4 0 6 18 9 16 19 0 21 0 3 0 1 23 10 0 3 3 7 0 
1 0 0 0 0 0 0 0 0 0 0 0 0 0 0 0 0 0 0 0 0 0 0 0 0 0 0 0 0 0 0 0 
15 12 6 0 1 0 0 0 12 0 7 0 0 7 19 1 0 0 0 0 7 0 1 8 0 8 7 2 6 0 6 0 
192 149 145 190 147 194 161 172 221 177 189 122 144 157 157 132 38 189 160 135 142 181 144 165 152 163 157 168 146 196 157 171 
73 53 54 62 48 40 52 46 65 55 65 54 52 56 42 37 33 66 42 41 61 52 46 39 52 45 48 35 7 56 48 50 
128 107 82 113 94 110 151 76 91 84 113 83 87 113 98 102 92 112 102 103 95 113 105 109 109 84 92 96 28 99 90 93 
7 0 2 3 0 0 0 0 5 2 0 0 0 6 4 0 2 0 1 0 0 0 1 1 0 4 0 10 0 0 0 1 
2 0 0 0 0 0 0 0 0 0 0 0 0 0 0 0 0 0 0 0 0 0 0 0 0 0 0 0 0 0 0 0 
18 20 13 3 18 12 19 3 8 14 2 3 26 12 11 6 4 11 19 13 29 8 20 16 6 13 25 4 11 11 3 15 
5 5 7 7 7 3 4 6 3 2 1 5 5 5 7 3 4 3 6 5 7 8 4 7 4 6 4 2 7 7 5 0 
6 3 4 6 2 2 2 2 2 1 2 1 4 0 2 4 1 5 3 6 3 0 2 3 1 1 1 1 0 0 0 4 
4 2 1 0 1 2 2 3 2 3 3 2 2 4 1 3 3 2 7 4 1 2 9 4 2 3 1 3 4 1 3 1 
3 0 0 0 3 2 0 2 0 0 0 0 0 1 1 1 0 0 1 1 2 0 0 1 1 0 0 2 3 1 3 0 
24 32 33 30 24 45 6 25 38 32 18 25 49 30 12 60 19 2 24 20 32 30 25 38 20 18 22 34 21 29 17 44 
6 3 0 0 0 3 0 0 0 0 0 0 0 0 0 0 0 4 0 0 0 0 0 0 0 3 0 0 0 0 0 0 
21 24 24 6 14 23 26 10 25 9 15 8 11 13 10 15 12 26 20 39 35 9 8 20 18 17 37 16 20 14 19 31 
76 66 50 65 51 54 72 63 56 54 59 53 62 61 64 62 65 66 55 57 62 48 68 1 69 63 63 67 66 66 63 53 
32 7 10 21 0 9 8 4 6 8 15 0 6 18 9 9 29 17 12 10 8 7 4 8 15 13 7 11 22 18 2 15 
0 0 0 0 0 0 0 0 0 0 0 0 0 0 0 0 0 0 0 0 0 0 0 0 0 0 0 0 0 0 0 0 
2 0 0 0 0 0 0 0 0 0 0 0 0 0 0 0 0 0 0 0 0 0 0 0 0 0 0 0 0 0 0 0 
39 44 20 19 19 14 21 23 20 24 12 20 18 18 18 12 21 19 20 27 3 23 27 27 13 7 16 16 21 28 29 18 
5 4 7 0 1 2 0 1 2 1 4 2 1 2 4 1 1 0 3 2 3 3 5 2 2 2 0 2 0 1 0 4 
24 0 52 18 30 7 14 37 19 4 6 7 32 37 7 8 27 7 43 18 12 25 26 4 18 19 32 1 19 24 9 25 
4 3 3 3 3 2 0 2 1 4 1 4 2 1 2 2 0 2 2 4 3 1 0 2 0 4 3 2 0 2 2 1 
0 0 0 0 0 0 0 0 0 0 0 0 0 0 0 0 0 0 0 0 0 0 0 0 0 0 0 0 0 0 0 0 
11 7 3 2 5 4 6 2 1 1 6 2 6 4 2 3 5 4 4 2 4 1 1 3 6 6 3 2 4 3 2 4 
16 12 10 12 14 20 19 17 8 22 13 15 19 16 20 12 25 19 11 20 21 17 3 20 16 18 14 19 11 17 21 8 
130 116 119 111 125 97 96 98 93 116 117 115 105 97 107 99 90 123 103 106 15 117 91 98 113 102 110 88 105 92 131 107 
28 0 0 18 7 10 13 34 24 10 36 12 8 1 18 24 0 18 6 18 34 5 6 6 7 5 11 6 0 24 18 18 
7 6 6 0 6 0 6 1 0 0 0 0 0 0 6 0 0 1 0 0 7 6 0 0 1 0 0 0 0 0 6 0 
1 1 2 1 0 0 0 0 1 0 0 0 0 0 0 0 0 1 1 0 0 0 0 0 0 0 0 0 0 0 0 0 
7 11 9 9 6 10 9 1 8 12 2 8 8 7 4 9 7 5 6 6 6 10 12 7 3 14 10 6 10 7 5 3 
9 9 13 5 13 10 24 9 9 12 7 19 5 6 8 9 13 0 14 28 7 10 12 8 11 10 9 6 5 12 9 7 
14 8 10 13 8 11 2 7 8 9 0 6 4 12 6 7 9 16 8 7 7 7 10 17 8 9 9 6 14 11 17 11 
1 0 0 0 0 0 0 0 0 0 0 0 0 0 0 0 0 0 0 0 0 0 0 0 0 0 0 0 0 0 0 0 
0 0 0 0 0 0 0 0 0 0 0 0 0 0 0 0 0 0 0 0 0 0 0 0 0 0 0 0 0 0 0 0 
14 19 10 19 17 10 13 18 19 18 12 8 9 6 8 9 14 14 14 11 6 13 17 9 12 6 10 19 9 22 23 16 
0 0 0 0 0 0 0 0 0 0 0 0 0 0 0 0 0 0 0 0 0 0 0 0 0 0 0 0 0 0 0 0 
98 111 116 106 88 84 115 41 84 90 90 131 117 94 87 99 123 132 99 157 89 100 105 120 97 128 140 120 89 90 95 81 
213 251 178 223 212 146 269 121 148 139 212 140 157 236 161 151 164 218 251 189 176 204 140 128 227 173 203 148 85 157 177 184 
0 0 0 0 0 0 0 0 0 0 0 0 0 0 0 0 0 0 0 0 0 0 0 0 0 0 0 0 0 0 0 0 
100 88 93 97 85 86 90 103 4 95 87 95 89 95 102 87 89 112 78 91 83 89 83 106 105 95 78 114 99 79 89 84 
63 63 61 69 63 50 73 60 64 58 76 71 12 79 56 71 70 68 67 71 68 52 69 68 63 68 64 51 64 57 61 48 
11 2 0 0 0 1 2 2 0 0 1 1 0 1 3 2 1 0 2 9 4 0 2 1 1 0 2 0 2 2 1 7 
2 0 4 0 2 0 3 0 2 0 0 0 1 0 0 0 0 1 0 0 2 0 2 0 0 0 0 0 0 0 0 1 
1 1 1 0 0 2 1 0 0 2 0 0 0 0 1 1 1 2 0 1 0 1 0 1 1 0 0 0 0 0 0 0 
181 140 139 138 129 95 143 175 136 139 140 128 109 108 152 139 102 98 129 120 141 111 153 147 140 91 150 118 116 131 172 108 
0 0 0 0 0 0 0 0 0 0 0 0 0 0 0 0 0 0 0 0 0 0 0 0 0 0 0 0 0 0 0 0 
238 225 182 214 249 187 243 289 238 226 244 195 188 257 216 202 227 174 213 188 196 179 244 213 224 156 187 199 242 164 137 264 
10 0 13 15 8 6 7 10 4 10 5 1 12 12 6 13 3 9 2 13 11 5 4 19 16 5 8 2 5 7 11 0 
0 0 0 0 0 0 0 0 0 0 0 0 0 0 0 0 0 0 0 0 0 0 0 0 0 0 0 0 0 0 0 0 
117 119 105 97 121 109 100 98 91 106 85 94 101 96 115 108 121 112 121 106 101 16 103 119 113 92 79 80 117 87 84 92 
4 2 2 2 1 2 1 2 1 3 3 3 2 2 0 2 6 1 0 4 1 3 1 4 1 2 1 0 3 4 1 0 
3 1 2 2 6 7 2 4 3 2 4 2 3 5 2 3 4 2 2 5 0 7 4 1 1 1 3 3 3 3 1 4 
0 0 0 0 0 0 0 0 0 0 0 0 0 0 0 0 0 0 0 0 0 0 0 0 0 0 0 0 0 0 0 0 
26 5 10 15 16 4 10 17 0 7 7 13 14 9 11 3 10 13 6 9 9 9 5 18 21 15 7 13 11 16 22 9 
0 0 0 0 0 0 0 0 0 0 0 0 0 0 0 0 0 0 0 0 0 0 0 0 0 0 0 0 0 0 0 0 
2 2 2 0 0 2 5 2 2 0 0 0 0 0 0 0 5 0 0 2 0 6 0 0 4 0 2 0 4 0 0 0 
11 0 0 0 0 0 0 11 1 10 10 10 10 1 0 0 10 0 0 0 0 10 18 0 0 0 0 10 10 11 1 10 
0 0 0 0 0 0 0 0 0 0 0 0 0 0 0 0 0 0 0 0 0 0 0 0 0 0 0 0 0 0 0 0 
15 11 4 10 5 10 11 8 10 11 5 9 5 10 7 11 7 7 6 9 15 4 10 8 9 11 6 10 13 7 10 0 
1 0 0 1 0 0 1 1 0 1 0 1 0 1 0 0 0 0 0 0 1 0 0 0 1 0 0 0 0 0 0 0 
5 3 3 4 7 2 4 1 5 7 0 7 6 4 6 3 6 4 5 2 3 10 3 6 3 3 2 2 4 3 4 0 
0 0 0 0 0 0 0 0 0 0 0 0 0 0 0 0 0 0 0 0 0 0 0 0 0 0 0 0 0 0 0 0 
8 4 3 3 3 5 4 3 7 4 7 7 2 2 6 3 3 5 3 5 4 1 5 7 1 6 5 1 2 5 5 2 
0 0 0 0 0 0 0 0 0 0 0 0 0 0 0 0 0 0 0 0 0 0 0 0 0 0 0 0 0 0 0 0 
15 34 5 3 14 14 1 4 3 47 12 24 24 16 4 26 34 16 16 12 22 26 1 13 15 24 14 21 27 0 5 23 
1 0 3 0 0 1 0 1 0 0 0 2 0 1 0 0 1 0 0 0 1 0 0 4 2 0 0 0 0 0 1 0 
25 24 39 18 26 28 39 34 35 6 58 17 15 17 12 26 16 30 24 10 33 17 21 25 30 15 39 20 13 31 14 21 
0 0 0 0 0 0 0 0 0 0 0 0 0 0 0 0 0 0 0 0 0 0 0 0 0 0 0 0 0 0 0 0 
0 0 0 0 0 0 0 0 0 0 0 0 0 0 0 0 0 0 0 0 0 0 0 0 0 0 0 0 0 0 0 0 
1 0 1 0 1 1 1 0 0 1 0 0 1 0 0 0 0 0 1 0 0 0 0 1 0 0 0 0 0 0 1 1 
3 3 5 3 2 4 0 5 2 3 0 2 1 2 7 2 3 1 3 2 2 2 1 3 1 0 1 1 1 1 0 3 
5 0 0 0 0 6 0 0 3 0 0 0 0 10 0 0 0 4 0 0 0 0 10 4 4 3 0 0 4 3 5 4 
2 0 0 0 0 0 0 0 0 0 0 0 1 0 1 0 0 0 0 0 0 0 0 0 0 0 0 0 0 1 0 0 
1 0 0 0 0 0 0 0 0 0 1 0 0 0 0 0 0 0 0 1 0 0 0 1 0 0 0 0 0 0 0 1 
2 2 0 0 0 4 2 2 3 2 4 0 0 1 0 2 0 0 0 2 0 0 2 0 0 0 0 0 2 0 0 0 
5 72 82 76 75 73 67 77 77 79 101 74 75 76 83 88 73 78 71 81 78 69 59 87 81 81 69 64 73 70 63 72 
1 0 0 0 0 0 0 0 0 0 0 0 0 0 0 0 0 0 0 0 0 0 0 0 0 0 0 0 0 0 0 0 
1 0 0 0 0 0 1 0 2 0 0 1 0 0 0 2 0 0 0 0 0 1 0 0 0 0 0 0 0 0 0 0 
0 0 0 0 0 0 0 0 0 0 0 0 0 0 0 0 0 0 0 0 0 0 0 0 0 0 0 0 0 0 0 0 
6 6 6 4 2 3 2 5 0 4 3 6 5 6 5 3 0 5 2 5 6 4 3 7 5 2 2 4 1 5 4 0 
6 0 9 6 3 6 0 3 3 0 0 0 3 6 0 3 3 4 0 0 0 3 9 9 3 1 3 3 3 2 0 0 
4 4 1 10 8 9 4 4 3 1 0 3 10 4 5 3 2 5 6 1 10 10 5 3 7 0 3 2 13 1 8 2 
6 0 1 1 2 0 1 3 1 0 0 1 0 0 0 3 0 0 1 0 1 0 2 0 0 0 1 0 0 0 0 0 
136 72 77 106 87 113 109 80 105 105 107 86 77 92 109 84 3 91 96 86 97 78 71 109 84 90 83 98 108 90 70 87 
22 22 20 22 21 75 76 20 21 22 21 20 20 0 21 0 1 42 3 60 41 21 1 22 0 20 21 39 21 22 21 0 
0 0 0 0 0 0 0 0 0 0 0 0 0 0 0 0 0 0 0 0 0 0 0 0 0 0 0 0 0 0 0 0 
1 0 0 0 0 0 0 1 0 0 0 0 0 0 0 1 0 0 0 0 0 0 0 0 0 0 0 0 0 0 0 0 
19 0 0 0 20 10 21 10 0 9 0 27 10 0 20 10 30 0 17 24 9 1 0 9 20 10 10 9 0 20 0 20 
99 80 73 106 110 136 84 85 93 94 81 109 98 109 77 114 105 110 115 14 95 101 117 105 87 92 87 89 113 99 119 111 
141 115 136 117 110 106 141 122 132 130 124 136 141 115 112 42 112 106 129 148 130 143 125 136 134 111 133 114 142 123 129 102 
0 0 0 0 0 0 0 0 0 0 0 0 0 0 0 0 0 0 0 0 0 0 0 0 0 0 0 0 0 0 0 0 
0 0 0 0 0 0 0 0 0 0 0 0 0 0 0 0 0 0 0 0 0 0 0 0 0 0 0 0 0 0 0 0 
32 19 16 8 14 23 9 12 16 17 12 14 23 18 29 24 13 19 15 13 19 6 8 12 12 17 9 14 7 30 22 24 
22 5 5 2 5 1 12 5 1 11 3 4 9 4 11 4 12 0 1 5 2 7 5 0 9 3 6 7 12 9 12 12 
108 116 115 92 100 101 97 121 8 96 95 88 110 95 105 100 102 141 91 91 99 98 100 114 112 107 89 141 104 97 102 85 
4 0 0 4 0 2 2 7 4 3 0 6 1 1 5 6 1 5 0 1 1 1 2 0 4 2 3 0 3 3 5 5 
38 47 49 52 59 58 48 47 49 63 53 40 47 49 50 0 59 61 56 61 46 53 48 61 53 69 50 41 42 72 64 56 
83 49 65 70 62 66 57 55 68 72 65 74 84 63 67 66 72 1 66 63 71 67 70 55 63 64 80 70 73 79 61 95 
8 0 0 6 0 6 0 0 7 6 0 0 0 0 6 0 0 0 0 0 0 0 0 0 0 0 6 0 0 0 6 0 
14 2 10 10 18 2 8 17 4 0 6 12 10 10 8 0 4 8 4 12 8 6 6 6 22 4 12 14 12 12 8 0 
32 16 8 9 10 18 9 24 28 13 1 18 34 1 36 11 19 32 29 18 11 3 17 10 25 23 40 2 34 0 27 9 
1 0 0 0 0 0 0 1 1 0 0 0 0 2 0 0 0 1 0 0 0 0 0 3 1 0 2 1 1 0 0 0 
1 0 1 0 0 0 0 0 0 0 0 0 0 0 0 0 0 0 0 0 0 0 0 0 0 0 0 0 0 0 0 0 
13 5 3 0 2 3 4 9 2 3 2 4 1 4 0 2 11 2 2 4 15 14 2 4 5 3 17 3 4 10 1 4 
33 11 20 14 23 12 15 8 23 13 9 11 7 9 12 23 9 24 9 25 17 7 10 22 10 12 11 11 8 13 15 11 
2 0 0 0 0 0 0 0 0 0 0 0 0 0 0 0 0 0 0 0 0 0 0 0 0 0 0 0 0 0 0 0 
0 0 0 0 0 0 0 0 0 0 0 0 0 0 0 0 0 0 0 0 0 0 0 0 0 0 0 0 0 0 0 0 
21 11 5 6 5 8 10 22 14 9 13 7 6 2 3 5 8 9 9 6 4 3 3 3 5 2 5 10 1 14 4 6 
0 0 0 0 0 0 0 0 0 0 0 0 0 0 0 0 0 0 0 0 0 0 0 0 0 0 0 0 0 0 0 0 
122 99 146 102 104 64 45 113 120 108 87 129 99 112 65 177 106 59 158 121 94 91 71 75 46 104 89 91 137 105 180 75 
1 0 0 0 0 0 0 0 0 0 0 0 0 0 0 1 0 0 0 0 0 0 0 0 0 0 0 0 1 0 0 0 
8 7 0 0 0 0 0 0 0 7 0 12 0 0 0 12 0 0 0 0 0 7 0 0 0 0 0 0 0 0 7 0 
4 0 0 0 0 0 0 0 0 0 0 0 0 0 0 0 0 0 0 0 0 0 0 0 0 0 0 0 0 0 0 0 
87 56 43 114 99 73 62 70 76 76 77 75 66 66 106 68 22 86 101 44 56 96 78 43 71 75 63 68 65 94 78 78 
23 12 20 13 9 14 15 4 23 11 15 16 11 23 17 6 11 19 26 16 15 9 16 8 11 17 15 12 17 25 12 13 
2 0 0 0 0 0 0 0 0 0 0 0 0 0 0 0 1 0 0 0 0 0 0 0 0 0 0 2 0 0 0 0 
12 3 1 5 0 1 6 6 13 3 8 9 0 3 1 15 2 31 16 1 9 0 2 5 2 5 0 0 11 5 1 2 
0 0 0 0 0 0 0 0 0 0 0 0 0 0 0 0 0 0 0 0 0 0 0 0 0 0 0 0 0 0 0 0 
77 91 82 71 90 82 82 74 85 79 90 87 71 93 90 90 78 75 80 86 83 90 3 72 75 84 86 90 98 93 88 82 
0 0 0 0 0 0 0 0 0 0 0 0 0 0 0 0 0 0 0 0 0 0 0 0 0 0 0 0 0 0 0 0 
17 19 15 18 24 12 16 10 11 23 17 10 8 10 9 24 21 13 19 27 9 18 16 22 23 18 17 20 5 10 29 16 
25 0 7 7 18 7 0 5 12 2 15 0 16 5 0 12 7 7 6 6 12 5 6 0 10 6 12 7 11 10 6 0 
9 8 16 14 8 9 15 21 16 8 21 8 7 16 0 8 24 15 31 26 14 16 8 0 8 8 8 8 8 16 28 8 
32 16 30 28 31 31 11 10 14 2 20 38 5 27 37 4 31 16 27 28 22 10 10 56 80 22 30 4 18 28 2 9 
35 12 12 11 14 0 1 1 0 0 25 0 15 30 0 11 0 15 0 14 3 11 15 3 3 0 0 1 0 31 36 3 
0 0 0 0 0 0 0 0 0 0 0 0 0 0 0 0 0 0 0 0 0 0 0 0 0 0 0 0 0 0 0 0 
5 8 0 4 0 0 4 0 0 0 0 0 0 0 0 5 0 4 0 0 0 0 0 0 0 0 0 0 4 0 0 0 
20 20 18 17 16 12 17 10 8 21 9 20 13 18 18 8 15 15 14 15 0 19 15 20 10 7 14 15 17 14 21 16 
12 0 6 0 0 6 0 12 12 12 0 0 1 0 0 0 0 0 6 0 6 11 0 0 0 6 10 0 0 10 0 0 
10 10 6 24 1 0 6 1 9 13 6 22 12 6 16 13 1 2 15 18 20 12 10 1 6 3 4 25 5 15 18 6 
36 23 19 17 32 1 17 29 21 12 28 21 12 11 13 9 21 23 18 16 11 24 25 27 33 36 22 26 19 24 21 33 
4 0 1 6 8 4 1 0 6 6 2 4 0 0 1 6 1 5 2 1 4 2 7 4 4 2 6 7 9 3 0 8 
6 0 0 3 1 3 2 0 3 0 0 1 2 3 5 0 1 0 1 1 3 1 2 4 1 0 2 0 2 2 0 2 
7 7 4 1 6 3 2 6 3 2 3 0 2 15 8 3 2 2 4 6 6 2 3 5 5 5 4 3 4 6 7 1 
6 0 1 0 0 0 0 0 0 0 0 1 0 0 0 0 0 0 0 0 0 0 0 0 2 0 0 0 0 0 1 0 
85 83 81 87 100 121 91 80 81 94 90 86 97 112 75 106 94 111 94 3 102 93 113 108 89 93 90 88 106 97 105 116 
107 102 78 107 84 98 117 77 85 67 110 84 86 98 87 85 81 109 104 98 87 104 96 92 99 85 86 88 2 89 91 90 
3 2 2 1 0 1 1 1 5 1 0 1 2 0 1 0 0 0 0 0 2 1 3 3 1 1 0 0 0 0 1 0 
9 3 12 5 5 5 7 6 4 3 3 2 1 8 2 4 8 6 6 3 7 8 3 1 1 2 6 7 2 1 5 2 
0 0 0 0 0 0 0 0 0 0 0 0 0 0 0 0 0 0 0 0 0 0 0 0 0 0 0 0 0 0 0 0 
1 0 0 0 0 0 0 0 1 0 0 0 0 1 0 0 0 1 0 1 0 0 0 0 0 0 0 0 0 0 1 0 
6 2 3 1 4 5 0 1 3 1 3 1 2 5 1 0 5 1 2 6 1 3 2 2 3 4 0 0 2 1 3 2 
3 0 0 0 0 0 0 0 0 0 0 0 0 0 0 0 0 0 0 0 0 0 0 0 0 0 0 0 0 0 0 0 
8 5 7 3 2 4 2 4 3 3 3 5 1 4 6 6 2 6 4 3 4 4 10 1 2 5 5 3 2 3 7 0 
2 3 1 2 0 4 1 1 1 3 2 1 3 1 3 0 0 0 2 1 1 2 0 0 1 3 3 1 0 3 0 1 
11 3 2 10 5 2 2 14 3 12 2 6 8 0 2 3 2 9 2 11 6 11 7 2 2 2 12 3 3 12 4 1 
184 239 288 271 251 189 251 281 213 283 199 206 235 265 189 240 329 242 247 212 214 207 216 246 272 120 220 237 258 210 253 375 
32 17 2 13 4 2 5 2 3 15 2 5 5 14 1 22 5 12 1 3 1 3 14 5 6 0 1 15 4 3 16 13 
7 2 3 1 2 2 6 1 3 1 0 1 2 5 0 4 1 0 0 3 4 1 0 4 0 3 3 1 0 4 0 0 
178 144 121 209 151 161 199 181 167 156 206 162 113 181 139 108 161 127 121 180 133 168 136 168 180 146 169 107 169 135 135 140 
14 5 8 10 6 6 12 14 5 14 13 5 9 4 4 15 8 8 12 11 11 6 8 6 11 8 12 14 8 2 9 8 
2 2 0 0 0 1 0 0 0 0 0 0 0 0 1 0 0 1 0 1 0 0 1 0 0 0 0 2 0 0 0 0 
7 0 0 0 0 0 0 0 6 0 6 6 6 0 7 7 7 0 0 0 0 7 0 5 7 18 7 0 0 0 0 0 
111 70 72 86 76 88 59 61 97 72 52 105 61 93 116 78 97 108 81 100 99 96 97 115 123 80 84 68 96 86 60 92 
1 0 0 1 0 1 0 0 0 1 1 0 0 0 0 0 0 0 1 0 0 1 0 0 0 0 0 0 0 0 0 0 
18 95 105 104 71 97 98 82 84 97 96 83 94 83 116 85 102 104 85 109 104 77 73 111 113 82 76 78 87 84 86 101 
0 0 0 0 0 0 0 0 0 0 0 0 0 0 0 0 0 0 0 0 0 0 0 0 0 0 0 0 0 0 0 0 
7 5 7 5 4 8 4 0 6 5 5 2 4 4 4 1 4 2 10 2 5 2 2 6 5 3 4 4 8 2 9 0 
0 0 0 0 0 0 0 0 0 0 0 0 0 0 0 0 0 0 0 0 0 0 0 0 0 0 0 0 0 0 0 0 
89 88 74 82 69 55 52 65 74 97 73 44 63 77 75 75 67 37 53 83 49 68 70 51 66 47 57 76 82 100 63 53 
1 0 0 2 0 1 2 0 2 0 1 0 0 0 0 0 1 1 2 1 1 0 0 0 0 1 0 1 0 1 2 0 
2 0 1 1 1 0 1 0 2 1 1 1 0 0 1 0 1 1 0 1 0 0 0 0 1 1 1 0 1 2 1 0 
0 0 0 0 0 0 0 0 0 0 0 0 0 0 0 0 0 0 0 0 0 0 0 0 0 0 0 0 0 0 0 0 
29 44 29 35 44 43 32 26 33 39 37 30 32 32 31 37 33 32 40 30 32 25 28 28 29 40 36 34 20 24 34 17 
14 27 9 4 9 4 6 17 11 6 4 12 8 15 12 12 3 2 14 10 9 10 4 14 6 9 8 8 7 7 3 12 
1 0 0 1 1 0 0 1 0 0 1 1 0 0 0 1 1 0 0 0 1 1 1 1 4 0 0 0 2 0 2 0 
85 105 83 73 92 59 46 84 76 63 53 89 90 98 67 70 89 85 101 31 73 74 69 61 83 62 64 73 81 89 62 77 
6 1 5 2 0 4 1 6 3 3 5 1 4 2 1 3 2 4 3 4 2 1 1 3 3 2 4 5 5 0 3 0 
4 2 1 1 1 2 1 0 0 0 1 0 3 1 3 3 0 0 2 1 1 1 4 1 0 3 2 1 0 1 1 1 
1 0 0 1 0 0 0 0 0 0 0 0 0 0 0 0 0 0 0 0 0 0 0 0 0 0 0 0 0 0 0 0 
1 1 1 3 1 1 0 0 1 0 0 1 1 0 0 1 0 1 0 0 0 0 0 0 1 1 0 0 0 3 0 0 
0 0 0 0 0 0 0 0 0 0 0 0 0 0 0 0 0 0 0 0 0 0 0 0 0 0 0 0 0 0 0 0 
0 0 0 0 0 0 0 0 0 0 0 0 0 0 0 0 0 0 0 0 0 0 0 0 0 0 0 0 0 0 0 0 
23 18 25 23 14 24 14 16 15 20 23 15 17 21 21 18 15 23 15 22 15 24 16 29 19 0 16 26 14 24 19 22 
13 10 11 3 6 10 11 12 9 7 9 6 6 9 11 11 3 7 14 7 0 6 13 6 4 8 3 7 12 8 8 8 
6 3 8 3 4 5 1 2 4 5 3 8 9 8 4 1 8 5 4 2 5 4 2 4 4 1 8 3 4 3 3 1 
6 0 0 0 0 0 0 1 0 0 0 0 0 1 0 0 0 0 0 0 0 0 0 0 0 0 0 0 0 0 0 0 
168 126 150 113 126 102 147 163 118 147 129 94 131 138 105 139 112 110 122 98 115 121 140 130 146 146 96 113 145 152 80 149 
46 32 38 23 36 22 30 11 20 46 2 28 20 11 50 21 1 49 36 55 50 54 96 21 89 25 50 22 51 10 37 34 
209 127 205 175 180 162 188 248 211 175 226 190 157 138 187 182 208 187 182 172 225 149 185 171 203 170 156 150 133 164 190 149 
57 37 49 38 41 37 54 51 35 48 40 27 54 41 39 39 36 49 45 1 41 36 51 42 41 45 35 34 44 53 45 46 
0 0 0 0 0 0 0 0 0 0 0 0 0 0 0 0 0 0 0 0 0 0 0 0 0 0 0 0 0 0 0 0 
92 84 72 86 74 76 81 74 71 88 1 79 78 75 78 90 84 92 81 63 73 76 85 82 68 76 66 83 74 69 83 65 
10 7 1 1 1 0 0 0 1 8 0 1 1 0 0 7 0 1 0 2 8 1 0 8 0 0 1 7 7 5 0 8 
35 51 56 64 47 44 58 39 58 72 56 48 44 27 51 47 35 56 40 26 33 57 49 23 48 30 36 55 52 48 43 31 
32 27 20 30 28 7 18 24 16 22 28 19 33 23 19 29 19 24 27 18 26 22 19 19 26 16 26 25 27 24 35 23 
9 8 15 24 7 29 4 45 18 15 19 15 7 7 21 6 8 14 0 15 8 4 0 28 7 3 14 35 0 8 0 1 
16 19 0 6 6 6 0 6 13 12 13 20 6 6 0 0 12 18 12 18 1 8 7 16 6 1 25 0 18 16 25 1 
35 34 9 17 0 17 9 42 8 17 18 22 9 26 26 16 0 9 17 18 1 0 17 9 9 9 0 18 9 0 21 1 
2 0 0 0 0 0 1 0 0 0 0 0 0 0 1 0 0 1 0 0 0 0 0 0 0 0 0 0 1 0 0 1 
88 78 98 103 84 81 98 100 91 92 86 102 91 95 69 80 98 84 99 87 72 94 88 97 78 93 105 77 3 86 95 82 
7 3 6 7 3 3 0 0 0 7 1 4 0 3 3 0 0 7 1 3 0 0 1 5 0 0 4 0 1 1 0 3 
4 2 2 4 3 0 0 2 2 2 3 1 1 2 1 3 4 1 2 0 3 3 2 3 1 1 1 1 3 1 5 2 
138 116 99 124 120 115 130 98 113 123 36 116 115 118 120 130 120 132 113 95 111 113 123 119 102 118 100 122 72 112 126 87 
69 5 19 6 29 10 9 27 29 33 21 24 26 37 18 33 23 60 30 37 71 32 36 49 9 28 28 22 18 27 28 30 
32 34 7 16 52 26 12 9 3 36 33 14 19 12 15 49 39 13 15 13 27 9 37 17 40 43 19 22 37 15 7 43 
136 187 131 89 86 115 149 195 117 160 159 180 219 194 125 92 141 196 141 146 160 125 128 124 123 111 156 108 74 117 197 114 
3 0 0 0 0 0 0 0 0 0 0 0 0 0 0 0 0 0 0 0 0 0 0 0 0 0 0 0 0 0 0 0 
119 146 106 145 145 120 89 205 169 139 82 137 106 113 120 97 81 160 88 145 112 77 85 176 106 166 89 114 144 99 141 105 
82 52 29 28 60 56 40 52 36 26 26 56 75 76 24 48 52 40 60 36 48 44 52 44 40 48 72 40 44 36 48 64 
17 16 9 10 7 19 14 11 10 23 21 12 11 5 0 19 17 28 31 8 29 15 11 23 22 17 16 30 6 5 10 15 
47 16 29 8 20 9 22 29 17 46 34 36 22 30 18 21 31 22 45 22 24 37 19 8 21 22 23 28 15 32 13 20 
32 52 63 61 86 32 76 45 33 83 37 41 41 44 51 87 42 87 38 35 51 65 25 64 49 42 47 31 48 50 49 32 
5 0 1 1 0 0 2 0 0 0 2 0 2 1 0 1 0 0 1 1 3 0 0 0 0 0 2 1 2 1 3 0 
0 0 0 0 0 0 0 0 0 0 0 0 0 0 0 0 0 0 0 0 0 0 0 0 0 0 0 0 0 0 0 0 
2 0 0 0 0 1 0 1 0 0 0 0 1 0 0 1 0 0 1 0 0 1 0 0 1 0 0 0 0 0 1 2 
1 0 1 0 0 0 0 0 0 0 0 0 0 1 0 0 0 0 0 0 0 0 0 0 0 0 0 0 0 0 0 0 
10 0 5 0 5 0 0 10 0 0 0 0 6 0 6 0 6 0 0 0 0 0 0 0 5 0 12 0 5 0 0 0 
9 4 2 2 3 9 3 2 1 3 4 3 7 5 8 6 1 3 3 8 4 5 1 6 1 10 4 9 2 6 12 2 
10 4 2 11 14 6 2 2 7 4 0 4 2 2 4 9 6 6 2 7 4 2 2 0 4 2 6 3 0 0 11 9 
0 0 0 0 0 0 0 0 0 0 0 0 0 0 0 0 0 0 0 0 0 0 0 0 0 0 0 0 0 0 0 0 
0 0 0 0 0 0 0 0 0 0 0 0 0 0 0 0 0 0 0 0 0 0 0 0 0 0 0 0 0 0 0 0 
5 2 5 1 0 2 2 1 3 5 0 1 1 1 4 3 3 4 3 4 1 2 4 7 4 1 4 3 1 4 4 5 
93 82 79 84 72 89 79 97 85 90 69 77 90 85 76 85 89 91 69 98 1 85 82 88 78 97 82 86 84 84 103 72 
13 4 0 0 0 3 9 0 0 10 4 0 4 6 0 0 0 0 0 0 5 0 0 0 0 0 0 0 3 0 7 3 
3 0 0 0 0 0 0 0 0 0 0 0 0 0 0 0 0 0 0 2 0 0 0 0 3 0 0 0 2 2 0 0 
5 5 3 0 3 0 7 3 4 5 2 3 1 4 2 2 0 4 2 3 5 1 2 0 0 3 1 1 0 1 1 2 
1 0 0 0 0 0 0 0 0 0 0 0 0 0 0 0 0 0 0 0 0 0 0 0 0 0 0 1 0 0 0 0 
7 0 2 3 2 2 2 1 2 3 4 6 0 2 1 3 0 4 3 2 0 3 3 1 0 0 1 1 2 2 2 3 
1 0 0 1 0 1 0 0 0 0 0 0 0 0 0 0 0 0 0 0 0 0 0 0 0 1 0 0 0 0 0 0 
1 0 0 0 1 0 0 0 0 0 0 0 0 0 0 0 0 0 0 0 0 0 0 0 0 0 0 0 0 0 0 0 
0 0 0 0 0 0 0 0 0 0 0 0 0 0 0 0 0 0 0 0 0 0 0 0 0 0 0 0 0 0 0 0 
0 0 0 0 0 0 0 0 0 0 0 0 0 0 0 0 0 0 0 0 0 0 0 0 0 0 0 0 0 0 0 0 
4 1 3 3 0 0 0 1 1 5 0 0 1 0 0 2 0 0 0 3 0 0 2 0 0 1 1 1 0 1 2 0 
67 51 64 47 53 15 45 55 38 58 51 57 49 62 67 40 44 39 39 43 58 55 73 49 43 38 30 65 49 44 38 49 
241 197 232 250 160 234 214 227 253 194 228 204 201 214 200 189 270 217 186 259 239 226 263 243 196 238 185 233 190 180 249 222 
3 1 0 1 0 2 0 3 1 0 0 0 0 0 0 0 2 0 2 0 0 0 1 0 0 0 1 0 0 0 2 0 
1 0 1 0 2 0 0 0 0 1 0 3 0 0 1 1 0 1 2 0 0 2 3 0 4 0 0 1 0 2 0 0 
107 92 3 103 100 88 112 99 95 91 117 94 77 99 78 81 96 84 79 94 88 98 90 93 103 85 101 69 93 81 86 91 
2 4 1 2 1 0 1 2 0 4 0 0 3 1 0 0 0 2 2 1 2 0 2 4 2 1 2 0 1 0 2 1 
0 0 0 0 0 0 0 0 0 0 0 0 0 0 0 0 0 0 0 0 0 0 0 0 0 0 0 0 0 0 0 0 
12 0 0 12 0 1 12 0 0 0 0 0 0 0 1 13 0 1 20 1 0 0 0 0 20 11 10 0 11 0 0 0 
118 114 107 95 123 109 92 99 110 106 82 98 103 94 124 97 115 101 127 110 92 15 115 118 118 87 72 74 107 77 84 85 
14 0 12 13 8 10 8 17 14 20 14 14 15 18 22 9 13 19 12 8 11 14 27 13 18 17 4 8 18 16 12 11 
9 12 2 2 7 1 3 7 10 5 3 4 6 6 6 9 6 4 4 8 4 2 8 4 7 4 7 10 8 4 13 6 
3 0 0 0 0 0 0 1 0 0 0 0 0 0 0 0 0 0 0 0 0 0 0 0 1 0 0 0 0 0 0 0 
0 0 0 0 0 0 0 0 0 0 0 0 0 0 0 0 0 0 0 0 0 0 0 0 0 0 0 0 0 0 0 0 
2 0 0 2 0 2 2 0 2 0 0 0 0 0 2 2 4 0 0 0 0 0 0 0 6 0 2 0 0 0 0 0 
19 18 0 13 12 13 24 13 19 13 0 18 0 49 18 18 14 26 48 13 12 0 14 22 12 0 0 13 24 31 26 0 
0 0 0 0 0 0 0 0 0 0 0 0 0 0 0 0 0 0 0 0 0 0 0 0 0 0 0 0 0 0 0 0 
67 96 70 72 74 49 68 72 62 86 78 93 62 74 46 77 78 74 62 108 97 65 44 63 91 74 74 89 62 42 99 65 
16 0 0 0 0 0 0 0 0 0 0 1 0 0 0 0 0 1 1 1 0 0 0 0 1 1 0 0 0 0 1 0 
47 52 32 41 56 46 43 52 37 51 49 31 46 45 40 34 46 43 47 43 56 35 44 44 57 46 5 42 40 35 43 46 
175 238 278 269 249 189 248 280 212 276 191 205 229 264 187 240 328 241 246 204 213 204 213 244 271 119 218 234 250 210 250 374 
0 0 0 0 0 0 0 0 0 0 0 0 0 0 0 0 0 0 0 0 0 0 0 0 0 0 0 0 0 0 0 0 
114 153 101 92 110 119 95 93 91 92 102 115 79 138 125 121 102 98 100 108 96 110 14 96 106 98 116 98 124 127 128 112 
0 0 0 0 0 0 0 0 0 0 0 0 0 0 0 0 0 0 0 0 0 0 0 0 0 0 0 0 0 0 0 0 
0 0 0 0 0 0 0 0 0 0 0 0 0 0 0 0 0 0 0 0 0 0 0 0 0 0 0 0 0 0 0 0 
0 0 0 0 0 0 0 0 0 0 0 0 0 0 0 0 0 0 0 0 0 0 0 0 0 0 0 0 0 0 0 0 
9 0 4 1 5 12 18 6 8 7 11 5 7 2 3 3 4 10 4 25 7 4 6 3 5 1 15 7 4 12 4 4 
27 22 15 16 10 19 19 26 23 25 11 16 20 2 12 25 22 10 20 21 21 10 12 10 20 14 16 20 21 21 17 18 
25 30 21 16 4 5 6 15 23 6 4 9 18 16 11 4 11 28 13 7 17 20 11 5 6 12 24 5 32 0 8 6 
2 2 0 0 0 0 0 2 0 0 0 0 1 0 0 0 0 2 1 0 0 1 0 2 0 1 1 0 0 3 0 0 
5 0 0 0 0 0 4 0 0 0 4 0 0 0 0 0 0 0 0 0 0 0 0 4 0 0 4 0 0 0 4 4 
58 71 78 72 70 67 58 74 60 72 65 66 73 71 2 78 66 69 65 71 67 69 61 67 69 81 71 64 78 75 63 72 
11 5 2 2 0 2 3 0 3 1 2 1 0 1 2 1 1 2 1 2 2 4 1 2 1 1 3 1 3 0 1 0 
0 0 0 0 0 0 0 0 0 0 0 0 0 0 0 0 0 0 0 0 0 0 0 0 0 0 0 0 0 0 0 0 
1 0 0 0 0 0 0 0 0 0 0 0 0 0 0 0 0 0 0 0 0 0 0 0 0 0 0 0 0 0 0 0 
34 22 44 35 40 26 27 8 27 42 30 32 37 25 28 29 31 36 42 23 39 36 27 25 30 26 27 33 30 28 28 21 
24 28 36 36 12 55 19 18 53 30 25 36 20 38 19 22 40 48 18 15 12 35 37 39 24 36 13 26 25 24 33 14 
10 11 11 10 23 7 19 17 13 10 15 17 10 15 15 24 21 12 8 12 23 15 7 10 15 17 21 17 17 20 29 21 
1 0 0 0 0 0 0 0 0 0 0 0 1 0 0 0 1 0 0 0 0 0 0 0 0 0 0 0 0 0 0 0 
4 3 3 0 2 4 3 0 0 4 0 0 3 2 0 0 0 1 1 2 2 1 1 0 0 0 0 2 0 4 2 3 
18 79 100 86 91 90 76 85 83 90 118 89 96 84 94 93 76 89 86 90 96 77 66 102 97 88 77 76 77 84 70 80 
13 26 24 0 26 44 0 12 0 0 0 26 39 12 0 13 39 12 0 0 36 26 33 13 0 12 26 13 48 0 60 24 
4 3 3 3 5 1 0 5 3 2 2 0 11 2 2 2 0 2 2 4 4 0 6 0 1 0 2 2 6 3 5 1 
2 0 0 0 0 0 0 1 2 2 1 0 1 0 2 0 0 0 0 1 0 3 1 1 0 0 0 1 1 0 0 0 
38 35 36 33 38 40 27 30 44 33 44 32 32 24 38 30 33 47 36 26 34 29 31 26 44 26 39 20 25 30 3 24 
22 14 31 19 20 19 17 4 18 8 22 13 17 19 19 15 21 15 12 9 17 37 20 18 9 12 21 11 8 13 29 24 
2 0 1 0 0 0 0 0 0 0 0 0 0 0 0 0 0 0 0 0 0 1 1 0 1 0 0 0 1 0 0 0 
37 40 47 44 48 35 50 45 33 53 42 65 38 51 38 34 40 57 65 24 31 56 66 48 28 50 21 53 50 66 35 18 
91 95 88 81 98 105 92 95 88 74 79 78 112 95 91 106 84 99 80 84 94 79 86 102 81 12 96 87 96 93 96 84 
0 0 0 0 0 0 0 0 0 0 0 0 0 0 0 0 0 0 0 0 0 0 0 0 0 0 0 0 0 0 0 0 
2 1 0 3 0 0 0 1 0 1 0 0 0 2 0 2 0 0 3 0 0 0 2 0 0 0 2 5 4 0 0 0 
1 0 0 1 0 0 0 1 0 0 0 0 1 0 0 0 0 0 0 0 0 0 0 0 0 0 0 0 0 0 1 0 
14 2 10 10 18 2 8 17 4 0 6 12 10 10 8 0 4 8 4 12 8 6 6 6 22 4 12 14 12 12 8 0 
0 0 0 0 0 0 0 0 0 0 0 0 0 0 0 0 0 0 0 0 0 0 0 0 0 0 0 0 0 0 0 0 
0 0 0 0 0 0 0 0 0 0 0 0 0 0 0 0 0 0 0 0 0 0 0 0 0 0 0 0 0 0 0 0 
20 11 13 13 15 12 15 8 16 13 9 11 7 9 12 17 9 17 9 18 9 7 10 14 10 12 11 11 8 0 14 11 
8 4 8 0 0 8 0 8 0 0 0 8 4 0 4 0 0 8 4 0 4 0 6 8 0 12 3 8 0 4 0 0 
0 0 0 0 0 0 0 0 0 0 0 0 0 0 0 0 0 0 0 0 0 0 0 0 0 0 0 0 0 0 0 0 
0 0 0 0 0 0 0 0 0 0 0 0 0 0 0 0 0 0 0 0 0 0 0 0 0 0 0 0 0 0 0 0 
8 2 8 5 2 3 1 2 4 4 1 4 14 11 2 1 2 8 0 14 1 2 7 2 14 3 16 9 9 1 0 0 
11 10 7 8 5 9 5 10 0 17 16 11 14 15 11 11 10 13 11 11 9 12 13 6 14 11 8 11 6 14 11 10 
33 18 24 14 21 18 17 13 10 26 32 13 17 21 10 12 25 24 16 7 16 21 13 13 19 17 17 12 17 10 28 14 
27 20 34 25 19 26 9 16 27 19 26 42 25 37 18 22 38 18 15 15 28 23 37 37 15 43 34 15 26 27 23 37 
12 5 9 13 2 3 1 16 0 11 4 5 6 7 2 4 7 4 4 4 13 2 4 2 3 2 5 5 19 4 8 12 
66 69 68 72 58 65 71 68 93 60 53 68 59 60 59 56 65 85 59 66 74 74 63 1 87 76 66 56 75 62 60 57 
2 0 0 0 1 1 0 0 1 0 1 3 0 1 0 2 1 0 1 1 0 0 0 2 0 0 0 1 1 1 0 1 
0 0 0 0 0 0 0 0 0 0 0 0 0 0 0 0 0 0 0 0 0 0 0 0 0 0 0 0 0 0 0 0 
6 5 12 0 6 0 0 6 6 6 18 12 12 0 1 10 0 5 8 6 0 1 6 12 0 6 0 6 0 0 5 6 
0 0 0 0 0 0 0 0 0 0 0 0 0 0 0 0 0 0 0 0 0 0 0 0 0 0 0 0 0 0 0 0 
10 10 9 9 15 3 17 15 10 10 4 11 7 14 14 9 4 9 12 9 12 14 4 11 4 17 9 20 3 6 11 12 
3 0 0 0 0 0 0 0 0 0 0 0 0 0 0 0 0 0 0 0 0 0 0 0 0 0 0 0 0 0 0 0 
27 16 11 4 12 11 5 11 9 7 7 10 14 15 15 10 9 13 16 11 10 7 6 6 6 13 4 9 1 13 12 13 
21 9 32 8 28 8 9 7 6 7 9 12 0 10 8 10 5 15 9 8 14 10 28 17 9 15 20 15 8 10 11 6 
119 88 104 79 97 110 87 78 90 102 50 71 104 120 94 90 92 99 88 106 97 59 111 88 55 86 110 95 103 79 103 63 
77 59 72 67 64 58 83 16 72 73 76 76 80 80 66 61 64 83 80 76 62 67 68 70 71 73 73 83 64 70 73 71 
11 0 7 0 7 14 7 0 0 0 0 0 4 2 8 3 0 14 14 4 0 7 7 0 6 0 6 0 0 4 6 0 
90 69 80 62 83 98 71 57 64 61 41 42 72 79 74 68 62 75 61 81 69 52 71 55 46 53 76 74 69 29 72 52 
0 0 0 0 0 0 0 0 0 0 0 0 0 0 0 0 0 0 0 0 0 0 0 0 0 0 0 0 0 0 0 0 
0 0 0 0 0 0 0 0 0 0 0 0 0 0 0 0 0 0 0 0 0 0 0 0 0 0 0 0 0 0 0 0 
27 38 7 26 27 24 21 24 17 16 17 11 13 7 13 18 18 19 27 15 41 18 40 5 34 5 29 12 21 21 8 10 
7 0 0 7 6 0 1 0 6 0 6 6 7 0 0 0 0 1 6 6 21 0 7 2 0 0 0 14 7 0 0 0 
14 4 7 0 0 9 0 8 6 7 9 0 3 3 9 6 2 12 4 1 6 11 9 9 6 30 7 0 3 3 15 0 
0 0 0 0 0 0 0 0 0 0 0 0 0 0 0 0 0 0 0 0 0 0 0 0 0 0 0 0 0 0 0 0 
1 0 0 0 0 0 0 0 0 0 0 0 0 0 0 0 0 0 0 0 0 0 0 0 0 0 0 1 0 0 0 0 
24 12 6 4 7 8 3 5 7 6 10 9 14 3 9 7 9 7 7 8 12 5 5 5 7 7 8 1 4 6 10 15 
1 0 0 0 1 1 1 0 0 1 0 0 0 0 1 0 1 0 1 0 1 2 3 1 1 0 1 0 0 1 0 0 
0 0 0 0 0 0 0 0 0 0 0 0 0 0 0 0 0 0 0 0 0 0 0 0 0 0 0 0 0 0 0 0 
0 0 0 0 0 0 0 0 0 0 0 0 0 0 0 0 0 0 0 0 0 0 0 0 0 0 0 0 0 0 0 0 
0 0 0 0 0 0 0 0 0 0 0 0 0 0 0 0 0 0 0 0 0 0 0 0 0 0 0 0 0 0 0 0 
0 0 0 0 0 0 0 0 0 0 0 0 0 0 0 0 0 0 0 0 0 0 0 0 0 0 0 0 0 0 0 0 
2 0 0 0 0 0 0 0 0 0 0 0 0 0 0 0 1 0 0 0 0 0 0 0 0 0 1 0 0 0 0 0 
4 1 0 3 1 2 0 0 0 3 2 3 0 0 1 1 0 0 1 2 0 2 2 0 0 2 2 3 8 0 2 1 
12 0 6 0 6 0 7 0 0 7 0 0 6 12 0 0 0 0 0 8 0 0 6 0 7 0 0 7 7 6 0 0 
22 25 22 11 30 22 21 30 40 34 25 35 16 37 32 17 18 42 15 19 22 21 30 24 21 36 26 35 17 24 26 22 
2 0 0 0 0 0 0 0 0 0 0 0 0 0 0 0 0 0 0 0 0 0 0 0 0 0 0 0 0 0 0 0 
4 0 5 0 1 2 3 5 0 3 3 2 3 0 1 0 4 2 0 0 3 0 1 4 2 3 2 5 5 3 3 2 
19 1 0 2 1 1 1 0 0 1 0 0 2 1 0 0 0 3 1 7 8 1 1 1 1 10 0 0 3 1 1 0 
0 0 0 0 0 0 0 0 0 0 0 0 0 0 0 0 0 0 0 0 0 0 0 0 0 0 0 0 0 0 0 0 
46 28 24 43 51 52 39 58 49 33 47 25 36 57 47 48 37 35 69 44 42 51 47 50 36 39 57 51 50 34 39 48 
73 68 72 77 71 76 78 69 53 84 78 78 64 72 64 76 63 82 82 80 82 69 65 74 64 71 5 64 64 65 80 62 
55 0 0 55 36 24 54 34 24 66 37 33 12 24 12 37 72 24 25 44 12 25 24 48 33 72 45 55 40 36 12 22 
0 0 0 0 0 0 0 0 0 0 0 0 0 0 0 0 0 0 0 0 0 0 0 0 0 0 0 0 0 0 0 0 
2 0 0 0 1 0 0 0 0 0 0 0 0 0 0 0 0 0 1 0 0 0 0 0 0 0 0 1 0 0 0 0 
22 0 0 11 11 0 0 0 11 0 11 0 0 0 0 11 11 0 0 0 0 0 0 0 0 12 11 0 0 10 11 0 
26 26 21 40 29 25 10 17 19 7 11 13 33 26 17 34 28 17 24 27 17 27 43 13 39 10 21 21 27 24 22 34 
0 0 0 0 0 0 0 0 0 0 0 0 0 0 0 0 0 0 0 0 0 0 0 0 0 0 0 0 0 0 0 0 
6 0 0 0 12 6 1 0 6 0 0 11 6 0 1 0 5 6 5 1 6 0 0 5 6 1 0 0 5 0 0 0 
20 0 0 0 0 0 0 0 0 0 0 0 0 0 0 0 0 0 0 0 0 0 1 0 0 0 0 0 0 0 0 0 
5 3 8 8 5 2 4 2 7 5 7 1 6 11 8 2 7 7 7 3 3 7 9 1 5 5 3 5 4 6 6 3 
5 0 0 4 0 0 10 0 0 5 0 0 8 5 0 0 0 0 0 1 0 0 0 0 4 0 4 0 0 4 0 0 
130 117 136 120 115 135 136 110 111 115 124 114 136 139 111 132 112 129 108 103 128 96 103 109 29 112 107 121 110 92 111 119 
6 8 10 4 5 6 0 3 0 2 8 4 4 4 1 5 4 0 9 12 1 0 2 13 0 8 8 5 1 4 1 4 
6 0 0 0 0 0 0 0 5 0 0 0 0 0 0 8 0 0 4 0 0 6 0 0 4 4 4 0 0 0 0 0 
0 0 0 0 0 0 0 0 0 0 0 0 0 0 0 0 0 0 0 0 0 0 0 0 0 0 0 0 0 0 0 0 
0 0 0 0 0 0 0 0 0 0 0 0 0 0 0 0 0 0 0 0 0 0 0 0 0 0 0 0 0 0 0 0 
18 17 13 10 12 8 14 14 13 9 14 20 11 11 6 13 10 15 15 10 9 9 9 9 17 20 15 9 16 10 15 4 
39 37 33 34 24 42 32 27 28 36 36 38 0 36 32 29 36 27 34 28 34 29 32 27 27 27 39 29 39 36 28 30 
90 46 74 45 50 49 55 57 55 58 57 54 51 57 60 52 47 55 45 60 12 51 54 60 58 56 42 64 40 52 65 59 
110 102 2 115 113 96 123 96 106 89 122 97 76 101 85 83 111 81 81 105 98 99 90 92 104 108 109 73 98 93 89 109 
0 0 0 0 0 0 0 0 0 0 0 0 0 0 0 0 0 0 0 0 0 0 0 0 0 0 0 0 0 0 0 0 
113 93 115 120 101 102 116 115 105 112 115 129 101 94 104 85 106 108 125 115 66 122 102 95 87 103 129 88 18 110 103 129 
36 21 13 11 13 12 26 2 2 7 12 28 11 20 22 23 18 6 15 11 10 11 4 6 17 11 9 12 13 2 24 13 
0 0 0 0 0 0 0 0 0 0 0 0 0 0 0 0 0 0 0 0 0 0 0 0 0 0 0 0 0 0 0 0 
3 0 0 0 1 0 0 0 1 0 0 1 0 0 0 0 0 1 0 0 0 0 0 1 2 0 0 2 0 1 0 1 
37 29 37 29 35 1 34 38 23 41 37 37 30 40 47 26 27 25 26 33 36 31 41 35 31 37 19 32 34 31 25 35 
45 26 25 20 33 12 21 36 25 23 40 29 14 25 21 16 28 29 17 20 16 37 33 34 40 48 29 34 25 27 28 38 
31 14 11 5 27 12 9 19 12 5 5 19 3 20 0 4 21 19 20 13 2 21 14 6 17 4 6 5 20 12 14 1 
3 0 1 0 1 0 0 1 0 0 0 0 0 0 1 0 2 2 1 0 1 0 0 0 1 0 0 0 1 0 0 0 
0 0 0 0 0 0 0 0 0 0 0 0 0 0 0 0 0 0 0 0 0 0 0 0 0 0 0 0 0 0 0 0 
111 69 69 83 87 95 87 76 96 76 82 81 72 88 83 83 0 99 87 88 76 73 75 82 64 94 81 86 86 87 71 76 
5 1 2 0 2 1 3 1 2 1 0 0 0 0 1 0 4 0 2 0 0 2 0 3 2 2 1 1 2 2 0 2 
2 1 0 1 0 1 0 0 0 0 2 2 0 0 1 0 2 1 0 0 0 2 0 1 0 0 1 1 0 0 1 0 
32 46 1 0 16 0 0 16 0 0 47 0 17 16 0 32 2 16 16 0 1 1 17 32 17 0 0 16 17 16 1 16 
0 0 0 0 0 0 0 0 0 0 0 0 0 0 0 0 0 0 0 0 0 0 0 0 0 0 0 0 0 0 0 0 
76 80 73 85 94 112 83 77 80 87 81 79 91 101 70 102 91 103 86 0 95 89 109 105 86 85 86 82 99 86 105 111 
44 28 12 29 33 46 75 64 36 48 36 41 43 56 36 36 9 32 28 47 38 38 36 49 58 45 13 46 18 28 72 2 
0 0 0 0 0 0 0 0 0 0 0 0 0 0 0 0 0 0 0 0 0 0 0 0 0 0 0 0 0 0 0 0 
8 5 9 9 3 0 8 7 15 14 1 3 3 1 4 8 5 4 7 5 8 2 5 1 5 5 6 7 2 1 6 5 
1 7 11 7 3 7 6 5 5 9 6 7 2 8 7 7 4 6 6 5 5 10 7 0 8 5 5 4 6 9 8 4 
8 6 5 5 6 6 6 5 4 8 3 5 3 4 8 6 0 9 8 11 6 9 4 2 3 5 6 6 3 4 5 3 
4 0 0 0 0 3 0 0 0 0 3 0 0 0 0 0 0 0 0 0 3 0 0 0 4 0 0 0 3 0 0 0 
0 0 0 0 0 0 0 0 0 0 0 0 0 0 0 0 0 0 0 0 0 0 0 0 0 0 0 0 0 0 0 0 
41 23 18 18 6 6 14 30 0 23 37 16 25 0 54 9 39 7 14 23 7 8 15 16 7 18 30 9 0 7 14 19 
77 83 73 87 95 112 83 77 80 89 83 79 94 103 70 103 92 103 86 0 96 89 110 106 86 87 89 84 100 85 106 112 
46 46 38 39 30 20 24 27 22 28 38 22 38 20 44 30 20 36 22 48 31 36 17 20 46 23 28 27 19 39 28 27 
90 69 80 62 83 98 71 57 64 61 41 42 72 79 74 68 62 75 61 81 69 52 71 55 46 53 76 74 69 29 72 52 
0 0 0 0 0 0 0 0 0 0 0 0 0 0 0 0 0 0 0 0 0 0 0 0 0 0 0 0 0 0 0 0 
0 0 0 0 0 0 0 0 0 0 0 0 0 0 0 0 0 0 0 0 0 0 0 0 0 0 0 0 0 0 0 0 
109 69 73 91 92 114 3 101 92 90 106 81 106 85 83 93 111 96 106 122 69 84 103 89 80 83 84 74 98 94 104 75 
0 0 0 0 0 0 0 0 0 0 0 0 0 0 0 0 0 0 0 0 0 0 0 0 0 0 0 0 0 0 0 0 
115 93 128 99 95 99 110 103 111 86 103 110 85 93 129 41 79 81 84 114 111 84 116 93 98 67 94 90 106 95 118 77 
2 1 4 1 2 0 1 0 1 0 4 5 1 0 2 1 2 0 3 2 6 2 4 3 0 1 1 3 0 4 0 1 
0 0 0 0 0 0 0 0 0 0 0 0 0 0 0 0 0 0 0 0 0 0 0 0 0 0 0 0 0 0 0 0 
87 38 99 74 92 76 83 80 91 82 79 80 88 84 74 83 71 84 80 88 80 99 104 81 95 103 97 89 71 91 52 44 
90 37 104 79 96 80 87 85 94 86 80 82 92 84 77 88 74 88 79 91 83 104 102 83 98 108 102 95 75 96 55 48 
0 0 0 0 0 0 0 0 0 0 0 0 0 0 0 0 0 0 0 0 0 0 0 0 0 0 0 0 0 0 0 0 
63 33 40 57 42 48 28 46 57 41 38 49 17 34 41 27 51 63 61 34 28 51 34 37 31 23 50 45 25 50 56 43 
1 0 0 0 0 0 0 0 0 0 1 1 0 0 0 1 0 1 0 0 0 0 0 0 0 0 0 0 0 0 0 1 
2 3 0 6 2 5 0 4 4 1 2 3 2 6 2 3 4 2 3 4 3 6 2 2 3 2 0 4 1 4 2 0 
0 0 0 0 0 0 0 0 0 0 0 0 0 0 0 0 0 0 0 0 0 0 0 0 0 0 0 0 0 0 0 0 
2 0 1 0 0 0 0 0 0 0 0 0 0 2 0 0 1 0 0 0 0 0 0 1 0 0 0 1 0 0 0 0 
1 0 0 1 1 1 0 0 0 0 0 0 0 0 0 0 0 0 0 0 0 0 0 0 0 0 0 0 0 0 0 0 
0 0 0 0 0 0 0 0 0 0 0 0 0 0 0 0 0 0 0 0 0 0 0 0 0 0 0 0 0 0 0 0 
0 0 0 0 0 0 0 0 0 0 0 0 0 0 0 0 0 0 0 0 0 0 0 0 0 0 0 0 0 0 0 0 
229 189 182 190 193 212 195 146 156 191 175 198 203 125 152 161 143 142 133 163 221 346 134 138 132 260 162 165 125 237 265 166 
4 0 0 1 0 2 0 1 0 0 0 0 0 0 0 0 0 0 0 0 0 0 0 0 2 2 1 0 0 0 0 0 
0 0 0 0 0 0 0 0 0 0 0 0 0 0 0 0 0 0 0 0 0 0 0 0 0 0 0 0 0 0 0 0 
1 0 0 1 0 0 0 0 0 0 0 0 0 0 0 0 1 1 0 0 0 1 1 0 1 1 0 0 0 0 0 0 
4 0 1 3 0 0 0 0 0 1 0 3 0 0 0 0 0 0 0 0 0 0 0 3 0 0 0 3 0 0 0 0 
0 0 0 0 0 0 0 0 0 0 0 0 0 0 0 0 0 0 0 0 0 0 0 0 0 0 0 0 0 0 0 0 
0 0 0 0 0 0 0 0 0 0 0 0 0 0 0 0 0 0 0 0 0 0 0 0 0 0 0 0 0 0 0 0 
14 2 10 10 18 2 8 17 4 0 6 12 10 10 8 0 4 8 4 12 8 6 6 6 22 4 12 14 12 12 8 0 
32 11 12 12 18 15 7 11 10 10 6 19 6 3 17 10 9 9 7 15 4 10 10 14 6 12 23 3 9 12 24 14 
4 4 4 0 6 6 2 0 0 2 4 2 0 0 6 4 0 3 3 2 4 2 6 4 2 2 7 2 2 0 0 1 
2 0 0 0 0 0 0 0 0 0 0 0 0 0 0 0 0 0 0 0 0 0 0 0 0 0 0 0 0 0 0 0 
3 0 0 0 0 0 0 0 0 0 0 0 0 0 0 0 0 3 3 3 4 2 0 0 0 0 0 2 0 0 0 0 
8 0 4 2 0 6 2 4 2 1 4 4 4 4 0 0 6 0 2 2 0 2 0 6 0 2 0 0 2 2 0 0 
19 16 9 10 7 19 14 11 10 23 21 12 11 5 0 19 18 28 31 9 29 15 13 23 22 17 16 30 6 5 10 15 
2 0 0 0 1 0 2 0 0 0 0 0 0 0 0 1 0 0 0 1 0 1 0 0 0 0 0 0 0 0 0 0 
12 5 6 4 7 14 6 6 6 9 3 1 5 13 0 7 3 7 4 3 6 6 6 10 6 9 7 5 8 8 8 11 
32 2 9 3 16 36 10 11 9 0 18 27 0 0 29 46 29 12 27 9 0 11 9 18 18 10 20 37 1 20 25 9 
9 1 3 0 0 4 0 0 0 1 1 1 0 1 8 0 0 0 1 0 0 0 8 0 0 0 4 4 4 1 1 0 
2 0 0 0 0 0 0 0 0 0 0 0 1 0 0 0 0 1 0 0 0 0 0 0 0 0 0 0 1 0 0 0 
0 0 0 0 0 0 0 0 0 0 0 0 0 0 0 0 0 0 0 0 0 0 0 0 0 0 0 0 0 0 0 0 
8 5 5 9 8 6 10 10 18 12 10 10 8 13 10 8 16 2 10 8 6 11 9 4 6 8 12 10 4 17 8 6 
16 0 0 1 15 0 0 0 0 0 0 0 0 0 0 0 0 0 0 0 0 0 0 0 0 0 0 0 0 0 0 0 
189 188 234 162 284 207 227 138 253 224 158 223 186 192 201 211 184 167 252 207 233 230 99 131 238 210 182 219 197 193 236 162 
27 7 3 3 16 1 9 12 5 5 8 5 9 6 8 11 8 11 13 10 8 7 11 8 9 6 4 17 10 7 11 9 
0 0 0 0 0 0 0 0 0 0 0 0 0 0 0 0 0 0 0 0 0 0 0 0 0 0 0 0 0 0 0 0 
2 0 0 0 0 5 0 1 1 0 0 1 1 0 0 4 2 0 0 1 0 1 0 1 0 1 0 0 0 1 2 0 
0 0 0 0 0 0 0 0 0 0 0 0 0 0 0 0 0 0 0 0 0 0 0 0 0 0 0 0 0 0 0 0 
32 16 11 19 23 9 18 9 13 18 8 22 10 24 10 11 21 13 11 0 9 16 13 24 17 8 21 20 28 15 20 10 
14 2 10 10 18 2 8 17 4 0 6 12 10 10 8 0 4 8 4 12 8 6 6 6 22 4 12 14 12 12 8 0 
77 61 75 64 43 56 68 65 55 33 57 71 34 60 79 64 65 56 62 53 60 47 80 62 63 35 52 45 60 63 57 29 
53 50 108 65 50 33 40 37 46 124 15 41 60 43 55 69 89 41 60 58 42 81 44 12 31 29 94 46 78 55 69 68 
4 1 1 0 0 1 0 0 0 2 0 0 0 0 0 0 0 0 1 0 0 0 0 0 0 0 0 0 1 1 1 0 
4 13 9 8 7 3 5 9 8 11 6 7 5 4 5 4 5 7 9 9 9 6 5 11 8 10 11 5 7 1 7 6 
7 0 0 0 6 0 0 0 2 4 3 4 0 1 0 1 4 0 0 2 0 0 2 0 0 0 1 0 8 0 0 8 
3 3 2 5 2 1 2 1 4 3 0 3 3 2 4 3 2 2 1 3 2 0 2 1 0 2 3 2 1 3 3 0 
3 0 0 0 0 0 0 1 0 0 0 0 0 0 0 0 0 0 0 0 0 0 0 0 0 0 0 0 0 0 0 0 
14 0 1 7 5 2 0 1 4 1 0 0 0 4 1 3 4 2 4 0 5 1 1 0 0 0 2 1 2 5 0 0 
0 0 0 0 0 0 0 0 0 0 0 0 0 0 0 0 0 0 0 0 0 0 0 0 0 0 0 0 0 0 0 0 
12 3 3 4 1 2 8 5 3 4 7 6 4 8 2 7 4 0 4 4 11 1 6 4 6 4 3 4 5 4 1 0 
33 23 21 38 27 12 26 46 16 14 20 9 18 31 10 22 20 15 13 15 16 7 21 24 13 22 10 29 4 24 19 9 
19 25 17 27 24 3 21 17 20 18 27 19 23 17 21 13 23 22 18 17 17 22 17 29 20 26 23 21 21 22 30 28 
4 0 0 0 1 1 0 0 0 0 0 1 0 0 2 0 0 0 0 1 0 0 0 0 1 5 0 1 0 0 0 0 
1 0 0 0 0 0 0 0 0 0 0 0 0 0 0 0 1 1 0 0 0 0 0 0 0 0 0 0 0 0 0 0 
140 107 20 109 125 120 137 122 120 115 143 110 95 120 93 112 116 108 94 117 106 107 117 123 120 95 126 84 113 97 102 106 
0 0 0 0 0 0 0 0 0 0 0 0 0 0 0 0 0 0 0 0 0 0 0 0 0 0 0 0 0 0 0 0 
15 9 19 13 17 15 11 20 12 14 13 9 0 8 7 17 12 25 13 11 16 15 12 16 11 16 13 13 17 13 13 14 
74 56 65 67 50 54 85 0 64 68 74 71 62 75 74 56 68 80 80 76 58 66 76 65 65 71 75 84 57 77 63 60 
39 4 12 1 13 14 13 6 33 28 36 3 25 0 28 3 27 40 3 15 2 14 32 1 2 43 0 15 1 37 12 2 
9 1 2 6 1 2 2 1 1 0 0 1 1 0 1 6 0 0 0 7 0 0 1 7 0 6 0 6 0 1 6 0 
3 0 2 2 0 4 0 2 0 2 0 2 2 0 0 2 2 2 4 0 2 0 2 2 4 0 0 2 0 0 0 0 
23 27 10 20 27 16 32 28 21 33 20 24 31 19 29 33 31 27 20 13 17 26 30 28 37 29 13 25 34 29 26 26 
13 15 0 0 13 7 11 0 2 1 2 7 15 0 6 1 2 5 2 2 0 2 7 1 1 0 1 1 7 0 0 8 
0 0 0 0 0 0 0 0 0 0 0 0 0 0 0 0 0 0 0 0 0 0 0 0 0 0 0 0 0 0 0 0 
3 0 0 0 0 0 0 0 1 0 0 0 2 0 0 0 0 0 0 0 0 0 0 1 0 0 0 0 0 0 0 0 
5 5 7 8 5 1 2 5 4 5 6 4 2 3 3 4 2 3 5 2 5 2 4 5 3 4 6 5 0 7 6 4 
12 0 1 0 6 7 0 10 0 0 3 5 0 2 5 7 3 0 4 0 2 0 2 0 5 7 0 0 6 8 8 13 
161 203 155 96 150 139 137 157 117 177 181 149 146 111 170 179 206 137 217 156 115 66 170 177 125 102 110 114 153 69 110 130 
74 60 61 67 72 53 67 60 59 64 51 58 67 57 51 74 62 60 62 51 58 62 0 71 57 66 60 61 78 61 67 56 
10 0 27 9 0 8 18 0 9 16 0 38 27 9 24 10 16 8 8 0 0 9 37 0 9 9 28 16 9 18 9 9 
6 0 8 0 0 0 0 0 0 4 0 4 3 5 0 3 10 0 0 0 4 0 0 0 10 4 4 5 0 0 0 0 
80 88 105 88 80 103 104 77 87 85 94 96 108 108 93 102 83 102 83 93 95 80 87 86 0 81 81 94 81 70 89 88 
0 0 0 0 0 0 0 0 0 0 0 0 0 0 0 0 0 0 0 0 0 0 0 0 0 0 0 0 0 0 0 0 
0 0 0 0 0 0 0 0 0 0 0 0 0 0 0 0 0 0 0 0 0 0 0 0 0 0 0 0 0 0 0 0 
1 0 0 0 0 0 0 0 0 0 0 0 0 0 0 0 0 0 0 0 0 0 0 0 0 0 0 0 0 0 1 0 
83 90 74 83 70 53 53 63 74 101 75 44 60 76 72 73 66 37 53 83 50 68 72 54 64 48 59 78 87 97 64 54 
8 8 7 0 0 14 8 6 0 0 14 7 17 14 8 5 0 0 7 0 12 7 0 5 5 7 7 0 0 0 0 14 
107 77 73 83 87 94 87 75 96 77 86 81 73 93 84 76 1 84 87 80 76 74 69 82 64 84 80 86 93 84 64 79 
2 0 0 1 0 0 0 0 0 0 0 0 0 0 0 0 0 0 0 0 0 0 0 0 0 0 0 0 0 0 0 0 
12 3 9 11 11 9 6 5 5 16 13 6 7 16 13 8 13 13 9 8 6 13 3 9 8 6 12 7 13 9 11 9 
3 1 0 0 0 0 0 1 0 0 0 0 1 0 1 0 0 1 0 0 0 0 0 0 0 0 1 0 0 0 0 0 
88 106 69 79 107 98 73 45 95 86 84 77 112 93 86 88 96 104 98 76 104 66 75 97 85 122 93 89 95 112 88 60 
0 0 0 0 0 0 0 0 0 0 0 0 0 0 0 0 0 0 0 0 0 0 0 0 0 0 0 0 0 0 0 0 
8 8 10 2 4 10 2 6 8 10 12 6 8 6 12 6 10 12 16 6 18 4 10 14 8 8 5 8 5 2 8 6 
3 0 0 0 0 0 0 0 0 0 0 0 0 0 0 0 2 0 0 0 4 0 0 0 1 0 0 0 0 0 0 0 
4 9 0 4 4 3 0 8 4 1 4 0 4 0 4 0 0 4 9 4 8 0 0 4 0 0 8 3 4 0 4 4 
39 1 0 0 0 11 0 11 1 0 11 22 13 12 1 0 11 0 17 13 1 13 12 13 11 3 30 12 0 12 13 12 
1 1 0 0 0 0 0 0 0 0 0 0 0 0 0 0 0 0 0 1 0 0 0 0 0 0 0 0 0 0 0 0 
2 1 1 0 0 0 2 0 0 0 1 0 0 1 0 0 0 0 0 1 1 1 1 0 0 1 0 2 0 1 0 0 
1 1 0 0 1 0 0 0 0 0 1 0 1 1 1 3 1 0 1 0 1 0 0 0 0 1 0 0 0 1 1 0 
133 129 156 140 134 121 139 111 191 183 148 153 129 152 169 123 140 134 119 139 146 103 102 170 124 138 85 153 141 82 184 143 
0 0 0 0 0 0 0 0 0 0 0 0 0 0 0 0 0 0 0 0 0 0 0 0 0 0 0 0 0 0 0 0 
18 13 16 14 14 15 14 14 19 19 9 9 2 11 12 9 17 12 16 18 17 14 21 18 17 13 14 14 10 15 14 16 
133 94 92 113 99 144 47 153 168 150 117 117 128 166 99 154 174 122 114 146 140 117 113 140 135 129 107 130 128 119 128 121 
1 0 0 0 0 0 0 1 0 0 0 1 0 0 0 0 1 0 0 0 0 0 0 0 0 0 0 0 0 0 0 0 
80 77 86 87 83 93 9 117 103 98 90 86 97 94 90 109 105 87 87 101 76 90 96 96 81 92 86 85 91 88 102 86 
2 0 0 1 0 0 0 0 1 0 0 0 0 0 0 0 0 1 0 1 0 1 1 1 0 1 2 2 0 0 0 0 
99 96 83 73 110 118 88 88 87 85 103 94 94 79 98 100 99 102 102 117 111 108 112 103 113 94 88 112 120 50 116 36 
67 96 28 56 39 70 37 80 54 53 92 76 96 90 51 58 50 72 80 34 88 48 50 72 33 81 72 56 47 30 99 42 
0 0 0 0 0 0 0 0 0 0 0 0 0 0 0 0 0 0 0 0 0 0 0 0 0 0 0 0 0 0 0 0 
0 0 0 0 0 0 0 0 0 0 0 0 0 0 0 0 0 0 0 0 0 0 0 0 0 0 0 0 0 0 0 0 
22 26 27 31 11 21 25 22 22 23 22 22 27 20 0 30 24 28 20 26 24 23 21 16 23 22 21 28 20 29 18 11 
0 0 0 0 0 0 0 0 0 0 0 0 0 0 0 0 0 0 0 0 0 0 0 0 0 0 0 0 0 0 0 0 
24 1 1 0 1 0 5 0 16 14 0 0 4 0 1 6 1 0 1 1 3 0 1 1 16 0 1 5 0 0 5 0 
0 0 0 0 0 0 0 0 0 0 0 0 0 0 0 0 0 0 0 0 0 0 0 0 0 0 0 0 0 0 0 0 
58 49 57 43 51 40 35 62 55 42 28 58 59 65 40 48 55 58 66 2 52 41 50 43 46 45 43 43 51 60 50 36 
2 0 2 0 0 0 0 3 0 0 0 2 2 2 0 0 0 0 0 0 0 0 0 0 0 2 1 0 0 0 1 0 
58 28 28 60 43 17 20 22 28 47 47 12 21 28 48 52 2 32 35 26 20 45 33 23 40 24 11 11 17 8 22 51 
55 36 63 35 53 64 54 41 49 53 31 58 24 31 17 35 55 60 46 53 47 58 33 41 44 44 44 63 39 66 38 33 
30 6 6 44 17 25 4 44 22 47 4 14 3 20 14 26 27 27 3 16 1 47 33 3 6 21 4 5 1 21 11 3 
22 13 6 6 26 7 8 18 20 10 1 4 8 17 25 7 7 9 11 1 8 7 5 3 28 0 9 19 5 5 25 16 
0 0 0 0 0 0 0 0 0 0 0 0 0 0 0 0 0 0 0 0 0 0 0 0 0 0 0 0 0 0 0 0 
3 1 0 2 3 1 0 1 5 1 0 1 0 3 0 2 0 1 3 5 1 0 4 1 3 2 0 2 3 3 4 0 
0 0 0 0 0 0 0 0 0 0 0 0 0 0 0 0 0 0 0 0 0 0 0 0 0 0 0 0 0 0 0 0 
76 45 96 72 84 80 96 60 72 76 64 64 88 54 68 52 68 72 92 64 60 76 96 96 100 80 52 104 52 88 80 72 
27 10 10 0 30 17 10 18 10 0 0 0 20 0 18 9 20 9 10 10 20 0 1 10 10 0 21 0 10 20 18 10 
27 15 26 0 9 20 21 18 2 23 32 2 19 9 18 20 8 24 8 0 1 15 18 3 16 3 1 26 62 1 11 14 
1 0 1 0 0 0 0 0 0 0 0 0 0 0 0 0 0 0 0 0 0 0 0 0 0 0 0 0 0 0 2 0 
0 0 0 0 0 0 0 0 0 0 0 0 0 0 0 0 0 0 0 0 0 0 0 0 0 0 0 0 0 0 0 0 
18 0 7 0 0 0 0 7 1 0 0 0 0 17 0 7 0 0 9 8 0 0 0 0 0 0 15 7 0 7 0 0 
23 18 25 23 14 24 14 16 15 20 23 15 17 21 21 18 15 23 15 22 15 24 16 29 19 0 16 26 14 24 19 22 
0 0 0 0 0 0 0 0 0 0 0 0 0 0 0 0 0 0 0 0 0 0 0 0 0 0 0 0 0 0 0 0 
0 0 0 0 0 0 0 0 0 0 0 0 0 0 0 0 0 0 0 0 0 0 0 0 0 0 0 0 0 0 0 0 
0 0 0 0 0 0 0 0 0 0 0 0 0 0 0 0 0 0 0 0 0 0 0 0 0 0 0 0 0 0 0 0 
2 4 4 2 6 2 2 4 7 3 5 9 2 4 4 6 1 5 3 3 2 0 3 2 1 2 8 5 2 7 7 2 
2 2 1 0 0 0 0 0 0 0 0 0 0 0 0 0 0 0 0 1 2 0 1 1 0 2 2 0 1 3 0 2 
0 0 0 0 0 0 0 0 0 0 0 0 0 0 0 0 0 0 0 0 0 0 0 0 0 0 0 0 0 0 0 0 
52 42 26 33 20 36 37 31 47 28 46 61 25 33 41 43 33 34 36 44 36 42 44 42 39 45 39 24 20 32 43 55 
7 11 0 1 6 4 2 7 5 3 5 3 5 1 1 3 2 9 0 4 7 8 7 3 5 5 6 4 4 2 5 6 
50 32 38 43 31 44 42 32 4 47 36 36 46 37 39 40 41 44 37 53 38 31 43 49 28 61 39 48 43 45 50 44 
2 0 0 0 0 1 0 0 0 0 0 0 1 0 0 0 0 0 0 1 0 0 0 0 0 0 0 0 0 0 0 0 
0 0 0 0 0 0 0 0 0 0 0 0 0 0 0 0 0 0 0 0 0 0 0 0 0 0 0 0 0 0 0 0 
10 7 5 10 8 12 1 0 5 1 11 8 7 9 7 7 7 4 7 7 12 8 3 3 12 3 4 12 6 11 8 6 
51 28 29 44 44 36 34 36 51 45 44 50 35 26 17 47 28 48 35 43 28 31 60 36 32 33 46 36 50 50 34 52 
22 10 10 7 6 4 4 5 10 4 4 7 4 7 4 9 8 3 5 3 7 8 3 6 8 8 7 7 8 5 5 7 
58 42 60 44 48 47 47 46 52 55 51 52 50 54 46 44 45 49 42 55 0 43 51 57 49 55 41 49 37 51 61 48 
3 2 2 1 2 0 0 4 0 1 1 6 0 3 6 2 2 1 3 2 1 4 5 4 2 0 3 1 2 2 3 0 
0 0 0 0 0 0 0 0 0 0 0 0 0 0 0 0 0 0 0 0 0 0 0 0 0 0 0 0 0 0 0 0 
30 24 27 26 24 39 37 23 30 43 19 26 25 39 29 25 34 31 27 20 27 35 38 27 21 28 30 10 36 22 20 23 
83 59 77 57 57 65 65 57 70 76 71 67 67 80 65 61 58 65 54 69 14 55 61 87 63 76 41 68 47 67 84 69 
1 0 0 0 0 0 0 0 1 0 0 0 0 0 0 0 0 0 0 0 0 0 0 0 0 0 0 0 1 0 0 0 
11 4 5 4 8 5 0 4 2 5 4 2 6 3 5 5 11 7 5 5 3 6 7 4 9 6 7 2 7 8 6 5 
1 0 0 0 0 0 0 0 0 0 0 0 0 1 0 0 0 0 0 0 1 0 0 1 0 1 0 0 0 1 0 0 
0 0 0 0 0 0 0 0 0 0 0 0 0 0 0 0 0 0 0 0 0 0 0 0 0 0 0 0 0 0 0 0 
6 3 0 3 5 1 1 4 3 7 3 3 0 5 6 6 1 1 1 2 3 7 0 4 0 6 3 4 5 5 5 4 
75 44 46 73 63 62 68 61 52 65 64 75 68 60 70 69 3 66 75 47 55 60 61 42 74 69 66 59 58 64 56 59 
22 25 27 25 36 11 23 26 17 17 22 46 31 43 27 27 17 21 37 21 17 23 8 23 24 27 30 25 28 32 21 40 
14 8 5 5 5 0 5 10 6 10 0 0 15 0 5 15 5 1 4 5 0 10 10 0 8 9 1 4 8 9 10 10 
127 117 95 88 109 100 93 90 86 94 79 89 96 90 100 96 113 93 117 99 99 7 100 100 102 89 77 73 106 73 79 81 
2 1 0 1 1 0 0 0 0 1 1 0 0 0 2 1 1 2 1 2 0 1 1 1 0 2 1 1 0 1 1 0 
2 0 0 0 1 0 0 0 1 1 0 1 0 0 0 0 0 1 1 0 0 0 0 0 1 0 1 2 0 1 1 1 
29 35 22 42 36 64 31 21 35 82 20 36 36 60 36 30 28 44 34 26 49 37 55 42 22 49 58 14 97 33 20 34 
1 0 0 0 0 0 1 0 0 0 0 0 0 0 0 1 0 0 0 0 0 0 0 0 0 0 0 0 0 0 0 0 
10 0 0 0 2 0 0 0 2 0 0 2 0 0 2 4 0 0 3 1 0 0 3 2 0 0 0 0 0 1 0 2 
85 39 31 50 21 22 32 66 60 23 31 36 23 33 13 25 30 57 24 40 21 27 16 18 27 19 24 50 54 45 15 49 
0 0 0 0 0 0 0 0 0 0 0 0 0 0 0 0 0 0 0 0 0 0 0 0 0 0 0 0 0 0 0 0 
12 3 0 1 1 5 0 0 0 0 0 3 1 0 1 1 0 3 0 1 0 0 0 2 2 3 0 2 1 4 7 0 
10 3 1 4 6 9 2 7 4 10 5 7 5 7 9 4 8 5 7 11 4 11 11 2 6 0 1 8 7 4 5 4 
90 99 75 96 76 86 115 68 80 67 95 77 80 96 84 81 79 100 94 88 81 99 86 82 89 74 77 86 0 80 83 80 
1 0 0 0 0 0 0 0 0 1 0 0 0 0 0 0 0 0 0 0 0 0 0 0 0 0 0 0 0 1 0 0 
14 14 6 10 13 9 8 11 4 6 5 4 5 6 5 7 5 1 8 5 8 7 13 4 8 4 5 7 4 9 4 4 
7 3 6 2 3 5 1 6 3 3 2 3 6 0 0 10 6 5 2 4 4 3 5 3 1 2 4 3 3 6 2 5 
22 6 15 5 8 22 17 6 13 3 14 11 4 11 10 10 7 2 6 15 8 11 19 16 11 5 4 4 12 4 8 5 
48 37 42 32 54 31 39 56 26 40 47 28 46 31 28 24 43 27 40 34 55 34 35 49 58 44 54 64 28 30 29 45 
4 8 8 16 0 8 4 8 4 8 4 6 3 7 8 8 4 3 12 16 0 24 4 12 0 8 0 12 16 8 9 7 
3 0 0 0 0 0 0 0 0 0 0 0 0 0 0 1 1 2 2 1 1 2 0 1 0 0 0 0 0 0 0 1 
1 0 0 1 1 0 0 2 0 2 0 0 1 0 2 0 0 1 2 0 0 0 1 0 3 1 0 0 0 0 3 1 
0 0 0 0 0 0 0 0 0 0 0 0 0 0 0 0 0 0 0 0 0 0 0 0 0 0 0 0 0 0 0 0 
30 0 0 15 0 0 15 0 15 0 15 0 0 0 0 0 0 0 0 0 48 0 0 0 0 0 28 15 0 28 0 0 
20 10 13 17 15 12 13 5 3 14 11 18 14 10 15 17 9 16 12 13 12 16 7 7 6 2 14 18 17 10 12 15 
6 0 0 3 0 0 0 0 1 3 1 0 0 0 0 0 3 0 0 3 0 0 0 2 3 2 3 3 0 0 1 0 
2 0 0 1 0 0 0 1 0 2 0 1 0 1 0 1 0 2 0 0 0 0 0 1 0 0 0 2 0 0 1 0 
10 2 0 0 4 3 4 4 0 1 2 3 3 3 2 2 2 3 3 5 4 2 0 6 6 8 0 4 1 3 8 2 
1 2 2 3 1 1 2 0 3 0 2 2 1 0 2 3 1 1 1 0 0 3 0 1 3 0 4 2 1 0 1 1 
0 0 0 0 0 0 0 0 0 0 0 0 0 0 0 0 0 0 0 0 0 0 0 0 0 0 0 0 0 0 0 0 
1 1 0 0 0 2 1 0 2 0 0 2 0 1 0 2 2 0 0 0 0 0 1 2 1 1 1 2 0 0 0 2 
86 77 102 107 83 74 61 60 113 72 93 127 72 72 68 99 97 93 120 92 97 89 96 71 80 101 85 87 111 105 57 55 
1 0 0 0 0 2 0 0 0 0 0 1 0 0 1 0 0 0 0 0 0 1 0 0 1 0 0 1 0 0 0 0 
2 2 1 0 0 1 1 0 1 4 0 1 3 0 0 1 0 0 1 2 1 0 2 0 0 2 0 0 2 0 0 0 
0 0 0 0 0 0 0 0 0 0 0 0 0 0 0 0 0 0 0 0 0 0 0 0 0 0 0 0 0 0 0 0 
0 0 0 0 0 0 0 0 0 0 0 0 0 0 0 0 0 0 0 0 0 0 0 0 0 0 0 0 0 0 0 0 
52 54 59 57 51 44 60 55 54 51 64 62 0 65 50 61 53 56 55 60 63 47 59 54 58 62 54 43 56 53 59 45 
0 0 0 0 0 0 0 0 0 0 0 0 0 0 0 0 0 0 0 0 0 0 0 0 0 0 0 0 0 0 0 0 
42 22 20 4 7 36 23 17 33 43 26 20 22 39 16 36 27 19 16 29 43 11 39 9 26 7 22 20 37 47 24 24 
107 110 105 116 123 110 87 100 99 106 117 122 93 115 102 114 98 109 89 83 24 101 100 122 110 98 137 107 126 80 133 94 
2 0 1 0 2 1 0 1 0 1 0 0 0 0 0 0 0 0 2 1 2 0 2 0 0 0 2 2 1 1 0 1 
0 0 0 0 0 0 0 0 0 0 0 0 0 0 0 0 0 0 0 0 0 0 0 0 0 0 0 0 0 0 0 0 
1 0 0 0 0 0 0 0 0 0 0 0 0 0 0 0 0 0 0 0 0 0 0 0 0 0 0 0 0 0 0 1 
1 0 1 0 0 0 0 0 0 0 0 1 0 0 0 0 0 0 0 0 0 0 0 0 0 0 0 0 0 0 0 0 
14 4 4 5 13 10 7 1 5 9 9 3 4 15 6 9 10 11 7 4 7 10 9 8 7 10 7 7 12 0 9 8 
1 0 0 1 1 0 0 0 0 1 0 0 0 0 0 0 0 0 1 0 1 0 0 0 1 0 0 0 0 0 1 1 
1 0 0 0 0 0 0 0 0 0 0 0 0 0 0 0 0 0 0 0 0 0 0 0 0 0 0 0 0 0 0 0 
0 0 0 0 0 0 0 0 0 0 0 0 0 0 0 0 0 0 0 0 0 0 0 0 0 0 0 0 0 0 0 0 
0 0 0 0 0 0 0 0 0 0 0 0 0 0 0 0 0 0 0 0 0 0 0 0 0 0 0 0 0 0 0 0 
4 3 0 3 3 3 3 3 1 3 7 2 2 7 0 5 2 7 3 3 2 3 0 3 3 7 4 3 2 2 6 0 
2 0 6 5 4 2 2 0 2 1 1 1 2 2 1 0 1 5 0 0 0 6 3 0 0 0 0 4 1 0 3 0 
2 1 3 1 1 1 0 0 1 2 0 0 1 1 0 0 0 1 1 2 0 0 1 2 1 0 0 0 0 1 1 1 
66 42 60 44 56 54 54 46 60 71 51 52 57 54 46 52 45 57 42 55 7 43 51 57 49 67 41 49 44 51 82 48 
24 13 9 51 29 27 27 50 15 13 26 26 36 16 19 19 56 28 45 19 5 11 5 6 12 36 13 23 9 11 34 28 
12 0 1 2 2 1 0 1 3 3 2 0 1 1 4 0 1 4 3 2 1 1 1 2 2 3 3 4 1 1 1 1 
114 94 14 111 112 89 119 101 93 93 109 96 75 108 90 77 93 81 78 91 89 99 91 95 121 92 107 68 91 84 91 88 
56 27 18 0 18 40 20 10 18 30 40 10 21 10 18 30 36 20 10 10 20 0 20 24 20 27 30 30 40 30 20 27 
2 1 1 0 0 0 0 0 0 0 1 0 0 0 0 0 0 1 0 1 0 1 0 0 0 1 1 0 0 0 0 1 
21 2 3 2 2 11 6 22 4 7 8 2 13 0 4 2 8 17 17 10 4 4 1 2 17 5 12 14 3 7 8 2 
40 29 25 27 24 45 36 38 36 38 31 38 23 42 37 26 33 39 35 34 38 27 53 38 30 26 30 34 21 47 40 28 
1 0 1 1 1 1 3 0 0 0 0 0 1 0 3 0 1 0 1 0 0 0 0 0 0 0 0 1 1 1 1 0 
4 1 1 0 3 3 0 4 0 0 0 0 0 0 0 0 0 1 0 0 0 0 1 3 0 0 0 0 0 0 3 0 
42 30 20 21 32 27 25 15 25 35 19 36 29 21 27 5 26 24 19 35 22 30 25 19 31 38 18 19 25 28 29 23 
0 0 0 0 0 0 0 0 0 0 0 0 0 0 0 0 0 0 0 0 0 0 0 0 0 0 0 0 0 0 0 0 
135 143 117 112 128 77 113 127 166 105 85 142 122 92 130 97 99 103 133 131 125 78 100 108 126 163 104 131 106 99 155 167 
0 0 0 0 0 0 0 0 0 0 0 0 0 0 0 0 0 0 0 0 0 0 0 0 0 0 0 0 0 0 0 0 
1 0 0 3 0 1 0 0 1 1 0 2 0 1 2 0 2 0 1 0 0 0 2 0 1 0 0 1 0 0 0 1 
0 0 0 0 0 0 0 0 0 0 0 0 0 0 0 0 0 0 0 0 0 0 0 0 0 0 0 0 0 0 0 0 
72 76 88 71 58 83 78 88 99 79 63 74 63 76 68 66 70 97 79 94 78 75 78 15 90 92 89 66 74 73 62 73 
31 27 21 15 13 17 16 34 12 52 31 30 18 12 35 42 58 17 43 18 13 32 22 37 23 43 28 22 18 3 50 40 
44 30 28 40 41 36 47 23 34 32 32 35 36 39 38 39 29 38 33 28 32 35 36 32 34 38 32 39 0 42 43 24 
22 9 16 3 1 39 12 24 3 21 36 6 9 17 34 14 18 7 17 3 11 24 14 14 18 16 13 20 11 4 7 4 
0 0 0 0 0 0 0 0 0 0 0 0 0 0 0 0 0 0 0 0 0 0 0 0 0 0 0 0 0 0 0 0 
0 0 0 0 0 0 0 0 0 0 0 0 0 0 0 0 0 0 0 0 0 0 0 0 0 0 0 0 0 0 0 0 
0 0 0 0 0 0 0 0 0 0 0 0 0 0 0 0 0 0 0 0 0 0 0 0 0 0 0 0 0 0 0 0 
4 0 2 1 0 0 0 2 1 1 0 0 0 0 0 0 0 0 0 1 0 0 1 1 1 0 0 1 0 1 1 0 
1 0 0 0 0 0 0 0 0 0 1 0 0 0 0 0 0 0 0 0 0 0 0 0 0 0 0 0 0 0 0 0 
0 0 0 0 0 0 0 0 0 0 0 0 0 0 0 0 0 0 0 0 0 0 0 0 0 0 0 0 0 0 0 0 
90 85 59 64 78 75 69 65 84 69 73 68 66 68 53 76 77 73 76 70 68 64 81 62 10 64 74 76 64 71 75 58 
0 0 0 0 0 0 0 0 0 0 0 0 0 0 0 0 0 0 0 0 0 0 0 0 0 0 0 0 0 0 0 0 
26 28 29 33 15 23 29 23 22 24 25 23 30 19 1 32 26 28 20 25 27 23 21 16 23 27 22 28 20 33 18 15 
0 0 0 0 0 0 0 0 0 0 0 0 0 0 0 0 0 0 0 0 0 0 0 0 0 0 0 0 0 0 0 0 
2 1 0 3 4 5 4 1 1 0 2 2 1 1 2 0 1 2 3 0 3 1 1 2 1 6 0 4 4 0 3 1 
0 0 0 0 0 0 0 0 0 0 0 0 0 0 0 0 0 0 0 0 0 0 0 0 0 0 0 0 0 0 0 0 
12 4 11 4 6 13 9 9 10 11 10 9 10 15 8 8 5 4 9 16 14 9 11 8 5 16 11 11 10 15 13 8 
0 0 0 0 0 0 0 0 0 0 0 0 0 0 0 0 0 0 0 0 0 0 0 0 0 0 0 0 0 0 0 0 
3 0 0 1 0 0 1 0 1 0 0 0 1 0 0 1 0 1 0 0 0 0 1 0 0 0 0 0 0 0 0 0 
11 7 26 8 10 42 24 35 12 26 11 17 19 30 14 16 11 8 19 24 16 13 23 40 16 32 6 3 25 10 16 19 
9 0 1 0 0 8 10 0 15 2 0 0 0 9 2 1 1 0 1 0 0 0 0 0 0 0 0 9 0 8 8 0 
124 116 26 168 164 136 149 118 121 107 147 108 152 120 142 101 129 133 133 137 149 153 113 139 158 123 147 114 131 140 154 106 
158 111 164 161 130 124 111 152 130 170 116 99 91 192 140 175 95 141 221 137 108 124 109 141 120 168 129 192 173 171 156 114 
0 0 0 0 0 0 0 0 0 0 0 0 0 0 0 0 0 0 0 0 0 0 0 0 0 0 0 0 0 0 0 0 
120 121 92 81 90 104 107 132 119 104 99 137 87 102 105 96 5 108 97 91 90 124 111 103 95 84 110 116 99 89 110 110 
16 9 17 19 11 4 7 4 8 7 13 12 5 11 21 15 10 7 16 10 11 12 7 12 9 3 12 14 14 19 9 16 
0 0 0 0 0 0 0 0 0 0 0 0 0 0 0 0 0 0 0 0 0 0 0 0 0 0 0 0 0 0 0 0 
0 0 0 0 0 0 0 0 0 0 0 0 0 0 0 0 0 0 0 0 0 0 0 0 0 0 0 0 0 0 0 0 
50 10 27 16 22 20 11 3 12 8 7 14 28 12 20 11 7 16 37 24 13 4 13 14 13 15 17 10 23 6 11 8 
14 29 15 7 28 14 7 0 28 8 26 19 14 15 31 21 0 18 6 24 36 34 14 27 36 8 14 25 15 13 16 33 
11 6 5 4 3 6 7 1 7 5 9 0 2 14 3 7 8 7 12 3 6 5 11 12 11 10 11 5 4 4 9 8 
44 47 41 48 41 52 44 43 37 41 40 34 44 34 45 0 39 46 29 53 32 56 48 40 42 45 29 38 32 37 28 46 
0 0 0 0 0 0 0 0 0 0 0 0 0 0 0 0 0 0 0 0 0 0 0 0 0 0 0 0 0 0 0 0 
0 0 0 0 0 0 0 0 0 0 0 0 0 0 0 0 0 0 0 0 0 0 0 0 0 0 0 0 0 0 0 0 
136 187 131 90 86 115 149 195 117 160 159 180 220 194 125 92 141 196 141 146 160 125 128 125 124 111 157 109 74 117 198 114 
0 0 0 0 0 0 0 0 0 0 0 0 0 0 0 0 0 0 0 0 0 0 0 0 0 0 0 0 0 0 0 0 
10 0 0 0 4 5 0 4 4 0 0 0 0 0 0 0 5 5 5 5 0 0 0 6 0 0 10 0 5 0 0 0 
42 43 41 50 41 50 45 12 39 92 88 63 63 72 53 42 26 49 41 83 43 50 32 69 39 56 47 44 51 86 29 20 
0 0 0 0 0 0 0 0 0 0 0 0 0 0 0 0 0 0 0 0 0 0 0 0 0 0 0 0 0 0 0 0 
8 0 0 4 12 0 4 4 4 3 4 7 0 8 4 4 11 4 0 4 0 0 0 0 0 3 6 6 0 0 3 0 
0 0 0 0 0 0 0 0 0 0 0 0 0 0 0 0 0 0 0 0 0 0 0 0 0 0 0 0 0 0 0 0 
90 69 80 62 83 98 71 57 64 61 41 42 72 79 74 68 62 75 61 81 69 52 71 55 46 53 76 74 69 29 72 52 
113 88 90 30 18 38 49 45 36 48 56 31 36 4 71 64 50 29 46 64 49 32 37 19 30 27 41 64 53 16 33 32 
27 31 19 25 26 18 11 20 12 19 20 19 35 18 29 26 16 28 19 24 10 30 37 25 16 26 24 20 23 57 19 31 
4 3 3 3 3 2 0 2 1 4 1 4 2 1 2 2 0 2 2 4 3 1 0 2 0 4 3 2 0 2 2 1 
4 0 0 0 0 0 0 0 0 0 0 0 0 0 0 0 0 0 0 0 0 0 0 0 0 0 0 0 0 0 0 0 
0 0 0 0 0 0 0 0 0 0 0 0 0 0 0 0 0 0 0 0 0 0 0 0 0 0 0 0 0 0 0 0 
0 0 0 0 0 0 0 0 0 0 0 0 0 0 0 0 0 0 0 0 0 0 0 0 0 0 0 0 0 0 0 0 
2 0 0 0 0 0 0 0 2 1 0 0 0 0 0 0 0 0 0 0 0 0 1 0 0 0 0 0 1 1 0 0 
137 129 85 135 92 107 120 127 149 88 127 152 114 67 104 99 85 147 81 110 123 119 108 2 131 114 96 87 104 97 100 101 
3 0 0 2 4 1 0 0 1 2 1 2 0 4 1 2 2 1 1 1 3 4 4 2 0 2 1 3 4 2 0 0 
15 1 5 2 5 3 0 6 4 10 5 2 2 6 3 3 13 4 5 10 3 0 3 0 2 5 10 6 2 6 0 3 
20 3 0 6 0 0 0 0 0 0 0 0 0 0 0 7 0 0 0 2 1 0 0 0 0 0 0 0 0 0 0 0 
20 7 17 13 19 17 7 12 5 5 5 19 21 16 16 8 1 11 9 19 5 22 9 9 15 9 16 7 10 19 7 26 
3 0 4 6 1 3 4 5 4 1 3 4 3 3 1 1 3 1 6 5 7 5 8 0 6 3 3 4 1 0 5 1 
0 0 0 0 0 0 0 0 0 0 0 0 0 0 0 0 0 0 0 0 0 0 0 0 0 0 0 0 0 0 0 0 
0 0 0 0 0 0 0 0 0 0 0 0 0 0 0 0 0 0 0 0 0 0 0 0 0 0 0 0 0 0 0 0 
3 0 0 0 0 0 0 0 0 0 0 0 0 0 0 0 0 0 0 0 0 0 0 0 1 0 0 0 0 0 0 0 
0 0 0 0 0 0 0 0 0 0 0 0 0 0 0 0 0 0 0 0 0 0 0 0 0 0 0 0 0 0 0 0 
18 10 6 13 1 3 5 9 4 6 3 1 4 7 24 4 9 12 1 5 16 6 7 6 14 13 11 6 3 3 14 2 
95 83 91 81 79 67 106 85 82 81 87 86 83 71 98 3 73 66 82 94 82 88 91 75 85 68 81 81 85 81 93 76 
12 21 1 20 0 11 0 3 0 1 0 10 1 12 10 0 3 2 11 1 1 0 11 10 10 13 0 3 13 36 0 9 
0 0 0 0 0 0 0 0 0 0 0 0 0 0 0 0 0 0 0 0 0 0 0 0 0 0 0 0 0 0 0 0 
3 0 2 4 0 0 2 1 1 2 0 0 0 0 0 1 1 1 0 0 0 2 1 1 2 2 0 1 1 0 0 3 
65 12 88 54 45 97 69 85 111 34 39 9 52 52 38 28 38 88 81 42 108 24 105 47 58 65 123 35 39 83 41 85 
98 107 106 104 103 94 101 105 94 97 97 114 97 114 120 113 99 93 89 142 112 110 23 92 89 108 93 112 136 127 131 107 
1 0 0 0 1 1 0 0 0 0 0 0 0 0 0 1 0 0 0 0 0 0 0 0 0 0 0 0 0 0 0 1 
21 29 23 24 22 9 48 25 19 18 23 31 29 10 35 24 34 35 18 17 17 24 44 31 40 17 1 27 59 35 29 36 
0 0 0 0 0 0 0 0 0 0 0 0 0 0 0 0 0 0 0 0 0 0 0 0 0 0 0 0 0 0 0 0 
98 115 95 83 103 97 92 87 87 93 78 89 90 87 98 91 101 90 116 99 85 7 98 99 94 82 70 71 97 71 76 78 
24 25 31 2 30 16 37 3 30 20 25 37 12 14 23 16 23 35 32 15 10 29 18 1 20 17 8 33 16 1 37 23 
38 35 38 45 29 25 29 24 39 25 35 42 32 23 35 34 35 31 42 30 33 28 38 23 33 33 32 30 44 38 30 0 
71 58 66 69 51 54 75 0 67 67 68 73 63 70 69 59 58 74 68 68 58 60 64 66 65 64 70 79 52 67 63 63 
3 0 0 0 0 0 0 0 0 0 0 2 0 3 0 0 0 0 0 0 0 2 0 0 0 0 2 0 0 0 0 0 
59 13 23 31 15 33 4 18 13 20 10 20 20 27 26 27 19 27 14 28 13 20 19 38 19 36 13 22 23 31 7 49 
91 84 109 73 75 76 87 89 89 77 94 73 85 74 78 75 87 87 87 84 0 70 78 86 86 79 92 85 72 90 73 79 
14 2 1 5 3 3 5 10 2 1 7 1 1 0 6 0 1 1 8 1 3 2 0 0 6 0 4 6 0 2 6 6 
113 57 67 73 63 48 64 50 76 57 89 71 65 54 47 56 47 81 57 42 77 81 53 43 70 61 57 51 33 56 64 64 
79 93 70 65 98 92 88 126 61 33 97 80 67 89 111 51 54 85 71 102 44 79 82 68 84 81 114 92 138 100 69 81 
102 112 92 109 90 89 97 95 109 94 92 102 97 85 80 72 87 87 83 64 84 110 91 86 17 76 89 91 81 98 80 87 
0 0 0 0 0 0 0 0 0 0 0 0 0 0 0 0 0 0 0 0 0 0 0 0 0 0 0 0 0 0 0 0 
0 0 0 0 0 0 0 0 0 0 0 0 0 0 0 0 0 0 0 0 0 0 0 0 0 0 0 0 0 0 0 0 
7 3 3 3 3 4 2 3 3 2 0 5 2 3 1 3 3 3 2 4 0 1 2 3 4 2 4 5 6 4 5 3 
7 0 1 0 1 0 1 0 0 0 0 1 5 5 6 0 0 0 6 6 0 5 5 6 1 0 0 0 6 0 5 0 
64 80 61 49 58 34 47 50 67 86 65 37 46 57 54 60 54 38 37 71 35 51 49 48 44 32 53 65 67 73 39 38 
16 14 12 14 11 11 13 11 9 7 11 14 7 8 10 12 9 14 12 10 10 11 9 17 0 12 12 13 9 7 10 7 
17 15 11 14 13 20 14 25 14 13 13 31 8 15 14 16 8 21 21 25 20 20 11 14 21 22 24 21 21 15 23 37 
195 134 156 119 112 223 168 178 170 177 265 119 153 174 195 154 130 241 141 103 124 173 231 219 195 241 206 213 135 128 230 169 
4 0 0 0 0 0 0 0 0 0 0 0 0 0 0 0 0 1 0 0 1 0 0 0 0 0 0 0 0 1 0 0 
7 5 6 3 2 4 2 4 3 3 3 5 0 4 6 6 2 6 4 3 3 4 8 1 2 5 5 3 2 3 7 0 
1 0 1 2 0 0 0 0 0 0 0 0 1 0 0 1 0 0 0 0 0 0 0 0 0 0 0 0 1 0 1 0 
3 2 3 2 4 3 3 3 1 4 1 1 4 2 1 1 0 1 3 3 0 2 8 2 0 4 4 2 3 4 2 2 
122 137 138 145 109 143 94 125 86 148 113 161 107 89 119 149 123 164 137 67 130 149 143 137 137 122 102 134 99 137 92 94 
8 8 0 0 0 0 6 3 3 3 6 0 4 0 0 0 3 3 6 3 3 0 6 3 3 0 4 2 5 0 0 6 
4 0 0 0 0 0 0 0 2 1 0 2 0 0 0 0 0 2 0 0 2 0 1 0 0 0 0 0 0 0 0 0 
0 0 0 0 0 0 0 0 0 0 0 0 0 0 0 0 0 0 0 0 0 0 0 0 0 0 0 0 0 0 0 0 
4 0 0 0 3 1 1 0 1 0 1 0 0 0 0 0 0 0 0 0 0 0 0 2 0 0 0 0 0 0 0 0 
26 28 45 25 18 38 34 13 38 18 5 16 6 23 3 3 28 26 43 17 37 6 25 22 6 29 17 5 12 39 18 10 
16 6 13 11 8 9 12 10 15 10 16 15 10 7 18 17 13 17 11 13 4 19 15 7 9 7 13 6 17 9 3 25 
3 0 0 0 0 0 0 0 0 0 0 0 0 0 0 0 0 0 0 0 0 0 0 0 0 0 0 0 0 0 0 0 
12 6 0 10 0 11 1 0 4 1 6 0 2 2 2 0 0 0 1 0 1 1 0 2 3 7 7 5 2 2 0 0 
120 83 84 91 87 66 110 114 93 101 86 78 72 110 87 66 55 63 98 67 61 56 97 32 91 62 66 112 73 97 73 62 
9 1 0 0 0 8 14 0 0 0 8 0 0 8 14 0 7 0 0 0 8 8 0 0 0 8 20 16 0 0 21 14 
65 77 65 73 58 57 50 98 66 60 68 62 6 55 83 96 70 66 69 69 93 42 52 61 84 55 69 75 59 72 78 66 
0 0 0 0 0 0 0 0 0 0 0 0 0 0 0 0 0 0 0 0 0 0 0 0 0 0 0 0 0 0 0 0 
96 108 79 99 81 91 119 72 85 71 103 82 87 102 85 85 86 106 102 91 90 106 88 89 94 79 87 94 3 86 86 87 
0 0 0 0 0 0 0 0 0 0 0 0 0 0 0 0 0 0 0 0 0 0 0 0 0 0 0 0 0 0 0 0 
4 7 8 8 9 9 10 5 10 3 0 6 7 4 7 6 10 6 10 9 5 2 9 9 5 9 9 11 6 5 6 7 
8 5 0 0 2 2 0 0 0 1 0 0 0 0 0 0 0 0 0 0 2 0 4 3 0 0 0 4 3 0 4 0 
0 0 0 0 0 0 0 0 0 0 0 0 0 0 0 0 0 0 0 0 0 0 0 0 0 0 0 0 0 0 0 0 
37 29 37 29 35 1 34 38 23 41 37 37 30 40 47 26 27 25 26 33 36 31 41 35 31 37 19 32 34 31 25 35 
2 1 1 0 0 0 0 1 0 0 0 0 0 0 0 0 0 1 0 0 1 0 0 0 0 0 0 0 0 1 0 0 
2 0 2 3 2 0 0 0 4 2 4 0 4 4 6 0 2 3 2 2 6 6 2 2 4 4 2 2 0 6 2 2 
34 35 15 15 32 30 26 36 34 33 23 25 33 25 43 26 22 28 35 38 33 34 26 34 26 25 37 36 44 32 31 21 
99 101 83 102 80 94 118 74 86 76 110 86 83 102 99 85 86 103 100 92 93 114 99 94 95 77 91 90 12 80 92 83 
0 0 0 0 0 0 0 0 0 0 0 0 0 0 0 0 0 0 0 0 0 0 0 0 0 0 0 0 0 0 0 0 
46 36 30 43 38 40 36 34 29 36 34 21 44 42 30 34 37 30 39 17 31 18 19 21 29 24 33 21 42 22 26 48 
3 32 46 48 42 47 50 47 44 33 49 37 44 41 43 41 35 37 40 55 46 38 34 34 40 33 30 44 35 43 34 38 
72 69 68 59 70 62 53 53 77 52 71 64 70 72 52 58 75 51 78 65 73 78 68 75 42 55 58 63 63 61 82 6 
0 0 0 0 0 0 0 0 0 0 0 0 0 0 0 0 0 0 0 0 0 0 0 0 0 0 0 0 0 0 0 0 
1 0 1 0 0 0 0 0 0 1 0 0 0 0 0 0 0 0 0 0 0 0 0 0 0 0 0 0 0 1 0 0 
2 0 1 0 1 0 0 0 0 0 0 0 1 0 0 2 2 1 0 0 0 0 1 0 0 4 0 0 0 0 0 0 
10 5 5 5 5 9 2 7 1 1 4 4 3 8 0 0 6 3 5 5 6 4 2 7 3 5 4 5 4 3 4 0 
1 0 0 0 0 1 1 0 0 0 0 0 0 1 0 0 0 0 0 0 0 0 0 0 1 0 0 0 0 0 0 1 
0 0 0 0 0 0 0 0 0 0 0 0 0 0 0 0 0 0 0 0 0 0 0 0 0 0 0 0 0 0 0 0 
2 0 0 0 2 0 0 2 0 0 0 0 0 0 0 0 0 0 0 0 0 0 0 0 0 2 0 0 0 0 0 0 
121 121 101 124 93 107 139 85 96 96 110 98 100 117 99 114 105 127 119 107 99 127 105 101 112 103 98 86 25 106 110 96 
4 1 4 5 6 12 4 8 5 9 4 4 5 6 0 5 4 2 7 6 5 8 5 5 10 10 7 4 6 6 4 5 
210 127 206 180 177 167 186 254 212 177 231 191 157 144 187 186 212 187 187 174 226 147 190 172 202 172 156 150 139 164 191 150 
0 0 0 0 0 0 0 0 0 0 0 0 0 0 0 0 0 0 0 0 0 0 0 0 0 0 0 0 0 0 0 0 
17 22 35 29 21 56 22 14 14 26 25 44 21 23 17 1 28 16 31 16 39 60 15 39 22 18 37 43 29 42 28 16 
0 0 0 0 0 0 0 0 0 0 0 0 0 0 0 0 0 0 0 0 0 0 0 0 0 0 0 0 0 0 0 0 
1 0 0 0 0 0 0 0 0 0 0 0 0 0 0 0 0 0 0 1 0 0 0 0 0 0 0 0 0 0 0 0 
0 0 0 0 0 0 0 0 0 0 0 0 0 0 0 0 0 0 0 0 0 0 0 0 0 0 0 0 0 0 0 0 
0 0 0 0 0 0 0 0 0 0 0 0 0 0 0 0 0 0 0 0 0 0 0 0 0 0 0 0 0 0 0 0 
21 9 11 18 15 15 4 12 11 14 9 12 13 10 18 18 10 15 7 16 8 17 15 20 13 19 9 11 20 14 7 13 
89 39 100 76 94 77 85 80 91 82 83 80 88 84 76 84 73 85 80 91 83 101 103 81 98 107 99 94 72 90 53 44 
0 0 0 0 0 0 0 0 0 0 0 0 0 0 0 0 0 0 0 0 0 0 0 0 0 0 0 0 0 0 0 0 
0 0 0 0 0 0 0 0 0 0 0 0 0 0 0 0 0 0 0 0 0 0 0 0 0 0 0 0 0 0 0 0 
0 0 0 0 0 0 0 0 0 0 0 0 0 0 0 0 0 0 0 0 0 0 0 0 0 0 0 0 0 0 0 0 
6 8 2 2 4 6 2 2 0 0 0 2 0 10 3 0 2 8 2 4 4 0 2 4 4 2 2 2 4 6 2 0 
3 3 0 2 3 3 3 2 1 0 0 1 4 0 4 0 2 2 1 2 1 1 1 1 0 1 2 0 1 4 3 1 
0 0 0 0 0 0 0 0 0 0 0 0 0 0 0 0 0 0 0 0 0 0 0 0 0 0 0 0 0 0 0 0 
0 0 0 0 0 0 0 0 0 0 0 0 0 0 0 0 0 0 0 0 0 0 0 0 0 0 0 0 0 0 0 0 
11 15 12 15 15 15 10 12 18 16 16 22 13 13 10 11 21 10 13 18 15 13 12 13 17 15 22 13 13 17 16 0 
0 0 0 0 0 0 0 0 0 0 0 0 0 0 0 0 0 0 0 0 0 0 0 0 0 0 0 0 0 0 0 0 
107 99 136 103 99 64 44 113 119 105 85 126 99 109 66 167 105 57 156 120 94 91 71 75 46 99 89 92 140 101 178 75 
48 56 37 35 19 42 34 40 41 48 48 28 31 14 38 30 51 34 45 30 43 39 34 34 57 45 25 58 22 59 58 62 
0 0 0 0 0 0 0 0 0 0 0 0 0 0 0 0 0 0 0 0 0 0 0 0 0 0 0 0 0 0 0 0 
70 78 69 84 75 85 75 80 50 83 94 85 73 82 66 96 67 84 90 93 86 83 76 83 80 74 12 67 76 65 91 57 
3 2 3 4 2 4 2 0 1 2 3 5 4 1 3 4 1 8 3 3 1 4 1 1 0 1 4 1 3 3 3 0 
9 4 4 1 6 6 2 2 7 0 10 6 3 2 1 3 5 2 7 5 3 3 4 6 4 4 5 4 7 3 2 5 
129 139 110 104 114 66 116 125 147 100 81 130 112 98 117 90 102 101 128 121 111 73 101 97 118 155 89 123 100 92 149 164 
84 91 105 95 101 104 86 99 59 104 78 108 70 68 87 81 66 113 90 48 93 99 109 97 98 77 73 88 55 115 62 50 
16 10 16 12 14 8 11 9 24 13 15 10 8 13 17 10 9 14 9 16 9 13 13 12 0 14 10 6 17 15 10 11 
4 0 0 0 0 0 0 3 0 0 0 0 0 0 0 0 0 0 0 0 0 0 0 4 4 0 3 0 0 0 0 0 
13 7 7 10 6 12 18 10 6 9 17 6 1 3 8 4 5 16 8 15 15 8 1 13 2 7 5 9 14 13 4 5 
3 2 0 0 2 1 0 0 0 1 0 0 0 0 0 0 0 1 0 1 0 2 0 1 1 0 2 1 0 0 1 0 
22 10 11 19 8 13 10 9 8 23 5 9 9 7 8 10 11 10 13 7 10 20 9 5 9 6 12 11 10 9 6 2 
5 4 4 4 0 0 5 4 2 4 1 3 5 5 7 0 4 5 8 2 5 2 1 1 3 1 5 5 4 7 3 4 
3 0 0 9 3 4 6 3 3 7 2 6 3 0 7 4 0 0 0 12 0 3 4 0 0 3 6 6 3 3 3 3 
6 0 0 0 3 5 0 1 0 0 2 0 0 0 4 0 0 0 0 0 0 0 3 0 0 0 0 0 1 2 2 0 
8 8 19 11 9 3 2 9 2 6 2 8 10 3 7 7 4 1 13 6 7 7 5 10 11 5 1 1 2 7 16 4 
11 9 7 6 2 4 6 4 2 4 4 0 6 6 6 8 6 5 4 0 2 4 3 7 0 6 0 3 6 6 6 0 
3 2 3 2 1 1 1 1 1 0 3 4 2 2 2 2 1 4 1 1 1 0 2 4 1 0 1 0 0 1 2 1 
4 4 0 1 1 0 3 2 1 3 5 1 2 3 2 0 2 3 2 1 2 3 1 1 2 0 4 2 2 4 5 0 
2 2 0 0 3 10 0 0 2 14 1 6 0 0 5 5 6 1 6 11 4 0 8 8 2 2 5 0 4 4 4 2 
2 0 0 1 0 0 0 0 1 0 0 1 0 0 0 0 1 0 0 0 0 1 0 0 0 0 0 0 1 0 0 0 
31 34 34 26 31 27 34 32 30 38 32 37 33 33 29 29 28 40 44 3 31 39 36 42 19 33 21 35 29 37 34 18 
89 69 72 72 73 80 0 118 99 89 99 88 108 83 82 92 94 100 76 87 76 83 105 92 91 80 80 73 78 77 87 75 
31 11 30 3 0 0 3 12 2 32 33 20 21 9 11 31 12 1 18 31 2 11 18 20 41 13 22 10 11 21 30 11 
88 81 85 74 83 80 10 103 94 99 100 87 96 93 91 103 98 81 78 89 70 95 87 85 85 82 89 87 80 81 93 77 
1 0 0 0 0 0 0 0 0 0 0 0 0 0 0 0 0 0 0 0 0 0 0 0 0 0 0 0 0 0 0 0 
0 0 0 0 0 0 0 0 0 0 0 0 0 0 0 0 0 0 0 0 0 0 0 0 0 0 0 0 0 0 0 0 
0 0 0 0 0 0 0 0 0 0 0 0 0 0 0 0 0 0 0 0 0 0 0 0 0 0 0 0 0 0 0 0 
13 10 26 15 10 7 23 4 4 4 7 6 9 9 15 9 15 10 16 12 11 10 2 13 11 21 18 18 1 16 8 5 
6 8 4 3 2 3 7 5 3 4 2 9 11 5 3 7 2 2 1 2 3 4 6 2 1 2 2 4 6 5 2 3 
136 83 88 76 74 79 89 30 89 115 95 107 126 97 93 69 93 133 81 121 127 76 79 130 80 89 140 94 95 89 96 60 
7 0 0 3 2 0 1 1 1 0 2 1 1 3 1 3 1 0 3 0 1 2 2 1 1 4 1 0 0 2 4 3 
89 91 90 79 98 106 98 93 88 76 83 74 113 102 95 109 83 102 79 83 98 77 83 95 80 10 88 89 91 96 97 82 
0 0 0 0 0 0 0 0 0 0 0 0 0 0 0 0 0 0 0 0 0 0 0 0 0 0 0 0 0 0 0 0 
121 69 68 84 81 93 86 84 96 76 90 89 72 98 83 84 0 82 87 88 84 73 69 82 64 93 80 86 106 80 64 75 
19 12 9 18 11 13 10 8 11 7 10 13 13 15 5 13 9 5 15 21 7 11 5 10 15 3 15 15 6 3 17 6 
15 8 6 7 3 2 4 4 0 2 4 0 8 8 14 2 4 3 7 9 6 4 2 10 6 8 6 2 4 4 1 10 
2 0 0 1 1 0 0 0 0 0 0 0 1 0 0 1 1 0 0 0 1 2 3 2 1 0 1 1 0 0 0 0 
6 1 1 0 0 0 0 3 1 0 1 0 2 4 2 0 0 2 0 0 0 0 0 0 2 0 2 0 0 0 2 0 
1 0 0 1 0 0 0 0 0 0 0 0 0 0 0 0 0 0 0 0 0 0 0 0 0 0 0 0 0 0 0 0 
99 53 71 74 63 98 86 70 21 89 77 77 102 83 82 79 83 98 78 106 82 66 80 108 67 105 88 96 81 104 76 93 
29 6 1 0 1 0 7 8 8 0 9 0 16 2 15 3 1 23 6 9 9 2 0 1 7 0 8 8 0 16 11 2 
14 8 0 30 1 32 13 12 26 0 17 1 17 0 21 8 9 16 31 1 9 8 9 0 1 14 0 12 0 28 18 17 
1 0 0 0 0 0 0 0 0 0 0 0 0 0 0 0 0 0 0 0 0 0 0 0 0 1 0 0 0 0 0 0 
41 2 16 9 10 16 0 2 0 10 6 11 3 8 9 3 0 3 28 1 19 2 4 10 17 4 17 5 11 8 0 3 
78 73 72 64 65 61 51 49 70 48 75 55 65 66 48 56 70 48 75 58 63 74 58 65 43 54 54 61 59 60 75 0 
6 0 0 0 0 0 0 0 0 0 0 0 0 0 0 2 0 0 0 0 0 0 0 0 0 0 0 0 0 0 0 0 
5 2 1 0 1 5 2 0 1 0 1 0 3 0 1 5 1 0 0 4 1 2 0 4 2 4 0 2 2 7 1 0 
18 28 7 8 8 7 4 6 7 10 11 9 11 8 6 3 7 14 4 13 6 9 9 7 5 7 2 2 6 6 5 4 
0 0 0 0 0 0 0 0 0 0 0 0 0 0 0 0 0 0 0 0 0 0 0 0 0 0 0 0 0 0 0 0 
13 0 0 0 1 0 2 0 1 1 1 0 2 0 0 0 1 2 1 0 0 0 0 3 0 2 2 2 0 6 0 0 
6 4 2 1 2 2 1 1 1 2 1 1 0 1 3 1 0 4 0 0 2 3 1 1 0 3 2 4 2 2 1 0 
5 0 1 2 0 0 1 1 1 0 0 0 2 2 0 0 2 0 3 0 0 0 0 0 0 0 1 0 1 0 2 0 
3 0 0 1 0 0 1 2 0 0 0 0 0 0 0 0 0 0 1 0 1 1 0 0 2 0 0 0 0 0 0 0 
0 0 0 0 0 0 0 0 0 0 0 0 0 0 0 0 0 0 0 0 0 0 0 0 0 0 0 0 0 0 0 0 
0 0 0 0 0 0 0 0 0 0 0 0 0 0 0 0 0 0 0 0 0 0 0 0 0 0 0 0 0 0 0 0 
1 0 0 0 1 0 0 0 0 0 0 0 0 0 0 0 0 0 0 0 0 0 0 0 0 0 0 0 0 0 0 0 
38 56 32 30 0 26 38 39 19 22 23 35 21 12 51 20 1 10 15 37 10 24 18 38 20 22 28 25 31 30 17 25 
99 96 83 73 110 118 88 88 87 85 103 94 94 79 98 100 99 102 102 117 111 108 112 103 113 94 88 112 120 50 116 36 
2 0 0 0 0 0 1 0 0 0 0 0 0 0 0 0 0 0 0 0 0 0 1 0 0 0 1 0 0 0 1 0 
0 0 0 0 0 0 0 0 0 0 0 0 0 0 0 0 0 0 0 0 0 0 0 0 0 0 0 0 0 0 0 0 
6 6 7 0 2 7 4 6 4 4 2 3 4 1 2 4 2 6 2 3 2 10 5 2 5 4 3 3 5 2 7 2 
1 0 0 0 0 0 0 0 0 0 0 0 0 0 0 0 0 0 0 0 0 0 0 0 0 0 0 0 0 0 0 0 
1 0 0 1 0 0 0 0 0 0 0 0 0 0 0 0 0 0 0 0 1 0 0 0 0 0 0 0 0 0 0 0 
100 95 80 97 101 73 73 102 81 94 92 79 89 84 111 91 85 93 88 81 5 81 90 99 95 102 91 92 91 79 79 94 
69 49 60 70 56 56 49 55 67 50 64 70 48 48 39 36 33 59 44 33 52 58 47 52 47 40 60 39 13 57 56 42 
129 73 76 94 52 72 41 67 74 63 70 73 48 72 74 89 54 58 92 88 47 99 76 90 64 94 73 73 54 86 87 54 
99 96 83 73 110 118 88 88 87 85 103 94 94 79 98 100 99 102 102 117 111 108 112 103 113 94 88 112 120 50 116 36 
