263 14 5 47 52 0 0 36 79 2 7 90 1 16 31 117 37 0 43 63 110 0 0 0 0 0 0 16 0 0 0 0 
204 0 0 0 18 0 0 0 0 0 0 14 0 9 26 0 36 0 0 8 10 0 0 9 0 0 0 17 0 0 0 0 
283 0 88 0 0 0 0 0 0 0 0 0 92 0 0 0 0 0 0 0 0 0 0 15 0 0 0 15 0 0 0 0 
364 0 231 0 0 0 0 0 0 0 0 0 194 0 0 0 0 0 0 0 0 0 0 8 0 0 0 0 0 0 0 0 
492 0 220 0 0 0 0 0 0 0 0 0 171 0 0 0 0 0 0 0 16 0 0 24 0 0 0 2 0 0 0 0 
684 0 85 0 0 0 0 0 0 0 0 0 119 0 0 0 0 0 0 0 53 0 0 0 0 0 0 6 0 0 0 0 
711 0 104 0 0 0 0 0 0 0 0 0 158 0 0 0 0 0 0 0 35 0 0 0 0 0 0 4 0 0 0 0 
657 0 74 0 0 0 0 0 0 0 0 0 124 0 0 0 0 0 0 0 35 0 0 3 0 0 0 7 0 0 0 0 
225 0 18 0 0 0 0 0 0 0 0 0 0 0 0 0 0 0 0 0 0 0 0 18 0 0 0 18 0 0 0 0 
320 0 52 0 0 0 0 0 0 0 0 0 0 0 0 0 0 0 0 0 0 0 0 48 0 0 0 48 0 0 0 0 
367 0 6 0 0 0 0 0 0 0 0 0 0 0 0 0 0 0 0 0 0 0 0 37 0 0 0 6 0 0 0 0 
496 0 4 0 0 0 0 0 0 0 0 0 2 0 0 0 0 0 0 0 0 0 0 7 0 0 0 22 0 0 0 0 
198 0 111 0 0 0 0 0 0 0 0 0 0 0 0 0 0 0 0 0 0 0 0 15 0 0 0 15 0 0 0 0 
414 0 270 0 0 0 0 0 0 0 0 0 62 0 0 0 0 0 0 0 0 0 0 16 0 0 0 4 0 0 0 0 
425 0 13 0 0 0 0 0 0 0 0 0 382 0 0 0 0 0 0 0 0 0 0 16 0 0 0 16 0 0 0 0 
