0 252 177 122 135 76 87 86 67 127 76 117 74 67 122 129 99 90 149 134 118 158 162 117 175 128 152 215 0 0 0 0 
0 187 168 123 123 83 99 113 91 103 104 138 97 99 113 115 89 111 121 122 137 180 142 118 169 120 165 200 0 0 0 0 
0 240 291 239 245 221 238 245 217 182 223 159 105 169 187 179 251 202 123 193 245 201 214 142 216 248 171 164 0 0 0 0 
0 177 206 180 164 165 208 197 150 154 172 135 103 135 158 120 211 149 118 120 186 152 123 124 194 201 146 116 0 0 0 0 
0 153 176 116 106 112 94 72 106 116 106 63 87 107 84 93 127 87 96 106 142 105 131 138 134 189 139 126 0 0 0 0 
0 142 97 93 81 63 68 64 64 64 75 89 54 54 92 84 51 70 71 77 61 114 96 76 71 88 66 188 0 0 0 0 
0 149 138 101 93 85 100 76 90 93 71 61 76 79 70 74 102 56 62 84 113 94 84 65 114 101 103 70 0 0 0 0 
0 207 158 93 79 93 83 86 48 117 72 87 60 98 74 63 77 39 60 80 55 75 122 43 91 70 62 156 0 0 0 0 
0 271 251 116 125 122 112 137 97 166 124 113 82 133 97 97 129 81 104 126 195 167 179 103 153 180 158 135 0 0 0 0 
0 175 140 72 103 80 73 60 57 82 49 71 54 67 69 39 41 38 43 49 43 58 66 36 42 41 30 92 0 0 0 0 
0 214 226 132 161 116 143 145 128 166 119 115 73 109 127 124 141 102 104 123 144 150 161 97 154 168 138 121 0 0 0 0 
0 177 226 191 135 140 174 158 153 155 132 125 85 151 160 107 194 126 114 130 200 164 141 104 204 208 154 147 0 0 0 0 
0 120 98 110 59 76 65 61 47 54 34 65 31 59 68 50 43 62 40 79 49 92 49 74 52 60 78 53 0 0 0 0 
0 199 168 68 85 65 70 74 103 89 92 70 75 72 82 86 105 52 75 103 145 106 140 76 140 134 152 140 0 0 0 0 
0 349 286 170 198 172 148 145 143 167 104 113 101 113 101 90 106 88 83 111 109 142 119 96 120 125 100 80 0 0 0 0 
0 99 91 105 67 78 52 65 56 74 69 64 54 94 68 59 79 72 63 79 68 87 64 84 97 123 104 68 0 0 0 0 
0 131 133 66 74 50 49 63 77 74 86 45 76 78 71 69 81 65 82 92 96 91 77 107 115 136 101 126 0 0 0 0 
0 117 150 120 99 84 82 76 93 81 126 91 128 114 115 114 92 110 121 103 92 166 120 125 137 146 123 106 0 0 0 0 
0 92 107 92 77 72 81 41 67 71 96 102 132 91 81 112 60 89 122 68 92 142 130 115 98 131 99 85 0 0 0 0 
0 140 103 193 133 118 79 93 69 79 91 84 49 81 95 93 75 117 98 73 101 112 126 71 97 122 99 94 0 0 0 0 
0 175 211 139 139 106 125 109 80 127 101 126 63 119 147 77 96 75 72 95 94 135 100 80 117 102 115 76 0 0 0 0 
0 167 126 116 85 53 95 59 51 62 67 67 54 99 71 37 68 57 83 57 95 113 108 79 107 115 88 138 0 0 0 0 
0 119 141 167 145 77 129 87 92 111 68 101 72 133 91 91 116 99 145 88 126 127 112 142 143 152 141 138 0 0 0 0 
0 120 108 68 102 81 46 63 69 77 73 55 49 73 51 79 77 58 64 115 100 83 91 100 93 91 128 71 0 0 0 0 
0 99 72 78 53 52 41 38 65 34 60 50 59 53 53 80 51 57 71 56 77 81 81 84 62 105 59 85 0 0 0 0 
0 90 76 85 83 50 79 94 21 52 17 38 47 59 48 49 85 31 85 29 41 55 43 89 59 69 63 49 0 0 0 0 
0 93 118 80 96 38 78 73 57 93 51 77 53 77 41 47 90 60 74 93 94 97 97 77 73 88 69 99 0 0 0 0 
0 88 52 52 94 39 43 91 64 46 54 44 31 60 48 40 62 43 68 44 19 65 57 65 52 76 71 52 0 0 0 0 
0 102 117 78 87 56 77 58 46 38 31 103 34 67 32 69 57 54 67 46 56 93 68 96 52 78 67 57 0 0 0 0 
0 100 62 66 77 34 65 94 58 34 22 65 38 60 42 67 43 33 31 22 41 48 65 28 27 54 40 24 0 0 0 0 
0 130 90 85 124 87 73 103 58 97 56 64 58 91 94 72 96 97 80 75 94 86 74 63 113 77 65 99 0 0 0 0 
0 214 176 113 144 83 71 66 70 63 60 79 36 41 76 43 50 39 50 66 79 74 64 22 53 46 70 66 0 0 0 0 
0 150 143 111 120 95 58 85 91 77 72 78 57 73 81 103 77 63 72 85 75 103 89 89 94 89 107 110 0 0 0 0 
0 171 239 125 121 128 108 77 116 134 186 108 173 169 148 167 120 142 167 169 150 161 177 187 200 173 168 127 0 0 0 0 
0 135 116 75 146 89 77 75 75 76 89 90 70 62 102 73 85 90 69 65 113 88 93 61 103 72 105 91 0 0 0 0 
0 163 105 92 94 34 121 79 41 46 50 79 68 111 106 40 74 68 93 63 100 117 102 58 110 101 88 103 0 0 0 0 
0 100 64 50 80 33 58 53 50 65 42 71 53 83 44 46 62 33 40 48 57 48 79 60 48 83 60 52 0 0 0 0 
0 64 50 38 30 32 48 22 27 40 23 32 46 59 42 27 46 37 20 38 42 57 41 26 56 58 37 53 0 0 0 0 
0 134 76 42 80 25 25 39 39 60 75 30 30 36 38 34 73 40 71 69 70 72 50 31 74 80 76 55 0 0 0 0 
0 66 46 63 97 50 60 106 32 65 24 62 47 54 48 58 84 65 66 31 51 88 95 102 66 95 74 69 0 0 0 0 
0 158 133 108 96 66 63 85 71 70 59 66 46 77 86 69 64 58 65 52 101 87 81 62 98 81 73 99 0 0 0 0 
0 100 140 72 53 64 35 46 51 84 80 62 58 76 54 80 56 68 71 78 73 69 67 71 95 78 84 57 0 0 0 0 
0 81 78 54 48 43 59 28 14 37 33 28 42 45 55 43 35 35 44 44 51 39 67 68 45 57 77 50 0 0 0 0 
0 96 61 59 59 48 50 65 42 60 52 37 32 43 41 31 53 33 58 35 37 46 45 52 42 60 56 36 0 0 0 0 
0 88 68 57 90 63 47 95 70 41 43 58 27 72 54 59 64 46 62 50 50 106 67 50 78 48 56 62 0 0 0 0 
0 69 54 52 40 34 32 34 37 53 46 29 16 37 37 29 36 38 50 21 27 46 43 34 52 71 72 43 0 0 0 0 
0 90 131 97 50 46 59 69 76 58 26 47 31 47 71 38 46 45 45 54 67 53 52 33 52 60 51 77 0 0 0 0 
0 256 211 139 129 107 74 56 72 106 57 78 42 58 64 56 61 31 56 67 71 70 79 56 63 71 66 46 0 0 0 0 
0 80 126 73 52 58 40 67 62 75 80 75 57 98 72 107 68 86 88 88 94 100 118 99 122 115 131 117 0 0 0 0 
3 100 128 129 62 99 53 82 55 86 52 60 48 82 94 65 68 78 64 55 67 84 71 65 69 87 68 74 0 0 0 0 
0 145 98 68 91 72 69 53 80 69 62 55 43 75 67 45 84 68 51 53 86 95 66 61 99 136 84 91 0 0 0 0 
0 153 169 49 106 94 88 65 100 76 85 95 50 168 104 77 141 158 159 72 127 119 105 143 143 106 161 139 0 0 0 0 
0 71 64 35 87 73 38 48 102 31 59 22 41 28 48 74 49 30 47 59 47 24 78 84 52 70 111 62 0 0 0 0 
0 43 48 23 83 33 44 47 50 21 45 71 25 53 35 27 50 29 68 24 35 38 33 58 55 40 48 51 0 0 0 0 
0 50 53 32 103 59 78 85 15 29 12 56 39 51 32 60 74 28 58 20 10 63 43 101 32 56 66 54 0 0 0 0 
0 213 148 101 165 83 47 52 52 54 43 59 30 68 62 43 25 37 44 69 68 60 53 25 58 57 48 57 0 0 0 0 
0 125 106 78 88 69 52 53 73 73 70 56 61 64 94 53 99 65 55 84 92 101 84 109 137 134 125 95 0 0 0 0 
0 147 109 77 127 54 89 97 90 97 42 70 71 114 64 54 99 72 82 74 119 89 115 91 108 104 117 93 0 0 0 0 
0 178 104 105 61 36 65 92 43 45 60 38 52 64 34 32 54 55 29 61 90 96 56 36 63 77 51 59 0 0 0 0 
0 119 152 89 49 71 45 42 76 105 74 45 48 104 41 109 29 73 61 91 53 39 97 80 57 82 67 82 0 0 0 0 
0 126 107 72 67 55 58 67 66 58 64 42 75 65 60 59 73 46 58 60 74 51 82 62 57 63 56 49 0 0 0 0 
0 40 73 51 58 29 42 58 63 42 22 29 34 32 36 36 19 36 33 22 27 35 28 38 36 57 59 77 0 0 0 0 
