49 60 56 48 50 50 65 36 59 36 49 41 50 63 76 78 89 91 80 81 62 37 58 60 45 50 61 70 67 65 46 65 
55 30 38 21 18 17 14 18 24 15 6 16 8 8 11 10 6 12 16 14 40 12 22 1 20 10 26 14 15 8 16 4 
45 32 35 30 29 8 24 27 2 30 18 8 15 31 30 11 4 18 12 4 22 37 6 4 30 19 34 5 34 19 30 10 
36 4 2 14 1 14 1 3 15 1 14 14 1 15 1 1 4 29 0 2 0 1 15 14 0 2 17 1 17 26 14 15 
74 104 34 57 52 41 53 109 23 117 70 87 58 69 41 45 169 55 118 91 50 31 77 52 37 59 15 49 40 40 54 82 
54 60 49 33 68 40 34 41 66 55 53 33 47 54 47 35 37 41 64 48 72 53 61 63 91 79 72 53 88 59 31 66 
79 18 24 10 50 30 33 12 13 66 39 6 10 15 61 30 58 30 26 25 56 51 50 9 20 3 26 40 3 31 17 33 
48 35 19 33 30 29 44 24 13 23 16 19 30 41 27 16 20 24 39 16 32 35 35 28 24 37 32 24 31 44 19 27 
25 10 33 2 18 5 1 23 16 9 21 22 4 41 14 3 28 25 28 15 0 27 18 40 1 25 19 17 7 11 8 37 
55 46 79 26 31 28 48 51 60 41 47 51 34 42 41 47 37 47 46 31 51 43 47 35 47 37 35 65 50 39 10 41 
46 19 20 22 24 29 49 17 33 41 20 17 13 29 16 19 25 31 22 18 27 26 18 30 26 30 25 14 13 28 28 24 
8 2 0 0 2 5 4 0 6 2 2 4 2 5 0 3 0 1 0 0 2 0 0 0 1 1 2 1 0 1 0 0 
25 6 2 0 5 11 2 0 10 7 4 4 1 5 11 14 2 9 0 6 18 5 13 4 13 4 2 1 12 1 5 9 
15 12 0 3 2 0 2 15 13 1 2 11 0 13 1 0 2 14 12 12 2 3 2 13 13 13 2 30 11 1 16 1 
17 6 2 3 1 1 3 8 1 8 4 8 5 6 2 6 5 2 5 1 5 10 5 1 0 7 3 3 8 4 8 2 
35 15 10 21 15 18 9 17 7 11 9 19 15 12 3 6 23 11 18 8 33 8 10 11 7 10 7 15 20 25 21 10 
12 4 16 3 10 6 9 13 14 11 7 11 12 5 10 10 6 17 5 12 11 11 8 4 6 10 14 8 6 16 9 0 
44 22 29 19 12 26 26 27 13 50 30 20 24 30 14 39 30 19 46 28 26 25 45 22 41 17 17 20 38 26 25 28 
32 1 7 2 6 2 10 0 9 16 0 0 0 10 1 2 3 0 4 21 7 8 1 3 12 19 3 11 1 8 1 4 
90 31 37 38 18 22 29 60 41 36 41 53 27 27 43 2 61 14 57 35 34 23 26 33 69 37 55 63 35 55 39 56 
9 1 3 6 6 3 3 1 6 6 4 1 3 4 5 5 3 2 6 3 4 5 6 1 8 4 4 3 3 8 3 3 
63 30 24 43 17 30 11 32 6 38 28 27 36 34 8 48 21 37 21 5 36 31 12 27 23 18 29 34 44 21 21 74 
76 35 20 44 13 37 2 11 27 46 15 19 17 18 26 30 48 33 19 44 16 35 60 32 29 42 29 31 24 76 38 25 
35 21 16 18 20 17 21 28 20 24 22 13 17 22 20 28 32 17 15 16 28 22 29 21 16 28 22 14 21 19 25 12 
49 9 12 12 12 17 18 19 18 6 13 3 16 18 17 27 25 24 10 11 7 9 17 8 15 21 6 18 14 14 10 11 
29 14 7 8 24 13 18 5 12 4 28 26 13 8 11 3 30 14 7 9 10 38 5 11 27 29 6 6 9 4 21 20 
54 30 34 39 39 41 35 37 63 48 32 45 42 31 79 34 28 62 10 22 39 32 30 30 28 40 71 42 19 31 58 47 
55 18 24 49 12 43 22 11 33 31 29 19 34 11 4 19 7 19 39 28 30 4 23 5 26 14 10 10 38 7 31 10 
18 4 2 4 3 4 5 1 9 10 15 10 15 13 10 0 11 2 9 1 10 1 6 12 16 3 6 2 2 8 8 13 
65 58 41 47 56 56 67 82 41 16 63 49 48 69 67 30 32 56 34 64 28 59 58 40 58 49 65 56 88 63 49 42 
18 5 2 7 0 7 5 6 1 2 5 4 3 8 3 5 2 11 6 0 1 0 0 6 8 1 7 10 5 8 1 2 
56 5 16 30 25 42 24 43 13 53 32 31 15 51 11 21 17 21 17 19 20 5 20 13 41 29 13 33 8 20 39 33 
26 11 20 12 12 8 14 11 9 25 7 10 14 8 7 9 24 6 12 2 3 29 5 18 15 28 16 4 12 22 23 20 
29 15 27 18 24 22 44 20 15 22 33 32 16 24 38 23 24 24 11 15 29 19 19 26 21 17 24 17 29 27 21 16 
59 39 36 51 44 32 75 41 24 28 40 19 58 12 36 31 25 41 37 34 53 81 35 14 47 87 61 25 15 56 68 16 
44 16 3 31 19 27 41 12 19 26 12 25 33 12 2 18 19 21 6 3 0 28 5 3 31 9 8 40 16 15 3 3 
57 10 4 3 12 11 27 17 7 7 9 0 14 4 23 22 4 17 13 10 6 26 11 23 14 9 4 12 25 10 26 21 
41 16 14 14 15 16 8 12 18 19 28 9 8 32 9 11 7 13 19 17 13 16 9 21 12 18 11 11 13 18 6 16 
48 37 95 12 50 26 27 35 42 23 32 23 49 39 39 30 23 45 32 33 29 31 39 58 65 46 16 33 13 23 36 6 
87 28 24 23 24 67 37 4 10 17 40 17 7 29 42 20 41 14 10 33 42 35 4 12 22 40 27 21 42 20 21 28 
18 8 23 17 8 4 16 14 10 14 14 8 12 14 28 9 8 8 13 22 10 18 10 18 10 9 13 17 4 23 24 14 
13 0 0 0 0 0 0 3 0 0 0 0 0 0 6 3 0 3 0 0 0 0 0 0 0 0 0 1 0 0 0 0 
14 11 4 3 0 13 0 17 32 0 3 3 13 13 0 31 0 10 0 11 1 1 10 0 10 10 18 11 32 0 11 1 
44 13 31 7 15 13 19 53 19 16 17 20 26 20 16 24 13 28 28 22 22 10 12 10 21 27 23 29 27 33 30 11 
91 74 72 85 72 79 33 120 74 60 19 67 96 45 117 28 36 24 56 48 55 43 89 66 32 44 106 72 69 80 69 65 
42 0 5 2 2 5 5 3 1 9 1 13 17 6 5 1 0 12 12 8 1 1 9 3 25 2 2 2 12 14 9 5 
144 160 125 153 81 81 107 65 89 112 111 106 159 100 74 105 48 156 137 99 108 118 71 123 140 97 103 139 131 80 93 78 
15 9 4 4 9 6 2 3 5 4 2 4 0 10 9 8 5 11 8 7 6 5 13 4 5 5 7 3 5 6 6 3 
76 59 39 77 71 100 53 49 57 74 96 84 31 52 42 84 51 101 80 51 57 56 66 72 14 72 61 50 74 32 74 33 
54 22 17 14 13 16 31 5 21 14 25 5 7 28 32 10 8 18 5 14 29 22 19 27 16 15 20 4 30 20 10 12 
32 25 22 13 25 15 23 9 16 18 3 8 31 23 22 9 10 14 26 18 36 16 25 24 10 23 29 16 18 18 8 16 
31 29 29 26 24 42 5 25 34 28 23 21 42 29 10 57 16 7 29 24 30 26 26 38 16 16 17 30 14 22 18 41 
61 34 34 27 15 35 34 14 31 17 30 9 17 31 19 24 41 47 32 49 43 16 12 29 33 33 44 27 42 33 23 46 
27 28 9 2 4 4 4 14 14 4 7 3 6 3 4 5 7 4 9 15 6 7 17 9 5 2 2 3 4 15 8 6 
39 10 58 23 38 13 20 41 21 9 13 13 40 42 11 13 32 13 49 24 19 27 27 9 24 29 38 5 23 29 13 30 
49 11 12 20 21 23 28 37 28 26 47 16 17 5 28 26 5 29 7 26 43 18 12 13 15 11 16 7 3 27 30 24 
20 21 24 15 19 21 33 10 18 24 9 27 13 16 13 18 21 8 22 34 14 20 24 16 14 24 19 12 16 19 15 10 
15 19 10 19 17 10 13 18 19 18 12 8 9 6 8 9 14 14 14 11 6 13 17 9 12 6 10 19 9 22 23 16 
50 62 57 56 52 38 56 52 28 31 26 71 62 35 24 50 67 62 37 92 34 49 42 66 43 71 76 46 42 34 40 25 
25 12 7 12 14 9 19 7 12 9 13 10 13 15 10 13 19 15 14 21 11 6 14 16 7 6 12 8 10 6 3 11 
36 4 15 26 10 9 14 30 5 22 18 20 13 14 6 17 6 10 3 19 15 7 10 20 26 6 9 5 15 9 16 11 
17 8 10 11 15 15 10 12 10 11 12 10 11 12 11 13 19 16 8 15 8 17 9 15 11 9 4 7 16 16 5 10 
14 2 2 3 0 2 6 8 2 1 0 3 3 0 0 0 8 1 0 2 3 7 0 7 16 3 2 4 4 0 9 0 
12 0 0 1 0 0 1 12 1 11 10 11 10 2 0 0 10 0 0 0 1 10 18 0 1 0 0 10 10 11 1 10 
13 7 6 7 10 7 8 4 12 11 7 14 8 6 12 6 9 9 8 7 7 11 8 13 4 9 7 3 6 8 9 2 
18 35 8 3 14 16 1 6 3 47 13 26 24 17 4 28 36 17 16 14 24 26 2 18 20 24 15 21 27 1 6 23 
9 3 6 3 3 11 1 5 5 4 0 2 2 12 7 2 3 5 4 2 2 2 11 8 5 3 1 1 5 4 6 8 
10 3 2 4 4 6 4 5 5 5 10 0 5 4 3 5 6 4 0 7 1 1 4 2 1 7 2 3 3 3 2 4 
8 6 6 4 2 3 3 5 2 4 3 7 5 6 5 5 0 5 2 5 6 5 3 7 5 2 2 4 1 5 4 0 
52 7 20 40 19 35 28 15 16 30 25 9 18 14 31 17 8 18 16 7 32 18 18 39 30 7 10 17 39 13 14 14 
42 22 20 22 41 85 97 31 21 31 21 47 30 0 41 11 31 42 20 84 50 22 1 31 20 30 31 48 21 42 21 20 
42 1 5 23 18 25 3 17 19 11 4 37 18 16 10 17 16 11 32 24 4 21 11 9 2 19 3 8 15 18 14 0 
61 42 39 14 36 37 34 44 22 34 20 17 51 23 36 45 34 47 24 12 33 27 29 24 32 31 30 46 32 53 48 33 
34 3 10 19 18 8 9 17 11 8 7 18 17 10 16 0 5 9 4 12 8 10 7 6 23 4 18 14 13 13 14 4 
47 21 12 9 12 21 13 34 31 16 3 22 35 7 36 13 30 35 31 22 26 17 19 17 31 26 59 6 39 10 28 13 
36 11 12 7 13 8 10 22 21 9 13 7 6 2 3 11 8 16 9 13 12 3 3 11 5 2 5 10 1 27 5 6 
32 7 10 0 5 0 1 0 1 10 2 15 0 4 1 23 1 2 2 1 0 7 1 1 0 5 4 0 1 5 12 0 
45 15 5 47 36 13 2 16 26 15 16 9 4 19 43 11 24 24 41 2 1 37 21 2 1 16 1 19 18 39 24 27 
15 5 2 7 1 1 6 7 13 3 10 11 2 3 1 15 2 31 18 1 9 1 5 5 3 5 0 2 11 7 2 2 
72 33 58 54 69 54 30 46 46 23 66 47 29 52 40 37 73 44 74 76 49 41 32 67 109 44 57 29 37 56 52 23 
41 20 12 15 14 0 5 1 0 0 25 1 15 31 0 16 0 19 0 15 3 11 15 3 3 0 0 1 4 31 36 3 
46 11 14 31 25 11 9 21 35 31 16 33 14 6 18 19 4 8 26 21 30 33 30 14 24 29 20 47 15 36 21 30 
29 10 13 6 13 16 12 9 8 9 12 9 10 29 18 7 6 10 13 10 16 7 9 12 11 13 10 9 13 20 8 8 
29 8 17 17 13 18 10 16 14 4 18 10 9 10 6 8 10 15 16 13 15 14 16 14 12 14 15 9 4 10 14 12 
18 7 10 4 6 9 2 5 7 4 6 6 3 10 7 6 7 8 6 10 5 7 12 3 5 9 5 3 4 4 11 2 
54 24 15 27 11 8 11 18 8 37 14 13 22 16 8 25 8 22 6 23 9 19 24 9 10 6 18 22 15 18 23 16 
17 4 4 5 6 5 9 6 7 5 3 6 2 8 5 7 5 1 4 11 5 2 3 9 3 4 8 9 2 7 0 1 
33 26 25 35 4 27 33 8 16 22 7 16 30 11 42 9 45 30 16 32 30 17 17 33 43 26 21 17 23 18 25 36 
27 22 17 17 4 17 6 6 18 12 10 4 11 11 14 8 9 2 21 10 10 9 8 11 15 10 9 14 13 14 20 3 
22 15 5 20 19 14 9 8 16 11 9 9 6 2 6 8 7 10 14 8 5 2 3 8 6 9 10 4 5 9 10 7 
40 68 40 31 40 20 13 36 28 24 27 32 33 40 32 30 28 23 43 34 25 35 16 26 38 22 25 30 31 26 14 42 
6 3 2 5 2 3 1 0 1 0 1 1 4 1 3 4 0 1 2 1 1 1 4 1 1 4 2 1 0 4 1 1 
7 3 8 3 4 5 1 3 4 6 3 8 9 8 4 1 8 5 4 2 5 5 2 4 4 1 8 3 5 3 3 1 
57 32 38 23 39 22 32 15 20 46 2 28 20 12 50 21 1 49 36 55 50 56 96 21 91 25 50 22 51 10 37 34 
23 13 6 11 3 4 12 1 3 14 2 2 13 3 3 9 2 4 10 3 11 3 10 13 4 4 7 10 11 13 5 12 
35 32 19 33 20 36 9 54 33 31 36 43 18 18 25 9 24 34 14 36 14 15 10 46 19 6 41 41 24 27 30 7 
52 43 26 33 9 23 15 51 14 28 23 33 21 39 30 23 9 22 23 27 9 6 26 26 14 16 8 27 14 7 27 10 
113 48 32 30 89 39 27 40 44 77 61 42 51 57 38 88 73 77 50 54 107 47 80 77 53 78 50 47 60 47 43 76 
20 0 1 0 4 1 0 5 0 0 0 0 8 0 0 0 0 0 0 0 1 0 1 0 0 0 0 1 0 0 0 0 
89 81 89 77 103 60 108 77 52 141 82 77 68 70 64 119 79 128 101 57 97 104 48 91 86 74 82 76 61 79 71 60 
13 0 6 0 5 1 0 11 0 0 0 0 7 1 6 1 6 0 1 0 0 1 0 0 6 0 12 0 5 0 1 2 
19 8 4 13 17 15 5 4 8 7 4 7 9 7 12 15 7 9 5 15 8 7 3 6 5 12 10 12 2 6 23 11 
39 11 9 7 2 11 11 3 7 20 7 7 8 11 5 10 7 4 4 9 7 4 9 9 12 14 4 4 11 11 24 10 
14 5 5 4 5 3 9 4 6 8 6 9 1 6 3 5 0 8 5 5 5 4 5 1 0 4 2 3 2 3 3 5 
5 1 3 3 1 0 0 1 1 5 0 0 1 0 0 2 0 0 0 3 0 0 2 0 0 1 1 1 0 1 2 0 
32 18 26 13 17 18 15 16 12 12 11 15 18 17 24 9 15 12 9 11 8 22 22 18 12 14 11 25 25 7 20 7 
21 7 4 14 3 5 17 5 2 7 8 3 5 8 3 17 3 6 23 5 5 4 6 7 24 14 14 1 14 2 6 4 
40 20 18 17 27 16 11 22 37 22 11 18 24 17 35 18 20 20 25 24 11 17 32 25 33 13 10 13 23 15 23 15 
21 18 0 15 12 15 26 13 21 13 0 18 0 49 20 20 18 26 48 13 12 0 14 22 18 0 2 13 24 31 26 0 
31 8 4 14 19 8 11 14 9 10 15 3 10 8 13 5 12 8 11 10 17 5 10 15 14 8 5 9 11 6 9 10 
31 49 11 17 13 27 8 8 5 8 9 19 6 29 26 17 16 15 15 13 6 13 14 17 20 6 22 6 17 25 24 20 
43 41 31 22 11 25 33 33 41 22 18 21 33 20 19 17 28 42 25 37 35 28 21 12 19 19 45 20 44 16 21 15 
20 8 4 3 2 2 7 6 3 3 8 1 4 3 4 1 2 5 2 2 3 7 2 11 4 3 9 1 5 5 5 7 
26 29 38 37 12 55 20 18 53 31 26 36 20 39 19 23 40 48 19 16 13 35 38 39 25 36 13 26 25 24 35 14 
21 6 11 4 8 11 13 5 3 11 3 5 13 5 7 9 9 4 7 9 15 8 4 4 8 8 6 8 6 11 11 11 
25 33 32 5 35 52 1 20 10 10 9 28 54 16 8 19 42 21 2 7 44 32 44 17 8 14 33 18 55 4 68 25 
33 20 43 32 26 18 21 27 15 20 24 38 17 27 14 14 20 25 29 28 5 38 44 25 12 32 19 23 31 39 19 16 
17 3 10 14 18 2 8 19 4 1 6 12 11 12 8 2 4 8 7 12 8 6 8 6 22 4 14 19 16 12 9 0 
8 4 8 0 0 8 0 8 0 0 0 8 4 0 4 0 0 8 4 0 4 0 6 8 0 12 3 8 0 4 0 0 
8 2 8 5 2 3 1 2 4 4 1 4 14 11 2 1 2 8 0 14 1 2 7 2 14 3 16 9 9 1 0 0 
52 32 41 42 25 22 14 31 21 35 33 30 25 26 14 18 43 35 18 13 42 29 22 19 40 23 27 12 49 21 45 30 
8 5 12 0 7 1 0 6 7 6 19 15 12 1 1 12 1 5 9 7 0 1 6 14 0 6 0 7 1 1 5 7 
34 14 29 9 35 3 18 18 12 11 5 13 11 20 16 12 7 19 20 11 21 18 20 21 4 29 17 22 4 6 13 14 
40 15 30 15 30 21 27 31 26 36 14 28 43 39 20 22 27 41 44 30 22 17 38 29 18 33 33 25 36 45 37 15 
34 38 7 33 33 24 22 24 23 16 23 17 20 7 13 18 18 20 33 21 62 18 47 7 34 5 29 26 28 21 8 10 
39 16 13 4 7 17 3 13 13 13 19 9 17 6 18 13 11 19 11 9 18 16 14 14 13 37 15 2 7 9 25 15 
1 0 0 0 1 1 1 0 0 1 0 0 0 0 1 0 1 0 1 0 1 2 3 1 1 0 1 0 0 1 0 0 
18 1 6 3 7 2 7 0 0 10 2 3 6 12 1 1 1 0 1 10 0 2 8 0 7 2 3 10 15 6 2 1 
25 1 5 2 2 3 4 5 0 4 3 2 5 1 1 0 4 5 1 7 11 1 2 5 3 13 2 5 8 4 4 2 
76 3 6 64 40 39 59 44 27 74 40 42 17 39 17 41 85 29 29 55 15 27 26 61 42 80 59 59 55 43 17 32 
41 18 15 39 31 15 5 12 24 4 19 8 24 18 10 35 29 11 16 15 12 17 28 8 28 18 22 17 27 25 25 21 
31 3 8 8 17 8 5 2 13 5 7 12 12 11 9 2 12 13 12 4 9 7 10 6 11 6 3 5 9 6 6 3 
41 16 24 13 15 18 21 13 11 19 16 9 22 19 5 22 13 9 16 23 15 9 8 18 18 27 24 19 9 15 8 12 
14 4 9 3 1 3 7 13 2 4 4 8 1 4 4 1 8 4 7 8 4 4 6 5 2 4 5 3 3 3 4 7 
69 29 35 25 32 27 35 27 26 17 42 33 17 16 50 17 25 24 22 42 27 35 19 6 16 35 26 32 16 37 14 70 
42 21 13 11 14 13 28 3 3 7 12 29 11 20 24 23 18 7 15 11 10 11 4 8 19 12 10 14 13 5 25 14 
63 18 19 9 45 24 15 35 24 16 25 34 6 34 10 11 32 28 23 19 8 42 35 22 39 34 13 28 28 23 24 22 
50 48 4 1 24 4 4 18 2 1 49 2 17 16 2 39 8 34 18 8 1 5 23 36 19 12 3 18 20 25 9 19 
45 28 12 29 33 47 75 64 37 48 36 41 43 56 36 36 9 32 28 47 38 38 36 49 58 45 13 46 18 29 72 2 
21 18 25 21 12 16 20 17 24 31 13 15 8 13 19 21 9 19 21 21 22 21 16 3 20 15 17 17 14 14 19 12 
64 45 31 40 17 27 19 45 8 36 55 24 44 11 77 23 47 20 22 46 24 22 21 24 32 26 43 24 4 28 27 32 
36 0 1 19 19 34 3 2 1 1 16 2 16 2 1 1 17 16 30 35 1 1 20 4 3 3 5 1 20 17 17 1 
34 25 45 24 25 32 13 29 32 8 27 33 8 26 35 42 11 19 8 30 39 4 36 22 16 6 16 19 22 23 28 6 
38 11 18 26 21 25 12 19 28 20 16 26 20 19 20 15 22 41 23 17 14 28 20 11 17 12 27 22 17 28 22 21 
5 3 1 6 2 5 0 4 4 1 3 4 2 8 2 4 5 3 3 4 3 6 2 3 3 2 0 5 1 4 2 1 
174 121 117 126 143 146 138 77 101 132 124 134 147 74 97 108 91 93 73 104 157 284 134 85 72 198 101 106 76 181 193 118 
9 0 1 5 0 2 0 1 0 1 0 3 0 0 0 0 1 1 0 0 0 1 1 3 3 3 1 3 0 0 0 0 
46 13 22 22 36 17 15 28 14 10 12 31 16 13 25 10 13 17 11 27 12 16 16 20 28 16 35 17 21 24 32 14 
17 4 8 2 6 12 4 4 2 3 8 6 4 4 6 4 6 6 8 7 8 6 6 10 2 4 7 4 4 2 0 1 
65 23 24 17 31 69 32 28 25 32 42 40 16 18 29 73 50 47 62 22 35 33 28 51 46 36 43 72 15 33 43 35 
19 6 8 9 8 10 10 10 18 13 11 11 9 14 18 8 16 3 11 8 6 11 17 4 6 8 16 14 9 18 9 6 
55 13 6 9 35 8 14 17 9 9 11 14 12 8 13 16 14 18 20 14 17 10 13 12 13 9 6 23 17 9 20 16 
25 2 10 10 25 7 17 18 5 8 6 21 11 13 8 4 14 8 4 13 8 7 6 15 25 5 20 17 20 13 18 0 
119 94 157 105 81 68 86 83 83 138 47 93 74 77 111 97 120 74 96 94 89 108 96 63 76 58 127 67 121 86 111 80 
27 3 3 12 13 3 2 3 10 8 3 7 3 7 5 7 10 4 5 5 7 1 5 1 0 2 6 3 11 8 3 8 
50 31 25 47 34 17 39 54 27 23 34 23 33 46 16 34 32 24 23 23 27 16 33 35 24 36 24 38 16 31 34 19 
24 6 9 6 11 13 11 9 9 11 14 8 5 12 4 13 13 8 4 14 8 2 13 8 9 7 11 4 5 8 9 6 
62 5 15 12 20 16 32 12 35 30 42 6 26 5 38 14 38 55 16 30 8 20 45 8 2 56 5 26 6 55 18 2 
19 19 2 5 14 12 14 5 4 4 3 13 21 3 7 8 6 9 6 3 5 7 11 6 7 3 3 4 11 2 1 10 
78 87 59 24 51 42 45 72 30 77 101 63 53 23 65 83 92 44 103 54 31 58 70 70 33 28 33 40 54 16 39 58 
31 2 35 13 0 9 18 0 10 21 0 42 30 14 24 15 26 9 9 0 4 9 37 0 20 13 33 21 10 18 9 9 
15 19 10 13 1 7 3 4 12 11 7 2 4 6 7 5 4 0 11 8 6 7 8 8 8 8 7 12 10 9 13 4 
29 19 21 12 17 24 15 11 5 17 31 13 25 35 22 13 14 15 16 8 18 21 3 14 13 13 19 7 21 13 11 27 
11 10 12 2 4 10 3 7 10 10 12 6 12 6 14 7 12 13 18 7 20 4 11 14 9 9 6 9 7 2 9 6 
47 11 0 4 4 14 0 19 5 1 15 22 17 12 5 0 13 4 26 18 13 13 12 17 12 3 38 15 4 12 17 16 
23 27 15 14 13 5 11 0 20 18 23 11 20 8 14 14 11 19 7 16 8 16 6 15 5 14 5 12 9 15 24 23 
46 17 8 31 16 51 35 43 61 49 16 32 27 65 14 51 65 32 29 50 49 25 22 36 45 39 24 36 40 31 32 48 
42 36 0 21 11 30 9 36 11 9 40 40 40 50 18 18 10 21 40 11 40 21 19 41 9 42 42 30 20 9 51 10 
26 2 2 0 1 0 5 0 16 15 0 0 4 1 1 6 1 0 1 2 3 1 1 1 17 0 2 5 0 0 5 0 
64 28 30 60 43 17 20 25 29 47 47 15 23 32 48 52 2 35 35 28 21 45 34 23 40 26 12 11 17 8 23 51 
84 30 39 66 72 65 36 82 71 81 16 41 17 44 56 46 60 78 38 40 24 89 48 19 45 30 37 61 18 62 45 26 
30 11 10 2 33 18 10 19 15 1 0 1 20 3 18 11 20 10 13 15 21 0 5 11 13 2 21 2 13 23 22 10 
46 15 34 0 9 20 21 25 3 23 32 2 19 26 18 27 8 24 17 8 1 15 18 3 16 3 16 33 62 8 13 14 
0 0 0 0 0 0 0 0 0 0 0 0 0 0 0 0 0 0 0 0 0 0 0 0 0 0 0 0 0 0 0 0 
19 17 10 8 10 10 12 16 22 8 19 27 6 11 11 16 12 15 11 15 12 14 14 15 9 17 19 16 6 17 18 16 
13 18 4 5 6 6 3 7 9 8 5 5 6 2 1 6 7 11 0 9 7 8 8 3 5 9 6 4 8 2 9 9 
47 24 27 24 26 26 17 17 31 19 38 37 17 23 15 32 19 17 25 22 26 23 30 18 28 17 28 30 35 27 21 35 
27 19 16 13 13 20 18 13 16 21 8 17 11 28 26 12 21 15 17 12 17 21 23 22 10 12 18 14 20 16 20 13 
13 4 5 4 8 5 0 4 3 5 4 2 6 4 5 5 11 7 5 5 4 6 7 5 9 7 7 2 8 9 6 5 
46 26 21 23 31 9 24 31 18 26 14 31 32 37 25 48 19 15 34 22 14 28 21 18 26 35 25 25 35 32 26 43 
57 37 12 37 31 49 20 12 23 64 14 27 31 45 29 24 25 36 34 23 50 27 41 32 19 46 53 19 91 32 18 25 
73 23 20 31 7 13 24 57 49 13 23 24 13 12 5 19 17 44 16 41 12 11 6 4 13 11 11 33 34 31 3 41 
23 6 1 5 7 14 2 7 4 11 5 10 6 7 10 5 8 8 7 12 4 11 11 4 8 3 1 10 8 9 12 4 
79 45 52 33 57 53 47 64 46 33 44 33 40 27 28 31 39 17 38 40 52 36 53 46 56 29 50 50 31 37 27 44 
8 8 8 17 1 8 4 10 4 10 4 6 4 7 10 9 5 6 16 17 1 26 5 13 3 9 0 12 16 8 12 9 
40 1 0 20 2 0 15 1 16 6 18 3 0 1 0 1 3 3 1 4 48 2 0 3 4 4 31 21 3 28 4 0 
12 5 2 3 5 6 7 4 5 1 4 7 4 4 4 7 5 4 4 5 4 5 1 9 10 9 5 8 2 3 9 5 
3 2 1 0 0 3 1 0 1 4 0 2 3 0 1 1 0 0 1 2 1 1 2 0 1 2 0 1 2 0 0 0 
32 11 7 0 0 26 20 13 25 31 18 10 13 29 10 31 17 9 12 19 43 4 28 1 20 2 18 9 29 39 17 17 
17 24 18 24 26 25 16 15 24 17 32 24 16 32 16 32 21 16 2 9 26 12 26 40 24 16 50 35 41 9 21 10 
5 0 1 1 1 1 0 0 0 1 0 1 0 1 0 2 0 0 1 0 1 0 0 0 1 0 1 0 1 0 1 1 
6 3 6 8 7 5 5 3 3 4 8 3 4 9 1 5 3 12 3 3 2 9 3 3 3 7 4 7 3 2 9 0 
46 14 13 54 40 36 34 51 27 34 28 26 45 18 23 27 57 41 49 23 13 12 7 10 15 51 16 27 17 13 57 30 
93 35 36 10 34 56 37 37 22 42 49 17 34 26 36 32 44 38 27 21 28 10 26 31 57 42 51 44 43 42 37 30 
35 15 12 10 13 17 3 4 12 17 4 24 10 18 17 5 6 12 11 24 7 9 10 10 14 18 4 6 12 12 16 10 
3 1 0 3 1 6 0 0 2 2 1 4 3 2 2 0 3 1 2 2 3 1 2 3 5 0 3 3 1 0 1 3 
21 3 8 14 3 9 8 18 1 33 12 11 0 6 23 16 31 12 21 15 3 14 5 15 21 36 18 12 8 2 38 27 
22 9 16 3 1 39 12 24 3 21 36 6 9 17 34 14 18 7 17 3 11 24 14 14 18 16 13 20 11 4 7 4 
17 9 6 3 7 10 4 6 10 11 3 5 2 0 0 2 5 1 10 6 7 3 12 2 11 2 2 7 4 4 2 0 
8 4 3 5 8 7 8 2 1 2 5 3 4 1 3 2 3 2 3 0 6 2 1 2 2 11 2 4 4 4 3 5 
8 1 4 5 0 3 3 3 3 1 3 2 3 3 2 2 0 1 1 7 5 1 3 4 0 5 3 3 3 5 3 1 
23 7 27 9 18 54 37 36 32 30 14 17 21 40 22 17 13 12 25 26 19 18 24 47 19 34 9 13 28 21 24 21 
39 19 27 24 11 4 21 30 34 12 28 34 15 21 31 23 15 26 21 22 16 33 7 22 19 13 17 35 24 24 24 28 
75 45 47 27 53 40 25 4 47 21 42 33 44 41 54 39 15 41 55 51 55 43 38 53 60 33 42 40 42 23 36 49 
7 0 5 1 0 8 0 0 0 0 5 0 1 0 0 0 0 0 0 0 0 6 5 1 1 0 1 1 0 0 1 5 
44 31 33 41 35 43 35 13 35 92 74 51 53 58 43 31 24 45 40 75 34 41 23 63 27 44 47 37 40 71 23 17 
121 88 90 34 30 38 53 49 40 51 60 38 36 12 75 68 61 33 46 68 49 32 37 19 30 30 47 70 53 16 36 32 
23 16 10 15 11 8 3 7 5 8 8 11 20 9 20 12 3 14 8 11 13 13 18 14 6 18 15 8 10 34 7 16 
86 68 17 76 47 44 49 59 68 33 75 86 55 11 47 47 32 77 24 45 60 58 51 4 61 40 32 34 51 38 50 45 
58 11 26 27 25 23 11 23 13 16 13 25 26 25 20 19 17 16 20 36 16 27 20 9 23 17 29 17 13 25 12 30 
3 0 0 0 0 0 0 0 0 0 0 0 0 0 0 0 0 0 0 0 0 0 0 0 1 0 0 0 0 0 0 0 
42 45 11 38 8 14 13 23 6 10 10 15 10 23 36 7 15 18 15 14 21 12 25 17 27 32 13 16 17 44 17 15 
74 13 92 72 42 90 69 106 94 37 31 19 60 46 46 37 46 81 70 65 114 31 107 51 57 78 109 43 54 90 61 95 
38 48 51 12 36 17 74 16 39 22 40 60 28 16 42 27 38 57 49 29 18 46 48 18 41 24 10 45 57 22 52 43 
55 9 16 24 1 20 10 8 8 8 4 17 10 21 12 13 11 14 8 13 7 8 8 20 7 19 9 12 9 20 1 39 
124 76 65 62 79 73 81 99 56 26 96 72 62 70 85 48 49 89 63 74 60 96 69 49 86 72 85 80 117 80 75 73 
26 21 13 13 14 15 10 12 20 6 4 10 6 6 3 5 12 3 8 5 5 10 11 18 21 7 6 8 8 20 6 4 
31 15 12 5 10 9 8 15 21 15 13 22 6 8 12 5 2 20 26 31 8 12 6 29 7 10 19 15 21 15 21 26 
13 5 7 5 2 4 3 6 3 4 3 6 2 4 6 7 2 8 5 4 4 7 8 3 2 6 6 3 4 4 8 1 
43 17 4 2 4 9 9 6 6 20 19 4 9 2 10 9 3 13 16 7 5 10 23 11 15 16 9 5 15 10 2 22 
35 30 47 29 23 40 38 15 43 19 9 19 8 23 10 5 29 35 45 18 37 12 30 25 7 30 18 7 20 40 21 18 
35 15 7 15 10 20 25 14 13 13 20 4 11 17 22 5 13 4 13 7 15 10 12 3 9 19 29 29 6 11 27 14 
20 32 16 24 10 13 8 38 11 16 12 19 13 9 26 39 16 10 23 16 31 9 8 12 16 8 23 33 15 13 15 27 
15 12 8 8 11 12 12 6 10 4 0 6 7 4 9 6 10 6 10 9 7 2 13 13 5 10 10 15 9 7 11 7 
13 3 11 9 6 8 3 7 10 11 19 9 7 10 21 4 9 7 8 6 19 21 15 14 10 7 16 6 12 7 11 5 
21 14 5 9 7 8 10 7 11 11 12 11 10 17 8 5 8 4 7 18 14 14 10 16 5 4 8 5 17 11 9 11 
13 5 7 5 6 9 2 7 1 2 4 4 4 8 0 2 8 4 5 5 6 4 3 7 3 9 4 5 4 4 4 0 
15 0 7 0 2 1 8 2 0 7 0 0 0 1 0 10 6 0 0 0 0 6 0 0 7 9 6 0 0 0 0 1 
26 23 40 39 27 73 26 31 20 37 34 49 26 35 17 10 36 18 43 24 45 68 25 45 33 30 44 47 41 48 33 22 
1 0 0 0 0 0 0 0 0 0 0 0 0 0 0 0 0 0 0 1 0 0 0 0 0 0 0 0 0 0 0 0 
11 4 1 3 2 2 6 1 3 0 5 1 2 1 3 2 3 3 2 4 3 3 3 0 3 4 3 6 6 0 1 0 
9 11 2 4 7 9 5 4 1 0 0 3 4 10 7 0 4 10 3 6 5 1 3 5 4 3 4 2 5 10 5 1 
8 0 0 1 0 0 0 0 0 0 0 0 0 1 2 0 0 0 0 0 0 0 1 1 0 0 4 1 3 1 3 0 
13 14 5 17 10 20 3 13 1 11 21 20 16 15 10 28 15 14 15 18 8 20 14 15 24 8 16 7 23 10 17 4 
45 13 19 9 31 20 22 16 9 8 17 17 9 8 16 4 5 9 18 24 15 9 14 23 16 11 13 13 8 24 5 5 
42 19 18 29 16 26 28 22 14 33 22 15 10 10 16 14 16 27 21 23 25 30 10 23 16 13 22 21 24 22 11 7 
22 12 23 24 15 12 13 17 7 17 7 17 18 8 25 11 8 6 21 20 12 12 13 11 14 9 12 12 10 19 24 11 
20 17 10 9 7 15 10 7 6 21 13 11 10 11 15 15 15 13 13 13 9 7 14 20 5 8 10 5 12 15 17 3 
53 15 36 7 1 3 4 35 13 35 42 34 43 12 12 34 13 22 20 34 11 16 42 30 55 15 24 11 12 24 30 14 
16 12 13 2 10 0 10 4 3 10 10 8 6 10 9 11 4 1 2 2 2 12 4 0 8 2 10 14 2 4 6 3 
96 45 54 35 38 35 48 40 33 56 38 54 85 44 46 32 53 71 33 67 84 32 25 81 28 52 91 37 50 47 47 11 
39 8 11 13 5 10 10 14 7 5 16 10 8 21 9 17 3 6 5 15 15 6 5 5 10 19 10 7 25 6 17 9 
24 9 7 9 4 2 4 7 1 2 5 0 11 12 16 3 5 5 7 9 7 6 5 12 9 8 9 3 4 4 3 10 
49 14 1 30 2 33 20 20 34 0 26 1 36 2 36 11 10 39 38 10 18 10 9 1 13 15 9 20 0 44 29 22 
69 20 25 18 11 23 4 2 1 12 22 12 6 8 10 11 1 3 28 6 20 11 4 16 21 10 18 7 21 24 1 3 
37 32 9 9 11 9 7 7 9 13 13 10 13 9 9 4 8 20 5 13 8 12 10 11 5 12 6 8 8 14 6 4 
8 0 1 3 0 0 2 3 1 0 0 0 2 2 0 0 2 0 4 0 1 1 0 0 2 0 1 0 1 0 2 0 
41 56 32 30 1 26 39 39 19 22 23 35 21 12 51 20 1 10 15 37 10 24 19 38 20 22 29 25 31 30 18 25 
8 6 7 1 2 7 4 6 4 4 2 3 4 1 2 4 2 6 2 3 3 10 5 2 5 4 3 3 5 2 7 2 
76 10 30 48 20 23 9 21 17 12 28 22 12 21 18 15 6 16 15 18 25 25 15 27 4 7 20 14 18 33 30 10 
