1542 3388 650 0 14 0 0 0 0 0 44 0 0 0 0 0 0 98 0 0 0 0 0 0 0 0 0 0 0 0 0 0 
367 4230 547 221 1329 1039 0 12 0 0 0 0 0 0 0 0 0 0 0 0 0 0 0 0 0 0 0 0 0 0 0 0 
1224 6054 2266 84 1308 1012 0 48 0 0 0 0 0 0 0 0 8 0 0 0 0 0 0 0 0 0 0 0 0 0 0 0 
4458 5465 7233 5263 5670 4116 659 1693 225 353 546 194 173 112 34 0 4063 689 3 8 7 0 0 0 0 0 0 0 53 0 0 0 
2638 3301 2254 2234 1127 521 845 259 8 105 214 43 6 133 0 0 392 0 0 0 0 0 0 0 0 0 0 0 0 0 0 0 
4793 383 0 93 328 0 0 0 0 0 0 0 0 0 0 0 172 0 0 0 0 0 0 0 0 0 0 0 0 0 0 0 
166 82 128 27 1 0 11 0 7 0 0 0 0 0 0 0 0 0 0 0 7 0 0 0 0 0 0 0 0 0 0 0 
1185 1961 668 325 34 63 27 256 0 46 27 72 0 44 0 0 116 0 0 0 0 0 0 0 0 0 0 0 0 0 0 0 
781 0 28 0 0 0 0 0 0 0 0 0 0 0 0 0 0 0 0 0 0 0 0 0 0 0 0 0 0 0 0 0 
325 290 407 307 0 0 0 0 1 0 8 0 0 0 0 0 135 0 0 0 0 0 0 0 0 0 0 0 0 0 0 0 
394 418 312 450 5340 581 842 98 110 18 107 138 0 0 0 0 281 20 0 0 24 0 0 0 0 0 0 0 0 0 0 0 
283 66 60 109 7593 10 12 1 0 0 10 0 0 0 0 0 68 23 0 0 0 0 0 0 0 0 0 0 0 0 0 0 
2083 5034 6102 5776 6257 3963 16 0 11 11 103 0 0 0 0 0 928 36 2 0 0 53 0 0 0 0 0 26 0 0 0 0 
244 120 148 65 0 0 0 0 0 32 161 0 0 87 0 0 39 8 0 0 0 0 0 0 0 0 0 0 0 0 0 0 
9 0 0 53 0 0 0 0 22 0 0 0 0 40 0 0 0 0 0 0 0 0 0 0 0 0 0 0 0 0 0 0 
0 0 0 0 0 0 0 0 0 0 0 0 0 0 0 0 0 0 0 0 0 0 0 0 0 0 0 0 0 0 0 0 
0 0 0 0 0 0 0 0 0 0 0 0 0 0 0 0 0 0 0 0 0 0 0 0 0 0 0 0 0 0 0 0 
0 0 3 0 0 0 0 0 0 0 0 0 0 0 0 0 0 0 0 0 0 0 0 0 0 0 0 0 0 0 0 0 
391 2534 2336 161 8 0 0 0 0 0 0 0 0 0 0 0 8 0 0 0 0 0 0 0 0 0 0 0 0 0 0 0 
0 0 28 0 0 0 0 0 0 0 0 0 0 0 0 0 0 0 0 0 0 0 0 0 0 0 0 0 0 0 0 0 
1655 1347 1107 1814 1131 1207 1442 132 300 111 369 63 166 286 78 0 1832 1984 1316 588 645 151 0 0 31 0 0 0 573 16 4 0 
1 46 0 1 0 0 0 0 0 0 0 0 0 0 0 0 0 473 0 0 0 0 0 0 0 0 0 0 0 0 0 0 
231 17 74 597 0 1 0 0 242 5 207 1 0 0 3 0 2 0 0 0 0 0 0 0 0 0 0 0 0 0 0 0 
3314 2222 9650 466 1294 1419 48 6973 226 1831 411 329 0 0 0 0 826 0 0 0 0 0 0 0 0 0 0 0 0 0 0 0 
2254 5594 1547 1083 990 1672 417 150 603 1510 534 90 0 0 0 0 14 0 0 0 0 0 0 0 0 0 0 56 0 0 0 0 
3324 4272 4258 1757 1693 2504 374 2999 518 9 468 41 183 16 0 8 32 86 207 88 186 13 0 0 0 0 0 398 0 0 0 0 
0 0 0 0 0 0 0 0 0 0 0 0 0 0 0 0 0 0 0 0 0 0 0 0 0 0 0 0 0 0 0 0 
763 1825 201 112 845 1448 34 45 2 0 11 38 41 18 0 0 3 0 0 0 0 0 0 0 0 0 0 0 0 0 0 0 
410 821 150 77 387 0 0 0 8 0 0 24 0 0 0 0 289 0 0 0 0 0 0 0 0 0 0 0 0 0 0 0 
26 858 40 8 0 7 0 0 0 0 0 0 0 0 0 0 123 0 0 0 0 0 0 0 0 0 0 0 0 0 0 0 
967 520 650 985 164 782 1723 97 14 39 92 153 54 35 0 0 170 28 0 0 0 0 0 0 0 0 0 0 0 0 0 0 
