271 193 208 188 163 155 191 92 180 162 164 159 143 196 196 173 170 241 185 187 191 154 175 158 170 157 219 180 193 183 183 165 
510 468 404 439 425 321 408 430 368 504 451 416 424 432 384 367 512 406 501 422 476 439 468 402 412 385 406 404 321 428 415 437 
404 338 427 352 357 324 344 361 424 364 354 427 320 398 306 300 402 405 441 309 347 377 366 375 339 400 368 349 287 406 312 337 
240 186 193 174 156 145 96 187 212 173 148 197 162 193 125 228 189 146 244 197 211 154 147 159 130 174 126 178 220 169 292 156 
564 498 528 452 491 434 496 567 628 533 582 469 490 481 511 476 477 500 580 573 352 480 460 507 526 539 498 535 592 536 474 466 
372 268 249 319 237 268 241 253 219 320 286 253 248 264 230 297 253 305 264 270 295 283 279 262 252 274 135 250 212 294 287 266 
274 132 137 186 153 172 158 135 211 168 181 163 176 132 171 139 126 187 131 130 156 145 144 111 153 171 157 128 105 123 182 150 
313 149 219 248 249 222 251 295 208 225 292 279 247 315 279 205 200 230 220 235 202 221 257 231 282 242 259 263 275 255 242 264 
648 657 545 636 563 500 693 497 494 538 578 551 536 557 483 511 517 578 606 549 534 682 405 464 551 613 605 542 401 528 616 490 
491 296 389 337 355 359 399 323 242 281 356 256 332 396 376 331 343 406 261 427 394 353 299 388 309 343 293 339 324 339 342 328 
225 166 212 183 132 115 158 190 200 140 190 166 197 171 163 201 136 188 160 170 190 186 181 166 171 129 188 175 171 183 224 150 
442 391 379 376 312 328 233 346 317 331 297 314 419 278 338 288 249 357 358 316 237 298 328 360 366 301 378 363 362 326 319 296 
682 589 497 604 544 669 580 520 633 581 633 542 502 576 520 578 285 634 576 493 551 592 571 598 462 530 552 537 432 547 532 543 
401 292 304 275 275 245 281 292 255 253 284 238 270 268 267 247 275 306 279 303 207 262 239 191 278 259 296 230 268 289 302 284 
534 564 497 542 494 410 601 362 347 435 487 479 402 536 436 445 491 569 540 570 448 486 452 465 528 503 525 470 377 437 477 442 
608 505 459 494 535 422 523 617 486 515 503 456 444 501 509 481 495 416 479 456 475 350 542 529 530 373 443 435 524 430 439 487 
73 142 141 107 128 138 118 127 135 149 183 133 125 129 119 150 136 138 123 115 143 125 102 151 137 132 130 109 126 114 98 127 
442 299 323 372 363 458 439 333 360 365 336 389 364 332 349 265 256 363 369 338 389 362 333 400 340 326 343 358 401 362 351 322 
412 281 297 273 298 300 271 328 225 306 259 278 332 258 332 241 310 303 282 299 293 265 271 290 321 306 330 314 301 339 327 307 
419 311 360 372 383 293 252 313 370 319 350 384 283 355 325 417 303 321 464 355 314 342 210 281 326 339 320 302 371 386 431 283 
345 270 240 283 267 254 266 223 237 231 276 242 243 301 226 250 224 292 264 175 251 288 292 268 254 240 244 260 170 292 306 277 
585 587 612 711 572 562 635 642 589 658 585 586 539 656 585 568 719 619 558 641 578 586 564 665 720 471 592 529 629 543 574 733 
240 273 210 210 222 177 145 199 208 214 181 181 205 229 194 203 201 165 225 163 173 182 179 165 198 169 176 202 206 229 180 160 
722 549 650 589 570 524 606 692 589 665 549 550 563 505 586 590 541 635 578 499 600 562 663 579 661 521 532 560 581 584 568 538 
816 741 608 619 695 603 651 815 628 787 559 745 737 756 591 676 648 840 681 646 712 614 624 738 600 698 662 614 477 582 743 599 
160 101 99 102 99 113 104 117 102 120 83 94 112 106 101 109 105 112 83 124 20 99 94 102 96 114 110 104 99 99 141 98 
582 472 425 528 455 460 487 511 522 484 495 474 455 494 499 441 546 468 473 527 494 412 584 524 512 482 413 461 477 405 488 465 
501 609 521 522 520 454 523 557 477 556 446 493 461 590 444 524 609 531 541 530 519 448 358 487 575 365 470 508 557 478 576 625 
225 285 337 277 307 336 236 252 288 286 306 299 324 274 202 292 308 320 260 246 315 296 271 291 281 288 284 255 310 271 298 264 
216 179 213 184 206 193 188 191 163 170 175 202 217 212 185 186 170 225 188 172 173 200 217 204 179 116 190 209 194 203 194 147 
504 368 462 353 413 415 377 303 388 382 321 365 400 446 369 357 372 444 383 394 395 337 418 314 321 401 420 391 386 315 412 344 
92 55 26 40 48 44 33 37 36 40 44 29 43 25 33 32 31 39 46 40 81 38 72 22 55 44 48 38 50 37 35 26 
302 151 152 247 248 210 211 215 209 233 219 198 178 228 182 225 245 218 229 225 195 201 221 220 207 259 170 237 215 203 200 193 
593 470 433 492 469 451 546 462 449 474 525 522 428 507 468 456 471 447 462 478 394 454 437 447 380 486 485 435 369 435 461 503 
370 283 219 244 305 295 298 307 275 271 306 266 248 319 232 294 168 320 278 189 251 284 300 315 305 293 234 288 282 272 311 258 
720 492 657 607 633 653 504 606 612 586 609 566 618 582 648 543 601 633 596 603 580 609 676 583 587 566 651 590 563 590 605 498 
290 205 206 224 232 237 210 179 174 203 190 236 221 146 179 175 162 163 147 194 236 369 153 164 166 281 198 190 147 265 299 181 
333 228 277 194 360 299 282 192 303 277 227 285 224 234 262 307 264 234 346 254 290 287 161 204 301 264 252 326 235 253 299 213 
277 197 258 247 206 129 196 209 176 232 149 195 168 204 195 201 243 166 187 174 179 188 197 174 180 141 232 187 227 206 217 158 
502 427 293 322 408 380 430 351 375 443 478 386 381 338 418 420 470 428 442 400 323 298 453 426 374 378 344 350 388 338 346 363 
482 441 443 423 431 442 418 338 433 459 429 417 483 477 444 445 357 421 423 397 423 383 353 418 310 435 430 444 461 453 401 375 
583 518 462 488 484 575 336 583 628 589 576 558 564 606 525 556 600 534 545 575 593 495 508 617 515 553 492 569 541 398 661 460 
377 215 296 293 319 272 257 291 299 313 197 235 256 240 231 267 259 296 287 204 236 297 277 237 316 240 207 280 198 300 272 232 
184 124 128 102 86 131 118 115 81 124 147 126 115 122 124 137 100 139 108 136 101 120 132 129 108 118 126 140 146 121 137 145 
387 256 293 299 306 282 285 276 299 329 294 342 308 330 287 317 219 297 295 279 168 290 307 294 302 321 279 277 293 327 313 323 
460 357 293 331 331 353 339 331 314 331 299 297 302 334 290 294 320 340 337 326 329 237 344 321 327 291 306 314 312 292 254 310 
167 102 126 163 104 103 101 80 142 106 128 161 97 94 98 134 119 121 153 132 163 137 111 103 103 125 135 146 148 154 92 84 
227 193 196 191 204 206 182 177 194 215 224 211 123 243 175 225 191 207 173 180 142 178 212 196 205 184 226 186 235 183 235 174 
520 383 273 375 408 377 403 414 422 398 372 404 379 346 380 308 400 376 385 390 311 294 351 356 410 458 359 374 341 360 465 415 
292 256 243 230 210 278 255 260 256 278 263 238 223 232 231 269 279 262 271 239 232 254 254 179 200 286 258 256 191 227 259 215 
528 413 384 469 464 471 443 454 463 448 438 415 409 520 486 452 271 443 551 466 443 478 413 496 463 459 457 499 494 475 502 422 
478 468 405 312 314 378 373 382 314 428 409 380 472 410 403 298 350 434 344 464 366 346 353 341 297 325 393 357 307 344 384 296 
328 254 209 278 201 212 242 247 251 195 231 276 228 186 257 127 189 244 196 247 241 244 242 104 264 227 218 197 223 245 219 218 
778 630 719 632 638 645 701 623 689 544 662 642 613 617 686 576 597 728 683 670 560 538 623 595 666 645 679 644 710 701 626 675 
557 510 484 460 403 531 447 497 467 538 569 478 434 442 486 474 419 581 452 359 412 526 564 536 424 516 503 549 435 470 494 443 
400 350 331 346 301 293 385 350 335 306 330 296 220 351 346 299 296 309 360 299 337 271 331 262 323 293 307 360 209 341 314 306 
395 400 353 399 365 390 425 339 371 330 405 335 382 412 372 360 370 384 418 381 388 419 356 368 352 332 353 347 225 355 381 295 
351 209 358 312 320 336 306 372 334 308 352 334 288 277 305 294 331 315 315 310 366 334 331 322 349 329 312 304 271 326 288 229 
519 513 510 482 461 420 408 502 480 504 452 535 423 410 421 506 443 450 562 477 480 448 431 441 436 497 351 473 457 492 580 431 
284 224 254 209 209 214 70 289 239 296 284 261 286 237 253 281 256 241 250 243 200 248 273 270 255 225 234 222 221 250 285 195 
558 349 364 391 347 433 424 322 348 373 397 377 491 426 429 387 301 476 404 452 438 335 340 454 336 350 449 425 390 443 396 356 
315 261 214 188 198 235 189 188 187 178 221 205 201 176 216 190 181 183 229 230 213 223 203 231 202 190 195 213 232 169 218 68 
