30 0 0 0 0 0 0 0 0 0 0 0 0 0 19 0 0 0 0 21 0 0 0 0 0 0 0 0 0 0 0 0 
38 0 0 0 0 0 0 0 0 0 21 0 0 5 11 0 0 0 5 24 0 0 0 0 0 0 0 0 0 0 0 0 
22 0 0 0 0 0 0 0 0 0 25 0 0 32 0 0 0 0 0 24 0 0 0 0 0 0 0 0 0 0 0 0 
31 0 0 0 0 0 0 0 0 0 8 0 9 0 0 12 0 0 26 27 0 0 0 0 0 0 0 0 0 0 0 0 
30 0 0 28 0 0 0 0 0 0 0 0 25 0 0 0 0 0 6 24 0 0 0 0 0 0 0 0 0 0 0 0 
24 0 0 0 0 0 4 0 0 0 37 0 11 0 0 0 5 0 0 24 0 0 0 0 0 0 0 0 0 0 0 0 
17 0 0 27 0 0 0 0 0 0 11 0 0 14 6 0 0 0 12 3 0 0 0 0 0 0 0 0 0 0 0 0 
16 0 0 0 0 0 0 0 0 0 46 0 0 0 0 14 0 0 0 0 0 0 0 0 0 0 0 0 0 0 0 0 
16 0 0 12 0 0 6 0 0 0 39 0 0 0 5 0 0 0 10 0 0 0 0 0 0 0 0 0 0 0 0 0 
16 0 0 21 0 0 0 0 0 0 39 6 0 0 0 0 0 0 0 0 0 0 0 0 0 0 0 0 0 0 0 0 
16 0 0 0 0 0 0 0 30 0 16 0 14 0 0 0 0 0 6 5 0 0 0 0 0 0 0 0 0 0 0 0 
23 0 0 0 0 0 0 0 14 0 38 0 0 0 0 0 0 0 0 0 0 0 0 0 0 0 0 0 0 0 0 0 
16 0 0 0 0 0 0 0 0 0 29 0 28 0 0 0 0 0 12 5 0 0 0 0 0 0 0 0 0 0 0 0 
16 0 0 0 0 0 0 0 20 0 0 0 0 0 41 6 0 0 6 0 0 0 0 0 0 0 0 0 0 0 0 0 
16 0 0 0 0 0 0 0 4 0 0 0 0 35 24 0 0 0 5 0 0 0 0 0 0 0 0 0 0 0 0 0 
22 0 0 0 0 0 0 0 27 0 0 0 4 25 0 0 0 0 5 5 0 0 0 0 0 0 0 0 0 0 0 0 
16 4 0 0 0 0 0 0 0 0 0 0 18 0 4 10 13 0 22 0 0 0 0 0 0 0 0 0 0 0 0 0 
16 4 0 0 0 0 0 0 0 0 0 0 10 35 5 0 6 0 10 0 0 0 0 0 0 0 0 0 0 0 0 0 
16 0 0 0 0 0 0 17 0 0 0 0 0 44 0 0 0 0 6 0 0 0 0 0 0 0 0 0 0 0 0 0 
16 0 8 0 0 0 0 39 0 0 0 0 0 14 0 0 0 0 0 0 0 0 0 0 0 0 0 0 0 0 0 0 
16 0 8 0 0 0 0 12 0 21 0 0 5 20 0 5 0 0 0 0 0 0 0 0 0 0 0 0 0 0 0 0 
16 0 0 0 0 0 0 14 0 36 0 0 11 0 0 0 0 0 0 0 0 0 0 0 0 0 0 0 0 0 0 0 
16 0 0 0 0 0 0 0 0 28 0 0 0 20 19 0 0 0 9 0 0 0 0 0 0 0 0 0 0 0 0 0 
16 0 8 0 0 0 0 0 0 0 0 0 0 40 0 0 0 0 9 0 0 0 0 0 0 0 0 0 0 0 0 0 
16 0 0 0 0 8 0 0 0 0 0 0 8 18 0 5 20 0 10 0 0 0 0 0 0 0 0 0 0 0 0 0 
16 0 0 0 0 10 0 0 0 0 0 10 7 0 40 0 0 0 0 0 0 0 0 0 0 0 0 0 0 0 0 0 
22 0 0 0 0 4 0 0 0 10 0 11 0 0 6 5 0 0 23 0 0 0 0 0 0 0 0 0 0 0 0 0 
20 0 0 0 0 18 0 0 0 5 0 38 0 0 0 0 0 0 0 0 0 0 0 0 0 0 0 0 0 0 0 0 
26 0 0 0 0 0 0 0 0 0 0 24 0 0 14 4 0 0 14 0 0 0 0 0 0 0 0 0 0 0 0 0 
22 0 0 0 0 0 0 10 0 0 0 0 0 0 0 26 0 5 16 0 0 0 0 0 0 0 0 0 0 0 0 0 
20 0 0 0 0 0 0 9 0 5 0 0 0 0 0 17 0 27 0 0 0 0 0 0 0 0 0 0 0 0 0 0 
9 0 0 0 0 0 0 0 0 0 0 0 0 22 0 5 15 0 0 0 0 0 0 0 0 0 0 0 0 0 0 0 
27 0 0 0 0 0 0 0 0 4 0 0 0 0 30 0 0 0 0 0 0 0 0 0 0 0 0 0 0 0 0 0 
30 0 0 0 0 21 0 0 0 4 0 0 0 0 0 16 5 0 0 0 0 0 0 0 0 0 0 0 0 0 0 0 
19 0 0 0 0 20 0 0 0 0 0 0 0 0 0 12 0 0 13 0 0 0 0 0 0 0 0 0 0 0 0 0 
18 0 0 0 0 8 10 0 0 0 0 8 0 0 18 6 0 8 10 0 0 0 0 0 0 0 0 0 0 0 0 0 
16 0 0 0 0 0 14 0 0 0 0 0 0 10 0 6 0 39 0 0 0 0 0 0 0 0 0 0 0 0 0 0 
16 0 8 0 0 0 42 0 0 0 0 0 0 8 0 0 0 0 0 0 0 0 0 0 0 0 0 0 0 0 0 0 
16 0 8 0 0 0 24 0 0 0 0 0 0 19 0 19 0 0 0 0 0 0 0 0 0 0 0 0 0 0 0 0 
16 0 14 0 0 0 21 0 0 0 0 0 0 0 18 11 0 6 0 0 0 0 0 0 0 0 0 0 0 0 0 0 
16 0 20 0 0 0 15 15 0 0 0 0 0 0 0 0 0 19 0 0 0 0 0 0 0 0 0 0 0 0 0 0 
16 0 0 0 0 0 0 43 0 12 0 0 0 6 0 0 0 5 0 0 0 0 0 0 0 0 0 0 0 0 0 0 
16 0 10 0 0 0 0 0 0 44 0 0 0 0 0 5 0 0 0 0 0 0 0 0 0 0 0 0 0 0 0 0 
16 0 0 0 0 0 0 0 0 8 18 0 0 0 0 39 0 0 0 0 0 0 0 0 0 0 0 0 0 0 0 0 
16 0 0 0 0 0 0 0 0 0 13 0 0 0 0 21 0 0 16 11 0 0 0 0 0 0 0 0 0 0 0 0 
16 0 28 0 0 0 0 0 0 0 6 0 0 0 0 18 5 0 14 0 0 0 0 0 0 0 0 0 0 0 0 0 
16 10 29 0 0 0 0 0 0 0 0 0 0 0 0 0 35 0 0 0 0 0 0 0 0 0 0 0 0 0 0 0 
16 0 24 5 0 0 0 0 0 0 0 0 0 0 0 5 39 0 0 0 0 0 0 0 0 0 0 0 0 0 0 0 
16 10 0 15 0 0 0 0 0 0 0 0 19 0 0 21 0 0 5 0 0 0 0 0 0 0 0 0 0 0 0 0 
16 0 8 0 0 0 0 0 0 0 0 0 43 0 0 0 0 0 8 0 0 0 0 0 0 0 0 0 0 0 0 0 
16 8 0 0 0 0 0 0 8 0 0 18 0 0 0 27 0 0 8 0 0 0 0 0 0 0 0 0 0 0 0 0 
22 0 0 0 0 0 11 0 0 0 0 0 0 39 0 5 0 0 5 0 0 0 0 0 0 0 0 0 0 0 0 0 
16 8 0 0 0 0 8 12 0 0 0 0 0 11 19 0 0 10 6 0 0 0 0 0 0 0 0 0 0 0 0 0 
22 0 0 0 0 0 22 11 0 4 0 0 0 0 0 0 0 24 0 0 0 0 0 0 0 0 0 0 0 0 0 0 
16 0 0 0 0 0 4 0 0 38 0 0 0 5 0 0 0 10 0 0 0 0 0 0 0 0 0 0 0 0 0 0 
20 0 0 0 0 0 18 0 0 5 27 0 0 5 0 0 0 6 0 0 0 0 0 0 0 0 0 0 0 0 0 0 
16 0 0 0 0 0 18 0 0 42 0 0 0 0 6 0 0 0 0 0 0 0 0 0 0 0 0 0 0 0 0 0 
16 0 0 0 0 0 18 0 0 17 0 0 0 0 6 20 0 6 5 0 0 0 0 0 0 0 0 0 0 0 0 0 
16 0 0 0 0 0 10 0 0 22 0 0 0 0 0 32 0 0 0 0 0 0 0 0 0 0 0 0 0 0 0 0 
16 0 0 0 0 0 8 0 0 0 0 0 0 0 0 49 5 0 0 0 0 0 0 0 0 0 0 0 0 0 0 0 
16 0 0 0 0 0 0 0 0 0 0 0 0 21 0 10 21 0 17 0 0 0 0 0 0 0 0 0 0 0 0 0 
16 0 0 0 0 0 0 28 0 0 0 0 5 10 0 23 0 4 5 0 0 0 0 0 0 0 0 0 0 0 0 0 
16 0 0 0 0 0 0 38 0 0 0 0 0 0 0 5 0 26 0 0 0 0 0 0 0 0 0 0 0 0 0 0 
11 0 0 0 0 0 0 0 0 0 0 0 0 22 0 5 12 0 0 3 0 0 0 0 0 0 0 0 0 0 0 0 
35 0 0 0 0 0 0 0 0 0 0 0 0 0 34 0 0 0 0 24 0 0 0 0 0 0 0 0 0 0 0 0 
24 0 0 0 0 0 26 0 0 0 0 0 0 0 14 22 0 0 16 24 0 0 0 0 0 0 0 0 0 0 0 0 
24 0 0 0 0 0 8 0 0 5 0 0 5 0 0 0 0 30 6 24 0 0 0 0 0 0 0 0 0 0 0 0 
24 0 0 0 0 0 10 0 0 0 0 0 34 0 0 11 0 0 14 24 0 0 0 0 0 0 0 0 0 0 0 0 
24 0 0 0 0 0 0 20 0 0 0 0 19 0 15 21 0 0 0 24 0 0 0 0 0 0 0 0 0 0 0 0 
24 0 0 0 0 0 0 10 0 0 0 0 19 0 21 14 0 0 5 24 0 0 0 0 0 0 0 0 0 0 0 0 
18 0 0 0 0 0 0 10 16 0 0 0 41 0 0 0 0 0 0 6 0 0 0 0 0 0 0 0 0 0 0 0 
16 0 0 0 15 0 0 0 0 0 8 0 41 0 0 0 0 0 10 0 0 0 0 0 0 0 0 0 0 0 0 0 
16 0 0 0 0 0 0 0 10 0 10 25 20 0 0 0 0 0 5 0 0 0 0 0 0 0 0 0 0 0 0 0 
16 0 0 0 18 0 0 0 8 0 0 10 37 0 0 0 0 0 0 0 0 0 0 0 0 0 0 0 0 0 0 0 
16 0 0 0 18 0 0 0 0 0 0 0 44 0 0 0 0 0 0 0 0 0 0 0 0 0 0 0 0 0 0 0 
16 0 0 0 8 0 0 0 10 0 0 9 15 10 0 0 5 13 0 0 0 0 0 0 0 0 0 0 0 0 0 0 
16 0 0 0 10 0 0 0 0 0 0 39 0 0 20 6 0 0 0 0 0 0 0 0 0 0 0 0 0 0 0 0 
16 8 0 0 28 0 0 0 0 0 0 20 0 0 0 0 0 0 11 0 0 0 0 0 0 0 0 0 0 0 0 0 
16 0 0 0 13 0 0 0 0 0 0 7 0 0 30 18 0 0 0 0 0 0 0 0 0 0 0 0 0 0 0 0 
16 0 0 0 20 0 0 9 0 0 0 0 0 0 22 0 9 0 8 0 0 0 0 0 0 0 0 0 0 0 0 0 
16 0 0 0 0 0 0 18 0 0 0 0 0 0 20 20 0 0 9 0 0 0 0 0 0 0 0 0 0 0 0 0 
16 0 0 0 12 0 0 26 0 0 0 13 0 0 14 0 0 0 6 0 0 0 0 0 0 0 0 0 0 0 0 0 
16 0 0 0 12 0 0 16 0 0 0 0 0 0 18 0 8 13 0 0 0 0 0 0 0 0 0 0 0 0 0 0 
16 0 0 0 16 0 0 39 0 0 0 0 0 0 0 0 0 4 0 0 0 0 0 0 0 0 0 0 0 0 0 0 
16 0 0 0 29 0 0 37 0 0 0 0 0 0 0 0 0 0 0 0 0 0 0 0 0 0 0 0 0 0 0 0 
16 0 0 0 31 0 0 33 0 0 0 0 0 0 0 0 0 0 0 0 0 0 0 0 0 0 0 0 0 0 0 0 
16 0 0 0 18 0 0 41 0 0 0 5 0 0 0 0 0 0 0 0 0 0 0 0 0 0 0 0 0 0 0 0 
16 0 0 0 0 0 0 43 0 0 0 19 0 0 0 6 0 0 0 0 0 0 0 0 0 0 0 0 0 0 0 0 
16 0 0 0 10 18 0 13 0 0 0 0 0 5 0 14 14 0 0 0 0 0 0 0 0 0 0 0 0 0 0 0 
20 0 0 0 17 12 0 0 0 0 0 0 0 29 0 0 0 0 0 0 0 0 0 0 0 0 0 0 0 0 0 0 
16 0 0 0 0 39 0 0 0 19 0 0 0 0 0 5 0 0 0 0 0 0 0 0 0 0 0 0 0 0 0 0 
16 0 0 0 15 20 0 24 0 0 0 0 0 0 6 0 6 0 0 0 0 0 0 0 0 0 0 0 0 0 0 0 
16 0 0 0 0 8 0 18 0 0 0 0 0 16 24 0 6 0 0 0 0 0 0 0 0 0 0 0 0 0 0 0 
22 0 0 0 0 0 0 18 0 0 0 0 0 30 6 0 10 0 6 0 0 0 0 0 0 0 0 0 0 0 0 0 
22 0 0 0 0 0 0 9 0 0 0 0 0 22 0 6 10 21 0 0 0 0 0 0 0 0 0 0 0 0 0 0 
14 0 0 0 0 0 0 0 0 0 0 0 0 0 11 0 5 0 0 0 0 0 0 0 0 0 0 0 0 0 0 0 
24 0 0 0 0 14 0 0 0 0 0 0 0 0 38 0 0 0 0 0 0 0 0 0 0 0 0 0 0 0 0 0 
18 0 0 0 0 27 0 0 0 0 0 0 31 0 0 8 0 0 0 0 0 0 0 0 0 0 0 0 0 0 0 0 
20 0 0 0 0 12 0 0 0 0 0 0 20 0 0 15 0 0 20 0 0 0 0 0 0 0 0 0 0 0 0 0 
16 0 0 0 0 28 0 0 0 0 0 0 0 0 25 0 0 0 5 0 0 0 0 0 0 0 0 0 0 0 0 0 
16 0 0 0 0 30 0 10 0 0 0 0 0 0 9 25 0 0 0 0 0 0 0 0 0 0 0 0 0 0 0 0 
16 0 0 0 0 14 0 0 0 0 0 0 12 0 0 33 0 0 9 0 0 0 0 0 0 0 0 0 0 0 0 0 
16 0 0 0 4 6 0 0 0 8 0 0 16 0 0 23 0 6 0 0 0 0 0 0 0 0 0 0 0 0 0 0 
16 0 0 0 0 22 0 0 0 0 0 0 27 0 0 18 5 0 0 0 0 0 0 0 0 0 0 0 0 0 0 0 
16 0 0 0 0 4 0 0 0 0 0 22 4 24 0 12 0 0 5 0 0 0 0 0 0 0 0 0 0 0 0 0 
16 0 0 18 0 0 0 0 0 0 0 14 0 27 6 0 0 0 0 0 0 0 0 0 0 0 0 0 0 0 0 0 
16 0 0 0 0 0 0 0 0 0 0 26 10 33 0 0 0 0 0 0 0 0 0 0 0 0 0 0 0 0 0 0 
16 0 0 0 0 0 0 10 0 0 0 0 0 34 0 21 0 0 8 0 0 0 0 0 0 0 0 0 0 0 0 0 
16 0 0 0 0 0 0 9 0 0 0 0 0 43 10 0 0 0 0 0 0 0 0 0 0 0 0 0 0 0 0 0 
16 0 0 10 0 0 0 0 0 0 0 10 0 34 15 0 0 0 0 0 0 0 0 0 0 0 0 0 0 0 0 0 
16 0 0 0 0 0 0 0 0 0 0 17 0 5 38 0 0 0 0 0 0 0 0 0 0 0 0 0 0 0 0 0 
16 0 0 0 0 0 0 0 0 0 0 0 0 47 5 0 0 0 0 0 0 0 0 0 0 0 0 0 0 0 0 0 
16 0 0 10 0 0 0 0 0 0 13 0 0 36 0 0 0 0 6 0 0 0 0 0 0 0 0 0 0 0 0 0 
16 0 0 0 0 0 0 0 0 0 20 0 0 43 0 0 0 0 0 0 0 0 0 0 0 0 0 0 0 0 0 0 
20 0 0 0 0 0 0 0 8 0 16 0 18 13 0 0 0 0 0 0 0 0 0 0 0 0 0 0 0 0 0 0 
16 0 0 0 0 0 0 0 0 0 20 0 0 0 36 8 0 0 0 0 0 0 0 0 0 0 0 0 0 0 0 0 
16 4 0 0 0 0 0 0 0 0 12 0 0 0 0 37 0 0 21 0 0 0 0 0 0 0 0 0 0 0 0 0 
16 0 0 0 0 0 0 0 0 0 38 0 0 0 12 5 0 0 12 0 0 0 0 0 0 0 0 0 0 0 0 0 
16 0 0 0 0 0 0 0 0 0 30 0 0 10 26 0 0 0 5 0 0 0 0 0 0 0 0 0 0 0 0 0 
16 0 0 4 0 0 0 0 0 0 28 0 0 0 0 10 0 0 26 0 0 0 0 0 0 0 0 0 0 0 0 0 
16 0 0 8 0 0 0 0 0 0 19 0 8 0 0 0 0 0 33 0 0 0 0 0 0 0 0 0 0 0 0 0 
16 0 0 8 0 0 0 0 0 0 8 16 24 0 0 0 0 0 5 0 0 0 0 0 0 0 0 0 0 0 0 0 
20 0 0 0 0 0 0 0 0 0 0 35 19 0 0 0 0 0 0 0 0 0 0 0 0 0 0 0 0 0 0 0 
18 0 0 0 0 0 17 0 0 0 0 32 0 0 13 0 0 0 0 0 0 0 0 0 0 0 0 0 0 0 0 0 
20 0 0 0 0 0 0 0 0 0 0 16 0 9 37 0 0 0 0 0 0 0 0 0 0 0 0 0 0 0 0 0 
