0 29 17 7 9 2 3 2 2 11 2 9 4 2 9 11 7 2 15 10 6 5 10 6 17 5 10 12 0 0 0 0 
0 38 24 10 12 7 5 5 9 13 7 11 11 5 15 15 13 7 19 11 12 16 22 16 23 15 14 37 0 0 0 0 
0 44 43 45 59 42 34 43 22 51 29 40 27 31 45 50 35 36 47 48 47 71 57 37 57 68 64 51 0 0 0 0 
0 63 55 36 39 22 26 30 18 37 29 36 26 28 38 40 30 28 51 39 35 62 50 37 65 36 58 64 0 0 0 0 
0 54 57 38 72 50 21 33 26 62 45 34 34 36 36 56 42 42 60 54 52 39 65 45 70 65 64 65 0 0 0 0 
0 54 58 38 48 22 31 32 27 32 27 50 25 40 37 47 27 31 41 39 31 59 50 39 49 58 63 55 0 0 0 0 
0 11 10 17 14 9 5 14 6 10 9 13 14 9 16 18 10 17 17 20 23 24 20 12 20 23 15 28 0 0 0 0 
0 1 3 3 0 2 2 4 2 1 0 1 0 3 0 3 2 1 3 0 4 3 4 2 4 1 0 1 0 0 0 0 
0 15 11 12 13 13 6 12 6 11 7 14 7 11 17 15 11 8 12 11 11 23 18 8 18 15 14 21 0 0 0 0 
0 30 41 26 43 30 28 24 22 34 26 23 20 25 19 34 26 23 28 29 33 32 36 27 37 35 41 26 0 0 0 0 
0 23 22 20 31 22 9 15 8 30 16 16 16 17 22 27 15 14 25 23 22 28 26 17 34 31 35 30 0 0 0 0 
0 32 61 44 44 31 18 43 40 55 54 37 53 39 42 54 43 35 53 42 55 59 78 57 95 80 78 91 0 0 0 0 
0 24 31 22 25 20 23 24 23 19 30 31 22 22 15 29 16 31 32 21 29 37 27 22 25 25 33 24 0 0 0 0 
0 41 49 36 31 21 28 20 25 23 27 42 17 33 24 27 13 28 34 29 30 54 35 32 43 29 45 41 0 0 0 0 
0 15 19 30 26 20 13 33 19 23 24 33 36 29 39 45 25 36 44 35 43 66 54 38 61 62 61 81 0 0 0 0 
0 59 53 32 31 26 29 34 19 27 15 28 10 14 23 25 24 26 22 36 20 35 32 27 29 26 28 28 0 0 0 0 
0 76 75 60 56 45 51 53 44 43 44 58 33 48 47 51 70 52 41 72 59 78 72 64 69 78 65 58 0 0 0 0 
0 53 47 31 35 27 41 28 37 26 25 32 22 24 37 24 41 23 28 40 35 39 30 29 35 42 23 33 0 0 0 0 
0 29 39 36 55 38 29 34 27 51 46 26 31 33 21 38 40 37 39 31 45 33 43 37 38 40 45 41 0 0 0 0 
0 28 29 42 47 58 56 50 43 40 53 28 28 33 35 40 56 52 40 32 44 47 40 37 56 41 39 38 0 0 0 0 
0 7 17 25 30 36 24 25 34 27 48 17 18 23 30 27 30 35 32 29 35 36 42 34 44 48 33 37 0 0 0 0 
0 32 34 25 33 26 33 25 30 12 36 15 12 13 13 26 22 20 19 19 16 20 23 15 16 31 14 22 0 0 0 0 
0 25 42 32 17 20 19 26 16 17 12 16 5 14 22 11 26 17 7 17 28 12 24 9 17 26 12 14 0 0 0 0 
0 37 61 32 28 15 40 45 37 30 22 35 13 36 37 20 48 27 14 32 52 28 25 16 33 45 30 17 0 0 0 0 
0 44 62 44 32 29 25 26 28 37 34 24 28 27 29 40 38 25 25 33 30 43 46 53 59 66 57 38 0 0 0 0 
0 42 87 60 42 40 26 37 30 50 45 20 38 21 26 47 34 22 26 29 33 31 52 55 62 71 54 30 0 0 0 0 
0 14 24 35 39 50 57 51 43 38 63 32 21 23 38 29 60 52 45 33 42 44 47 44 58 42 36 47 0 0 0 0 
0 19 12 28 23 26 42 42 19 27 30 26 19 19 21 22 36 34 38 17 34 35 30 25 40 27 27 32 0 0 0 0 
0 42 65 40 33 18 43 50 40 33 30 45 26 44 51 25 54 32 25 33 47 43 29 30 37 48 38 17 0 0 0 0 
0 38 74 48 35 27 37 39 32 35 33 32 23 33 39 32 50 24 23 36 46 32 43 38 58 66 50 25 0 0 0 0 
0 47 63 53 38 37 33 29 30 39 34 25 32 27 24 36 30 18 29 24 35 33 28 35 53 48 46 25 0 0 0 0 
0 58 42 45 58 63 58 42 31 41 35 31 45 32 48 36 58 29 33 26 37 46 25 25 52 48 61 26 0 0 0 0 
0 38 59 46 31 39 31 26 25 40 34 16 26 21 23 31 34 19 17 26 26 28 33 41 50 55 45 21 0 0 0 0 
0 46 82 74 58 52 42 35 55 63 52 44 54 68 53 68 67 42 66 65 55 48 87 70 81 99 79 86 0 0 0 0 
0 54 101 83 54 54 39 44 41 60 48 41 43 36 45 61 56 26 57 56 54 57 71 102 110 117 107 63 0 0 0 0 
0 27 27 19 19 20 16 15 21 23 25 7 17 16 17 17 18 19 16 16 23 30 22 29 11 29 19 18 0 0 0 0 
0 11 11 3 7 8 2 4 11 3 6 3 10 2 9 6 9 8 6 1 11 10 12 15 6 15 5 6 0 0 0 0 
0 60 90 46 47 29 37 22 30 42 31 18 22 28 38 32 34 25 25 23 46 38 38 32 28 37 31 38 0 0 0 0 
0 16 20 5 8 9 10 8 10 10 5 6 6 12 7 15 18 11 8 8 17 12 16 12 16 23 20 18 0 0 0 0 
0 32 23 15 13 15 8 14 11 11 7 7 9 20 2 8 14 9 6 9 15 5 6 6 11 18 6 4 0 0 0 0 
0 24 22 11 10 14 8 18 9 7 11 17 13 15 10 4 9 6 17 9 7 16 19 7 13 8 7 49 0 0 0 0 
0 2 0 2 1 0 0 3 0 0 2 2 4 4 2 0 2 2 8 0 0 6 7 0 4 0 2 43 0 0 0 0 
0 13 3 6 5 2 2 1 0 7 1 4 4 3 10 3 4 0 4 3 0 7 13 1 7 2 5 37 0 0 0 0 
0 24 0 11 7 2 2 0 0 10 0 7 0 2 14 6 2 0 2 4 0 8 4 2 10 2 8 16 0 0 0 0 
0 13 15 9 17 3 16 5 7 3 3 15 4 7 6 12 1 14 14 7 9 19 8 4 9 14 13 10 0 0 0 0 
0 43 35 31 21 18 21 15 19 17 8 23 8 12 26 20 12 18 5 27 16 25 19 19 10 17 14 15 0 0 0 0 
0 13 8 11 9 12 8 11 13 8 27 11 11 5 12 20 9 18 11 17 11 20 15 28 9 24 10 10 0 0 0 0 
0 10 14 12 11 12 11 11 16 12 23 10 10 6 12 19 12 12 10 10 18 13 11 15 9 21 7 8 0 0 0 0 
0 28 26 18 17 11 20 11 23 22 16 31 18 20 27 23 39 21 29 34 34 38 28 42 37 43 31 38 0 0 0 0 
0 34 24 14 19 16 23 12 22 22 25 45 28 25 37 30 53 31 50 50 37 52 44 63 55 65 41 57 0 0 0 0 
0 43 25 26 25 28 35 19 26 24 23 36 31 27 33 33 48 28 29 39 35 55 33 47 54 52 42 46 0 0 0 0 
0 30 12 18 16 30 28 16 16 16 10 10 18 18 12 12 22 10 2 10 16 16 4 6 22 14 14 4 0 0 0 0 
0 39 63 51 41 29 26 32 33 37 32 22 33 20 33 41 39 21 32 38 27 36 42 56 56 59 62 38 0 0 0 0 
0 13 18 10 6 7 4 11 12 8 8 5 4 5 5 2 8 4 8 4 16 7 15 7 10 12 7 6 0 0 0 0 
0 13 11 15 7 2 10 8 3 4 2 4 4 8 1 4 1 1 5 8 4 9 4 0 5 5 3 2 0 0 0 0 
0 72 70 27 45 34 21 19 40 49 33 16 34 45 25 25 46 19 45 47 60 27 54 45 59 87 79 33 0 0 0 0 
0 66 56 27 21 31 28 29 13 35 24 30 10 28 17 20 24 17 12 28 22 19 26 6 17 18 16 10 0 0 0 0 
0 97 75 40 32 40 40 32 20 43 29 29 22 38 30 28 28 17 15 29 20 23 28 11 19 19 19 6 0 0 0 0 
0 11 10 3 5 7 3 10 5 11 10 4 9 12 7 3 6 1 7 4 4 5 8 2 9 0 3 29 0 0 0 0 
0 1 0 1 2 0 0 3 0 0 1 1 2 2 1 0 1 0 8 0 0 3 6 0 8 0 1 22 0 0 0 0 
0 1 9 1 0 2 1 1 0 2 1 1 6 3 1 0 5 1 3 2 0 3 17 0 2 2 1 37 0 0 0 0 
0 2 3 1 2 0 1 1 0 1 1 6 6 3 4 0 1 0 4 0 0 5 14 0 5 2 1 24 0 0 0 0 
0 20 0 10 4 2 2 0 0 9 0 4 0 2 11 6 2 0 2 4 0 7 3 2 10 1 7 14 0 0 0 0 
0 30 49 49 38 39 26 35 40 50 34 40 33 34 30 50 41 26 38 41 35 46 73 76 76 97 68 73 0 0 0 0 
0 42 42 33 32 32 29 25 36 38 41 26 29 33 38 36 45 36 43 42 35 46 32 58 31 63 27 36 0 0 0 0 
0 44 27 26 24 22 20 20 19 26 18 15 14 19 22 17 16 18 18 19 17 43 24 30 17 24 31 28 0 0 0 0 
0 50 39 13 22 21 12 15 19 26 18 9 16 21 14 14 25 9 21 27 45 25 39 27 36 51 53 27 0 0 0 0 
0 34 30 23 27 12 14 17 13 31 12 14 11 25 15 13 26 11 26 13 43 21 30 18 31 44 25 18 0 0 0 0 
0 36 31 8 12 8 9 14 15 10 16 14 10 7 10 8 18 8 20 8 41 28 26 12 30 31 31 24 0 0 0 0 
0 54 53 21 20 28 27 26 16 33 19 24 17 24 14 20 17 17 14 25 21 23 25 14 19 15 13 10 0 0 0 0 
0 65 71 41 30 34 29 35 23 44 32 44 16 41 33 34 32 28 37 47 44 44 51 25 37 32 39 23 0 0 0 0 
0 22 22 4 12 14 10 20 11 21 20 8 15 24 14 7 10 4 6 10 10 8 6 4 9 3 4 17 0 0 0 0 
0 88 82 39 38 40 37 42 30 49 36 33 22 35 27 27 36 19 21 31 38 28 26 17 19 23 17 29 0 0 0 0 
0 7 1 1 1 0 1 2 0 1 3 1 2 7 1 0 2 1 4 0 0 4 6 1 4 1 1 22 0 0 0 0 
0 1 5 1 0 1 1 1 0 1 1 1 5 3 1 0 3 1 6 1 0 3 13 0 6 1 1 30 0 0 0 0 
0 4 7 9 13 6 4 8 5 6 6 15 7 9 15 11 7 8 11 8 10 17 10 6 14 16 10 8 0 0 0 0 
0 5 0 0 5 0 0 0 0 2 0 7 1 4 5 0 0 0 0 0 0 3 0 0 0 2 0 1 0 0 0 0 
0 14 7 3 6 3 1 2 2 3 1 4 2 3 10 3 4 5 0 4 2 4 2 9 7 10 3 5 0 0 0 0 
0 60 46 25 45 28 24 14 23 21 12 18 10 10 12 3 3 8 7 9 11 17 18 5 6 2 9 13 0 0 0 0 
0 42 41 30 28 29 26 16 23 31 22 33 31 29 43 31 30 33 56 38 35 40 35 50 35 40 30 29 0 0 0 0 
0 47 68 40 24 27 23 28 13 36 30 30 11 29 25 19 28 20 17 36 36 30 29 20 22 30 28 19 0 0 0 0 
0 10 14 2 4 7 4 8 5 11 9 3 9 11 7 3 5 2 3 4 4 2 10 2 4 0 3 11 0 0 0 0 
0 3 0 0 4 0 0 0 0 2 0 8 2 3 5 0 0 0 0 0 0 2 0 0 1 2 0 1 0 0 0 0 
0 31 56 52 56 29 51 51 49 63 45 62 37 64 55 71 57 41 58 45 57 79 82 65 71 108 95 88 0 0 0 0 
0 81 93 69 89 45 41 53 37 76 48 62 42 61 61 77 59 42 86 67 69 78 86 47 91 84 88 79 0 0 0 0 
0 43 22 20 25 26 33 25 32 18 9 13 14 10 16 14 16 13 4 14 21 23 15 6 20 19 7 7 0 0 0 0 
0 32 33 14 20 20 22 18 26 15 20 6 10 12 13 15 17 18 9 16 16 18 19 17 19 31 12 13 0 0 0 0 
0 28 39 29 46 37 35 43 41 43 45 23 21 29 28 31 49 48 32 29 40 50 47 46 40 41 44 43 0 0 0 0 
0 35 55 45 46 47 61 52 41 46 56 42 23 37 48 38 60 48 37 44 54 53 46 42 64 46 51 45 0 0 0 0 
0 26 42 57 39 26 38 34 42 55 50 51 31 65 53 35 52 40 46 54 69 80 74 42 87 82 74 83 0 0 0 0 
0 47 79 50 30 17 36 52 38 22 20 34 15 32 54 20 54 28 15 28 53 30 25 14 25 42 23 12 0 0 0 0 
0 26 23 23 16 21 23 15 17 17 12 9 15 20 11 12 24 19 24 8 14 18 12 14 21 11 9 4 0 0 0 0 
0 24 14 20 19 32 31 14 17 24 12 9 21 17 13 12 22 10 9 14 16 16 4 4 23 16 14 4 0 0 0 0 
0 32 57 38 25 31 21 26 23 41 34 20 20 17 17 30 27 16 23 23 28 30 38 52 51 66 52 26 0 0 0 0 
0 21 21 23 17 16 9 10 15 11 15 12 8 11 13 19 20 7 22 12 19 16 18 28 25 38 31 18 0 0 0 0 
0 3 1 2 0 2 1 0 0 0 0 0 0 0 1 2 1 0 2 0 0 0 2 1 2 3 1 5 0 0 0 0 
0 1 1 2 0 3 0 0 2 0 0 0 1 1 1 0 1 0 0 0 1 1 0 0 2 2 1 4 0 0 0 0 
0 13 16 17 17 6 12 13 7 9 8 18 11 24 13 14 8 14 14 8 7 22 19 15 13 21 25 18 0 0 0 0 
0 20 24 22 12 9 14 6 10 4 3 13 3 12 9 8 1 13 10 8 9 14 7 5 4 7 13 12 0 0 0 0 
0 27 32 29 10 16 13 8 11 7 3 12 1 12 22 4 8 7 3 11 13 8 9 2 5 6 8 13 0 0 0 0 
0 22 9 10 10 7 10 11 6 16 5 18 4 4 12 12 7 21 6 33 6 36 17 44 8 14 22 16 0 0 0 0 
0 46 29 26 23 31 21 16 24 26 28 35 26 28 35 34 47 28 33 45 31 45 33 57 45 57 48 39 0 0 0 0 
0 18 8 14 8 15 15 15 8 9 5 5 9 10 6 6 11 5 2 7 8 9 2 3 12 7 7 2 0 0 0 0 
0 2 2 6 1 0 2 8 1 1 1 1 0 3 0 0 0 0 4 2 1 1 1 0 4 0 0 0 0 0 0 0 
0 28 37 34 16 19 15 15 14 24 14 18 14 11 14 24 13 6 12 18 12 18 20 21 38 30 29 20 0 0 0 0 
0 13 16 18 14 16 13 23 30 26 21 24 27 20 24 34 21 22 21 28 16 32 35 36 35 55 38 65 0 0 0 0 
0 18 19 17 15 10 13 15 19 20 16 19 12 28 20 23 16 17 17 18 19 34 50 34 27 43 47 45 0 0 0 0 
0 14 14 8 12 7 5 2 11 12 6 7 3 5 6 1 8 2 8 11 13 11 23 7 8 10 20 9 0 0 0 0 
0 32 18 2 6 2 6 7 6 4 13 10 7 9 10 0 12 2 10 0 26 15 9 2 19 13 17 5 0 0 0 0 
0 44 42 18 20 22 19 18 26 19 20 15 18 17 22 33 39 26 24 27 47 31 40 31 38 37 42 48 0 0 0 0 
0 53 51 17 28 13 23 18 24 28 21 17 18 20 21 28 30 12 21 27 40 23 32 10 31 30 33 30 0 0 0 0 
0 35 31 6 12 12 8 17 24 9 24 5 19 18 11 12 7 8 5 17 8 9 13 11 11 10 4 13 0 0 0 0 
0 88 86 37 29 39 37 40 16 53 39 47 14 36 25 26 37 23 17 49 36 37 41 15 32 29 32 16 0 0 0 0 
0 69 35 16 34 24 16 11 14 18 7 15 7 7 7 2 1 2 4 3 7 6 8 2 4 3 5 6 0 0 0 0 
0 76 60 45 52 31 16 24 28 20 16 16 12 11 15 8 8 12 11 14 10 18 18 13 10 6 11 14 0 0 0 0 
0 34 29 25 28 17 17 20 22 19 16 11 13 19 16 16 13 13 18 12 9 26 12 16 13 10 10 10 0 0 0 0 
0 32 64 42 37 33 30 28 32 41 31 24 35 38 36 36 34 34 41 33 45 44 35 35 39 41 33 36 0 0 0 0 
0 36 14 18 22 24 33 27 31 14 4 8 15 6 12 12 10 9 2 10 12 22 12 2 16 16 4 6 0 0 0 0 
0 32 29 26 25 28 23 21 23 24 18 9 25 22 21 22 24 20 20 14 18 29 13 27 20 33 17 14 0 0 0 0 
0 66 103 62 46 49 26 33 37 62 37 23 41 38 32 47 46 21 38 42 45 38 63 84 85 108 87 33 0 0 0 0 
0 35 47 47 28 38 19 22 24 31 26 34 25 22 29 39 33 13 31 25 31 41 43 63 68 72 59 25 0 0 0 0 
0 10 20 11 9 11 11 5 13 15 14 6 14 15 15 13 17 11 18 23 13 7 11 17 20 27 20 26 0 0 0 0 
0 2 2 0 0 0 0 0 0 0 0 0 0 0 0 6 2 0 0 0 1 0 1 1 0 3 0 6 0 0 0 0 
0 19 24 25 25 5 17 26 14 13 16 23 15 49 22 20 19 25 17 15 13 33 35 28 22 36 45 28 0 0 0 0 
0 5 14 16 11 4 11 15 4 12 4 6 5 25 10 9 9 13 14 4 7 19 12 2 12 18 15 3 0 0 0 0 
0 22 17 24 7 12 4 9 12 18 14 16 7 12 12 5 13 17 7 20 12 13 10 18 11 18 20 12 0 0 0 0 
0 14 10 14 11 13 1 8 4 4 16 4 8 6 7 7 7 8 4 10 11 4 8 17 9 14 13 2 0 0 0 0 
0 31 18 17 20 25 18 14 11 16 11 11 11 13 10 7 22 12 4 13 10 11 7 11 17 13 17 11 0 0 0 0 
0 4 4 10 0 0 4 11 2 2 2 2 0 6 0 0 0 0 2 4 2 2 0 0 2 0 0 0 0 0 0 0 
0 43 37 8 22 13 11 15 21 22 24 13 20 22 17 11 14 13 7 18 13 15 17 10 16 11 9 14 0 0 0 0 
0 30 25 11 16 13 15 11 14 18 24 23 21 20 22 15 28 16 24 31 19 29 18 27 24 29 17 18 0 0 0 0 
0 22 28 21 23 14 18 17 15 17 23 19 27 11 15 19 12 26 24 18 21 43 16 21 34 26 22 20 0 0 0 0 
0 26 19 6 6 9 3 5 12 3 7 3 7 5 11 15 18 14 8 10 23 17 22 29 20 39 17 25 0 0 0 0 
0 15 26 20 17 12 12 13 20 23 21 9 16 21 23 18 22 17 32 28 30 22 16 39 39 54 44 55 0 0 0 0 
0 18 27 26 29 16 11 10 16 21 18 11 21 14 18 15 17 11 30 17 19 16 17 22 12 21 26 33 0 0 0 0 
0 4 2 0 0 0 0 0 0 0 0 1 0 1 0 2 2 0 0 0 0 0 0 0 1 2 0 2 0 0 0 0 
0 3 4 7 3 1 2 5 0 1 2 2 2 10 3 2 4 4 7 1 3 9 7 1 6 4 2 1 0 0 0 0 
0 2 7 15 5 2 4 12 2 2 6 2 2 15 6 4 7 11 8 4 2 16 11 0 11 11 7 0 0 0 0 0 
0 26 27 14 19 11 20 8 25 10 14 17 24 23 23 25 25 14 9 23 20 38 21 22 31 20 25 27 0 0 0 0 
0 53 47 51 51 32 43 37 36 35 59 61 64 24 49 49 22 53 42 33 39 99 40 48 44 46 34 34 0 0 0 0 
0 45 61 48 38 32 32 32 30 34 54 51 55 28 41 48 14 48 36 24 33 89 39 40 45 46 36 25 0 0 0 0 
0 19 31 22 20 16 18 11 21 21 30 7 26 22 22 19 24 15 34 29 24 18 23 34 28 35 36 39 0 0 0 0 
0 43 59 64 60 47 38 26 46 56 38 43 47 60 50 46 51 36 73 54 46 34 61 45 52 67 65 91 0 0 0 0 
0 7 5 3 1 0 1 1 3 0 1 2 1 3 5 5 3 4 2 3 5 3 5 14 7 22 7 8 0 0 0 0 
0 3 2 0 1 0 1 0 0 0 0 3 1 1 0 1 2 0 2 0 1 0 1 1 1 1 0 2 0 0 0 0 
0 65 63 70 56 33 55 37 40 46 71 73 86 31 55 64 17 58 56 31 50 128 53 55 48 58 39 29 0 0 0 0 
0 52 64 66 58 39 49 37 40 45 65 74 94 33 49 66 14 57 52 27 49 126 50 53 37 58 42 30 0 0 0 0 
0 16 25 14 15 16 20 2 18 14 28 7 28 21 13 16 21 14 23 24 12 10 22 20 14 16 11 10 0 0 0 0 
0 12 16 15 10 12 12 1 12 11 17 9 22 18 12 10 18 15 28 21 17 6 28 20 18 22 13 20 0 0 0 0 
0 27 21 18 27 21 19 16 27 25 18 18 21 25 19 21 23 19 30 25 28 21 38 36 36 65 50 44 0 0 0 0 
0 10 20 11 6 9 9 10 5 8 10 14 6 17 10 19 6 14 15 10 19 25 20 21 30 25 24 21 0 0 0 0 
0 2 2 0 2 0 1 0 2 0 0 2 1 1 0 1 1 2 4 0 1 4 3 2 1 1 0 4 0 0 0 0 
0 28 24 23 15 7 16 8 15 7 19 20 9 26 13 17 7 17 29 14 17 24 20 22 18 19 20 19 0 0 0 0 
0 35 31 24 33 20 20 16 24 18 24 38 29 21 40 29 19 32 37 24 34 42 36 17 30 44 27 41 0 0 0 0 
0 18 7 10 20 10 7 10 9 9 10 9 5 10 12 15 20 15 8 10 19 11 8 8 8 4 8 13 0 0 0 0 
0 21 26 36 35 30 32 21 29 28 32 19 19 30 23 23 29 37 35 24 39 37 37 24 39 30 39 40 0 0 0 0 
0 26 33 45 42 31 33 37 37 33 34 46 31 29 46 29 41 42 47 35 46 52 50 35 39 49 33 38 0 0 0 0 
0 20 5 46 3 21 2 17 2 10 3 1 0 2 0 8 0 12 1 1 0 1 17 5 0 11 0 3 0 0 0 0 
0 20 5 42 5 20 4 17 3 11 5 2 1 3 2 9 1 14 4 1 0 2 18 3 2 15 0 3 0 0 0 0 
0 33 25 21 46 36 35 38 16 28 35 25 32 13 58 24 46 19 31 15 27 38 31 15 38 35 61 23 0 0 0 0 
0 67 49 34 78 60 58 64 30 44 57 46 58 25 79 41 79 33 47 31 44 67 44 26 55 61 95 44 0 0 0 0 
0 57 79 53 35 32 34 28 21 39 33 31 14 34 34 23 29 21 20 30 30 31 35 22 30 32 29 22 0 0 0 0 
0 71 118 69 65 42 49 31 32 51 37 29 29 39 52 36 36 32 32 28 42 41 32 36 24 36 30 30 0 0 0 0 
0 42 60 37 28 29 25 24 16 32 26 24 10 25 29 19 25 17 17 22 27 28 27 20 22 19 17 19 0 0 0 0 
0 13 11 7 11 12 7 20 13 7 8 10 10 20 16 6 7 7 5 4 3 16 10 8 4 7 5 2 0 0 0 0 
0 15 6 2 9 13 5 15 6 18 6 12 7 12 10 4 9 4 6 5 1 16 7 6 10 1 8 28 0 0 0 0 
0 39 37 33 22 9 30 9 12 14 8 24 7 20 23 12 14 12 16 18 24 23 12 19 17 23 17 12 0 0 0 0 
0 24 26 15 16 10 15 14 18 21 18 30 14 16 25 17 32 20 35 31 38 37 20 40 47 47 35 28 0 0 0 0 
0 28 22 27 12 5 26 7 4 6 5 15 4 15 8 5 4 8 15 7 20 20 11 17 13 25 13 12 0 0 0 0 
0 60 41 40 35 23 29 16 18 33 18 17 19 42 14 12 25 16 29 23 35 25 26 49 41 62 45 30 0 0 0 0 
0 39 51 40 19 23 17 24 13 23 21 19 12 29 21 16 22 15 24 27 27 28 35 19 29 26 24 40 0 0 0 0 
0 2 0 2 0 0 0 4 0 0 2 2 8 4 3 0 2 0 7 0 0 6 28 1 8 0 2 42 0 0 0 0 
0 16 6 1 4 0 6 0 2 2 4 6 6 8 8 0 10 2 5 0 7 9 6 0 9 4 12 2 0 0 0 0 
0 26 20 5 15 0 7 7 8 8 7 4 8 10 13 4 8 12 13 4 20 17 7 5 14 15 15 7 0 0 0 0 
0 2 1 1 1 0 0 1 2 1 1 0 0 1 1 1 2 2 0 3 0 4 2 4 2 2 3 4 0 0 0 0 
0 31 32 36 30 31 35 24 33 25 39 22 21 21 24 19 26 24 28 22 26 38 33 26 25 32 23 34 0 0 0 0 
0 18 26 34 42 27 23 29 24 38 44 40 29 41 35 38 36 34 42 37 40 66 52 45 63 61 68 41 0 0 0 0 
0 25 29 40 37 19 32 34 21 32 32 35 28 39 28 24 37 24 38 24 38 58 41 45 46 42 43 41 0 0 0 0 
0 32 21 38 33 17 33 14 29 22 14 35 9 53 25 23 40 42 75 22 43 33 27 60 37 33 53 43 0 0 0 0 
0 16 29 46 31 14 27 8 6 9 9 9 4 16 16 19 14 13 28 6 17 7 3 17 14 9 5 8 0 0 0 0 
0 5 8 1 4 8 7 2 0 1 1 0 1 0 7 0 0 0 2 2 2 3 1 1 0 3 2 2 0 0 0 0 
0 43 35 22 29 21 13 12 22 39 11 8 27 31 11 10 26 13 19 20 30 17 27 36 37 57 41 24 0 0 0 0 
0 31 52 33 20 19 19 18 19 21 16 31 16 19 9 28 12 14 18 22 17 26 24 23 39 35 31 18 0 0 0 0 
0 24 42 33 29 17 22 27 24 41 24 16 29 18 19 28 24 12 14 32 12 23 36 33 40 42 34 29 0 0 0 0 
0 37 30 16 19 7 9 10 12 23 14 12 9 11 12 12 17 7 24 26 26 18 29 14 25 16 28 24 0 0 0 0 
0 24 37 20 23 18 15 20 17 24 15 24 12 24 15 28 37 21 22 41 47 39 38 25 43 38 41 51 0 0 0 0 
0 8 7 9 4 6 6 6 4 4 7 3 2 16 5 4 4 6 6 4 2 11 7 4 6 6 5 0 0 0 0 0 
0 8 3 2 5 9 6 4 9 1 5 8 2 9 3 5 2 4 1 6 8 6 7 16 5 5 4 1 0 0 0 0 
0 17 7 6 15 12 4 6 7 5 8 4 6 3 4 9 8 4 1 10 3 1 4 17 6 7 15 3 0 0 0 0 
0 20 18 15 30 21 8 12 12 16 14 10 10 9 14 17 14 15 8 24 16 12 13 29 15 24 32 9 0 0 0 0 
0 30 18 15 20 16 15 12 19 19 21 29 21 19 24 27 37 23 31 36 25 37 29 45 41 51 39 39 0 0 0 0 
0 4 10 1 4 5 6 5 15 1 5 1 11 9 5 6 5 3 4 7 5 10 2 2 3 0 6 1 0 0 0 0 
0 33 25 17 13 14 12 10 18 13 13 6 10 15 17 23 18 18 14 18 29 30 25 38 22 49 20 25 0 0 0 0 
0 7 5 1 4 4 3 0 2 1 4 2 4 5 1 3 3 2 1 1 2 5 1 1 1 1 1 1 0 0 0 0 
0 21 37 33 35 25 16 11 26 28 24 15 26 26 25 20 27 15 49 30 27 15 30 28 29 32 39 50 0 0 0 0 
0 9 4 1 2 0 2 0 2 0 0 3 2 3 2 2 2 1 4 2 5 0 4 9 5 10 2 4 0 0 0 0 
0 34 37 41 38 24 36 26 26 27 48 52 54 22 33 46 12 40 33 24 32 76 31 30 26 35 24 24 0 0 0 0 
0 13 0 8 2 2 2 2 2 0 2 2 2 2 2 8 4 4 4 10 6 10 0 4 2 4 3 12 0 0 0 0 
0 14 7 21 5 11 4 13 18 6 8 3 0 4 5 10 1 9 3 0 5 2 17 7 4 12 0 2 0 0 0 0 
0 5 5 7 5 5 3 3 2 2 3 3 6 6 9 6 7 2 6 1 4 7 4 3 3 2 2 1 0 0 0 0 
0 13 3 3 12 5 14 14 3 9 3 7 11 14 9 4 10 2 7 5 8 5 8 4 6 15 11 6 0 0 0 0 
0 13 12 3 3 6 3 4 3 5 4 6 3 5 8 6 6 8 11 7 11 10 4 12 23 23 7 13 0 0 0 0 
0 12 4 0 2 4 0 0 2 3 0 0 0 0 2 0 4 2 0 2 0 2 2 2 2 0 0 0 0 0 0 0 
0 5 3 0 0 0 3 2 0 3 2 1 0 0 0 0 0 1 2 4 1 1 1 0 0 0 0 3 0 0 0 0 
0 3 2 0 0 0 0 0 0 3 0 0 0 0 0 0 0 0 0 2 0 0 1 0 0 0 0 3 0 0 0 0 
0 9 13 8 22 8 7 36 0 6 0 9 7 11 7 12 20 3 15 1 0 15 12 32 3 10 12 7 0 0 0 0 
0 27 23 16 26 21 21 36 11 15 4 11 24 21 14 17 31 11 13 6 7 18 13 21 15 17 26 15 0 0 0 0 
0 8 16 55 18 6 31 2 2 8 4 4 2 8 8 10 14 4 37 2 14 4 2 18 10 4 7 2 0 0 0 0 
0 11 22 32 16 6 28 16 12 11 6 10 9 15 11 7 21 11 24 8 18 10 9 14 13 16 11 5 0 0 0 0 
0 14 10 8 3 5 8 7 7 5 7 6 8 6 8 3 8 3 4 10 13 7 6 3 13 15 8 19 0 0 0 0 
0 15 20 6 6 2 7 4 7 3 2 22 8 11 3 8 0 9 7 7 8 10 4 5 8 8 5 11 0 0 0 0 
0 11 11 6 17 3 9 9 8 11 5 20 8 14 4 9 9 10 8 10 7 12 17 12 8 11 6 14 0 0 0 0 
0 4 2 6 17 4 6 12 10 20 8 4 10 12 6 4 18 6 4 10 2 8 28 18 8 12 2 16 0 0 0 0 
0 12 14 4 23 5 7 10 4 20 8 2 4 4 2 8 24 8 16 19 24 16 4 3 5 0 8 16 0 0 0 0 
0 30 63 37 21 24 26 26 21 37 22 29 14 33 17 24 28 27 18 45 31 50 43 44 37 49 48 46 0 0 0 0 
0 12 7 3 8 3 4 0 4 4 2 1 2 0 2 1 2 2 3 2 6 14 11 6 4 9 5 4 0 0 0 0 
0 16 9 9 9 11 2 4 4 9 12 11 4 6 2 8 7 8 8 12 3 5 6 8 7 12 13 14 0 0 0 0 
0 11 4 6 3 1 4 1 6 5 11 7 1 3 4 4 7 6 15 11 5 11 10 9 29 22 21 13 0 0 0 0 
0 17 12 11 17 11 11 8 11 15 13 20 13 11 20 14 24 15 26 27 13 20 16 28 21 27 17 25 0 0 0 0 
0 17 10 5 7 9 10 5 5 6 11 0 2 5 3 6 4 3 2 4 3 3 3 2 3 2 2 1 0 0 0 0 
0 20 6 10 18 2 6 23 22 5 8 7 5 13 9 4 10 8 9 4 1 14 8 8 2 12 8 4 0 0 0 0 
0 9 10 8 29 4 11 29 22 6 9 8 7 18 11 4 10 10 15 4 5 14 12 13 3 13 10 4 0 0 0 0 
0 5 0 3 1 0 0 2 0 2 0 1 3 4 4 2 3 1 3 1 1 4 3 1 0 5 1 0 0 0 0 0 
0 5 7 4 16 6 6 23 0 6 0 6 6 7 8 7 16 3 11 0 0 11 11 20 4 7 11 8 0 0 0 0 
0 1 1 2 17 10 15 26 1 3 1 15 11 11 8 11 26 4 11 0 0 10 8 27 4 8 20 12 0 0 0 0 
0 16 23 33 14 4 19 5 6 6 4 22 3 13 5 12 7 10 28 7 13 10 5 11 8 7 8 7 0 0 0 0 
0 19 28 6 8 1 9 7 7 3 2 28 2 12 1 12 1 7 7 7 10 8 8 3 4 5 5 6 0 0 0 0 
0 15 20 7 17 4 9 9 12 12 5 27 7 16 5 10 7 9 8 11 7 12 18 11 9 11 6 14 0 0 0 0 
0 21 12 12 12 10 9 2 6 3 4 5 4 5 5 7 3 5 7 8 10 25 11 17 12 19 13 6 0 0 0 0 
0 17 18 12 12 9 6 9 10 8 14 4 4 4 6 9 13 13 6 9 14 22 15 25 14 28 14 12 0 0 0 0 
0 8 11 3 6 11 6 0 3 3 0 2 2 5 2 4 0 5 0 2 1 4 1 2 1 0 1 0 0 0 0 0 
0 5 4 3 1 7 4 0 1 0 1 0 1 1 0 4 0 1 0 2 1 2 2 0 0 0 0 0 0 0 0 0 
0 17 6 10 18 2 6 24 22 6 8 6 7 16 10 6 10 8 10 4 2 14 10 8 2 12 8 4 0 0 0 0 
0 12 3 8 9 2 4 13 11 4 4 3 5 11 6 7 7 4 6 2 2 10 7 4 1 7 4 2 0 0 0 0 
0 14 2 4 3 0 7 6 0 1 2 5 1 2 1 7 5 0 1 0 1 4 6 0 1 4 2 1 0 0 0 0 
0 5 11 2 4 0 2 7 2 1 0 15 0 2 0 10 0 0 0 1 4 0 8 0 1 0 0 0 0 0 0 0 
0 2 1 3 2 0 2 3 0 1 0 3 0 0 0 7 0 3 2 0 5 1 5 1 1 1 1 0 0 0 0 0 
0 3 1 1 2 0 5 4 1 0 0 5 3 0 1 5 1 0 0 0 2 0 5 2 1 2 1 0 0 0 0 0 
0 21 25 20 17 28 18 15 23 13 12 21 14 18 20 26 25 17 15 26 32 36 29 30 33 43 40 47 0 0 0 0 
0 41 30 31 35 24 34 34 18 20 6 21 18 27 21 18 19 14 9 10 21 13 18 8 14 24 16 12 0 0 0 0 
0 44 31 21 26 19 31 16 32 27 27 53 36 35 47 39 68 37 54 63 46 69 53 80 73 82 56 77 0 0 0 0 
0 13 15 13 11 13 10 10 6 8 4 3 7 10 10 9 2 10 9 9 6 3 6 6 5 8 2 2 0 0 0 0 
0 17 14 12 13 9 8 3 4 14 2 7 9 8 14 9 2 7 7 7 4 7 3 9 8 3 9 10 0 0 0 0 
0 45 44 30 29 23 10 20 20 37 22 18 15 31 17 13 23 11 23 33 34 30 39 29 36 56 47 19 0 0 0 0 
0 26 7 1 22 0 8 14 8 4 6 4 10 12 20 7 9 14 13 9 12 13 0 8 11 9 3 9 0 0 0 0 
0 2 0 2 4 0 0 1 0 1 1 4 2 3 4 0 1 0 7 0 0 4 4 0 8 0 1 21 0 0 0 0 
0 17 8 19 31 30 21 45 16 25 15 17 12 22 16 23 39 39 26 15 28 23 26 16 37 19 15 33 0 0 0 0 
0 23 12 15 24 22 17 15 14 18 12 12 10 15 15 14 27 18 6 10 20 11 7 8 18 9 12 9 0 0 0 0 
0 4 12 13 8 4 6 0 2 0 2 6 4 0 4 4 2 4 6 4 0 8 4 2 2 8 8 4 0 0 0 0 
0 33 32 33 19 17 13 14 14 7 7 17 4 10 16 3 4 10 8 9 16 11 9 4 5 7 8 14 0 0 0 0 
0 8 5 0 8 2 1 2 2 2 3 4 0 1 1 3 1 0 1 2 5 4 0 2 0 0 5 0 0 0 0 0 
0 22 15 2 22 7 6 4 6 7 9 9 2 2 9 7 8 6 6 14 9 13 2 0 3 2 8 1 0 0 0 0 
0 24 13 2 11 4 6 2 6 6 8 9 4 6 13 4 9 4 5 10 10 11 5 0 7 3 11 2 0 0 0 0 
0 26 18 2 5 6 9 4 6 5 7 10 6 3 7 12 14 5 9 9 23 7 20 6 22 15 19 20 0 0 0 0 
0 2 14 11 12 3 6 24 6 14 3 7 7 7 10 4 6 5 8 10 4 7 5 5 9 9 5 16 0 0 0 0 
0 95 67 50 59 40 24 16 28 22 21 17 9 12 16 6 6 5 7 8 12 13 19 3 5 2 6 9 0 0 0 0 
0 28 26 10 26 14 6 14 14 11 10 12 8 13 10 10 6 7 10 10 8 17 13 7 12 5 12 11 0 0 0 0 
0 29 33 22 32 14 6 26 27 11 13 16 6 23 17 17 7 7 14 9 8 32 18 11 15 6 10 10 0 0 0 0 
0 23 21 16 14 9 7 8 14 11 13 9 10 9 8 15 9 5 16 8 15 9 11 13 13 23 17 28 0 0 0 0 
0 11 7 4 4 3 5 0 3 0 3 4 2 0 1 6 4 0 4 2 2 3 9 5 3 7 0 13 0 0 0 0 
0 17 13 16 10 15 4 9 12 18 14 12 10 6 7 12 15 11 6 17 9 9 7 18 9 17 24 15 0 0 0 0 
0 26 29 24 12 26 15 15 6 14 11 5 5 8 16 14 16 15 1 14 12 7 6 15 12 11 15 9 0 0 0 0 
0 12 13 27 18 16 16 16 25 26 20 47 17 22 34 33 27 26 51 33 50 23 37 42 51 43 65 71 0 0 0 0 
0 52 37 26 33 23 38 19 36 29 26 56 40 40 50 52 72 44 54 66 48 84 58 87 80 84 60 82 0 0 0 0 
0 50 42 26 38 20 18 19 27 25 36 22 36 13 25 26 16 26 19 25 20 38 21 26 25 23 28 25 0 0 0 0 
0 40 66 47 39 36 35 35 28 44 50 55 64 37 46 56 16 50 47 33 47 89 43 49 58 54 43 34 0 0 0 0 
0 25 73 20 15 27 9 25 15 29 26 25 15 42 26 46 12 42 26 35 38 39 28 40 68 41 57 27 0 0 0 0 
0 42 39 40 32 21 33 17 28 27 45 34 45 23 32 34 21 32 36 26 28 63 34 35 31 33 22 17 0 0 0 0 
0 14 26 14 12 18 20 2 22 14 37 8 36 22 12 18 26 15 26 28 12 12 25 32 12 18 14 12 0 0 0 0 
0 13 14 16 15 12 18 8 9 12 28 8 21 18 17 11 17 10 19 17 19 12 27 21 17 14 12 13 0 0 0 0 
0 36 44 36 39 35 30 15 38 40 43 23 47 48 29 30 41 26 47 49 41 20 54 52 45 67 49 48 0 0 0 0 
0 25 17 4 7 6 8 4 11 5 7 7 6 12 19 11 6 10 15 12 12 20 12 7 12 18 10 14 0 0 0 0 
0 10 10 6 3 6 6 4 12 6 7 4 6 3 13 5 6 8 10 9 9 17 13 12 28 21 17 15 0 0 0 0 
0 2 0 0 0 0 0 1 0 0 0 2 0 0 0 0 0 0 2 0 2 0 0 0 2 2 0 3 0 0 0 0 
0 16 7 8 2 2 1 2 4 3 8 3 10 2 7 8 3 4 4 5 8 4 8 11 7 8 14 11 0 0 0 0 
0 29 36 19 35 20 19 17 16 15 14 25 16 12 25 12 7 14 12 15 23 17 20 9 17 11 19 16 0 0 0 0 
0 31 30 19 34 31 28 24 22 21 23 39 27 14 33 20 19 21 32 17 32 28 29 11 24 29 24 27 0 0 0 0 
0 21 12 12 31 14 8 14 12 17 13 12 6 18 15 15 30 26 11 10 25 10 11 10 15 3 10 13 0 0 0 0 
0 74 50 40 84 60 54 66 36 53 57 47 51 31 80 47 82 44 51 35 55 67 49 29 60 61 93 49 0 0 0 0 
0 56 47 38 73 51 34 48 43 45 54 44 47 31 43 38 76 48 40 29 49 52 47 28 40 48 55 56 0 0 0 0 
0 34 21 20 35 34 32 33 14 22 27 21 32 17 36 20 39 18 24 16 24 34 22 17 29 32 53 22 0 0 0 0 
0 38 45 33 21 14 40 25 20 23 17 33 9 29 27 14 31 22 18 29 38 26 22 17 25 37 27 16 0 0 0 0 
0 53 37 43 23 8 46 11 7 10 12 26 9 38 18 11 12 21 29 17 23 38 9 26 19 35 19 25 0 0 0 0 
0 2 0 2 0 0 0 3 0 0 2 2 10 4 3 0 2 0 8 0 0 6 36 1 10 0 2 42 0 0 0 0 
0 8 3 0 2 0 3 1 1 1 2 3 5 4 5 0 5 1 4 0 3 5 21 1 9 2 6 1 0 0 0 0 
0 16 6 0 4 0 6 0 2 2 4 6 6 8 9 0 10 2 6 0 6 10 6 0 10 4 12 2 0 0 0 0 
0 28 10 3 25 1 9 16 9 4 5 4 13 13 23 8 7 14 15 9 15 16 1 6 16 11 5 9 0 0 0 0 
0 20 7 17 24 13 15 26 14 19 20 18 18 24 30 23 17 17 25 19 19 37 30 29 39 36 33 34 0 0 0 0 
0 44 28 17 31 21 9 11 22 33 16 12 17 26 11 9 27 10 23 21 31 19 29 33 27 58 37 14 0 0 0 0 
0 21 14 6 17 7 14 13 19 12 16 29 10 29 9 23 18 19 35 15 16 17 25 28 28 17 33 32 0 0 0 0 
0 6 2 0 0 0 2 4 0 0 6 0 0 0 0 2 0 2 0 0 2 0 6 2 0 0 2 1 0 0 0 0 
0 6 3 0 1 0 1 0 1 1 0 1 2 1 0 0 2 1 4 4 4 0 4 7 5 6 5 5 0 0 0 0 
0 9 4 3 3 2 5 1 3 0 3 3 1 1 2 2 5 0 4 3 4 5 6 7 3 2 1 3 0 0 0 0 
0 12 8 14 21 6 9 10 9 8 5 7 9 5 6 6 6 6 3 6 6 13 7 8 6 12 8 10 0 0 0 0 
0 10 6 4 4 2 4 4 0 9 0 19 6 19 6 4 4 2 4 6 3 4 6 4 2 5 2 0 0 0 0 0 
0 22 15 17 24 10 21 19 11 24 8 15 19 33 19 9 18 5 6 12 13 10 21 9 10 19 16 9 0 0 0 0 
0 5 5 2 2 1 2 2 1 9 1 4 3 9 3 4 4 6 1 3 2 5 6 3 2 6 4 7 0 0 0 0 
0 1 3 0 0 0 0 0 0 2 0 2 1 0 0 0 0 4 0 0 0 5 2 2 0 3 1 2 0 0 0 0 
0 12 4 0 2 4 4 0 1 4 0 0 0 0 2 0 4 2 0 4 0 1 1 2 2 0 0 0 0 0 0 0 
0 0 0 0 0 0 2 0 1 0 0 1 0 2 0 0 0 0 1 0 0 1 1 0 1 0 1 1 0 0 0 0 
0 45 27 26 42 41 34 33 22 26 27 24 36 22 37 24 44 22 23 18 26 40 19 15 39 38 48 25 0 0 0 0 
0 18 19 7 6 5 16 11 7 4 10 11 11 18 18 6 19 9 4 14 16 12 14 3 23 22 14 18 0 0 0 0 
0 14 12 24 17 11 17 7 12 22 19 18 19 27 18 15 18 14 18 20 19 31 22 25 21 24 22 22 0 0 0 0 
0 3 2 0 0 1 1 0 1 2 0 0 7 1 1 1 0 0 1 0 3 1 1 2 1 2 0 4 0 0 0 0 
0 38 35 14 27 10 10 9 11 22 10 12 9 4 9 12 22 8 21 18 18 12 16 9 17 6 14 16 0 0 0 0 
0 11 14 4 22 6 7 11 4 20 8 2 5 4 2 8 24 8 17 18 25 17 4 3 6 0 8 16 0 0 0 0 
0 13 1 0 2 2 1 0 0 0 6 0 0 0 0 1 2 2 1 7 0 2 2 0 15 20 22 0 0 0 0 0 
0 17 11 6 8 3 2 4 16 7 23 8 6 12 8 7 9 7 16 11 19 24 19 12 25 24 17 13 0 0 0 0 
0 9 5 4 9 1 2 4 5 7 4 4 3 3 7 4 6 6 6 10 2 7 5 5 11 18 13 9 0 0 0 0 
0 15 4 5 5 2 2 5 0 0 12 1 3 5 3 2 5 3 2 1 2 2 0 0 0 1 0 0 0 0 0 0 
0 29 6 7 5 1 1 4 3 2 12 1 2 6 3 0 1 4 2 2 4 4 2 0 0 3 0 1 0 0 0 0 
0 2 0 2 2 0 0 2 0 2 0 2 2 2 6 0 4 2 6 2 0 4 2 2 0 8 2 0 0 0 0 0 
0 2 1 2 10 3 6 16 0 3 0 7 6 7 5 6 13 2 10 1 0 5 7 15 3 10 16 5 0 0 0 0 
0 3 3 4 21 8 10 28 6 12 3 9 10 14 8 10 24 4 9 5 1 13 22 31 7 13 12 13 0 0 0 0 
0 15 7 14 18 6 12 7 6 14 3 8 7 13 9 7 7 3 8 8 5 16 17 20 9 16 11 12 0 0 0 0 
0 15 10 13 15 7 8 3 0 6 0 7 2 1 9 9 0 4 10 2 7 20 6 11 11 17 13 2 0 0 0 0 
0 8 4 6 0 0 0 4 0 5 0 7 0 0 0 4 2 13 2 2 4 3 6 2 0 2 2 0 0 0 0 0 
0 4 4 1 3 4 4 2 6 1 2 3 7 1 4 4 4 6 2 0 5 2 5 6 2 6 2 4 0 0 0 0 
0 33 29 23 24 15 19 21 22 16 21 35 20 21 25 23 43 26 34 32 37 44 37 43 40 53 35 44 0 0 0 0 
0 6 2 10 18 16 16 33 8 20 8 12 12 14 10 14 24 25 18 10 14 19 20 12 28 18 10 26 0 0 0 0 
0 10 12 19 12 15 15 28 8 16 10 9 7 11 8 7 12 16 14 6 32 17 16 11 22 18 9 18 0 0 0 0 
0 40 36 38 21 22 13 12 13 10 5 14 3 9 20 13 6 9 5 7 17 11 4 4 10 11 7 13 0 0 0 0 
0 25 7 0 4 0 6 0 2 2 9 7 6 8 10 0 10 2 4 0 9 8 6 0 10 4 12 2 0 0 0 0 
0 20 4 0 2 0 3 0 1 1 8 4 3 4 7 0 5 1 2 0 6 4 3 0 6 2 6 1 0 0 0 0 
0 19 17 6 5 6 10 7 7 5 4 8 5 4 7 13 14 8 7 10 21 8 19 6 19 15 21 24 0 0 0 0 
0 5 20 17 26 13 10 9 13 20 9 11 11 10 19 13 5 10 12 13 6 7 9 20 7 14 7 23 0 0 0 0 
0 26 27 26 24 9 5 24 23 12 12 12 5 19 12 16 8 4 14 9 8 30 13 9 18 4 7 10 0 0 0 0 
0 13 10 2 2 1 1 5 4 4 2 1 6 12 3 7 4 8 7 7 2 2 11 12 6 13 4 8 0 0 0 0 
0 13 16 12 9 11 2 5 3 11 9 4 7 3 6 2 12 3 3 7 11 3 3 8 7 6 10 2 0 0 0 0 
0 29 34 16 17 10 6 12 7 21 20 16 9 11 5 12 8 8 8 15 12 9 10 8 14 15 14 16 0 0 0 0 
0 31 70 24 19 30 14 28 25 31 27 33 22 45 33 48 25 44 24 43 37 48 38 45 67 48 60 44 0 0 0 0 
0 42 40 43 30 20 33 17 26 33 43 35 45 23 32 34 18 32 36 25 28 60 31 29 31 32 22 17 0 0 0 0 
0 7 12 7 6 8 8 1 11 8 11 4 12 12 6 11 12 7 13 12 8 6 12 11 7 8 6 4 0 0 0 0 
0 3 0 0 0 0 2 0 4 0 0 0 0 2 0 4 2 2 10 0 2 6 4 2 2 1 0 0 0 0 0 0 
0 2 0 0 0 0 0 0 0 0 0 2 0 0 0 0 0 0 1 0 2 0 0 0 2 2 0 3 0 0 0 0 
0 2 0 0 0 0 0 1 0 0 0 2 0 0 0 0 0 0 2 0 1 0 0 0 1 2 0 3 0 0 0 0 
0 0 4 0 4 0 0 0 0 0 1 2 0 0 0 0 0 2 0 0 0 2 7 2 0 2 0 0 0 0 0 0 
0 30 28 12 8 16 7 5 9 10 13 5 14 6 15 14 7 12 18 15 26 10 20 28 15 17 29 20 0 0 0 0 
0 42 33 28 46 39 30 32 17 29 30 19 38 12 50 31 45 19 30 25 29 34 27 26 31 37 63 32 0 0 0 0 
0 41 29 35 32 21 52 26 9 22 19 24 18 33 36 16 29 19 24 21 18 32 14 28 24 34 45 18 0 0 0 0 
0 0 2 0 1 0 0 1 0 1 0 0 3 0 1 0 1 0 1 0 1 0 19 1 5 0 1 0 0 0 0 0 
0 0 0 0 0 0 0 0 0 0 0 0 0 0 0 0 0 0 0 0 0 0 0 0 0 0 0 0 0 0 0 0 
0 6 6 3 2 2 3 5 0 1 0 1 0 4 2 5 1 3 0 0 1 0 1 0 2 2 2 6 0 0 0 0 
0 7 6 2 4 2 5 3 0 4 2 3 4 9 3 3 3 2 3 3 3 1 3 2 3 3 2 2 0 0 0 0 
0 1 0 0 0 0 0 0 0 0 0 0 0 0 0 0 0 0 4 0 0 0 0 0 1 0 0 0 0 0 0 0 
0 2 7 12 0 1 1 7 1 6 6 0 5 2 1 1 1 0 12 0 5 5 0 8 3 3 0 7 0 0 0 0 
0 9 16 12 7 4 14 17 11 9 7 8 12 14 8 5 15 9 14 7 17 14 7 11 11 17 8 9 0 0 0 0 
0 2 0 3 5 1 1 1 2 2 4 4 0 2 3 4 1 1 1 2 1 0 2 6 2 1 4 3 0 0 0 0 
0 37 49 21 28 14 21 11 13 22 10 7 16 12 22 15 8 12 14 12 8 16 7 13 8 10 8 8 0 0 0 0 
0 35 15 7 25 20 19 15 24 26 17 15 4 6 6 7 15 7 10 13 9 15 15 3 10 16 14 4 0 0 0 0 
0 15 3 6 2 5 2 4 1 2 9 0 0 5 9 2 5 4 3 3 1 1 6 0 7 11 10 0 0 0 0 0 
0 18 6 9 11 9 7 16 0 6 7 7 5 9 6 7 16 6 9 3 1 8 13 16 5 8 15 9 0 0 0 0 
0 3 1 6 16 11 14 30 4 12 4 13 11 11 7 13 25 15 16 5 7 13 14 18 17 13 19 18 0 0 0 0 
0 25 12 14 12 5 2 17 19 3 7 13 4 16 14 12 6 0 12 5 7 30 5 8 14 1 5 8 0 0 0 0 
0 28 31 23 32 15 6 24 27 9 15 15 6 21 17 19 7 7 13 11 9 32 21 10 17 5 9 10 0 0 0 0 
0 20 40 38 48 40 39 47 43 45 45 34 21 45 24 30 53 47 43 41 47 50 50 32 45 43 52 53 0 0 0 0 
0 0 0 0 0 0 0 0 0 0 0 0 0 0 0 0 0 0 0 0 0 0 0 0 0 0 0 0 0 0 0 0 
0 0 0 0 0 0 0 0 0 0 0 0 0 0 0 0 0 0 0 0 0 0 0 0 0 0 0 0 0 0 0 0 
0 23 9 4 7 11 9 4 5 5 2 4 3 1 6 3 6 4 1 6 5 8 4 2 5 6 1 3 0 0 0 0 
0 1 0 0 0 0 0 0 0 0 0 0 0 0 0 0 0 0 4 0 0 0 0 0 1 0 0 0 0 0 0 0 
0 1 0 2 0 0 0 2 0 4 0 0 0 0 1 1 1 0 5 1 2 1 0 2 3 0 0 1 0 0 0 0 
0 1 5 14 0 0 0 6 0 6 4 0 0 0 1 1 1 0 6 1 2 4 0 7 1 3 0 2 0 0 0 0 
0 0 0 0 0 0 0 0 0 0 0 0 0 0 0 0 0 0 3 0 0 0 0 0 0 0 0 0 0 0 0 0 
0 14 19 9 19 10 15 7 7 18 5 6 4 17 4 7 7 7 9 9 4 17 9 9 12 19 12 8 0 0 0 0 
0 14 19 13 20 16 15 12 26 23 22 27 15 16 19 28 25 27 29 13 22 37 40 27 30 43 49 53 0 0 0 0 
0 0 2 0 1 0 0 0 0 0 0 0 0 0 0 0 0 0 2 0 0 0 0 1 2 10 18 0 0 0 0 0 
0 16 3 9 0 6 0 4 4 5 7 1 0 4 9 2 4 5 4 0 0 2 5 1 8 9 9 1 0 0 0 0 
0 25 8 10 1 7 4 8 8 3 13 1 0 6 11 3 4 6 0 3 1 1 9 0 10 6 0 0 0 0 0 0 
0 1 3 8 0 0 0 6 0 6 2 0 0 0 1 1 1 0 3 1 2 2 0 3 6 3 0 2 0 0 0 0 
0 0 0 0 0 0 0 2 0 2 2 0 0 0 1 0 0 0 2 0 2 0 0 0 3 1 0 0 0 0 0 0 
0 9 17 7 9 5 13 12 16 7 3 0 6 7 4 6 5 4 5 6 3 4 4 0 10 4 4 0 0 0 0 0 
0 30 56 35 22 11 23 33 33 18 11 16 11 20 26 13 27 18 12 17 29 18 12 10 12 18 14 2 0 0 0 0 
0 8 7 0 3 1 1 1 1 3 1 1 5 0 0 3 2 0 2 0 3 3 5 1 0 8 0 9 0 0 0 0 
0 26 30 33 8 17 13 6 12 8 0 13 2 12 20 2 4 8 3 8 10 7 7 2 0 2 8 13 0 0 0 0 
0 12 15 17 6 14 7 9 17 14 7 14 3 9 20 18 10 14 18 17 14 24 34 18 21 30 25 48 0 0 0 0 
0 12 14 18 12 18 13 21 32 27 23 33 23 26 28 43 22 30 31 31 24 48 58 50 48 67 55 94 0 0 0 0 
0 38 33 13 24 15 14 5 5 13 4 10 4 3 8 6 3 3 4 3 6 9 8 1 3 0 5 6 0 0 0 0 
0 123 73 71 65 45 19 13 33 19 18 16 11 11 11 6 2 2 3 6 13 10 17 1 4 4 2 2 0 0 0 0 
0 86 87 56 51 41 43 42 35 61 33 43 32 54 39 40 47 22 40 55 47 39 48 23 42 47 43 40 0 0 0 0 
0 6 18 2 0 8 4 4 6 12 2 6 0 2 6 6 6 0 10 2 10 12 10 32 15 24 20 8 0 0 0 0 
0 0 0 0 0 0 0 0 0 0 0 0 0 0 0 0 0 0 0 0 0 0 0 0 0 0 0 0 0 0 0 0 
0 1 1 0 0 0 0 0 0 0 0 0 0 0 0 1 1 0 0 0 0 0 0 0 0 1 0 1 0 0 0 0 
0 10 8 9 5 4 1 0 2 7 2 6 0 2 6 3 11 5 4 6 3 6 2 0 2 2 4 0 0 0 0 0 
0 3 3 2 2 1 1 0 0 5 2 4 0 4 3 2 3 4 3 4 2 2 1 0 1 2 3 1 0 0 0 0 
0 3 0 0 2 0 2 0 1 2 0 1 1 0 0 0 1 2 0 1 0 2 1 1 2 1 2 0 0 0 0 0 
0 18 3 3 4 1 3 0 0 3 3 3 4 5 1 6 2 4 1 0 3 0 2 3 0 1 0 3 0 0 0 0 
0 9 19 17 14 11 10 16 22 15 14 15 12 15 28 23 25 17 41 24 26 20 34 25 33 40 47 49 0 0 0 0 
0 3 2 0 0 1 0 0 0 0 0 1 0 0 0 2 2 0 1 0 0 0 0 0 0 2 0 9 0 0 0 0 
0 37 27 36 25 13 27 16 20 21 34 36 37 13 25 27 10 26 28 14 23 61 27 25 26 31 18 15 0 0 0 0 
0 11 21 6 9 4 3 5 12 3 12 7 9 6 6 9 13 8 8 6 13 15 15 7 7 16 10 16 0 0 0 0 
0 19 75 34 15 35 16 37 19 41 34 31 21 49 25 58 15 47 24 54 45 44 53 53 67 43 63 30 0 0 0 0 
0 1 3 1 5 4 1 7 3 6 10 5 3 20 6 3 7 3 5 3 2 4 4 3 6 1 4 7 0 0 0 0 
0 3 0 0 0 0 0 0 0 0 0 0 0 0 0 3 0 0 9 0 0 1 0 2 0 2 0 0 0 0 0 0 
0 17 20 27 14 13 5 8 14 18 14 22 10 11 13 10 9 24 19 13 23 23 23 9 25 25 23 26 0 0 0 0 
3 36 31 47 31 42 17 33 16 40 22 11 19 26 15 31 17 28 25 26 22 22 38 28 24 40 30 30 0 0 0 0 
0 62 89 64 67 63 47 61 36 60 40 38 37 38 55 55 63 42 44 49 50 66 44 50 56 74 79 63 0 0 0 0 
0 35 64 22 29 23 27 17 20 25 13 16 23 20 32 17 20 15 16 11 10 25 10 19 11 12 6 7 0 0 0 0 
0 3 6 4 3 9 7 5 3 11 5 3 3 10 15 1 11 6 3 0 1 5 2 3 1 1 2 1 0 0 0 0 
0 7 7 7 1 7 4 6 3 6 4 3 4 12 12 2 7 6 2 0 1 6 3 3 3 1 2 1 0 0 0 0 
0 14 12 18 4 6 4 6 6 1 8 6 5 11 14 2 3 1 1 1 5 5 4 2 2 4 1 1 0 0 0 0 
0 4 2 0 0 0 1 0 0 0 0 0 0 0 0 0 0 0 0 0 0 0 1 0 3 24 0 0 0 0 0 0 
0 7 4 0 2 0 2 0 0 1 0 2 0 2 0 1 1 4 0 0 1 1 0 0 4 3 7 0 0 0 0 0 
0 39 28 21 27 18 7 9 18 38 11 7 18 26 7 9 22 10 17 17 27 14 23 32 32 73 39 16 0 0 0 0 
0 9 4 0 3 1 4 0 2 1 2 3 3 7 7 0 6 4 2 0 6 5 4 0 6 6 9 1 0 0 0 0 
0 21 6 4 12 10 9 4 7 3 6 5 3 4 4 5 5 4 1 5 8 10 5 1 6 11 2 3 0 0 0 0 
0 43 25 29 26 28 28 18 26 16 24 16 14 19 18 10 22 12 2 14 17 23 17 8 15 14 10 24 0 0 0 0 
0 22 26 19 18 19 12 14 12 10 12 9 5 9 18 14 9 11 15 14 16 21 11 10 21 10 19 24 0 0 0 0 
0 35 22 11 31 17 19 21 34 32 32 38 19 48 28 21 46 40 59 30 38 53 38 62 55 41 56 51 0 0 0 0 
0 51 36 11 39 24 26 21 32 42 35 60 23 94 24 22 50 69 98 25 43 69 60 88 82 35 105 80 0 0 0 0 
0 58 42 6 35 30 30 26 61 35 35 53 16 106 40 29 79 81 104 32 65 66 47 87 70 51 76 62 0 0 0 0 
0 12 22 18 22 11 14 8 5 7 7 7 3 15 13 15 7 11 14 7 12 5 2 10 9 7 3 7 0 0 0 0 
0 19 27 13 20 17 11 13 12 11 18 5 7 10 13 12 14 18 7 9 16 13 10 12 12 16 9 13 0 0 0 0 
0 17 17 3 4 5 3 1 3 1 3 2 2 2 2 6 10 4 3 7 16 4 10 4 10 11 12 11 0 0 0 0 
0 2 0 0 0 0 0 1 0 0 0 0 0 0 1 0 2 0 0 0 0 0 0 0 2 2 3 0 0 0 0 0 
0 44 54 32 45 36 25 26 20 41 27 25 25 28 36 41 27 24 45 36 31 34 38 31 44 42 41 36 0 0 0 0 
0 8 11 0 4 12 10 3 0 0 0 0 2 0 10 0 0 0 3 1 0 2 0 0 0 0 0 1 0 0 0 0 
0 14 12 4 12 16 8 6 2 5 6 2 5 0 7 7 7 4 2 8 3 2 3 11 5 7 12 5 0 0 0 0 
0 27 12 13 27 16 3 11 5 10 12 4 8 0 5 17 11 7 2 13 6 2 6 18 10 14 25 7 0 0 0 0 
0 17 11 7 22 13 4 18 11 6 7 5 6 3 4 8 6 6 3 11 4 3 11 8 4 9 15 6 0 0 0 0 
0 1 3 1 0 1 1 2 12 0 0 0 2 1 0 1 0 0 2 2 0 1 5 1 0 1 15 1 0 0 0 0 
0 5 5 3 0 2 1 3 12 0 2 0 3 2 3 4 3 3 2 4 2 5 4 9 4 14 6 7 0 0 0 0 
0 6 12 7 6 12 7 1 14 10 11 6 17 14 10 7 14 7 28 17 13 4 27 27 24 18 32 34 0 0 0 0 
0 0 5 0 10 8 10 4 30 0 14 4 0 4 11 19 4 1 4 2 12 4 12 6 3 4 4 2 0 0 0 0 
0 1 4 0 10 5 4 3 16 0 7 1 0 4 8 11 4 2 4 2 7 3 10 4 2 3 2 0 0 0 0 0 
0 6 5 0 8 5 3 1 18 2 5 2 0 3 7 7 5 2 2 3 7 3 6 3 3 3 1 0 0 0 0 0 
0 13 21 11 21 9 20 36 12 10 4 15 17 20 12 13 27 11 13 6 13 19 14 24 11 21 14 14 0 0 0 0 
0 1 0 1 7 4 2 0 3 0 2 7 1 3 1 1 1 0 0 1 0 0 0 4 1 0 0 0 0 0 0 0 
0 2 0 0 7 5 4 2 8 0 12 19 2 4 5 3 2 1 3 2 3 3 1 5 5 1 4 5 0 0 0 0 
0 9 3 2 11 4 2 0 3 4 6 9 0 7 4 3 4 3 4 2 6 3 2 1 4 3 3 6 0 0 0 0 
0 6 2 3 2 0 2 0 2 2 6 8 0 4 0 0 4 4 19 6 0 2 2 5 14 6 12 12 0 0 0 0 
0 5 2 4 2 0 2 0 2 2 5 8 0 4 0 0 4 4 19 4 0 2 2 6 14 5 12 12 0 0 0 0 
0 1 15 2 25 6 9 8 2 1 5 3 5 8 6 0 3 4 8 0 6 6 6 10 3 1 2 2 0 0 0 0 
0 5 16 4 18 6 17 15 4 8 3 6 7 13 3 2 14 6 13 1 7 7 14 14 14 11 9 15 0 0 0 0 
0 2 1 2 13 5 6 24 0 2 0 8 8 8 6 6 21 3 8 1 0 9 9 16 3 9 14 6 0 0 0 0 
0 0 0 2 17 9 14 26 0 3 0 17 10 10 5 16 21 2 14 0 0 14 7 31 2 9 13 9 0 0 0 0 
0 2 2 3 13 7 12 14 0 5 0 8 7 10 4 10 14 1 10 2 0 21 7 26 5 12 14 10 0 0 0 0 
0 10 9 6 10 8 6 0 2 4 2 1 1 3 0 4 0 2 0 3 0 3 0 1 0 2 1 0 0 0 0 0 
0 11 10 6 12 14 4 1 4 4 1 2 4 4 3 4 0 4 1 2 0 1 0 2 0 2 2 3 0 0 0 0 
0 3 3 4 9 7 8 0 1 2 2 2 0 1 0 9 0 2 0 6 1 7 3 5 1 4 3 5 0 0 0 0 
0 17 12 5 11 3 11 5 4 1 4 12 2 2 11 9 4 8 12 5 2 1 3 6 7 7 10 6 0 0 0 0 
0 23 30 28 5 11 10 9 8 3 1 9 1 8 14 5 3 8 3 7 9 5 6 2 2 4 9 9 0 0 0 0 
0 21 6 0 10 2 3 8 5 4 10 6 7 10 11 4 5 8 6 6 6 10 1 5 6 7 6 6 0 0 0 0 
0 12 11 2 15 1 1 3 2 3 2 7 1 3 5 3 1 0 2 5 6 5 0 0 1 0 1 0 0 0 0 0 
0 16 12 0 17 3 2 4 4 4 5 7 0 2 2 6 2 0 2 8 12 7 0 0 0 0 6 0 0 0 0 0 
0 70 50 28 47 29 17 13 16 20 11 18 10 15 15 8 5 11 15 11 18 19 16 9 28 13 11 14 0 0 0 0 
0 35 21 24 49 25 5 10 9 11 6 6 5 21 9 11 7 7 2 16 4 8 15 3 13 11 7 3 0 0 0 0 
0 24 15 17 20 11 8 5 6 8 7 4 2 7 6 4 1 2 8 9 6 4 7 2 5 4 3 3 0 0 0 0 
0 12 3 2 2 1 1 0 2 1 1 2 4 2 0 2 1 1 6 7 7 2 8 4 3 18 5 22 0 0 0 0 
0 2 6 3 4 3 1 1 5 2 2 5 3 2 4 5 4 1 1 1 0 3 3 2 1 3 0 0 0 0 0 0 
0 12 9 13 5 16 5 4 2 10 6 2 4 5 6 2 12 9 0 10 4 2 4 21 5 6 14 0 0 0 0 0 
0 12 8 12 2 16 4 4 2 10 6 2 4 4 6 2 12 6 0 10 6 2 4 20 6 6 11 0 0 0 0 0 
0 27 30 27 32 20 21 22 27 19 32 21 37 10 28 26 21 32 26 24 25 56 31 34 50 46 44 47 0 0 0 0 
0 33 25 7 23 11 4 5 12 8 15 5 16 15 29 8 14 13 18 16 16 29 17 12 37 36 30 23 0 0 0 0 
0 18 1 5 7 0 2 0 2 0 0 2 0 0 0 2 0 2 0 0 0 0 4 0 1 1 0 3 0 0 0 0 
0 15 12 13 9 6 5 6 15 8 12 10 8 11 8 5 8 6 11 5 19 16 13 16 20 21 14 25 0 0 0 0 
0 19 31 14 19 6 22 20 19 24 14 21 7 23 23 13 33 12 9 25 33 22 17 14 26 25 20 4 0 0 0 0 
0 22 11 13 19 5 15 29 8 11 7 4 7 10 13 5 3 9 15 8 27 15 9 5 18 13 6 10 0 0 0 0 
0 53 40 22 31 18 5 10 17 45 11 14 17 22 12 18 24 10 30 25 30 22 37 43 45 48 50 31 0 0 0 0 
0 20 17 1 13 7 10 11 19 8 12 15 6 24 7 9 16 22 18 11 20 18 23 26 25 14 22 21 0 0 0 0 
0 19 15 7 5 8 12 7 19 9 5 11 4 22 9 6 11 21 12 14 21 10 16 15 10 17 20 18 0 0 0 0 
0 5 3 3 6 4 2 6 4 8 5 10 8 17 8 6 14 1 9 13 9 5 11 2 4 4 4 5 0 0 0 0 
0 24 19 31 58 18 41 33 21 24 8 16 25 28 18 9 21 7 9 9 13 13 18 15 15 29 25 13 0 0 0 0 
0 12 7 4 5 3 3 2 4 3 1 1 5 0 0 1 6 3 0 2 3 7 8 1 2 3 3 1 0 0 0 0 
0 39 29 20 34 27 25 31 22 21 21 19 31 13 33 21 47 17 22 18 27 32 24 13 27 32 52 21 0 0 0 0 
0 17 4 1 2 2 2 2 0 0 2 3 12 11 4 3 4 3 0 2 1 9 4 1 11 9 10 13 0 0 0 0 
0 23 7 10 7 1 9 6 1 1 3 5 9 7 1 5 6 5 1 9 2 16 5 3 6 9 7 8 0 0 0 0 
0 28 10 20 13 4 12 9 4 2 1 4 1 2 2 7 7 6 3 18 2 20 7 4 2 8 4 2 0 0 0 0 
0 38 21 10 11 3 6 9 9 12 17 6 10 10 4 7 12 8 5 5 5 2 5 4 3 5 3 8 0 0 0 0 
0 38 18 11 9 3 2 8 5 6 17 4 8 9 5 5 6 7 4 4 5 6 4 2 3 3 2 6 0 0 0 0 
0 27 18 16 15 11 18 8 18 15 14 27 20 21 26 21 39 22 27 39 25 42 30 43 41 45 30 40 0 0 0 0 
0 13 24 21 10 10 18 26 13 11 9 10 7 16 10 3 13 13 10 7 35 17 12 9 20 25 13 9 0 0 0 0 
0 14 16 26 6 11 13 32 9 10 10 5 2 5 4 0 0 9 6 6 37 18 14 8 11 13 9 10 0 0 0 0 
0 18 23 28 9 14 7 6 7 6 4 7 1 5 10 2 3 3 3 7 7 4 5 0 2 8 5 11 0 0 0 0 
0 3 2 13 7 8 4 0 6 6 2 0 0 2 0 6 0 0 0 7 1 1 2 4 1 6 0 2 0 0 0 0 
0 11 10 6 1 5 4 2 11 7 5 1 4 20 2 16 0 12 9 12 1 2 19 11 3 16 1 12 0 0 0 0 
0 10 13 6 1 6 3 3 11 9 7 2 6 16 3 15 0 14 12 13 1 6 22 12 5 16 2 11 0 0 0 0 
0 76 74 25 29 30 26 24 27 41 35 26 20 27 16 35 13 12 18 18 18 12 21 21 22 21 27 32 0 0 0 0 
0 25 57 27 18 24 21 23 29 30 23 32 26 48 28 50 34 40 18 44 40 48 45 50 61 45 58 52 0 0 0 0 
0 8 13 10 6 7 7 1 9 21 9 5 10 10 6 10 11 7 12 11 8 1 11 12 6 7 8 5 0 0 0 0 
0 3 0 0 0 0 1 1 2 0 0 1 0 1 0 1 1 1 7 0 1 2 2 1 1 2 0 2 0 0 0 0 
0 1 2 0 2 0 0 1 0 0 1 2 0 0 0 0 0 1 0 0 0 1 3 1 0 2 0 0 0 0 0 0 
0 0 4 0 4 0 0 0 0 0 2 2 0 0 0 0 0 2 0 0 0 2 7 2 0 1 0 0 0 0 0 0 
0 32 13 20 10 13 2 4 11 9 12 4 20 5 13 16 9 9 14 17 18 13 22 22 13 10 23 12 0 0 0 0 
0 12 13 12 9 16 3 3 10 10 7 0 10 6 5 9 13 4 25 18 7 5 17 16 4 1 4 0 0 0 0 0 
0 20 22 18 16 9 15 16 14 12 13 12 9 16 16 16 15 5 1 10 14 5 8 5 12 7 8 14 0 0 0 0 
0 11 10 3 4 6 11 9 5 7 4 3 6 6 5 7 3 3 2 0 3 5 5 2 9 5 3 3 0 0 0 0 
0 9 15 7 7 4 14 15 11 7 4 8 12 13 8 4 13 9 8 6 15 10 7 6 8 16 8 7 0 0 0 0 
0 41 28 12 15 7 13 19 15 13 21 11 18 19 13 7 20 13 8 9 17 10 13 8 11 21 10 13 0 0 0 0 
0 7 6 6 4 2 2 6 9 3 4 4 2 5 3 3 3 0 6 1 4 10 4 3 5 0 1 4 0 0 0 0 
0 7 19 11 13 10 12 16 10 6 2 7 14 6 7 9 2 12 7 6 9 3 5 9 8 11 4 11 0 0 0 0 
0 10 24 22 22 17 15 23 26 22 18 23 19 19 22 33 15 23 23 18 18 24 33 35 22 45 27 53 0 0 0 0 
0 7 13 21 19 17 13 20 31 26 27 38 27 25 22 37 23 29 25 24 22 28 41 45 34 57 36 88 0 0 0 0 
0 0 1 0 0 0 0 0 0 0 0 0 0 0 0 0 0 0 3 0 0 0 0 2 1 12 18 0 0 0 0 0 
0 9 18 7 9 5 13 12 17 7 3 0 5 7 4 6 5 4 6 6 3 4 4 0 10 10 12 0 0 0 0 0 
0 5 6 8 6 1 4 7 11 10 1 2 3 3 5 1 3 3 0 2 2 5 3 2 1 4 7 20 0 0 0 0 
0 5 5 4 8 2 2 2 8 7 1 3 0 6 4 0 1 3 0 1 1 8 2 4 1 4 7 20 0 0 0 0 
0 91 75 62 67 42 21 31 32 24 14 12 22 16 12 18 8 9 10 7 12 17 17 7 11 7 5 4 0 0 0 0 
0 0 0 0 0 0 0 0 0 0 0 0 0 0 0 0 0 0 0 0 0 0 0 0 0 0 0 0 0 0 0 0 
0 0 0 0 0 0 0 0 0 0 0 0 0 0 0 0 0 0 0 0 0 0 0 0 0 0 0 0 0 0 0 0 
0 8 4 11 18 5 12 11 5 13 3 6 7 12 8 4 16 4 5 7 9 3 14 5 10 14 12 5 0 0 0 0 
