1542 3388 588 0 14 0 0 0 0 0 44 0 0 0 0 0 0 98 0 0 0 0 0 0 0 0 0 0 0 0 0 0 
367 4230 547 0 1329 1039 0 12 0 0 0 0 0 0 0 0 0 0 0 0 0 0 0 0 0 0 0 0 0 0 0 0 
1224 5684 2061 84 1308 1012 0 48 0 0 0 0 0 0 0 0 8 0 0 0 0 0 0 0 0 0 0 0 0 0 0 0 
4356 5195 6956 4711 5237 3943 647 1541 225 353 542 194 170 112 34 0 3529 161 3 8 7 0 0 0 0 0 0 0 53 0 0 0 
2158 3157 2055 1334 1078 84 345 249 8 105 214 43 6 133 0 0 339 0 0 0 0 0 0 0 0 0 0 0 0 0 0 0 
3068 292 0 60 328 0 0 0 0 0 0 0 0 0 0 0 132 0 0 0 0 0 0 0 0 0 0 0 0 0 0 0 
154 82 128 27 1 0 11 0 7 0 0 0 0 0 0 0 0 0 0 0 7 0 0 0 0 0 0 0 0 0 0 0 
1185 1919 605 229 22 63 23 236 0 46 27 72 0 44 0 0 96 0 0 0 0 0 0 0 0 0 0 0 0 0 0 0 
781 0 28 0 0 0 0 0 0 0 0 0 0 0 0 0 0 0 0 0 0 0 0 0 0 0 0 0 0 0 0 0 
325 290 400 139 0 0 0 0 1 0 8 0 0 0 0 0 135 0 0 0 0 0 0 0 0 0 0 0 0 0 0 0 
298 416 312 295 5340 81 12 98 32 18 107 138 0 0 0 0 281 20 0 0 24 0 0 0 0 0 0 0 0 0 0 0 
283 66 60 109 7593 10 12 1 0 0 10 0 0 0 0 0 68 23 0 0 0 0 0 0 0 0 0 0 0 0 0 0 
2083 4805 5932 5477 6189 3807 16 0 11 11 103 0 0 0 0 0 913 35 2 0 0 53 0 0 0 0 0 26 0 0 0 0 
148 120 148 65 0 0 0 0 0 32 161 0 0 87 0 0 39 8 0 0 0 0 0 0 0 0 0 0 0 0 0 0 
9 0 0 53 0 0 0 0 22 0 0 0 0 40 0 0 0 0 0 0 0 0 0 0 0 0 0 0 0 0 0 0 
0 0 0 0 0 0 0 0 0 0 0 0 0 0 0 0 0 0 0 0 0 0 0 0 0 0 0 0 0 0 0 0 
0 0 0 0 0 0 0 0 0 0 0 0 0 0 0 0 0 0 0 0 0 0 0 0 0 0 0 0 0 0 0 0 
0 0 3 0 0 0 0 0 0 0 0 0 0 0 0 0 0 0 0 0 0 0 0 0 0 0 0 0 0 0 0 0 
219 2534 2275 0 8 0 0 0 0 0 0 0 0 0 0 0 8 0 0 0 0 0 0 0 0 0 0 0 0 0 0 0 
0 0 28 0 0 0 0 0 0 0 0 0 0 0 0 0 0 0 0 0 0 0 0 0 0 0 0 0 0 0 0 0 
1279 1336 1075 688 630 85 493 105 144 111 205 63 163 5 78 0 1369 947 1314 412 160 151 0 0 31 0 0 0 308 16 4 0 
1 46 0 1 0 0 0 0 0 0 0 0 0 0 0 0 0 0 0 0 0 0 0 0 0 0 0 0 0 0 0 0 
231 17 74 597 0 1 0 0 242 5 21 1 0 0 3 0 2 0 0 0 0 0 0 0 0 0 0 0 0 0 0 0 
2492 2156 6012 429 1239 1172 48 4302 183 1830 389 329 0 0 0 0 826 0 0 0 0 0 0 0 0 0 0 0 0 0 0 0 
2192 5403 1392 1037 758 1160 50 126 458 1510 483 90 0 0 0 0 14 0 0 0 0 0 0 0 0 0 0 56 0 0 0 0 
2889 4162 3876 1753 1479 2235 374 2451 395 9 440 41 183 16 0 8 32 86 207 88 11 13 0 0 0 0 0 398 0 0 0 0 
0 0 0 0 0 0 0 0 0 0 0 0 0 0 0 0 0 0 0 0 0 0 0 0 0 0 0 0 0 0 0 0 
751 1046 194 111 837 798 31 41 2 0 11 38 41 18 0 0 3 0 0 0 0 0 0 0 0 0 0 0 0 0 0 0 
392 821 150 77 387 0 0 0 8 0 0 24 0 0 0 0 289 0 0 0 0 0 0 0 0 0 0 0 0 0 0 0 
26 858 40 8 0 7 0 0 0 0 0 0 0 0 0 0 123 0 0 0 0 0 0 0 0 0 0 0 0 0 0 0 
967 484 644 339 164 78 252 97 14 39 92 153 54 35 0 0 170 28 0 0 0 0 0 0 0 0 0 0 0 0 0 0 
