1909 7618 1135 0 1343 1039 0 12 0 0 44 0 0 0 0 0 0 98 0 0 0 0 0 0 0 0 0 0 0 0 0 0 
5580 10879 9017 4795 6545 4955 647 1589 225 353 542 194 170 112 34 0 3537 161 3 8 7 0 0 0 0 0 0 0 53 0 0 0 
5226 3449 2055 1394 1406 84 345 249 8 105 214 43 6 133 0 0 471 0 0 0 0 0 0 0 0 0 0 0 0 0 0 0 
1339 2001 733 256 23 63 34 236 7 46 27 72 0 44 0 0 96 0 0 0 7 0 0 0 0 0 0 0 0 0 0 0 
1106 290 428 139 0 0 0 0 1 0 8 0 0 0 0 0 135 0 0 0 0 0 0 0 0 0 0 0 0 0 0 0 
581 482 372 404 12933 91 24 99 32 18 117 138 0 0 0 0 349 43 0 0 24 0 0 0 0 0 0 0 0 0 0 0 
2231 4925 6080 5542 6189 3807 16 0 11 43 264 0 0 87 0 0 952 43 2 0 0 53 0 0 0 0 0 26 0 0 0 0 
9 0 0 53 0 0 0 0 22 0 0 0 0 40 0 0 0 0 0 0 0 0 0 0 0 0 0 0 0 0 0 0 
0 0 3 0 0 0 0 0 0 0 0 0 0 0 0 0 0 0 0 0 0 0 0 0 0 0 0 0 0 0 0 0 
219 2534 2303 0 8 0 0 0 0 0 0 0 0 0 0 0 8 0 0 0 0 0 0 0 0 0 0 0 0 0 0 0 
1280 1382 1075 689 630 85 493 105 144 111 205 63 163 5 78 0 1369 947 1314 412 160 151 0 0 31 0 0 0 308 16 4 0 
2723 2173 6086 1026 1239 1173 48 4302 425 1835 410 330 0 0 3 0 828 0 0 0 0 0 0 0 0 0 0 0 0 0 0 0 
5081 9565 5268 2790 2237 3395 424 2577 853 1519 923 131 183 16 0 8 46 86 207 88 11 13 0 0 0 0 0 454 0 0 0 0 
751 1046 194 111 837 798 31 41 2 0 11 38 41 18 0 0 3 0 0 0 0 0 0 0 0 0 0 0 0 0 0 0 
418 1679 190 85 387 7 0 0 8 0 0 24 0 0 0 0 412 0 0 0 0 0 0 0 0 0 0 0 0 0 0 0 
