0 224912 123739 26335 23156 4008 6022 2824 8032 0 0 0 0 0 0 0 0 0 0 0 0 0 0 0 0 0 0 0 0 0 0 0 
0 100690 39735 30046 22586 21482 4516 600 561 26 3 0 0 0 0 0 0 0 0 1 130 0 0 0 0 0 0 0 0 0 0 0 
0 70845 73115 52877 21563 17768 7461 5491 329 652 0 0 0 0 0 0 0 0 0 0 0 0 0 0 0 0 0 0 0 0 0 0 
0 73928 44943 40036 75676 30696 6611 1951 761 1192 0 0 0 0 0 0 0 0 0 0 0 0 0 0 0 0 0 0 0 0 0 0 
2721 188415 123677 62409 62230 130765 73435 41970 22016 11625 250 9 4 0 4 4 2 1 4 105 326 72 366 361 61 30 33 44 39 45 29 44 
0 176717 105786 50610 47402 84458 73613 33075 17004 12900 110 2 1 0 0 0 0 0 1 63 276 559 0 0 0 0 0 0 0 0 0 0 
0 197551 113294 64472 55511 107605 56541 69106 29914 10626 1845 9 1 0 0 0 1 0 1 32 512 344 0 0 0 0 0 0 0 0 0 0 
0 170337 92117 49419 40067 73905 35524 20387 39956 14919 3855 39 16 10 10 4 6 7 22 637 2500 25 0 0 0 0 0 0 0 0 0 0 
0 130081 72550 44212 34394 71073 31309 18226 23882 22604 2394 72 25 29 48 14 14 24 21 588 3552 0 0 0 0 0 0 0 0 0 0 0 
0 137347 85422 39090 43327 31628 30474 21765 14794 41690 17291 373 47 107 50 40 30 39 44 4722 11139 713 414 0 0 0 0 0 0 0 0 0 
0 115537 116626 220668 53108 33854 20622 27863 22502 32442 503193 326791 177777 123353 107574 87366 82857 85527 72539 72868 41105 78252 6975 151 0 0 0 0 0 0 0 0 
0 108056 74837 41693 32448 30115 29319 23738 17529 14155 11686 2649 1625 989 889 743 753 701 717 23154 26459 5111 25657 794 0 0 0 0 0 0 0 0 
0 104090 73765 32814 26663 19999 16803 14206 11668 11466 5112 224 141 167 131 111 127 118 116 5226 20951 12687 3622 4261 0 0 0 0 0 0 0 0 
71 74688 54670 28734 24497 17973 16249 14162 11020 10396 4482 451 218 170 118 103 143 111 148 3295 9668 8238 28123 391 14 0 0 22 0 0 0 0 
0 88805 48218 37776 23867 19084 18557 16437 11969 7939 2643 298 141 103 110 89 69 115 101 1794 3602 8799 17260 3465 513 0 0 0 0 0 0 0 
