8105 1691 1100 142 0 0 0 0 0 0 6970 1182 2296 1534 1294 2262 3188 842 156 738 52 736 182 80 434 228 16 0 0 0 0 0 
7251 1934 518 474 57 0 0 0 0 0 4152 5768 1908 1074 1250 1492 1260 232 1200 484 642 674 228 114 280 14 28 0 14 2 0 0 
6121 3886 1472 645 25 10 0 0 0 0 5144 488 1108 4780 1472 1160 696 786 1932 682 1138 1220 206 110 8 38 146 60 98 30 0 0 
6089 2777 2464 943 0 0 0 0 0 0 5434 246 1242 2060 1028 1840 2150 1622 2832 904 798 756 420 180 14 146 16 0 4 4 0 0 
7029 2386 1791 409 194 70 0 0 0 0 5922 656 1978 2918 580 1652 604 2498 652 614 1416 822 536 354 72 62 276 214 6 244 0 0 
5811 2538 1438 719 428 146 0 0 0 0 4554 1727 1238 1554 1576 460 642 2524 236 550 1608 1140 774 914 314 240 358 474 218 90 0 0 
6729 1533 1486 1007 225 37 0 0 0 0 6220 974 796 1716 1114 1296 1158 972 394 1920 462 618 608 538 482 182 260 312 172 64 0 0 
6492 1450 622 1108 588 205 0 0 0 0 6690 926 778 1254 1094 390 228 996 456 704 922 1322 274 1334 154 302 986 828 218 82 0 0 
7574 1985 1110 554 58 12 0 0 0 0 6966 1878 1250 2304 1444 2582 776 648 876 842 634 588 234 26 60 142 72 114 80 72 0 0 
5861 1258 659 1518 1822 354 0 0 0 0 6206 64 780 548 1504 66 76 816 374 750 860 1562 292 2180 182 1658 666 1376 682 468 0 0 
5603 1398 1148 820 187 87 0 0 0 0 5572 462 169 1448 1888 792 710 506 1308 566 876 1644 218 708 272 224 232 216 306 226 0 0 
5505 3122 1676 1053 60 67 0 0 0 0 4124 1058 944 2434 2444 1074 2130 868 1832 290 926 792 468 132 182 380 30 56 582 144 0 0 
6526 1565 652 933 251 25 0 0 0 0 6067 1930 1190 158 1813 1298 218 90 1168 510 844 542 444 868 418 918 326 102 492 282 0 0 
6784 798 913 1279 351 191 0 0 0 0 6616 2240 661 178 712 590 558 436 784 328 742 1893 620 62 506 602 250 288 1280 542 0 0 
5462 2426 754 2028 749 171 0 0 0 0 4202 1068 1308 554 1974 626 334 198 1336 912 1882 1470 1316 618 168 900 642 622 348 378 0 0 
6612 2007 406 1365 220 201 0 0 0 0 6244 2067 1096 1254 1300 156 490 876 630 1552 567 1349 466 264 150 344 290 78 654 390 0 0 
5717 1104 1368 824 1133 525 0 0 0 0 6076 804 94 798 650 110 1702 1872 512 530 619 946 118 1080 946 678 612 770 1024 346 0 0 
7126 1968 1415 365 20 8 0 0 0 0 6836 1900 546 1256 2106 1840 648 2098 954 352 1188 1112 354 92 48 72 114 56 8 0 0 0 
7626 851 1549 197 343 15 0 0 0 0 5526 4462 1316 272 492 612 1662 1628 1004 950 184 178 102 1054 646 172 330 4 102 2 0 0 
6068 2192 775 1323 292 46 0 0 0 0 5682 702 980 1788 1984 454 564 842 1986 1082 1526 1234 218 252 792 150 112 284 230 16 0 0 
6106 1755 1588 296 3 0 0 0 0 0 5140 1370 798 496 2823 1462 1970 1630 904 1126 574 254 180 14 424 50 0 0 0 0 0 0 
4889 2686 2152 611 2 42 0 0 0 0 4114 510 570 2066 2214 792 2454 2084 1224 288 476 1260 176 220 166 64 66 142 126 52 0 0 
7355 2712 720 457 10 0 0 0 0 0 6118 1554 1362 2646 2676 2166 744 786 644 282 1290 432 412 12 142 146 152 12 6 90 0 0 
5581 1614 690 1274 399 49 0 0 0 0 4530 718 1182 1296 1510 816 188 798 1580 1428 1332 310 748 488 410 120 586 304 178 74 0 0 
5785 2457 657 1071 581 22 0 0 0 0 4556 458 2696 1330 1918 16 424 1184 1454 968 1258 990 944 418 890 82 396 194 216 14 0 0 
6449 2269 397 901 387 1 0 0 0 0 4738 3390 2072 1234 1760 234 476 838 604 1742 644 410 1104 132 134 346 550 94 0 130 0 0 
4908 1593 1682 2800 773 84 0 0 0 0 3900 128 458 528 1384 1554 176 376 3258 1478 1852 1338 406 1278 708 126 408 1152 498 270 0 0 
5820 655 2474 1518 1216 172 0 0 0 0 4996 620 366 38 1106 1642 340 1118 1606 978 454 1102 1748 888 670 348 424 1288 912 146 0 0 
5828 1204 2111 1966 1039 142 0 0 0 0 4062 1996 662 556 678 554 596 1364 1740 1424 436 750 752 896 316 516 1106 1894 1092 490 0 0 
6384 1539 954 823 894 209 0 0 0 0 5168 1472 548 2064 1982 450 666 322 388 1054 24 310 796 572 460 1398 1218 1100 728 34 0 0 
6159 2157 539 597 1244 20 0 0 0 0 4482 1822 1822 1850 1430 1344 858 1306 232 582 242 612 818 460 1622 186 266 308 640 98 0 0 
