2547 20569 15348 11898 10562 6844 5651 4022 5081 5313 3855 2521 1192 990 1081 130 840 96 0 0 0 0 0 0 0 0 0 0 0 0 0 0 
41311 107204 82161 57588 46235 29261 23228 14573 14127 12499 7263 7678 1959 2573 1216 200 205 162 0 0 0 0 0 0 0 0 0 0 0 0 0 0 
45670 114651 88937 62093 43465 31849 31209 19916 18591 8760 8185 7984 4122 2949 651 57 232 122 0 0 0 0 0 0 0 0 0 0 0 0 0 0 
53379 115245 90840 65458 36422 26820 26375 15555 19618 10451 10513 8957 3373 2029 713 103 103 9 0 0 0 0 0 0 0 0 0 0 0 0 0 0 
55319 98496 80213 59383 35956 30793 28979 17146 24829 9913 8782 8604 2890 4741 876 117 99 51 0 0 0 0 0 0 0 0 0 0 0 0 0 0 
42957 99038 71198 54353 31560 24661 23635 15328 20869 8904 8155 6858 3145 3701 1075 235 116 127 0 0 0 0 0 0 0 0 0 0 0 0 0 0 
43976 107861 85750 67579 34728 32707 29573 16997 24171 9787 11371 12300 3325 4604 1014 67 43 47 0 0 0 0 0 0 0 0 0 0 0 0 0 0 
56527 128848 122066 98692 53596 45341 40171 31237 26760 10142 19562 9735 2534 2075 881 368 100 0 0 0 0 0 0 0 0 0 0 0 0 0 0 0 
58675 137314 116158 92766 47284 46156 38066 31408 24468 6914 23777 12121 3672 2249 682 285 220 192 0 0 0 0 0 0 0 0 0 0 0 0 0 0 
42201 105363 84252 69679 33913 32970 26337 26911 27837 7361 16287 11659 3167 2348 390 175 220 125 0 0 0 0 0 0 0 0 0 0 0 0 0 0 
47451 103446 90523 74311 38606 31796 28623 21554 26153 10065 13775 8354 2400 2327 614 140 65 4 0 0 0 0 0 0 0 0 0 0 0 0 0 0 
27946 62661 53909 46811 20434 19933 21286 12631 19880 6082 7336 4347 1830 2346 467 69 13 107 0 0 0 0 0 0 0 0 0 0 0 0 0 0 
37694 86397 72976 62369 32951 27184 23993 21857 29483 7868 8865 8563 2311 2787 476 42 76 2 0 0 0 0 0 0 0 0 0 0 0 0 0 0 
27620 58783 51346 45189 29012 23401 19927 14873 17912 8189 5055 5013 885 2570 415 25 148 38 0 0 0 0 0 0 0 0 0 0 0 0 0 0 
32020 52595 49713 42138 33197 22225 21235 14359 15520 8920 5636 5807 1240 2861 885 72 123 10 0 0 0 0 0 0 0 0 0 0 0 0 0 0 
