533 2829 2487 2248 1652 1457 464 845 594 693 1016 699 362 126 243 60 29 0 0 0 0 0 0 0 0 0 0 0 0 0 0 0 
186 978 787 454 568 199 379 314 468 501 165 279 214 132 82 1 290 11 0 0 0 0 0 0 0 0 0 0 0 0 0 0 
14 395 329 23 17 18 180 8 1 10 3 52 15 0 14 0 8 0 0 0 0 0 0 0 0 0 0 0 0 0 0 0 
571 3141 2651 2061 1432 1363 1184 804 627 689 813 658 280 130 127 0 0 27 0 0 0 0 0 0 0 0 0 0 0 0 0 0 
89 225 145 87 370 128 42 29 16 293 163 2 3 22 112 1 63 0 0 0 0 0 0 0 0 0 0 0 0 0 0 0 
607 3714 2390 2582 1684 1473 1024 1000 884 1635 1266 598 153 339 377 68 152 27 0 0 0 0 0 0 0 0 0 0 0 0 0 0 
357 4112 2522 1845 2328 839 325 418 690 908 59 25 48 98 56 0 0 0 0 0 0 0 0 0 0 0 0 0 0 0 0 0 
190 4781 3414 2134 2303 889 848 457 223 584 370 208 117 143 70 0 298 31 0 0 0 0 0 0 0 0 0 0 0 0 0 0 
89 1118 132 85 119 56 16 81 17 18 480 18 145 2 1 0 12 21 0 0 0 0 0 0 0 0 0 0 0 0 0 0 
6615 36757 25230 16783 12786 8670 4483 4746 2040 1656 2656 2480 432 107 75 36 41 6 0 0 0 0 0 0 0 0 0 0 0 0 0 0 
2874 10565 7530 5433 4987 2625 1983 1420 893 2051 283 238 162 408 190 0 22 3 0 0 0 0 0 0 0 0 0 0 0 0 0 0 
12058 17887 17295 12203 11977 8006 5575 3505 2150 2450 1433 1994 215 642 582 163 32 23 0 0 0 0 0 0 0 0 0 0 0 0 0 0 
1081 5980 3237 2277 1802 904 1025 683 433 1131 42 336 19 266 9 1 41 33 0 0 0 0 0 0 0 0 0 0 0 0 0 0 
8161 16941 11628 8196 5899 3179 2649 1500 2009 1805 655 1040 450 522 206 0 9 0 0 0 0 0 0 0 0 0 0 0 0 0 0 0 
5114 8649 8366 6042 5405 2176 1493 1242 860 1664 168 103 55 462 68 0 44 0 0 0 0 0 0 0 0 0 0 0 0 0 0 0 
5319 7947 6638 5001 2566 1937 1379 955 991 1724 1546 1469 481 164 85 0 4 76 0 0 0 0 0 0 0 0 0 0 0 0 0 0 
6290 10498 9647 6667 5534 3622 2469 2471 1659 1497 1105 806 507 152 75 2 17 42 0 0 0 0 0 0 0 0 0 0 0 0 0 0 
14816 20241 18611 12520 7663 6110 3741 3489 3007 1976 2504 2118 1333 937 75 33 93 0 0 0 0 0 0 0 0 0 0 0 0 0 0 0 
5821 16904 10884 7358 5577 3453 2997 2436 2667 1760 1093 988 658 559 135 5 64 75 0 0 0 0 0 0 0 0 0 0 0 0 0 0 
3074 5988 5657 4519 3559 2467 2364 1116 878 549 106 324 53 303 32 0 4 0 0 0 0 0 0 0 0 0 0 0 0 0 0 0 
1857 11344 5549 2629 1720 1179 1268 1180 651 607 373 837 229 381 91 0 0 0 0 0 0 0 0 0 0 0 0 0 0 0 0 0 
8301 22054 15732 10805 7431 5495 4112 3812 2238 1059 1150 1011 659 363 155 5 6 0 0 0 0 0 0 0 0 0 0 0 0 0 0 0 
2745 9587 6164 4239 3443 1671 1760 1368 562 568 454 798 285 122 66 1 4 2 0 0 0 0 0 0 0 0 0 0 0 0 0 0 
2766 15785 13408 10908 7494 4774 2823 3603 2195 744 1400 1102 398 132 22 11 44 3 0 0 0 0 0 0 0 0 0 0 0 0 0 0 
13812 18635 17252 11984 8261 4789 3237 2628 2552 3000 2254 1351 193 125 72 0 0 0 0 0 0 0 0 0 0 0 0 0 0 0 0 0 
2833 9813 6784 4738 2940 1632 1061 1028 903 817 405 273 72 305 37 0 45 0 0 0 0 0 0 0 0 0 0 0 0 0 0 0 
5071 9218 7728 6435 2902 2329 1585 2525 1216 783 2243 1816 499 17 31 12 4 0 0 0 0 0 0 0 0 0 0 0 0 0 0 0 
1547 3790 4179 4448 1714 1199 1068 988 137 100 577 214 192 56 139 68 36 0 0 0 0 0 0 0 0 0 0 0 0 0 0 0 
5433 18108 12673 7808 4908 3471 2426 2220 3328 1159 1163 1355 829 334 58 4 0 0 0 0 0 0 0 0 0 0 0 0 0 0 0 0 
6956 18320 13597 10066 4341 3770 2510 1970 2724 1096 1356 1280 507 321 129 12 9 9 0 0 0 0 0 0 0 0 0 0 0 0 0 0 
10467 21268 15390 10522 6087 4149 2885 2933 2949 2558 1899 1768 660 317 173 7 4 0 0 0 0 0 0 0 0 0 0 0 0 0 0 0 
7260 13898 10092 7113 4282 2402 1553 920 2127 938 616 900 421 554 74 0 5 0 0 0 0 0 0 0 0 0 0 0 0 0 0 0 
2985 3888 4292 3647 2917 1811 1545 961 1941 726 347 522 104 603 79 0 9 0 0 0 0 0 0 0 0 0 0 0 0 0 0 0 
5967 12211 11273 10089 5810 4398 3268 3046 3307 2065 540 640 233 745 119 1 0 0 0 0 0 0 0 0 0 0 0 0 0 0 0 0 
12534 9991 10578 8768 5541 4691 3371 2060 4386 1177 820 1150 295 776 200 3 29 29 0 0 0 0 0 0 0 0 0 0 0 0 0 0 
6247 10266 8331 4964 3735 2343 2405 1721 1705 2330 857 1310 530 675 158 0 3 8 0 0 0 0 0 0 0 0 0 0 0 0 0 0 
9019 16232 11789 7900 4236 4101 2900 2452 1541 886 2090 1695 435 620 151 44 1 2 0 0 0 0 0 0 0 0 0 0 0 0 0 0 
7016 12530 8678 6289 4180 2854 2259 2061 1038 962 1164 976 396 490 71 2 35 5 0 0 0 0 0 0 0 0 0 0 0 0 0 0 
3653 6481 6731 5351 3284 3892 2564 1587 808 683 1153 1042 480 321 38 46 19 7 0 0 0 0 0 0 0 0 0 0 0 0 0 0 
7898 24482 14836 9615 5038 3628 2117 2523 2213 1084 1811 1269 417 511 60 21 3 0 0 0 0 0 0 0 0 0 0 0 0 0 0 0 
1359 5996 5443 4206 3161 2049 1965 1612 1451 1305 289 487 36 316 98 23 0 0 0 0 0 0 0 0 0 0 0 0 0 0 0 0 
1889 5457 2842 1838 1648 1022 838 715 867 516 167 241 260 437 4 0 0 0 0 0 0 0 0 0 0 0 0 0 0 0 0 0 
8008 14415 11386 9294 4961 4123 3357 1951 1391 1583 823 916 345 240 428 173 3 0 0 0 0 0 0 0 0 0 0 0 0 0 0 0 
2862 14408 7925 5080 3254 1988 1863 1497 1762 313 469 604 291 407 73 0 2 36 0 0 0 0 0 0 0 0 0 0 0 0 0 0 
8634 20897 12803 8826 4845 4321 2474 2915 2845 1915 1812 1690 1061 734 130 2 7 30 0 0 0 0 0 0 0 0 0 0 0 0 0 0 
2976 10244 5655 4726 2608 1622 1488 2133 2088 345 1239 498 113 392 108 0 21 25 0 0 0 0 0 0 0 0 0 0 0 0 0 0 
8943 11159 10218 8993 4641 4371 3235 2422 2961 820 1834 1082 306 527 184 19 7 36 0 0 0 0 0 0 0 0 0 0 0 0 0 0 
8286 14835 12467 9558 5643 3046 2275 1642 2770 2107 1522 1340 733 648 50 18 76 0 0 0 0 0 0 0 0 0 0 0 0 0 0 0 
5023 8613 9561 8467 4275 3636 3048 1957 2109 2322 1530 1644 203 556 280 20 2 14 0 0 0 0 0 0 0 0 0 0 0 0 0 0 
3246 10241 5247 3357 1317 1120 838 1159 493 851 1445 1965 455 145 24 0 8 2 0 0 0 0 0 0 0 0 0 0 0 0 0 0 
9113 18460 16199 12544 6807 6501 4188 2663 3720 1470 1433 901 362 822 173 5 5 16 0 0 0 0 0 0 0 0 0 0 0 0 0 0 
2010 3175 2146 1246 1352 1159 762 170 333 492 54 662 8 279 119 0 0 0 0 0 0 0 0 0 0 0 0 0 0 0 0 0 
9214 22612 16986 13282 8578 7308 5052 3481 4448 1978 1365 2741 663 1367 163 7 11 15 0 0 0 0 0 0 0 0 0 0 0 0 0 0 
4167 13564 10392 7451 4280 2554 1740 2478 2405 780 1471 533 268 279 60 16 0 0 0 0 0 0 0 0 0 0 0 0 0 0 0 0 
1133 6236 2464 2125 477 632 333 229 397 38 208 232 362 274 0 0 0 0 0 0 0 0 0 0 0 0 0 0 0 0 0 0 
10070 22511 19072 16363 6449 6584 4182 4223 3428 1856 3865 3622 1004 882 195 19 17 0 0 0 0 0 0 0 0 0 0 0 0 0 0 0 
9597 19054 17416 13077 8658 7096 5017 3991 5028 1582 2097 1349 502 656 49 18 47 0 0 0 0 0 0 0 0 0 0 0 0 0 0 0 
9225 14190 12780 9746 5275 4702 4180 2982 1504 979 2000 1117 284 134 527 276 0 0 0 0 0 0 0 0 0 0 0 0 0 0 0 0 
5086 15648 12300 10061 6137 3755 2252 2895 1195 1528 2247 1302 253 128 12 7 0 0 0 0 0 0 0 0 0 0 0 0 0 0 0 0 
8847 17657 19050 16296 7151 6123 4313 4415 3660 1221 3789 1672 469 273 7 5 32 0 0 0 0 0 0 0 0 0 0 0 0 0 0 0 
7204 13757 15056 13555 7268 5515 3246 4127 1831 1750 1630 965 252 132 96 1 13 0 0 0 0 0 0 0 0 0 0 0 0 0 0 0 
7034 13555 15673 12275 6957 4814 3554 3130 2893 1894 1516 336 112 153 112 42 5 0 0 0 0 0 0 0 0 0 0 0 0 0 0 0 
3522 13849 10823 9803 4882 4638 2646 3768 3009 809 1376 625 195 418 64 2 3 0 0 0 0 0 0 0 0 0 0 0 0 0 0 0 
6012 18227 14706 10703 5911 4731 2568 5341 1328 379 4907 2369 467 181 14 17 0 0 0 0 0 0 0 0 0 0 0 0 0 0 0 0 
6477 13521 13894 11695 5954 5682 2953 4422 2241 770 3436 1486 409 130 105 30 23 0 0 0 0 0 0 0 0 0 0 0 0 0 0 0 
10895 24072 18811 14074 7027 6946 4395 5819 3535 991 4729 2210 612 728 245 97 8 0 0 0 0 0 0 0 0 0 0 0 0 0 0 0 
6437 13773 14424 11939 5249 6164 2580 4042 2434 1092 3647 1753 490 214 55 14 3 0 0 0 0 0 0 0 0 0 0 0 0 0 0 0 
5986 11442 11301 9804 5077 3724 2273 3319 1992 910 2259 807 290 61 45 38 11 87 0 0 0 0 0 0 0 0 0 0 0 0 0 0 
6833 13410 11487 9849 5503 4510 2237 3797 2911 831 2281 1426 201 83 46 3 23 0 0 0 0 0 0 0 0 0 0 0 0 0 0 0 
5348 15003 10620 8324 4524 3175 2884 3071 1161 418 2902 1217 262 166 17 18 36 96 0 0 0 0 0 0 0 0 0 0 0 0 0 0 
11052 26147 18994 13996 7339 6591 3232 3570 3156 897 2841 1828 988 337 86 82 116 9 0 0 0 0 0 0 0 0 0 0 0 0 0 0 
5647 16878 12291 9853 5263 4984 2852 2976 2830 1005 1682 1394 420 530 83 3 0 0 0 0 0 0 0 0 0 0 0 0 0 0 0 0 
6418 12656 12621 9130 4300 5077 2503 3581 3041 583 2855 1966 480 134 70 1 7 8 0 0 0 0 0 0 0 0 0 0 0 0 0 0 
10105 20955 15556 11783 6082 6283 3484 4425 3974 1342 2763 2885 687 559 58 46 52 98 0 0 0 0 0 0 0 0 0 0 0 0 0 0 
7811 18774 11418 9590 4968 4513 2776 3372 3588 1122 1556 1878 573 544 19 5 13 0 0 0 0 0 0 0 0 0 0 0 0 0 0 0 
2124 5380 5968 5695 2390 2158 2253 1817 1899 1040 1413 949 187 378 29 0 6 0 0 0 0 0 0 0 0 0 0 0 0 0 0 0 
4631 14929 10323 8649 4861 3367 2479 4299 3201 1215 2293 1174 377 486 104 83 112 0 0 0 0 0 0 0 0 0 0 0 0 0 0 0 
2502 8627 7216 6022 3393 2453 1310 3592 797 316 1869 684 164 14 60 23 28 18 0 0 0 0 0 0 0 0 0 0 0 0 0 0 
2620 8858 8004 7543 3474 2737 1499 1991 2333 918 1274 847 317 67 7 1 0 0 0 0 0 0 0 0 0 0 0 0 0 0 0 0 
5990 13163 10064 8971 3438 3785 2688 3246 2692 825 2264 1276 382 166 43 16 2 1 0 0 0 0 0 0 0 0 0 0 0 0 0 0 
6465 14144 11692 8609 3680 3602 2831 3448 3477 2071 2623 3417 795 395 131 16 5 3 0 0 0 0 0 0 0 0 0 0 0 0 0 0 
7410 17268 10105 6382 4316 2994 2002 2341 1765 1046 1091 759 373 301 8 0 5 0 0 0 0 0 0 0 0 0 0 0 0 0 0 0 
4950 9997 10373 9184 4605 4503 2011 2714 1615 1328 1629 511 111 154 82 0 4 0 0 0 0 0 0 0 0 0 0 0 0 0 0 0 
3952 8505 9285 8377 5006 3494 2274 2657 2006 932 2347 947 168 317 59 15 1 0 0 0 0 0 0 0 0 0 0 0 0 0 0 0 
10900 19856 18212 14807 8082 5880 4143 3628 3630 2165 1776 1332 310 747 229 95 1 1 0 0 0 0 0 0 0 0 0 0 0 0 0 0 
5228 16618 12447 11128 5567 4050 3264 2624 4268 1390 2813 944 304 324 8 10 44 0 0 0 0 0 0 0 0 0 0 0 0 0 0 0 
6129 10329 10104 8357 3888 2678 2026 2152 1819 855 608 404 121 31 33 0 5 0 0 0 0 0 0 0 0 0 0 0 0 0 0 0 
2417 4458 4858 4899 2339 1656 1652 1353 735 278 888 40 218 58 64 4 0 0 0 0 0 0 0 0 0 0 0 0 0 0 0 0 
2994 5104 6144 5782 1767 1793 1517 1811 1537 634 2162 2028 426 239 55 5 8 50 0 0 0 0 0 0 0 0 0 0 0 0 0 0 
6757 8905 10952 9854 3844 3493 2683 1994 2861 1528 1314 388 165 429 46 10 0 0 0 0 0 0 0 0 0 0 0 0 0 0 0 0 
4034 11976 7906 5575 2450 2400 1874 1300 3384 991 1115 376 171 490 41 3 0 3 0 0 0 0 0 0 0 0 0 0 0 0 0 0 
6958 13116 9058 7744 3564 3518 2356 1994 2769 1153 928 741 563 580 271 49 4 46 0 0 0 0 0 0 0 0 0 0 0 0 0 0 
1872 7010 2343 1640 1062 713 982 881 499 98 167 169 340 134 14 1 1 0 0 0 0 0 0 0 0 0 0 0 0 0 0 0 
2309 6143 5304 5274 2333 1927 924 1755 651 143 1220 425 77 59 7 1 0 8 0 0 0 0 0 0 0 0 0 0 0 0 0 0 
1715 4591 5167 5179 1942 1906 1515 1428 1103 317 303 152 63 71 0 0 0 0 0 0 0 0 0 0 0 0 0 0 0 0 0 0 
1307 3689 3846 3387 2441 1380 1145 929 1290 1218 127 68 25 344 33 0 0 0 0 0 0 0 0 0 0 0 0 0 0 0 0 0 
3933 13963 8153 6323 2767 2873 1869 2824 3026 630 1501 1264 555 247 74 0 2 0 0 0 0 0 0 0 0 0 0 0 0 0 0 0 
3390 11017 8938 9219 3646 3613 2323 1997 3751 1239 914 609 185 433 42 0 4 0 0 0 0 0 0 0 0 0 0 0 0 0 0 0 
3004 5495 5920 5068 3006 1763 2123 1839 1751 645 198 247 108 117 23 1 1 0 0 0 0 0 0 0 0 0 0 0 0 0 0 0 
4928 14535 7892 5785 3487 2412 1731 2071 1884 894 1607 1617 262 430 52 0 5 0 0 0 0 0 0 0 0 0 0 0 0 0 0 0 
6339 15037 12189 10414 7103 3687 2903 2023 4139 1609 1418 394 234 380 18 24 38 1 0 0 0 0 0 0 0 0 0 0 0 0 0 0 
3950 9098 8320 7684 4025 3510 1800 2619 1534 552 667 1017 278 83 83 3 2 0 0 0 0 0 0 0 0 0 0 0 0 0 0 0 
9004 10148 13034 10988 4829 4626 3310 4415 3065 1467 2328 2427 601 450 74 14 24 1 0 0 0 0 0 0 0 0 0 0 0 0 0 0 
3146 5151 5404 4560 3037 2379 2349 3285 1917 832 232 988 88 647 110 0 0 0 0 0 0 0 0 0 0 0 0 0 0 0 0 0 
1451 6983 3688 3681 1760 1604 998 1857 1936 535 189 194 68 63 17 9 42 3 0 0 0 0 0 0 0 0 0 0 0 0 0 0 
1671 4841 3849 2597 1420 1429 491 754 544 196 1060 820 42 1 1 0 3 0 0 0 0 0 0 0 0 0 0 0 0 0 0 0 
5932 9873 8784 7375 3085 3763 1885 2894 1952 525 1283 1161 347 94 18 0 0 1 0 0 0 0 0 0 0 0 0 0 0 0 0 0 
2255 3942 3890 4254 1991 1314 917 1995 2187 952 264 306 66 401 15 1 6 0 0 0 0 0 0 0 0 0 0 0 0 0 0 0 
1515 5252 4835 3774 3975 2239 1606 975 1172 1472 198 415 97 999 23 0 4 0 0 0 0 0 0 0 0 0 0 0 0 0 0 0 
4044 7131 6410 5144 5211 3457 2541 2256 751 1335 142 712 44 324 63 0 69 5 0 0 0 0 0 0 0 0 0 0 0 0 0 0 
4715 7699 6690 5480 5053 2866 2008 1500 618 997 596 647 57 441 194 15 5 20 0 0 0 0 0 0 0 0 0 0 0 0 0 0 
6037 11452 10730 11044 5707 4679 3781 2152 3492 2177 1323 758 164 247 84 0 19 9 0 0 0 0 0 0 0 0 0 0 0 0 0 0 
1186 2635 2844 2531 2111 1394 1511 879 611 597 100 193 64 68 28 34 0 0 0 0 0 0 0 0 0 0 0 0 0 0 0 0 
2470 7274 6074 5931 5133 2540 1657 1348 768 466 802 929 71 86 5 9 39 0 0 0 0 0 0 0 0 0 0 0 0 0 0 0 
7062 9478 9450 7722 6545 4141 3333 2467 2580 2270 1181 2045 352 1016 328 9 51 0 0 0 0 0 0 0 0 0 0 0 0 0 0 0 
8469 13071 10877 9770 6402 4836 4272 3465 5061 1592 1438 738 160 985 140 0 5 7 0 0 0 0 0 0 0 0 0 0 0 0 0 0 
3855 5151 6360 5351 3321 2152 1470 1126 1027 848 445 363 277 325 44 2 5 3 0 0 0 0 0 0 0 0 0 0 0 0 0 0 
4889 6957 5470 4551 3360 2386 2105 2057 554 2028 612 553 235 246 154 0 0 0 0 0 0 0 0 0 0 0 0 0 0 0 0 0 
3439 5524 5796 4363 3948 2553 1900 1888 1156 892 1031 979 81 112 178 18 23 0 0 0 0 0 0 0 0 0 0 0 0 0 0 0 
650 1289 995 543 1775 651 492 786 81 227 27 7 0 23 8 0 0 0 0 0 0 0 0 0 0 0 0 0 0 0 0 0 
966 1151 1130 938 724 208 106 55 242 223 28 13 57 91 9 0 0 0 0 0 0 0 0 0 0 0 0 0 0 0 0 0 
516 3328 370 713 11 6 6 48 209 7 15 20 582 301 0 0 0 0 0 0 0 0 0 0 0 0 0 0 0 0 0 0 
461 3396 507 987 5 7 8 74 567 13 31 40 390 283 0 0 0 0 0 0 0 0 0 0 0 0 0 0 0 0 0 0 
732 3691 690 699 23 10 9 93 807 4 77 13 530 197 10 0 0 0 0 0 0 0 0 0 0 0 0 0 0 0 0 0 
395 1582 175 297 28 16 18 42 278 19 34 56 291 250 3 0 0 0 0 0 0 0 0 0 0 0 0 0 0 0 0 0 
