157 0 0 0 0 0 0 0 0 0 0 0 0 0 0 0 0 0 0 0 0 0 0 0 35 0 0 0 0 0 0 0 
154 0 0 0 0 0 0 0 0 0 0 0 0 0 0 0 0 0 0 0 0 0 0 0 35 0 0 0 0 0 0 0 
113 0 0 0 0 0 0 0 0 0 0 0 0 0 0 0 0 0 0 0 0 0 0 0 21 0 0 0 0 0 0 0 
150 0 0 0 0 0 0 0 0 0 0 0 0 0 0 0 0 0 0 0 0 0 0 0 35 0 0 0 0 0 0 0 
77 0 0 0 0 0 0 0 0 0 0 0 0 0 0 0 0 0 0 0 0 0 0 0 7 0 0 0 0 0 0 0 
109 23 0 0 0 0 0 0 0 0 0 0 0 0 0 0 0 0 0 0 0 0 0 0 14 0 0 0 0 0 0 0 
123 40 0 0 0 0 0 0 0 0 0 0 0 0 0 0 0 0 0 0 0 0 0 0 21 0 0 0 0 0 0 0 
128 0 0 0 0 0 0 0 0 0 0 0 0 0 0 0 0 0 0 0 0 0 0 0 14 0 0 0 0 0 0 0 
151 24 0 0 0 0 0 0 0 0 0 0 0 0 0 0 0 0 0 0 0 0 0 0 28 0 0 0 0 0 0 0 
151 19 0 0 0 0 0 0 0 0 0 0 0 0 0 0 0 0 0 0 0 0 0 0 21 0 0 0 0 0 0 0 
165 72 0 0 10 0 0 0 0 0 0 0 0 0 0 0 0 0 0 0 0 0 0 0 14 0 0 0 0 0 0 0 
166 124 0 0 10 0 0 0 0 0 0 0 0 0 0 0 0 0 0 0 0 0 0 0 14 0 0 0 0 0 0 0 
171 137 0 0 0 0 0 0 0 0 0 0 0 0 0 0 0 0 0 0 0 0 0 0 28 0 0 0 0 0 0 0 
199 153 0 0 11 0 0 0 0 0 0 0 0 0 0 0 0 0 0 0 0 0 0 0 21 0 0 0 0 0 0 0 
146 90 7 0 14 0 0 0 0 0 0 0 0 0 0 0 0 0 0 0 0 0 0 0 14 0 0 0 0 0 0 0 
164 71 0 0 10 0 0 0 0 0 0 0 0 0 0 0 0 0 0 0 0 0 0 0 7 0 0 0 0 0 0 0 
163 105 12 0 0 0 0 0 0 0 0 0 0 0 0 0 0 0 0 0 0 0 0 0 21 0 0 0 0 0 0 0 
155 157 11 16 0 0 0 0 0 0 0 0 0 0 0 0 0 0 0 0 0 0 0 0 18 0 0 0 0 0 0 0 
117 197 10 0 0 0 0 0 0 0 0 0 0 0 0 0 0 0 0 0 0 0 0 0 25 0 0 0 0 0 0 0 
136 195 12 0 0 0 0 0 0 0 0 0 0 0 0 0 0 0 0 0 0 9 0 0 17 0 0 0 0 0 0 0 
126 169 0 0 0 0 0 0 0 0 0 0 0 0 0 0 0 0 0 0 0 0 0 0 11 0 0 0 0 0 0 0 
38 32 0 0 0 0 0 0 0 0 0 0 0 0 0 0 0 0 0 0 0 0 0 0 0 0 0 0 0 0 0 0 
120 209 0 0 0 0 0 0 0 0 0 0 0 0 0 0 0 0 0 0 0 0 0 0 54 0 0 0 0 0 0 0 
163 126 13 0 0 0 0 0 0 0 0 0 0 0 0 0 0 0 0 0 0 13 0 0 7 0 0 0 0 0 0 0 
204 193 0 0 0 0 0 0 0 0 0 0 0 0 0 0 0 0 0 0 0 35 0 0 7 0 0 0 0 0 0 0 
153 153 0 0 0 0 0 0 0 0 0 0 0 0 0 0 0 0 0 0 0 21 0 0 7 0 0 0 0 0 0 0 
129 168 23 0 0 0 0 0 0 0 0 0 0 0 0 0 0 0 0 0 0 0 0 0 17 0 0 0 0 0 0 0 
115 140 26 0 0 0 0 0 0 0 0 0 0 0 0 0 0 0 0 0 0 13 14 0 7 0 0 0 0 0 0 0 
95 117 0 9 0 0 0 0 0 0 0 0 0 0 0 0 0 0 0 0 0 0 0 0 14 0 0 0 0 0 0 0 
161 184 0 11 0 0 0 0 0 0 0 0 0 0 0 0 0 0 0 0 0 0 0 0 14 0 0 0 0 0 0 0 
142 141 0 0 0 0 0 0 0 0 0 0 0 0 0 0 0 0 0 0 0 0 0 0 21 0 0 0 0 0 0 0 
125 95 38 0 0 0 0 0 0 0 0 0 0 0 0 0 0 0 0 0 7 0 0 0 14 0 0 0 0 0 0 0 
98 138 0 0 0 0 0 0 0 0 0 0 0 0 0 0 0 0 0 0 0 0 0 0 14 0 0 0 0 0 0 0 
147 34 51 0 0 0 0 0 0 0 0 0 0 0 0 0 0 0 0 0 14 0 0 0 0 0 0 0 0 0 0 0 
175 47 92 0 0 0 0 0 0 0 0 0 0 0 0 0 0 0 0 0 26 0 0 0 7 0 0 0 0 0 0 0 
185 101 81 0 0 0 0 0 0 0 0 0 0 0 0 0 0 0 0 0 17 0 0 0 17 0 0 0 0 0 0 0 
140 130 9 0 0 0 0 0 0 0 0 0 0 0 0 0 0 0 0 0 0 10 0 0 10 0 0 0 0 0 0 0 
175 224 0 12 0 0 0 0 0 0 0 0 0 0 0 0 0 0 0 0 0 0 39 0 10 0 0 0 0 0 0 0 
85 114 0 0 0 0 0 0 0 0 0 0 0 0 0 0 0 0 0 0 0 23 14 0 0 0 0 0 0 0 0 0 
107 154 0 0 0 0 0 0 0 0 0 0 0 0 0 0 0 0 0 0 0 21 0 0 0 0 0 0 0 0 0 0 
120 128 0 0 0 0 0 0 0 0 0 0 0 0 0 0 0 0 0 0 0 14 0 0 0 0 0 0 0 0 0 0 
77 84 0 0 0 0 0 0 0 0 0 0 0 0 0 0 0 0 0 0 0 0 15 0 0 0 0 0 0 0 0 0 
157 82 0 0 0 0 0 0 0 0 0 0 0 0 0 0 0 0 0 0 0 0 12 0 0 0 0 0 0 0 0 0 
147 154 0 0 0 0 0 0 0 0 0 0 0 0 0 0 0 0 0 0 0 21 0 0 0 0 0 0 0 0 0 0 
137 110 15 0 0 0 0 0 0 0 0 0 0 0 0 0 0 0 0 0 0 7 0 0 0 0 0 0 0 0 0 0 
84 43 24 0 0 0 0 0 0 0 0 0 0 0 0 0 0 0 0 0 0 0 9 0 0 0 0 0 0 0 0 0 
94 84 19 0 0 0 0 0 0 0 0 0 0 0 0 0 0 0 0 0 0 7 0 0 0 0 0 0 0 0 0 0 
137 100 38 0 0 0 0 0 0 0 0 0 0 0 0 0 0 0 7 0 0 23 0 0 0 0 0 0 0 0 0 0 
105 123 0 0 0 0 0 0 0 0 0 0 0 0 0 0 0 0 0 0 0 10 0 0 0 0 0 0 0 0 0 0 
117 43 71 0 0 0 0 0 0 0 0 0 0 0 0 0 0 0 7 0 0 0 0 0 10 0 0 0 0 0 0 0 
183 89 78 0 0 0 0 0 0 0 0 0 0 0 0 0 0 0 14 0 0 7 0 0 0 0 0 0 0 0 0 0 
217 66 151 0 0 0 0 0 0 0 0 0 0 0 0 0 0 0 21 0 0 0 15 0 0 0 0 0 0 0 0 0 
236 130 97 10 0 0 0 0 0 0 0 0 0 0 0 0 0 0 0 14 0 21 0 0 0 0 0 0 0 0 0 0 
195 110 53 11 0 0 0 0 0 0 0 0 0 0 0 0 0 0 0 0 0 10 0 0 0 0 0 0 0 0 0 0 
225 63 58 48 12 0 0 0 0 0 0 0 0 0 0 0 0 0 10 0 0 18 0 0 0 0 0 0 0 0 0 0 
90 111 0 0 0 0 0 0 0 0 0 0 0 0 0 0 0 0 0 0 0 14 0 0 0 0 0 0 0 0 0 0 
146 198 0 9 0 0 0 0 0 0 0 0 0 0 0 0 0 0 0 0 0 21 0 0 0 0 0 0 0 0 0 0 
141 141 0 11 0 0 0 0 0 0 0 0 0 0 0 0 0 0 0 0 0 7 0 0 0 0 0 0 0 0 0 0 
104 44 44 0 0 0 0 0 0 0 0 0 0 0 0 0 0 0 0 0 0 0 0 0 0 0 0 0 0 0 0 0 
128 163 15 11 0 0 0 0 0 0 0 0 0 0 0 0 0 0 0 0 0 31 0 0 0 0 0 0 0 0 0 0 
149 175 0 13 0 0 0 0 0 0 0 0 0 0 0 0 0 0 0 0 0 24 0 0 0 0 0 0 0 0 0 0 
172 86 70 0 0 0 0 23 0 0 0 0 0 0 0 10 12 0 0 0 0 7 0 0 0 0 0 0 0 0 0 0 
172 147 23 7 0 0 0 0 0 0 0 0 0 0 0 0 0 0 0 0 0 0 0 0 13 0 0 0 0 0 0 0 
147 163 29 0 0 0 0 0 0 0 0 0 0 0 0 0 0 0 0 0 0 21 0 0 0 0 0 0 0 0 0 0 
210 25 101 0 37 0 0 0 0 0 0 0 0 0 0 0 11 0 23 0 0 0 0 0 7 0 0 0 0 0 0 0 
221 108 0 27 104 0 0 0 0 0 0 0 0 0 0 0 0 0 0 0 0 7 0 0 43 0 0 0 0 0 0 0 
163 146 42 0 0 0 0 0 0 0 0 0 0 0 0 0 0 0 0 0 0 24 0 0 0 0 0 0 0 0 0 0 
107 76 29 0 0 0 0 0 0 0 0 0 0 0 0 0 0 0 0 0 0 18 0 0 0 0 0 0 0 0 0 0 
195 116 23 11 58 0 0 0 0 0 0 0 0 0 0 0 0 0 0 0 0 0 0 0 7 0 0 0 0 0 0 0 
154 138 56 0 0 0 0 0 0 0 0 0 0 0 0 0 0 0 0 0 0 21 0 0 0 0 0 0 0 0 0 0 
164 57 84 0 0 0 0 0 0 0 0 0 0 0 0 0 0 0 13 0 0 13 0 0 0 0 0 0 0 0 0 0 
148 98 37 0 0 0 0 0 0 0 0 0 0 0 0 0 0 0 0 0 0 0 0 0 0 0 0 0 0 0 0 0 
141 77 10 0 0 0 0 0 0 0 0 0 0 0 0 0 0 0 0 0 0 10 0 0 0 0 0 0 0 0 0 0 
188 100 66 0 0 0 0 0 0 0 0 0 0 0 0 0 0 0 7 0 0 14 0 0 0 0 0 0 0 0 0 0 
164 112 51 0 0 0 0 0 0 0 0 0 0 0 0 0 0 0 0 0 0 27 0 0 0 0 0 0 0 0 0 0 
220 60 91 33 0 0 0 0 0 0 10 0 0 0 0 11 0 0 0 0 0 10 0 0 0 0 0 0 0 0 0 0 
240 98 26 28 19 0 0 0 0 0 0 0 0 0 0 0 0 0 10 0 0 0 0 0 0 0 0 0 0 0 0 0 
240 181 20 0 92 0 0 0 0 0 0 0 0 0 0 0 0 0 0 0 0 14 0 0 21 0 0 0 0 0 0 0 
188 97 28 7 0 12 0 0 0 0 0 0 0 0 0 0 0 0 0 0 0 0 0 0 0 0 0 0 0 0 0 0 
239 123 45 20 25 11 0 0 0 0 0 8 0 0 0 15 0 0 0 0 0 7 0 0 7 0 0 0 0 0 0 0 
157 131 10 0 0 0 0 0 0 0 0 0 0 0 0 0 0 0 0 0 0 14 0 0 0 0 0 0 0 0 0 0 
168 151 62 16 0 0 0 0 0 0 0 0 0 0 0 0 0 0 0 0 0 24 0 0 0 0 0 0 0 0 0 0 
198 178 32 0 56 0 0 0 0 0 0 0 0 0 0 0 0 0 0 0 0 14 0 0 7 0 0 0 0 0 0 0 
162 133 37 0 31 0 0 0 0 0 0 0 0 0 0 0 0 0 0 0 0 7 0 0 7 0 0 0 0 0 0 0 
126 179 23 0 0 0 0 0 0 0 0 0 0 0 0 0 0 0 0 0 0 21 0 0 0 0 0 0 0 0 0 0 
121 86 46 0 0 0 0 0 0 0 0 0 0 0 0 0 0 0 0 0 0 0 0 0 0 0 0 0 0 0 0 0 
196 107 41 13 22 0 0 0 0 0 0 0 0 0 0 0 0 0 0 0 0 7 0 0 7 0 0 0 0 0 0 0 
134 132 169 0 0 0 0 0 0 0 0 0 0 0 0 0 0 0 0 0 0 45 0 0 0 0 0 0 0 0 0 0 
150 48 80 0 0 0 0 0 0 0 0 0 0 0 0 0 0 0 0 0 0 21 0 0 0 0 0 0 0 0 0 0 
126 50 181 0 0 0 0 0 0 0 0 0 0 0 0 0 0 0 0 0 0 31 0 0 0 0 0 0 0 0 0 0 
203 54 153 0 0 9 0 0 0 0 0 0 0 0 0 0 0 0 0 0 0 21 0 0 0 0 0 0 0 0 0 0 
259 191 76 31 0 11 0 0 0 0 0 0 0 0 0 14 0 0 0 0 0 10 0 0 0 0 0 0 0 0 0 0 
259 93 78 74 0 0 0 0 0 0 10 0 0 0 0 12 0 0 0 0 0 30 0 0 0 0 0 0 0 0 0 0 
140 73 63 34 0 0 0 0 0 0 0 0 0 0 0 0 0 0 0 0 0 0 0 0 0 0 0 0 0 0 0 0 
134 11 133 0 0 0 0 0 0 0 0 0 0 0 0 0 0 0 0 0 0 17 0 0 0 0 0 0 0 0 0 0 
135 24 188 16 0 0 0 0 0 0 0 0 0 0 0 0 0 0 0 0 0 24 0 0 0 0 0 0 0 0 0 0 
206 73 192 13 0 0 0 0 0 0 0 0 0 0 0 0 0 0 0 0 0 38 0 0 0 0 0 0 0 0 0 0 
135 26 80 0 0 0 0 0 0 0 0 0 0 0 0 0 0 0 0 0 0 13 0 0 0 0 0 0 0 0 0 0 
166 40 145 0 0 0 0 0 0 0 0 0 0 0 0 0 0 0 0 0 0 7 0 0 0 0 0 0 0 0 0 0 
188 72 203 0 0 0 0 0 0 0 0 0 0 0 0 0 0 0 0 0 37 11 0 0 0 0 0 0 0 0 0 0 
176 52 133 0 0 0 0 0 0 0 0 0 0 0 0 0 0 0 0 0 0 7 13 0 0 0 0 0 0 0 0 0 
161 60 142 0 0 0 0 0 0 0 0 0 0 0 0 0 0 0 0 0 23 10 0 0 0 0 0 0 0 0 0 0 
173 33 92 0 0 0 0 0 0 0 0 0 0 0 0 0 0 0 0 0 8 17 0 0 0 0 0 0 0 0 0 0 
205 18 140 0 0 0 0 0 0 0 0 0 0 0 0 0 0 0 0 0 8 13 0 0 0 0 0 0 0 0 0 0 
256 49 197 0 0 0 0 0 0 0 0 0 0 0 0 0 0 0 0 12 24 0 0 0 0 0 0 0 0 0 0 0 
217 21 66 0 0 0 0 0 0 0 0 0 0 0 0 0 0 0 0 0 0 0 0 0 0 0 0 0 0 0 0 0 
145 0 108 0 0 0 0 0 0 0 0 0 0 0 0 0 0 0 0 0 14 0 0 0 0 0 0 0 0 0 0 0 
112 7 38 0 0 0 0 0 0 0 0 0 0 0 0 0 0 0 0 0 0 0 0 0 0 0 0 0 0 0 0 0 
180 34 122 0 0 0 0 0 0 0 0 0 0 0 0 0 0 0 0 0 7 0 0 0 0 0 0 0 0 0 0 0 
131 24 29 0 0 0 0 0 0 0 0 0 0 0 0 0 0 0 0 0 0 0 0 0 0 0 0 0 0 0 0 0 
218 14 121 0 0 0 0 0 0 0 0 0 0 0 0 0 0 0 0 0 7 0 0 0 0 0 0 0 0 0 0 0 
135 14 84 0 0 0 0 0 0 0 0 0 0 0 0 0 0 0 0 0 7 0 0 0 0 0 0 0 0 0 0 0 
202 47 235 0 0 0 0 0 0 0 0 0 0 0 0 0 0 0 0 0 45 7 0 0 0 0 0 0 0 0 0 0 
156 43 91 0 0 0 0 0 0 0 0 0 0 0 0 0 0 0 0 0 11 10 0 0 0 0 0 0 0 0 0 0 
120 0 52 0 0 0 0 0 0 0 0 0 0 0 0 0 0 0 0 0 7 0 0 0 0 0 0 0 0 0 0 0 
246 47 158 0 0 0 0 0 0 0 0 0 0 0 0 0 0 0 0 0 20 0 0 0 0 0 0 0 0 0 0 0 
170 17 138 0 0 0 0 0 0 0 0 0 0 0 0 0 0 0 0 0 7 7 0 0 0 0 0 0 0 0 0 0 
179 10 96 0 0 0 0 0 0 0 0 0 0 0 0 0 0 0 0 0 14 0 0 0 0 0 0 0 0 0 0 0 
171 74 60 25 0 0 0 0 0 0 0 0 0 0 0 0 0 0 0 0 7 0 0 0 10 0 0 0 0 0 0 0 
150 27 64 11 0 0 0 0 0 0 0 0 0 0 0 0 0 0 0 0 0 0 0 0 0 0 0 0 0 0 0 0 
215 27 127 0 27 0 0 0 0 0 0 0 10 0 0 0 0 0 0 0 14 0 0 0 0 0 0 0 0 0 0 0 
217 102 46 53 0 0 0 0 0 0 0 0 0 0 0 0 0 0 0 0 0 0 0 0 0 0 0 0 0 0 0 0 
175 86 71 20 40 0 0 0 0 0 0 0 9 0 0 0 0 0 0 0 8 0 0 0 10 0 0 0 0 0 0 0 
201 36 107 10 0 0 0 0 0 0 0 0 0 0 0 0 0 0 0 0 7 0 0 0 0 0 0 0 0 0 0 0 
255 77 42 11 0 0 0 0 0 0 0 0 0 0 0 0 0 0 0 0 0 0 0 0 72 0 0 0 0 0 0 0 
243 14 82 0 0 0 0 0 0 0 0 0 0 0 0 0 0 0 0 0 12 0 0 0 91 0 0 0 0 0 0 0 
216 0 0 0 0 0 0 0 0 0 0 0 0 0 0 0 0 0 0 0 0 0 0 0 132 0 0 0 0 0 0 0 
255 74 63 23 0 0 0 0 0 0 0 0 0 0 0 0 0 0 0 0 7 0 0 0 67 0 0 0 0 0 0 0 
149 7 0 0 0 0 0 0 0 0 0 0 0 0 0 0 0 0 0 0 0 0 0 0 0 0 0 0 0 0 0 0 
139 7 0 0 0 0 0 0 0 0 0 0 0 0 0 0 0 0 0 0 0 0 0 0 0 0 0 0 0 0 0 0 
236 14 109 0 0 0 0 0 0 0 0 0 0 0 0 0 0 0 0 0 18 7 0 0 0 0 0 0 0 0 0 0 
172 21 82 0 0 0 0 0 0 0 0 0 0 0 0 0 0 0 0 0 7 0 0 0 0 0 0 0 0 0 0 0 
215 24 150 0 0 0 0 0 0 0 0 0 0 0 0 0 0 0 0 0 14 7 0 0 0 0 0 0 0 0 0 0 
180 21 75 0 0 0 0 0 0 0 0 0 0 0 0 0 0 0 0 0 8 0 0 0 0 0 0 0 0 0 0 0 
81 38 10 0 0 0 0 0 0 0 0 0 0 0 0 0 0 0 0 0 0 0 0 0 0 0 0 0 0 0 0 0 
71 7 46 0 0 0 0 0 0 0 0 0 0 0 0 0 0 0 0 0 0 13 0 0 0 0 0 0 0 0 0 0 
146 18 92 0 0 0 0 0 0 0 0 0 0 0 0 0 0 0 0 11 0 0 0 0 0 0 0 0 0 0 0 0 
155 21 34 0 0 0 0 0 0 0 0 0 0 0 0 0 0 0 0 0 0 0 0 0 0 0 0 0 0 0 0 0 
228 17 172 0 0 0 0 0 0 0 0 0 0 0 0 0 0 0 0 0 0 17 0 0 0 0 0 0 0 0 0 0 
194 0 174 0 0 0 0 0 0 0 0 0 0 0 0 0 0 0 0 0 14 0 0 0 0 0 0 0 0 0 0 0 
178 24 172 0 0 0 0 0 0 0 0 0 0 0 0 0 0 0 0 0 7 14 0 0 0 0 0 0 0 0 0 0 
164 14 98 0 0 0 0 0 0 0 0 0 0 0 0 0 0 0 0 0 0 14 0 0 0 0 0 0 0 0 0 0 
190 21 96 0 0 0 0 0 0 0 0 0 0 0 0 0 0 0 0 0 7 0 0 0 0 0 0 0 0 0 0 0 
169 17 130 0 0 0 0 0 0 0 0 0 0 0 0 0 0 0 0 16 0 7 0 0 0 0 0 0 0 0 0 0 
223 28 186 0 0 0 0 0 0 0 0 0 0 0 0 0 0 0 0 0 7 17 0 0 0 0 0 0 0 0 0 0 
190 10 114 0 0 0 0 0 0 0 0 0 0 0 0 0 0 0 0 0 10 0 0 0 0 0 0 0 0 0 0 0 
194 14 150 0 0 0 0 0 0 0 0 0 0 0 0 0 0 0 0 0 0 14 0 0 0 0 0 0 0 0 0 0 
158 7 118 16 0 0 0 0 0 0 0 0 0 0 0 0 0 0 0 0 0 7 0 0 0 0 0 0 0 0 0 0 
127 21 66 16 0 0 0 0 0 0 0 0 0 0 0 0 0 0 0 0 0 0 0 0 0 0 0 0 0 0 0 0 
210 17 200 0 0 0 0 0 0 0 0 0 0 0 0 0 0 0 0 13 20 7 0 0 0 0 0 0 0 0 0 0 
222 70 33 16 0 0 0 0 0 0 0 0 0 0 0 0 0 0 0 0 0 0 0 0 0 0 0 0 0 0 0 0 
190 103 81 20 0 0 0 0 0 0 0 0 0 0 0 0 0 0 0 0 0 7 0 0 0 0 0 0 0 0 0 0 
147 17 31 11 0 0 0 0 0 0 0 0 0 0 0 0 0 0 0 0 0 0 0 0 0 0 0 0 0 0 0 0 
232 117 13 32 0 0 0 0 0 0 0 0 0 0 0 0 0 0 0 0 0 7 0 0 0 0 0 0 0 0 0 0 
219 135 65 41 0 0 0 0 0 0 0 0 0 0 0 0 0 0 0 0 0 7 0 0 0 0 0 0 0 0 0 0 
178 48 90 31 0 0 0 0 0 0 0 0 0 0 0 0 0 0 0 0 0 7 0 0 0 0 0 0 0 0 0 0 
193 109 43 49 0 0 0 0 0 0 0 0 0 0 0 0 0 0 0 0 0 0 0 0 0 0 0 0 0 0 0 0 
188 18 149 13 0 0 0 0 0 0 0 0 0 0 0 0 0 0 0 22 0 7 0 0 0 0 0 0 0 0 0 0 
196 83 97 50 0 0 0 0 0 0 0 0 0 0 0 0 0 0 0 13 0 25 0 0 0 0 0 0 0 0 0 0 
207 86 98 28 0 0 0 0 0 0 0 0 0 0 0 0 0 0 10 13 0 10 0 0 0 0 0 0 0 0 0 0 
252 73 112 48 0 0 0 0 0 0 0 0 0 0 0 0 0 0 23 13 0 0 0 0 0 0 0 0 0 0 0 0 
187 62 43 66 0 0 0 0 0 0 0 0 0 0 0 0 0 0 0 0 0 7 0 0 0 0 0 0 0 0 0 0 
198 23 30 31 0 0 0 0 0 0 0 0 0 0 0 0 0 0 0 0 0 0 0 0 0 0 0 0 0 0 0 0 
229 156 50 67 0 0 0 0 0 0 0 0 0 0 0 0 0 0 0 0 0 14 13 0 0 0 0 0 0 0 0 0 
198 61 86 11 0 0 0 0 0 0 0 0 0 0 0 0 0 0 0 16 0 0 0 0 0 0 0 0 0 0 0 0 
168 58 39 47 0 0 0 0 0 0 0 0 0 0 0 0 0 0 0 0 0 7 0 0 0 0 0 0 0 0 0 0 
91 54 7 23 0 0 0 0 0 0 0 0 0 0 0 0 0 0 0 0 0 0 0 0 0 0 0 0 0 0 0 0 
103 7 49 0 0 0 0 0 0 0 0 0 0 0 0 0 0 0 7 0 0 0 0 0 0 0 0 0 0 0 0 0 
183 21 90 0 0 0 0 0 0 0 0 0 0 0 0 0 0 0 7 0 0 0 0 0 0 0 0 0 0 0 0 0 
249 24 132 12 0 0 0 0 0 0 0 0 0 0 0 0 0 0 13 0 0 10 0 0 0 0 0 0 0 0 0 0 
136 64 64 0 0 0 0 0 0 0 0 0 0 0 0 0 0 0 10 0 0 0 0 0 0 0 0 0 0 0 0 0 
187 151 36 0 0 0 0 0 0 0 0 0 0 0 0 0 0 0 0 0 0 0 0 0 0 0 0 0 0 0 0 0 
206 28 80 0 0 0 0 0 0 0 0 0 0 0 0 0 0 0 13 0 0 0 0 0 0 0 0 0 0 0 0 0 
158 17 102 0 0 0 0 0 0 0 0 0 0 0 0 0 0 0 7 12 0 0 0 0 0 0 0 0 0 0 0 0 
91 11 0 0 0 0 0 0 0 0 0 0 0 0 0 0 0 0 0 0 0 0 0 0 0 0 0 0 0 0 0 0 
170 18 36 0 0 0 0 0 0 0 0 0 0 0 0 0 0 0 0 0 0 0 0 0 0 0 0 0 0 0 0 0 
218 39 68 0 0 0 0 0 0 0 0 0 0 0 0 0 0 0 0 0 0 0 0 0 0 0 0 0 0 0 0 0 
184 27 116 0 0 0 0 0 0 0 0 0 0 0 0 0 0 0 7 0 0 0 0 0 0 0 0 0 0 0 0 0 
198 61 70 0 0 0 0 0 0 0 0 0 0 0 0 0 0 0 0 0 0 0 0 0 0 0 0 0 0 0 0 0 
160 18 74 0 0 0 0 0 0 0 0 0 0 0 0 0 0 0 17 0 0 0 0 0 0 0 0 0 0 0 0 0 
229 21 200 0 0 0 0 0 0 0 0 0 0 0 0 0 0 0 28 0 0 0 0 0 0 0 0 0 0 0 0 0 
202 42 54 0 0 0 0 0 0 0 0 0 0 0 0 0 0 0 7 0 0 0 0 0 0 0 0 0 0 0 0 0 
197 31 134 0 0 0 0 0 0 0 0 0 0 0 0 0 0 0 14 0 0 0 0 0 0 0 0 0 0 0 0 0 
257 84 108 0 0 0 0 0 0 0 0 0 0 0 0 0 0 0 14 0 0 0 0 0 0 0 0 0 0 0 0 0 
214 152 64 0 0 0 0 0 0 0 0 0 0 0 0 0 0 0 0 0 0 0 0 0 0 0 0 0 0 0 0 0 
185 7 82 0 0 0 0 0 0 0 0 0 0 0 0 0 0 0 10 0 0 0 0 0 0 0 0 0 0 0 0 0 
95 0 50 0 0 0 0 0 0 0 0 0 0 0 0 0 0 0 10 0 0 0 0 0 0 0 0 0 0 0 0 0 
136 45 58 0 0 0 0 0 0 0 0 0 0 0 0 0 0 0 0 0 0 0 0 0 0 0 0 0 0 0 0 0 
172 70 98 0 0 0 0 0 0 0 0 0 0 0 0 0 0 0 7 0 0 0 0 0 0 0 0 0 0 0 0 0 
188 29 84 16 0 0 0 0 0 0 0 0 0 0 0 0 0 0 7 0 0 0 0 0 0 0 0 0 0 0 0 0 
173 17 124 22 0 0 0 0 0 0 0 0 0 0 0 0 0 0 14 0 0 0 0 0 0 0 0 0 0 0 0 0 
78 0 26 30 0 0 0 0 0 0 0 0 0 0 0 0 0 0 0 0 0 0 0 0 0 0 0 0 0 0 0 0 
176 20 102 0 0 0 0 0 0 0 0 0 0 0 0 0 0 0 14 0 0 0 0 0 0 0 0 0 0 0 0 0 
129 23 56 0 0 0 0 0 0 0 0 0 0 0 0 0 0 0 7 0 0 0 0 0 0 0 0 0 0 0 0 0 
204 8 163 57 0 0 0 0 0 0 0 0 0 0 0 0 0 0 0 0 0 14 0 0 0 0 0 0 0 0 0 0 
200 24 149 0 0 0 0 0 0 0 0 0 0 0 0 0 0 0 21 0 0 0 0 0 0 0 0 0 0 0 0 0 
162 21 106 0 0 0 0 0 0 0 0 0 0 0 0 0 0 0 17 0 0 0 0 0 0 0 0 0 0 0 0 0 
185 57 24 0 0 0 0 0 0 0 0 0 0 0 0 0 0 0 0 0 0 0 0 0 0 0 0 0 0 0 0 0 
173 91 48 0 0 0 0 0 0 0 0 0 0 0 0 0 0 0 0 0 0 0 0 0 0 0 0 0 0 0 0 0 
151 0 72 0 0 0 0 0 0 0 0 0 0 0 0 0 0 0 14 0 0 0 0 0 0 0 0 0 0 0 0 0 
204 7 116 0 0 0 0 0 0 0 0 0 0 0 0 0 0 0 7 0 0 0 0 0 0 0 0 0 0 0 0 0 
167 17 88 0 0 0 0 0 0 0 0 0 0 0 0 0 0 0 7 0 0 0 0 0 29 0 0 0 0 0 0 0 
212 0 102 0 0 0 0 0 0 0 0 0 0 0 0 0 0 0 14 0 0 0 0 0 47 0 0 0 0 0 0 0 
185 0 50 0 0 0 0 0 0 0 0 0 0 0 0 0 0 0 7 0 0 0 0 0 98 0 0 0 0 0 0 0 
151 17 38 0 0 0 0 0 0 0 0 0 0 0 0 0 0 0 0 0 0 0 0 0 0 0 0 0 0 0 0 0 
109 0 64 0 0 0 0 0 0 0 0 0 0 0 0 0 0 0 0 0 0 0 0 0 0 0 0 0 0 0 0 0 
167 10 92 0 0 0 0 0 0 0 0 0 0 0 0 0 0 0 7 0 0 0 0 0 0 0 0 0 0 0 0 0 
193 14 104 0 0 0 0 0 0 0 0 0 0 0 0 0 0 0 14 0 0 0 0 0 0 0 0 0 0 0 0 0 
213 76 140 0 0 0 0 0 0 0 0 0 0 0 0 0 0 0 14 0 0 0 0 0 0 0 0 0 0 0 0 0 
168 17 132 0 0 0 0 0 0 0 0 0 0 0 0 0 0 0 14 0 0 0 0 0 0 0 0 0 0 0 0 0 
168 34 86 0 0 0 0 0 0 0 0 0 0 0 0 0 0 0 7 0 0 0 0 0 0 0 0 0 0 0 0 0 
201 71 102 0 0 0 0 0 0 0 0 0 0 0 0 0 0 0 14 0 0 0 0 0 0 0 0 0 0 0 0 0 
205 47 68 0 0 0 0 0 0 0 0 0 0 0 0 0 0 0 17 0 0 0 0 0 0 0 0 0 0 0 0 0 
117 10 26 0 0 0 0 0 0 0 0 0 0 0 0 0 0 0 0 0 0 0 0 0 0 0 0 0 0 0 0 0 
237 64 109 0 0 0 0 0 0 0 0 0 0 0 0 0 0 0 14 0 0 0 0 0 0 0 0 0 0 0 0 0 
190 17 62 0 0 0 0 0 0 0 0 0 0 0 0 0 0 0 0 0 0 0 0 0 0 0 0 0 0 0 0 0 
136 33 114 0 0 0 0 0 0 0 0 0 0 0 0 0 0 0 21 0 0 0 0 0 0 0 0 0 0 0 0 0 
186 46 117 0 0 0 0 0 0 0 0 0 0 0 0 0 0 0 14 0 0 0 0 0 0 0 0 0 0 0 0 0 
227 7 144 16 0 0 0 0 0 0 0 0 0 0 0 0 0 0 7 0 0 0 0 0 0 0 0 0 0 0 0 0 
187 36 54 0 0 0 0 0 0 0 0 0 0 0 0 0 0 0 7 0 0 0 0 0 0 0 0 0 0 0 0 0 
193 46 70 0 0 0 0 0 0 0 0 0 0 0 0 0 0 0 0 0 0 0 0 0 0 0 0 0 0 0 0 0 
146 72 54 0 0 0 0 0 0 0 0 0 0 0 0 0 0 0 7 0 0 0 0 0 0 0 0 0 0 0 0 0 
179 54 36 0 0 0 0 0 0 0 0 0 0 0 0 0 0 0 0 0 0 0 0 0 0 0 0 0 0 0 0 0 
203 56 50 0 0 0 0 0 0 0 0 0 0 0 0 0 0 0 7 0 0 0 0 0 0 0 0 0 0 0 0 0 
249 21 173 68 0 0 0 0 0 0 0 0 0 0 0 0 0 0 17 0 0 14 0 0 0 0 0 0 0 0 0 0 
195 60 50 38 0 0 0 0 0 0 0 0 0 0 0 0 0 0 0 0 0 0 0 0 0 0 0 0 0 0 0 0 
191 27 159 39 0 0 0 0 0 0 0 0 0 0 0 0 0 0 21 0 0 7 0 0 0 0 0 0 0 0 0 0 
243 74 142 0 0 0 0 0 0 0 0 0 0 0 0 0 0 0 14 0 0 0 0 0 0 0 0 0 0 0 0 0 
211 64 56 53 0 0 0 0 0 0 0 0 0 0 0 0 0 0 0 0 0 0 0 0 0 0 0 0 0 0 0 0 
205 7 120 34 0 0 0 0 0 0 0 0 0 0 0 0 0 0 7 0 0 7 0 0 0 0 0 0 0 0 0 0 
208 24 118 0 0 0 0 0 0 0 0 0 0 0 0 0 0 0 7 0 0 0 0 0 0 0 0 0 0 0 0 0 
184 18 83 79 0 0 0 0 0 0 0 0 0 0 0 0 0 0 0 0 0 7 0 0 0 0 0 0 0 0 0 0 
207 7 140 51 0 0 0 0 0 0 0 0 0 0 0 0 0 0 7 0 0 7 0 0 0 0 0 0 0 0 0 0 
182 12 90 113 0 0 0 0 0 0 0 0 0 0 0 0 0 0 0 0 0 21 0 0 0 0 0 0 0 0 0 0 
208 27 85 74 0 0 0 0 0 0 0 0 0 0 0 0 0 0 0 0 0 7 0 0 0 0 0 0 0 0 0 0 
193 0 94 34 0 0 0 0 0 0 0 0 0 0 0 0 0 0 7 0 0 0 0 0 0 0 0 0 0 0 0 0 
171 30 33 31 0 0 0 0 0 0 0 0 0 0 0 0 0 0 0 0 0 7 0 0 0 0 0 0 0 0 0 0 
175 41 167 0 0 0 0 0 0 0 0 0 0 0 0 0 0 0 31 0 0 0 0 0 0 0 0 0 0 0 0 0 
229 21 160 0 0 0 0 0 0 0 0 0 0 0 0 0 0 0 17 0 0 0 0 0 0 0 0 0 0 0 0 0 
222 14 116 0 0 0 0 0 0 0 0 0 0 0 0 0 0 0 7 0 0 0 0 0 0 0 0 0 0 0 0 0 
200 38 149 0 0 0 0 0 0 0 0 0 0 0 0 0 0 0 14 0 0 11 0 0 0 0 0 0 0 0 0 0 
186 7 91 0 0 0 0 0 0 0 0 0 0 0 0 0 0 0 17 0 0 0 0 0 0 0 0 0 0 0 0 0 
193 28 122 0 0 0 0 0 0 0 0 0 0 0 0 0 0 0 7 0 0 0 0 0 0 0 0 0 0 0 0 0 
164 14 56 0 0 0 0 0 0 0 0 0 0 0 0 0 0 0 10 0 0 0 0 0 0 0 0 0 0 0 0 0 
84 17 36 0 0 0 0 0 0 0 0 0 0 0 0 0 0 0 0 0 0 0 0 0 0 0 0 0 0 0 0 0 
203 14 132 0 0 0 0 0 0 0 0 0 0 0 0 0 0 0 17 0 0 0 0 0 0 0 0 0 0 0 0 0 
165 7 74 0 0 0 0 0 0 0 0 0 0 0 0 0 0 0 0 0 0 0 0 0 0 0 0 0 0 0 0 0 
185 21 111 24 0 0 0 0 0 0 0 0 0 0 0 0 0 0 7 0 0 13 0 0 0 0 0 0 0 0 0 0 
147 14 109 0 0 0 0 0 0 0 0 0 0 0 0 0 0 0 17 0 0 0 0 0 0 0 0 0 0 0 0 0 
137 7 27 30 14 0 0 0 0 0 0 0 0 0 0 0 0 0 0 0 0 16 0 0 0 0 0 0 0 0 0 0 
