1968 382 125 0 0 0 0 0 0 0 748 134 164 68 264 0 232 98 0 0 0 42 84 0 126 0 0 0 0 0 0 0 
2263 171 82 0 0 0 0 0 0 0 1150 30 0 178 0 86 342 34 0 68 0 0 42 0 42 0 0 0 0 0 0 0 
2079 353 39 0 0 0 0 0 0 0 804 60 350 84 152 42 330 0 0 102 0 0 0 0 0 0 0 0 0 0 0 0 
1857 449 36 0 0 0 0 0 0 0 828 30 184 240 152 220 110 0 0 42 0 42 0 0 42 0 0 0 0 0 0 0 
1842 260 36 0 0 0 0 0 0 0 820 30 64 208 0 80 428 34 0 34 0 0 0 0 0 0 0 0 0 0 0 0 
1581 100 551 94 0 0 0 0 0 0 642 0 96 34 0 348 272 0 0 102 0 248 0 40 0 100 0 0 0 0 0 0 
1630 396 144 30 0 0 0 0 0 0 528 60 122 210 76 334 38 140 0 0 0 116 0 0 84 36 0 0 0 0 0 0 
2050 226 137 0 0 0 0 0 0 0 544 54 422 0 266 156 70 170 0 170 0 126 0 0 42 0 0 0 0 0 0 0 
1924 482 72 35 0 0 0 0 0 0 704 192 374 0 100 214 236 34 64 0 32 32 0 0 84 0 0 0 0 0 0 0 
1752 230 39 35 0 0 0 0 0 0 644 464 160 20 28 126 80 0 64 0 0 0 0 0 66 0 0 0 0 0 0 0 
1907 57 111 189 0 0 0 0 0 0 666 486 134 0 0 30 76 0 242 76 0 0 40 0 0 0 0 0 0 0 0 0 
1898 198 48 0 0 0 0 0 0 0 494 684 192 28 70 160 108 0 36 0 0 0 0 0 0 0 0 0 0 0 0 0 
1834 493 0 0 0 0 0 0 0 0 554 454 162 200 38 232 152 0 0 0 0 102 0 0 0 0 0 0 0 0 0 0 
2144 156 0 49 0 0 0 0 0 0 490 910 102 34 102 32 0 0 102 72 42 0 0 0 0 0 0 0 0 0 0 0 
1403 184 181 157 87 0 0 0 0 0 364 316 0 0 38 106 110 24 150 38 143 140 106 64 52 0 0 0 0 0 0 0 
1618 653 0 0 0 0 0 0 0 0 554 192 324 136 286 0 0 39 114 0 84 64 0 0 0 0 0 0 0 0 0 0 
1752 1084 50 0 0 0 0 0 0 0 860 0 256 180 338 38 34 34 80 0 140 84 0 42 0 0 0 0 38 0 0 0 
1167 916 44 0 0 0 0 0 0 0 432 52 244 338 212 0 34 0 0 170 156 42 0 0 0 0 0 0 0 0 0 0 
1662 613 164 0 0 0 0 0 0 0 738 0 0 592 0 72 102 64 0 34 76 42 0 0 0 0 0 0 0 0 0 0 
1668 346 247 142 0 0 0 0 0 0 572 0 0 612 0 0 34 68 90 42 182 84 76 0 0 0 0 0 0 0 0 0 
1863 374 284 168 0 0 0 0 0 0 886 0 0 314 0 180 0 0 150 0 38 136 76 0 0 0 34 0 0 0 0 0 
1173 726 549 296 0 0 0 0 0 0 480 30 172 220 30 374 24 0 262 0 0 364 0 0 0 0 0 0 0 0 0 0 
1653 751 73 36 0 0 0 0 0 0 688 0 52 594 120 0 0 68 34 102 70 0 0 0 0 0 0 0 0 0 0 0 
1902 694 294 80 0 0 0 0 0 0 802 34 0 488 60 34 30 102 364 102 0 144 0 0 0 0 0 0 0 0 0 0 
1644 727 150 156 0 0 0 0 0 0 742 0 0 248 410 0 28 194 134 0 104 0 0 0 0 0 0 0 0 0 0 0 
1667 345 244 164 0 0 0 0 0 0 746 0 0 236 30 0 28 102 252 0 70 170 76 0 0 0 0 0 0 0 0 0 
1573 359 579 386 0 0 0 0 0 0 622 0 0 232 102 222 0 34 460 0 166 42 152 42 0 0 0 0 0 0 0 0 
1371 389 411 398 0 0 0 0 0 0 616 0 0 164 60 0 0 230 546 0 34 38 76 0 0 0 0 0 0 0 0 0 
1404 622 466 139 0 0 0 0 0 0 448 30 216 318 154 68 132 34 344 0 38 76 0 42 0 0 0 0 0 0 0 0 
1752 396 258 0 0 0 0 0 0 0 652 0 270 42 0 230 420 76 0 136 0 0 0 0 0 36 0 0 0 0 0 0 
1254 765 621 62 0 0 0 0 0 0 508 30 410 0 0 288 356 258 0 230 0 0 0 0 0 40 0 0 0 0 0 0 
1734 213 299 0 0 0 0 0 0 0 742 0 0 68 38 198 494 0 0 136 0 42 42 0 0 0 0 0 0 0 0 0 
1531 568 612 0 0 0 0 0 0 0 688 0 0 162 0 558 232 68 238 72 76 84 0 0 0 0 0 0 0 0 0 0 
2001 228 107 0 0 0 0 0 0 0 732 0 418 290 0 140 0 124 0 0 84 0 0 0 0 0 0 0 0 0 0 0 
1841 601 200 0 0 0 0 0 0 0 582 0 362 456 0 0 0 214 34 0 84 208 42 0 0 0 0 0 0 0 0 0 
1450 714 457 66 0 0 0 0 0 0 508 0 288 290 0 242 0 126 34 184 186 68 34 0 0 0 0 34 0 0 0 0 
1204 392 611 195 162 35 0 0 0 0 480 0 30 30 0 150 0 606 100 0 204 0 0 64 0 0 102 0 0 108 0 0 
1791 246 0 0 0 0 0 0 0 0 822 206 0 162 62 0 0 284 0 0 24 42 0 0 0 0 0 0 0 0 0 0 
1685 248 33 0 0 0 0 0 0 0 816 56 20 184 120 0 0 170 0 0 38 42 24 0 0 0 0 0 0 0 0 0 
1924 178 207 168 61 0 0 0 0 0 918 30 0 98 76 24 0 72 0 0 224 169 82 102 0 40 36 0 0 0 0 0 
1234 438 519 402 53 0 0 0 0 0 480 0 0 84 0 34 0 166 0 246 225 428 84 72 0 42 38 84 0 0 0 0 
1198 184 215 115 0 0 0 0 0 0 372 472 28 0 0 150 0 94 32 139 76 42 42 0 0 0 0 42 0 0 0 0 
1220 230 0 0 0 0 0 0 0 0 432 356 96 0 112 0 0 200 32 0 42 0 88 0 0 0 0 0 0 0 0 0 
1954 167 190 82 0 0 0 0 0 0 714 182 0 34 174 0 0 240 0 0 288 126 42 78 0 0 32 0 0 0 0 0 
1304 94 309 37 241 165 0 0 0 0 544 28 0 24 0 0 62 280 0 0 176 0 0 222 96 0 162 128 0 0 0 0 
998 893 325 233 193 0 0 0 0 0 444 0 0 218 324 0 0 174 0 0 84 106 212 158 84 72 0 34 84 0 0 0 
1303 1108 139 87 0 0 0 0 0 0 490 34 422 216 184 0 38 264 0 0 106 118 76 0 0 0 0 0 42 0 0 0 
2068 346 267 0 0 0 0 0 0 0 778 30 138 182 136 38 212 286 0 34 160 84 0 0 0 0 0 0 0 0 0 0 
1960 204 272 45 0 0 0 0 0 0 880 60 30 30 68 220 212 102 0 0 156 72 38 0 0 0 38 0 0 0 0 0 
1831 85 377 355 49 0 0 0 0 0 680 240 0 30 0 174 68 0 102 72 0 152 218 76 68 0 38 0 76 42 0 0 
1895 314 313 177 0 0 0 0 0 0 884 172 30 80 38 186 170 74 84 358 0 0 24 0 0 0 0 0 0 0 0 0 
849 180 430 342 0 0 0 0 0 0 408 0 0 30 0 30 34 102 100 432 0 38 48 0 0 0 0 0 0 0 0 0 
1486 286 502 0 0 0 0 0 0 0 674 0 0 176 114 106 132 148 0 42 0 0 0 152 170 0 0 0 0 0 0 0 
1941 161 0 70 0 0 0 0 0 0 974 68 60 156 138 0 0 84 0 190 84 0 0 0 0 0 0 0 0 0 0 0 
1706 247 215 35 0 0 0 0 0 0 804 0 60 202 216 0 98 112 0 72 84 0 42 0 0 0 0 0 0 0 0 0 
1676 213 84 411 201 53 0 0 0 0 866 0 76 126 42 42 132 42 0 150 0 30 0 108 0 114 76 136 0 0 0 0 
1404 0 253 491 294 150 0 0 0 0 660 0 0 0 0 0 24 0 48 54 0 108 0 304 0 106 76 518 68 0 0 0 
1824 282 70 82 0 0 0 0 0 0 866 30 76 68 116 0 0 68 0 34 154 138 0 84 0 0 96 0 0 0 0 0 
1950 201 0 100 0 0 0 0 0 0 1036 0 114 0 284 0 0 0 0 0 38 60 0 112 0 0 0 0 0 0 0 0 
1262 115 215 208 271 82 0 0 0 0 568 0 0 0 148 0 0 154 0 0 68 154 66 240 32 0 152 34 42 0 0 0 
1117 28 0 193 77 70 0 0 0 0 548 0 0 0 32 0 0 24 0 80 112 24 0 106 32 0 258 0 0 0 0 0 
1506 205 0 74 0 0 0 0 0 0 648 150 0 188 0 0 0 108 0 96 80 0 40 108 32 0 64 0 0 0 0 0 
1907 597 83 0 0 0 0 0 0 0 656 198 30 670 0 76 0 208 42 0 72 84 0 0 0 0 0 0 0 0 0 0 
1292 680 157 135 0 0 0 0 0 0 612 0 328 68 0 184 42 0 90 0 0 212 38 0 0 0 0 42 0 0 0 0 
1690 366 78 165 0 0 0 0 0 0 764 124 52 216 60 166 0 0 112 0 34 184 0 0 0 0 0 0 0 0 0 0 
1710 794 0 70 0 0 0 0 0 0 658 0 142 582 200 64 0 0 0 106 84 0 42 0 0 0 0 0 0 0 0 0 
1943 124 98 0 0 0 0 0 0 0 956 120 60 124 0 130 34 0 0 42 0 0 0 0 0 0 0 0 0 0 0 0 
1955 494 197 88 0 0 0 0 0 0 602 408 126 264 60 162 170 0 156 0 0 76 0 0 0 0 0 42 0 0 0 0 
1779 655 113 140 0 0 0 0 0 0 682 30 232 292 250 144 70 102 142 70 40 38 0 0 0 0 0 0 0 0 0 0 
2119 299 207 0 0 0 0 0 0 0 842 52 142 206 0 394 34 98 76 0 42 0 0 0 0 0 0 0 0 0 0 0 
2021 43 474 42 0 0 0 0 0 0 654 168 0 0 34 624 234 34 0 34 84 0 0 0 34 0 0 0 42 42 0 0 
1721 189 193 238 49 0 0 0 0 0 650 30 68 120 136 144 0 68 182 84 72 136 0 0 0 106 76 0 0 0 0 0 
999 310 387 233 329 0 0 0 0 0 452 0 30 124 0 0 48 110 132 0 74 230 142 52 0 204 0 158 0 0 0 0 
1273 105 64 181 0 0 0 0 0 0 638 0 76 20 0 0 0 94 0 20 176 144 36 24 0 32 140 0 0 0 0 0 
1460 0 98 295 532 106 0 0 0 0 636 0 76 0 0 0 0 0 0 0 106 144 0 320 0 72 190 262 0 68 0 0 
1113 0 49 292 734 179 0 0 0 0 536 0 0 0 0 0 0 0 0 30 0 38 24 484 98 98 38 152 148 94 0 0 
1532 164 197 154 695 0 0 0 0 0 634 30 76 0 110 0 0 266 0 30 76 76 0 246 0 298 0 68 38 34 0 0 
1397 254 88 412 537 53 0 0 0 0 578 0 0 30 134 0 0 154 0 30 0 220 0 210 0 326 76 110 140 0 0 0 
1921 412 35 31 0 0 0 0 0 0 940 0 182 30 318 0 0 30 38 34 72 100 0 0 0 32 0 0 0 0 0 0 
1810 209 0 62 0 0 0 0 0 0 976 0 76 0 316 0 0 0 0 0 108 112 0 0 0 0 0 0 0 0 0 0 
1461 153 75 213 31 42 0 0 0 0 702 0 26 0 204 0 0 32 0 0 180 114 0 148 0 32 60 0 70 0 0 0 
1002 347 105 235 153 93 0 0 0 0 456 0 0 30 300 0 0 72 0 76 0 0 88 192 64 0 64 160 70 72 0 0 
1268 291 0 25 0 0 0 0 0 0 648 0 0 0 300 0 0 114 28 96 0 124 0 0 0 0 0 0 0 0 0 0 
1748 157 0 0 0 0 0 0 0 0 786 238 0 208 162 0 0 34 0 56 0 64 0 32 0 0 0 0 0 0 0 0 
1355 391 0 27 0 0 0 0 0 0 618 34 0 302 70 0 0 0 108 90 0 284 0 0 0 0 0 0 0 0 0 0 
1547 136 378 119 0 0 0 0 0 0 722 0 0 190 0 0 262 0 282 0 68 116 0 64 0 0 0 0 0 0 0 0 
1165 68 639 262 0 0 0 0 0 0 430 30 0 138 164 217 116 0 156 0 100 126 0 84 40 42 0 0 40 40 0 0 
913 176 489 100 0 0 0 0 0 0 392 0 0 0 134 248 0 0 154 0 58 84 106 24 64 116 0 0 40 80 0 0 
800 108 193 459 0 77 0 0 0 0 432 20 0 0 28 56 0 0 124 0 200 80 60 24 0 62 0 0 258 38 0 0 
1108 170 48 366 43 0 0 0 0 0 466 30 0 146 0 30 76 0 60 0 48 0 102 24 112 178 0 0 146 32 0 0 
1674 476 342 81 0 0 0 0 0 0 716 28 0 342 0 150 262 60 208 0 0 0 84 42 0 0 0 0 0 0 0 0 
1571 1011 103 0 0 0 0 0 0 0 720 0 98 390 120 0 426 34 106 0 0 0 0 0 0 0 0 0 0 0 0 0 
1252 896 375 36 0 0 0 0 0 0 540 0 222 244 60 30 406 158 34 76 0 38 0 0 0 0 0 0 0 0 0 0 
1250 675 691 0 0 0 0 0 0 0 494 60 0 206 332 150 256 172 132 0 34 34 0 0 0 0 0 0 0 0 0 0 
1595 601 263 169 0 0 0 0 0 0 558 180 34 60 396 180 38 0 128 0 72 266 0 0 0 38 0 0 0 0 0 0 
1651 872 36 158 0 0 0 0 0 0 612 206 248 0 406 72 0 0 140 68 190 84 0 0 0 0 0 0 38 0 0 0 
1516 778 42 62 0 0 0 0 0 0 552 178 334 0 430 0 24 0 198 0 76 0 0 0 0 0 0 0 42 0 0 0 
2110 583 101 0 0 0 0 0 0 0 510 518 512 34 116 332 42 0 62 0 80 0 0 0 0 0 0 0 0 0 0 0 
1671 441 0 129 0 0 0 0 0 0 778 90 102 0 292 34 0 0 34 48 0 0 68 0 0 80 114 0 0 0 0 0 
1047 182 43 447 77 0 0 0 0 0 556 0 0 0 60 0 0 0 58 50 240 28 102 148 38 40 38 0 40 0 0 0 
1152 213 384 159 0 0 0 0 0 0 526 0 0 0 160 80 24 0 16 48 104 0 0 332 136 142 0 40 0 0 0 0 
1589 41 0 112 0 0 0 0 0 0 862 0 0 0 110 56 0 0 64 0 0 28 0 68 0 72 0 0 0 0 0 0 
1472 0 132 88 0 0 0 0 0 0 556 148 0 0 0 60 0 0 300 0 0 124 88 0 32 146 0 0 82 124 0 0 
1971 0 28 76 43 0 0 0 0 0 878 336 0 0 0 66 20 0 0 0 0 44 24 0 28 180 0 42 60 42 0 0 
1491 50 34 294 286 72 0 0 0 0 671 98 0 0 0 0 0 32 0 150 0 0 0 0 240 0 0 0 352 42 0 0 
1919 0 0 223 65 36 0 0 0 0 962 148 0 0 0 0 0 0 0 0 0 192 0 0 0 36 126 0 150 80 0 0 
1483 0 34 160 0 0 0 0 0 0 694 72 0 0 0 102 0 80 100 74 0 48 32 0 28 90 48 0 82 0 0 0 
1594 0 321 286 164 70 0 0 0 0 548 226 0 0 0 204 30 30 76 0 114 34 0 0 0 176 34 126 250 68 0 0 
1668 121 63 153 0 0 0 0 0 0 820 28 98 0 76 66 0 66 0 74 16 100 36 0 56 28 0 0 0 40 0 0 
2284 194 0 0 0 0 0 0 0 0 1062 312 174 0 80 42 76 38 0 0 38 34 0 0 0 0 0 0 0 0 0 0 
1744 159 147 163 0 0 0 0 0 0 592 314 124 0 72 42 0 0 66 16 130 168 174 0 0 0 0 56 0 0 0 0 
1243 91 661 410 0 0 0 0 0 0 526 0 0 0 178 0 80 0 144 0 38 594 212 0 0 0 0 0 0 0 0 0 
1739 125 34 145 0 43 0 0 0 0 652 234 166 0 0 0 0 0 48 0 58 296 180 0 0 0 0 38 36 0 0 0 
1452 849 92 254 0 0 0 0 0 0 652 0 294 0 64 0 0 0 188 0 480 268 36 0 0 0 0 0 0 0 0 0 
1769 511 119 117 0 0 0 0 0 0 490 258 408 0 322 68 0 0 102 0 228 76 0 0 0 42 0 0 0 0 0 0 
876 153 180 675 85 0 0 0 0 0 384 0 0 0 30 0 0 32 40 124 588 114 64 0 0 144 76 38 0 0 0 0 
966 349 0 285 664 183 0 0 0 0 456 0 0 146 0 0 0 0 40 0 142 0 0 258 0 52 224 224 118 222 0 0 
1069 328 63 605 349 50 0 0 0 0 542 0 0 30 210 42 0 0 0 0 0 0 250 86 34 214 186 140 42 68 0 0 
1721 608 132 171 0 0 0 0 0 0 902 0 0 0 304 84 28 0 254 182 38 42 86 0 0 0 0 0 0 0 0 0 
1261 452 108 144 0 0 0 0 0 0 564 0 0 30 290 168 38 0 56 68 66 58 128 0 0 0 0 0 0 0 0 0 
1639 289 0 344 0 0 0 0 0 0 700 30 0 170 96 0 42 0 0 290 84 144 152 0 0 24 0 0 0 0 0 0 
1317 671 0 261 26 0 0 0 0 0 498 0 0 346 164 0 126 34 0 286 0 212 40 0 0 72 0 0 0 0 0 0 
1670 487 51 0 0 0 0 0 0 0 704 336 160 28 188 0 42 0 34 106 0 0 0 0 0 0 0 0 0 0 0 0 
2120 121 0 0 0 0 0 0 0 0 1006 224 136 106 0 0 84 68 0 0 0 0 0 0 0 0 0 0 0 0 0 0 
2050 678 0 129 0 0 0 0 0 0 764 166 64 200 336 0 42 102 262 64 84 76 0 0 0 0 0 0 0 0 0 0 
1578 191 106 285 99 72 0 0 0 0 766 76 52 34 0 0 24 160 0 102 74 60 40 0 30 0 66 0 168 152 0 0 
1229 0 245 314 172 196 0 0 0 0 556 15 0 0 0 16 24 120 0 56 0 118 0 152 38 32 42 38 234 196 0 0 
1617 0 72 43 0 0 0 0 0 0 792 345 28 0 0 32 0 120 0 0 0 56 0 0 0 0 24 0 0 0 0 0 
1129 136 186 213 0 0 0 0 0 0 464 186 0 0 0 32 0 208 48 32 123 210 24 24 0 64 0 0 0 42 0 0 
1430 154 0 156 206 43 0 0 0 0 688 98 0 0 34 0 0 210 48 0 0 168 28 0 162 24 72 38 106 0 0 0 
1084 0 0 194 1287 304 0 0 0 0 480 0 0 0 0 0 0 0 0 30 0 0 0 236 472 108 158 98 470 76 0 0 
1550 149 434 225 178 256 0 0 0 0 726 0 0 0 120 0 408 102 64 164 42 0 0 0 38 42 30 112 102 76 0 0 
1873 544 300 36 0 0 0 0 0 0 782 0 0 378 132 0 240 200 0 34 104 40 0 90 0 0 0 0 0 0 0 0 
1226 156 633 43 53 0 0 0 0 0 596 0 0 0 30 0 114 534 146 32 0 0 0 74 0 62 0 0 60 0 0 0 
1346 0 185 72 0 0 0 0 0 0 674 24 0 0 0 0 242 28 0 0 0 80 0 148 0 48 0 0 0 0 0 0 
1950 360 40 36 0 0 0 0 0 0 980 158 0 84 102 0 114 98 0 40 24 138 0 44 0 24 0 0 0 0 0 0 
1475 875 239 0 0 0 0 0 0 0 526 84 0 60 456 166 152 174 120 0 152 76 0 0 0 0 0 0 0 0 0 0 
1764 580 199 0 0 0 0 0 0 0 542 328 114 30 254 148 38 134 42 0 124 280 0 0 0 0 0 0 0 0 0 0 
1872 355 196 0 0 0 0 0 0 0 854 146 0 42 234 342 84 0 76 0 126 0 0 0 0 0 0 0 0 0 0 0 
1742 286 336 80 0 0 0 0 0 0 688 60 116 42 38 418 118 108 0 0 122 134 38 0 0 0 0 0 0 0 0 0 
2187 314 0 130 0 0 0 0 0 0 934 180 30 314 34 0 84 40 162 0 118 144 30 0 0 0 0 0 0 0 0 0 
1353 187 139 80 0 0 0 0 0 0 654 0 0 84 292 0 0 154 0 0 32 96 38 24 0 0 24 0 0 0 0 0 
1946 95 427 88 0 0 0 0 0 0 700 248 0 30 34 68 0 290 152 116 114 174 102 0 0 0 0 0 0 0 0 0 
1320 241 340 0 0 0 0 0 0 0 552 104 0 30 116 34 34 474 70 32 66 0 0 0 0 0 24 0 0 0 0 0 
2222 74 80 0 0 0 0 0 0 0 1030 150 180 0 0 0 404 0 38 0 0 0 0 34 0 0 0 0 0 0 0 0 
1931 84 107 0 0 0 0 0 0 0 674 312 134 0 0 0 242 74 0 32 0 0 0 40 0 0 84 0 0 0 0 0 
2217 0 43 34 0 0 0 0 0 0 676 718 34 0 0 0 98 76 102 0 0 0 0 0 0 0 42 0 0 0 0 0 
1563 51 663 40 76 0 0 0 0 0 692 30 0 0 0 56 30 126 318 190 0 0 0 202 102 42 42 0 0 0 0 0 
1698 102 531 0 370 0 0 0 0 0 526 444 0 0 0 0 38 252 84 0 0 34 0 300 214 84 0 0 30 0 0 0 
2210 45 131 0 0 0 0 0 0 0 680 574 60 0 76 30 234 104 0 42 0 0 0 0 34 0 42 0 0 0 0 0 
1706 174 213 0 0 0 0 0 0 0 558 306 138 0 114 104 0 30 110 160 0 0 0 132 0 0 0 0 0 0 0 0 
1595 508 28 36 0 0 0 0 0 0 588 116 272 100 66 42 38 140 0 152 122 28 0 0 0 0 24 0 0 0 0 0 
1629 431 0 0 0 0 0 0 0 0 738 72 90 272 260 72 42 88 0 0 42 0 0 0 0 0 0 0 0 0 0 0 
1820 192 131 44 0 0 0 0 0 0 556 64 172 214 64 152 72 102 218 84 84 0 0 0 0 0 0 0 0 0 0 0 
1717 632 87 85 49 0 0 0 0 0 642 136 198 256 98 0 30 0 452 122 0 0 0 0 64 0 0 42 0 0 0 0 
1565 575 0 25 0 0 0 0 0 0 638 34 90 388 194 0 0 54 116 42 0 64 0 24 0 0 0 0 0 0 0 0 
1286 192 35 631 89 0 0 0 0 0 514 0 0 34 0 0 0 0 404 28 324 264 0 0 134 34 0 42 0 0 0 0 
1453 109 120 283 103 45 0 0 0 0 572 102 0 0 30 0 0 40 240 70 194 200 0 62 132 0 0 72 68 0 0 0 
776 163 378 626 0 0 0 0 0 0 384 0 0 0 30 0 16 34 0 120 480 60 128 28 142 0 40 0 76 0 0 0 
1415 858 288 44 0 0 0 0 0 0 598 0 30 0 686 38 102 68 42 306 42 60 0 0 0 0 0 0 0 0 0 0 
1828 385 0 0 0 0 0 0 0 0 912 0 0 0 468 0 20 126 0 126 0 0 0 0 0 0 0 0 0 0 0 0 
1163 408 45 86 0 0 0 0 0 0 542 0 30 0 476 48 0 24 94 76 42 0 0 0 0 0 0 0 0 0 0 0 
1626 298 142 0 0 0 0 0 0 0 580 394 0 0 218 0 0 130 98 108 32 0 0 0 0 0 0 0 0 0 0 0 
903 376 475 93 0 0 0 0 0 0 420 0 0 0 246 0 248 340 0 202 0 0 0 0 0 0 0 0 0 0 0 0 
1477 515 391 31 0 0 0 0 0 0 470 126 30 60 167 258 220 68 104 146 252 0 0 0 84 0 0 0 0 0 0 0 
1725 313 309 76 0 0 0 0 0 0 638 90 30 34 228 122 376 162 0 74 76 32 32 0 144 42 0 0 0 0 0 0 
1401 86 341 0 0 0 0 0 0 0 508 48 164 0 76 260 304 0 120 0 24 42 72 0 0 0 0 0 0 0 0 0 
1398 88 87 0 0 0 0 0 0 0 486 88 246 102 0 134 168 44 0 0 0 0 0 0 60 0 0 0 0 0 0 0 
1544 274 247 0 0 0 0 0 0 0 782 0 0 126 106 164 130 216 0 0 0 32 0 0 46 0 0 0 0 0 0 0 
1187 528 145 36 0 0 0 0 0 0 588 0 0 120 274 0 140 110 96 0 0 112 0 0 24 0 24 0 0 0 0 0 
1056 855 280 158 0 0 0 0 0 0 482 0 0 378 162 0 122 180 264 0 36 134 0 0 0 0 0 0 0 0 0 0 
1169 983 36 0 0 0 0 0 0 0 536 0 30 592 130 0 162 118 0 0 0 80 0 0 0 0 0 0 0 0 0 0 
1284 464 843 79 0 0 0 0 0 0 560 0 0 0 198 0 622 250 222 0 0 66 0 0 0 0 0 0 42 0 0 0 
1159 148 793 37 0 0 0 0 0 0 552 28 0 0 176 32 278 394 0 0 28 96 38 74 0 0 0 0 0 0 0 0 
920 199 637 246 0 44 0 0 0 0 344 126 30 0 178 88 236 144 24 28 178 24 0 116 0 0 0 72 38 42 0 0 
1345 497 135 0 0 0 0 0 0 0 618 0 170 184 68 326 126 76 0 0 0 40 0 0 0 0 0 0 0 0 0 0 
2000 290 44 92 0 0 0 0 0 0 526 368 64 94 170 144 224 186 0 30 34 0 30 0 38 42 0 0 0 0 0 0 
1955 723 54 0 0 0 0 0 0 0 636 0 132 334 552 186 152 152 0 42 0 0 0 0 0 0 0 0 0 0 0 0 
1458 398 324 90 0 0 0 0 0 0 500 0 90 214 98 258 0 68 0 42 182 76 114 0 0 0 110 0 0 0 0 0 
1334 788 209 172 0 0 0 0 0 0 506 0 202 60 194 480 0 32 28 0 284 72 0 0 0 0 0 0 0 40 0 0 
2009 536 83 51 0 0 0 0 0 0 958 64 30 176 300 292 0 0 0 0 114 0 0 0 0 0 0 0 0 0 0 0 
1863 209 0 0 0 0 0 0 0 0 818 34 0 330 318 30 42 0 0 0 84 0 0 0 0 0 0 0 0 0 0 0 
1698 510 0 43 0 0 0 0 0 0 754 102 30 356 144 0 42 0 200 0 84 0 0 0 38 42 0 0 0 0 0 0 
1974 221 0 86 0 0 0 0 0 0 666 486 60 120 136 72 0 0 68 0 122 72 30 0 0 0 0 0 0 0 0 0 
1731 321 45 0 0 0 0 0 0 0 560 0 420 234 218 102 0 42 0 42 42 0 0 0 0 0 0 0 0 0 0 0 
807 554 270 312 168 49 0 0 0 0 386 0 0 68 216 254 0 194 28 184 110 0 0 0 24 64 0 166 0 0 0 0 
1568 597 172 183 0 0 0 0 0 0 524 188 64 280 306 200 32 80 66 136 176 0 0 0 0 0 0 0 0 0 0 0 
1259 297 115 174 0 0 0 0 0 0 500 0 0 242 0 0 0 0 200 108 284 84 148 0 0 0 0 0 0 0 0 0 
1694 0 60 425 193 0 0 0 0 0 658 150 28 0 0 24 0 24 298 142 40 42 74 0 128 30 188 0 38 34 0 0 
1206 29 28 636 36 0 0 0 0 0 568 30 34 0 98 0 0 0 166 70 80 0 54 324 62 0 152 0 0 0 0 0 
1068 108 56 62 0 0 0 0 0 0 540 0 0 0 68 0 0 44 84 170 156 0 110 0 0 0 0 0 0 0 0 0 
1173 178 0 31 0 0 0 0 0 0 486 136 82 24 90 0 28 64 28 80 76 84 76 0 0 0 0 0 0 0 0 0 
1570 151 62 196 378 0 0 0 0 0 468 48 340 0 110 0 0 160 48 0 76 114 86 30 368 0 114 0 42 0 0 0 
1372 29 31 329 340 0 0 0 0 0 596 0 146 0 98 0 0 80 124 152 0 0 28 60 270 0 84 72 0 0 0 0 
1477 428 56 21 0 0 0 0 0 0 510 0 206 0 330 0 0 60 34 152 164 166 62 0 0 0 0 0 0 0 0 0 
1251 228 110 68 0 0 0 0 0 0 508 0 228 0 180 0 0 124 84 104 64 122 0 0 0 0 0 0 0 0 0 0 
912 287 155 409 74 0 0 0 0 0 410 0 34 0 288 0 76 112 148 62 0 0 204 0 66 0 70 80 76 0 0 0 
1251 967 76 0 0 0 0 0 0 0 606 0 404 308 0 0 0 0 64 152 180 72 42 0 0 0 0 0 0 0 0 0 
1392 710 194 136 0 0 0 0 0 0 604 0 194 294 56 0 86 156 278 76 70 40 84 0 0 0 0 0 0 0 0 0 
1530 885 35 78 0 0 0 0 0 0 604 104 262 422 182 0 38 30 76 0 144 0 80 0 0 0 0 0 0 0 0 0 
1742 360 0 0 0 0 0 0 0 0 572 280 336 224 38 0 164 0 0 0 0 0 0 0 0 0 0 0 0 0 0 0 
1844 739 0 0 0 0 0 0 0 0 468 448 522 72 136 42 76 0 30 0 0 118 40 0 0 0 0 0 0 0 0 0 
1639 316 0 0 0 0 0 0 0 0 810 158 108 60 234 0 24 0 42 84 0 0 0 0 0 0 0 0 0 0 0 0 
1294 815 0 194 0 0 0 0 0 0 530 34 254 192 188 64 24 98 42 320 0 38 56 0 0 0 38 0 0 0 0 0 
1543 595 31 154 0 0 0 0 0 0 512 290 200 108 394 0 0 72 70 268 0 0 0 0 0 0 0 0 0 0 0 0 
1703 234 159 141 0 0 0 0 0 0 546 446 0 64 136 0 0 30 84 208 228 0 0 0 0 0 68 0 0 0 0 0 
1475 0 33 151 139 0 0 0 0 0 662 330 0 0 42 0 24 48 0 74 0 0 118 24 40 102 68 0 0 38 0 0 
1232 40 124 449 289 0 0 0 0 0 434 172 0 0 0 0 28 0 42 180 28 60 416 24 40 140 204 0 0 0 0 0 
1351 457 0 570 0 0 0 0 0 0 632 0 30 64 64 0 0 0 616 0 204 100 0 32 0 0 0 0 0 0 0 0 
1122 482 0 903 85 0 0 0 0 0 508 0 142 210 0 0 0 0 604 0 266 122 0 104 32 0 0 42 0 0 0 0 
1047 118 0 645 119 0 0 0 0 0 482 0 0 0 34 0 0 0 308 50 316 0 0 198 68 0 0 0 0 0 0 0 
1159 260 398 722 201 0 0 0 0 0 480 0 0 0 30 258 0 30 388 200 176 94 0 72 32 0 0 120 38 152 0 0 
1047 40 462 203 193 0 0 0 0 0 534 0 0 0 0 300 0 84 34 38 0 210 94 0 116 42 0 42 0 76 0 0 
1244 288 625 93 0 0 0 0 0 0 594 0 30 32 240 190 32 32 34 386 96 42 74 0 24 32 0 0 0 0 0 0 
1313 151 419 284 131 88 0 0 0 0 590 30 0 0 254 20 88 64 152 102 0 0 0 106 0 0 30 258 168 0 0 0 
1260 216 280 600 206 44 0 0 0 0 510 0 0 0 60 94 0 0 68 150 0 158 0 152 0 0 228 394 106 0 0 0 
1510 37 604 0 0 0 0 0 0 0 684 30 0 0 30 396 0 84 34 252 56 84 0 0 0 0 0 0 0 0 0 0 
1784 80 483 0 0 0 0 0 0 0 684 250 34 0 92 270 0 114 68 106 42 156 0 0 0 0 0 0 0 0 0 0 
1178 117 188 404 305 36 0 0 0 0 474 96 30 0 0 88 0 38 142 0 0 194 370 30 30 0 0 60 114 0 0 0 
1422 48 329 564 580 72 0 0 0 0 702 0 0 0 0 0 54 0 58 120 24 28 176 142 94 72 76 434 186 0 0 0 
1339 40 556 0 0 0 0 0 0 0 592 0 0 0 290 192 0 56 34 0 42 160 0 80 0 0 0 0 0 0 0 0 
1467 197 140 453 272 44 0 0 0 0 550 0 30 0 0 34 0 0 278 136 0 72 0 0 248 0 114 196 178 0 0 0 
1534 0 543 259 0 0 0 0 0 0 736 0 0 0 50 60 30 186 290 0 28 0 72 192 0 0 0 0 76 84 0 0 
1460 94 417 384 609 0 0 0 0 0 686 0 0 0 0 0 30 192 298 30 0 0 452 144 38 30 34 42 0 42 0 0 
986 260 654 424 248 0 0 0 0 0 456 0 30 0 0 0 0 316 336 0 104 84 60 192 0 0 68 42 106 0 0 0 
1027 380 898 471 196 0 0 0 0 0 480 0 0 0 130 64 300 160 228 66 104 76 0 0 34 0 304 140 114 0 0 0 
1410 0 287 714 423 34 0 0 0 0 510 0 150 0 0 132 0 0 0 210 0 102 30 0 30 38 302 436 0 80 0 0 
1651 151 355 436 0 0 0 0 0 0 468 306 30 0 68 0 0 300 250 176 42 102 42 0 0 42 0 68 0 0 0 0 
1796 112 215 265 0 0 0 0 0 0 746 200 0 0 38 0 0 128 110 38 0 0 0 80 0 0 0 84 272 168 0 0 
1644 132 413 322 202 0 0 0 0 0 640 214 0 98 0 0 60 30 94 114 0 38 60 312 68 72 0 178 118 0 0 0 
1433 158 261 174 73 0 0 0 0 0 556 322 30 96 0 36 98 0 54 64 0 70 42 38 0 56 0 166 42 0 0 0 
1431 0 128 0 163 56 0 0 0 0 664 28 0 38 38 20 0 34 48 298 0 38 42 0 0 0 34 124 76 0 0 0 
1424 59 280 375 627 256 0 0 0 0 630 0 0 0 0 0 0 136 0 136 0 0 138 162 0 34 136 440 386 0 0 0 
1324 123 92 168 210 35 0 0 0 0 674 0 0 192 72 0 0 0 0 34 0 0 30 154 0 134 82 72 68 0 0 0 
1198 304 180 311 49 0 0 0 0 0 602 0 0 102 204 0 34 0 30 72 0 0 148 0 142 160 104 110 0 0 0 0 
1362 242 446 99 0 0 0 0 0 0 542 130 0 222 136 98 196 20 16 0 0 0 112 0 28 152 86 0 0 0 0 0 
2023 241 0 45 0 0 0 0 0 0 606 466 0 362 68 0 76 0 28 184 0 38 76 0 38 0 0 0 0 0 0 0 
1186 401 79 0 26 0 0 0 0 0 590 88 0 218 58 0 32 0 0 114 0 0 0 0 0 156 90 42 0 0 0 0 
1654 375 218 61 26 0 0 0 0 0 542 90 30 186 440 96 34 0 76 38 0 38 42 24 0 152 144 38 0 0 0 0 
1818 356 0 44 0 0 0 0 0 0 610 52 394 180 328 68 62 0 0 0 0 0 80 0 0 0 0 0 42 0 0 0 
1755 353 0 0 0 0 0 0 0 0 830 30 286 120 114 190 38 110 0 0 0 0 0 0 0 0 0 0 0 0 0 0 
1642 577 0 70 0 0 0 0 0 0 546 168 168 204 38 194 0 248 0 42 0 34 0 0 0 0 0 204 0 0 0 0 
1268 321 44 188 684 0 0 0 0 0 526 0 152 120 228 0 0 76 0 0 30 36 148 204 202 42 42 0 96 38 0 0 
956 0 0 88 1329 0 0 0 0 0 480 0 0 0 0 0 0 0 0 0 0 0 160 102 664 0 84 0 220 0 0 0 
1256 845 174 44 0 0 0 0 0 0 456 0 218 262 206 320 152 84 0 40 0 0 76 0 32 0 0 0 42 0 0 0 
1143 558 127 0 0 0 0 0 0 0 464 68 48 182 134 228 152 66 36 38 0 200 0 0 0 0 0 0 0 0 0 0 
1667 322 110 118 0 0 0 0 0 0 592 422 76 76 198 110 48 160 36 90 0 24 40 0 32 0 0 0 0 0 0 0 
1582 140 117 152 0 0 0 0 0 0 622 266 84 0 112 98 48 122 36 104 84 0 120 0 64 0 0 0 0 0 0 0 
2188 102 234 0 0 0 0 0 0 0 642 570 42 0 64 98 76 318 76 38 42 38 0 30 0 0 0 38 0 0 0 0 
1306 353 581 37 0 0 0 0 0 0 544 38 0 60 30 398 326 84 0 156 64 38 0 0 0 0 0 0 74 0 0 0 
