951 536 650 597 760 626 611 601 574 621 658 223 0 0 0 0 0 0 0 0 0 0 0 0 0 0 0 0 0 0 0 0 
1142 868 769 845 771 720 888 710 836 727 835 232 0 0 0 0 0 0 0 0 0 0 0 0 0 0 0 0 0 0 0 0 
835 530 505 574 634 604 559 513 515 488 524 164 0 0 0 0 0 0 0 0 0 0 0 0 0 0 0 0 0 0 0 0 
1067 669 779 818 892 746 865 698 694 700 729 182 0 0 0 0 0 0 0 0 0 0 0 0 0 0 0 0 0 0 0 0 
1024 666 611 627 589 624 594 599 620 524 571 179 0 0 0 0 0 0 0 0 0 0 0 0 0 0 0 0 0 0 0 0 
1246 797 713 702 742 752 803 707 736 624 715 189 0 0 0 0 0 0 0 0 0 0 0 0 0 0 0 0 0 0 0 0 
1267 684 702 818 820 677 805 747 713 801 741 244 0 0 0 0 0 0 0 0 0 0 0 0 0 0 0 0 0 0 0 0 
1428 968 997 950 1079 920 1028 927 916 906 988 288 0 0 0 0 0 0 0 0 0 0 0 0 0 0 0 0 0 0 0 0 
1322 876 839 854 878 943 871 859 877 859 837 291 0 0 0 0 0 0 0 0 0 0 0 0 0 0 0 0 0 0 0 0 
904 394 508 545 752 529 653 613 440 657 647 189 0 0 0 0 0 0 0 0 0 0 0 0 0 0 0 0 0 0 0 0 
1072 745 798 691 818 782 822 703 651 777 748 234 0 0 0 0 0 0 0 0 0 0 0 0 0 0 0 0 0 0 0 0 
877 514 574 589 522 550 636 502 527 535 438 188 0 0 0 0 0 0 0 0 0 0 0 0 0 0 0 0 0 0 0 0 
905 551 658 642 739 566 642 572 607 549 645 212 0 0 0 0 0 0 0 0 0 0 0 0 0 0 0 0 0 0 0 0 
1264 684 736 767 767 698 680 707 735 687 668 252 0 0 0 0 0 0 0 0 0 0 0 0 0 0 0 0 0 0 0 0 
818 558 519 592 607 563 526 503 538 562 525 186 0 0 0 0 0 0 0 0 0 0 0 0 0 0 0 0 0 0 0 0 
