72 0 0 0 1336 0 52 0 44 0 0 0 0 0 0 0 0 0 0 0 0 0 636 812 0 0 0 0 0 0 0 0 
760 0 200 1976 0 0 0 0 192 0 0 0 0 0 0 0 0 0 0 0 0 0 0 0 0 0 0 0 0 0 0 0 
756 0 210 1976 141 0 0 0 192 0 0 0 0 0 0 0 0 0 0 0 0 0 0 248 0 0 0 0 0 0 0 0 
458 11 144 741 0 0 0 12 72 28 0 75 0 0 0 0 0 211 1080 0 735 426 10997 0 0 0 0 117 0 56 0 0 
301 0 0 0 0 0 0 0 0 0 0 15 0 0 0 0 0 0 552 0 147 50 0 0 0 0 0 0 119 0 0 0 
2300 0 403 46 135 0 0 0 344 125 0 0 91 125 755 376 0 96 1156 1007 960 1031 3160 985 0 33 0 142 68 0 0 0 
4469 0 0 0 25 0 0 0 688 353 801 15 0 0 0 0 0 0 1768 0 1099 1730 2240 1584 24 0 0 0 17 0 0 0 
5262 210 0 0 743 0 0 0 882 98 385 292 0 707 0 47 42 3700 3180 1279 1410 3315 35571 2713 438 974 0 0 0 0 0 0 
4853 63 372 0 0 506 0 183 451 0 44 4314 0 6204 634 149 2109 0 1319 742 1276 1142 17481 490 0 21 856 1258 895 125 0 0 
4922 0 0 0 0 0 0 0 0 0 0 0 17 0 0 0 0 0 0 1230 0 0 812 0 0 0 0 0 0 0 0 0 
3712 693 471 419 361 386 0 275 0 662 378 80 26 1895 4478 2944 849 0 996 4175 4439 2143 179043 1823 620 0 520 0 6602 278 167 0 
2236 0 0 0 508 604 0 0 0 0 0 0 0 0 0 0 0 0 0 552 0 732 0 0 1488 3896 0 0 0 0 0 0 
3008 0 0 0 1016 0 0 0 0 0 0 0 0 0 0 0 0 0 0 1104 0 1464 0 0 2976 7792 0 0 0 0 0 0 
2464 389 0 503 1204 0 183 233 0 274 0 59 0 0 583 604 636 316 268 4193 417 1646 53808 2103 1983 3896 335 523 3671 87 0 0 
705 330 0 15 37 4085 9 141 0 0 0 0 0 0 0 0 0 0 0 0 0 135 4321 318 0 0 0 102 2445 731 0 0 
728 0 0 0 0 0 0 0 0 0 0 0 0 0 0 0 0 0 0 0 0 0 0 1272 0 0 0 0 0 0 0 0 
728 0 0 0 0 0 0 0 0 0 0 0 0 0 0 0 0 0 0 0 0 0 0 1272 0 0 0 0 0 0 0 0 
715 0 80 244 21 0 0 0 0 0 0 39 0 0 0 0 38 0 49 0 0 0 0 1305 0 0 0 0 0 0 0 0 
2027 217 0 21 0 0 0 0 0 0 0 0 0 0 0 0 260 0 41 0 43 0 0 1013 0 0 0 27 0 0 0 0 
6032 0 0 0 0 0 0 0 0 0 0 0 0 0 0 0 0 0 0 0 0 0 0 0 0 0 0 0 0 0 0 0 
6032 0 0 0 0 0 0 0 0 0 0 0 0 0 0 0 0 0 0 0 0 0 0 0 0 0 0 0 0 0 0 0 
6010 700 15 0 96 0 0 0 64 0 0 0 0 0 0 0 0 0 0 0 0 0 0 0 0 0 0 0 0 0 0 0 
6032 0 0 0 0 0 0 0 0 0 0 0 0 0 0 0 0 0 0 0 0 0 0 0 0 0 0 0 0 0 0 0 
6032 0 0 0 0 0 0 0 0 0 0 0 0 0 0 0 0 0 0 0 0 0 0 0 0 0 0 0 0 0 0 0 
6244 0 0 0 0 124 146 350 0 0 0 0 0 1432 1899 176 382 1281 303 426 0 179 6813 0 2709 0 0 0 85 0 939 0 
5977 0 0 163 0 0 0 0 0 0 533 0 0 0 0 0 411 0 29 705 188 0 0 0 0 0 0 0 0 0 415 0 
8264 0 221 0 1818 433 305 287 1306 788 314 500 49 2296 1184 1425 198 4184 6530 4877 4540 4513 151441 16200 699 1122 0 523 2135 287 36 0 
5457 163 134 0 276 17 0 0 318 66 25 0 0 871 486 397 627 91 1108 795 1116 1492 9197 321 64 120 0 0 806 215 0 0 
18184 0 0 0 1104 0 0 0 0 0 0 0 0 0 1248 1368 0 0 3672 2032 0 5368 4648 944 0 480 0 0 3224 0 0 0 
18184 0 0 0 1104 0 0 0 0 0 0 0 0 0 1248 1368 0 0 3672 2032 0 5368 4648 944 0 480 0 0 3224 0 0 0 
18177 51 222 0 1165 0 0 0 0 69 76 0 0 0 1248 1368 0 0 3672 2317 1083 5518 8613 1018 1313 480 0 0 3224 0 70 0 
19034 0 162 297 1757 303 334 0 97 1248 244 58 168 2176 3866 2315 1609 511 4490 4210 1558 6865 47028 5381 2769 896 511 523 7321 1183 74 0 
15138 1469 394 991 2548 1308 344 1629 10840 2409 2412 1630 179 2045 9048 5941 4755 9498 4558 6548 2883 10474 114082 4914 13369 4918 1269 4299 3753 125 1120 0 
8408 904 0 694 1716 1019 2484 4391 855 1000 987 80 735 1714 2366 6094 2372 2974 7223 3154 4074 3095 98610 7636 5453 1239 972 523 1693 40 827 0 
4870 333 131 896 1133 435 0 4348 0 0 0 0 0 0 45 2198 968 0 2008 3284 2690 1326 6655 3128 3269 147 1134 284 2817 0 0 0 
10911 153 0 2570 331 0 0 55 0 0 485 0 0 59 904 3084 249 0 3688 10968 293 518 39954 4478 671 157 0 0 8 317 882 0 
10850 89 314 2408 1272 650 983 280 1181 559 139 447 0 0 98 3797 840 197 4079 12260 1372 1972 41774 4938 456 786 0 53 6 0 0 0 
7127 237 0 2117 85 3805 460 271 1176 1429 1885 380 772 207 1156 4843 2302 2321 5569 13294 6905 4187 210407 9153 2096 1740 0 1452 5588 1262 522 0 
252 435 0 0 0 0 0 0 0 0 0 0 0 0 0 834 0 0 0 0 0 0 0 0 0 0 0 0 0 0 0 0 
672 1160 0 0 0 0 0 0 0 0 0 0 0 0 0 2224 0 0 0 0 0 0 0 0 0 0 0 0 0 0 0 0 
632 1160 65 300 0 0 231 0 0 38 0 0 0 0 0 2224 0 0 170 892 0 1474 691 0 0 0 0 0 0 464 161 0 
416 580 0 0 0 0 0 0 0 0 0 0 0 0 0 1112 0 0 0 0 0 0 0 0 0 0 0 0 0 0 0 0 
142 0 0 203 67 0 138 0 72 0 58 0 0 0 0 0 0 0 0 0 0 0 0 0 1571 0 0 0 0 0 0 0 
104 0 0 0 0 0 0 0 0 0 0 0 0 0 0 0 0 0 0 0 0 0 0 0 2112 0 0 0 0 0 0 0 
50 0 0 0 128 0 210 0 0 0 0 0 0 0 0 55 0 0 0 584 0 0 0 0 704 275 0 0 0 0 0 0 
147 0 0 0 128 0 406 0 0 0 0 0 0 0 0 0 0 0 0 0 0 0 0 0 3282 0 0 0 0 0 0 0 
220 0 0 0 0 0 0 0 0 0 0 0 0 0 0 0 0 0 0 0 0 0 0 0 6005 0 0 0 0 0 0 0 
111 0 0 0 0 0 24 0 0 93 41 0 0 22 0 39 0 0 0 0 173 0 0 0 0 0 178 0 0 0 0 0 
608 0 0 0 0 0 176 0 0 744 328 0 0 0 0 0 0 0 0 0 0 0 0 0 0 0 0 0 0 0 0 0 
691 0 0 0 0 0 154 0 0 715 287 0 0 0 0 0 17 0 0 0 117 0 0 0 0 0 46 0 0 0 0 0 
2611 0 0 25 0 0 0 0 0 670 18 0 0 0 0 0 0 0 0 0 0 366 0 0 17 150 0 0 0 215 0 0 
3316 0 0 0 0 0 0 0 0 332 74 0 0 0 0 0 0 0 0 0 0 0 0 0 0 0 0 0 0 0 0 0 
2133 0 0 0 0 0 0 0 0 1660 388 0 0 0 269 0 0 87 0 0 0 0 4388 0 348 155 0 37 63 1546 40 0 
1478 0 0 0 0 0 0 28 0 1992 444 0 0 0 0 0 0 0 0 0 0 0 0 0 0 0 0 0 0 0 0 0 
2533 0 0 0 0 0 0 0 0 1104 0 0 0 0 0 0 0 0 0 0 0 0 0 0 0 0 0 0 0 0 0 0 
2798 0 0 0 0 0 0 0 0 1104 47 0 0 0 0 0 0 0 0 0 0 0 0 0 0 33 0 0 0 0 0 0 
2304 0 0 0 0 0 0 0 0 1104 0 0 0 0 0 0 0 0 0 0 0 0 0 0 0 0 0 0 0 0 0 0 
2752 0 0 70 451 0 104 0 0 856 130 0 117 0 2606 885 445 0 1098 664 0 679 16479 369 0 449 0 0 0 0 65 0 
849 328 0 0 0 0 11 0 0 5422 1032 3 0 0 0 0 0 0 0 75 0 0 0 0 0 0 0 0 0 852 0 0 
1077 0 0 0 0 0 22 0 0 587 0 0 0 0 0 0 0 0 0 50 0 0 0 0 0 0 0 0 0 0 0 0 
172 0 0 0 0 0 0 0 0 0 0 0 0 0 0 0 0 0 0 0 0 0 0 0 0 0 0 0 0 0 0 0 
2003 66 0 0 48 0 0 2 0 1746 310 0 0 0 0 0 0 0 0 0 0 0 224 0 0 0 0 0 0 284 0 0 
3608 0 0 0 0 0 0 0 0 0 448 0 0 0 0 0 0 0 0 0 0 0 448 0 0 0 0 0 0 0 0 0 
3608 0 0 0 0 0 0 0 0 0 448 0 0 0 0 0 0 0 0 0 0 0 448 0 0 0 0 0 0 0 0 0 
3125 251 0 84 295 0 130 0 217 698 1806 137 0 0 0 207 0 0 108 408 1247 109 2976 0 1705 0 0 0 0 676 0 0 
1205 0 0 0 0 0 0 0 0 307 84 162 0 0 76 344 0 0 0 0 0 172 56 0 0 0 0 0 52 0 0 0 
167 0 0 0 0 346 0 0 152 320 0 0 0 0 604 172 0 0 0 73 0 86 0 0 0 0 0 0 0 0 0 0 
192 0 0 0 0 0 0 0 0 512 0 0 0 0 0 0 0 0 0 0 0 0 0 0 0 0 0 0 0 0 0 0 
2903 26 0 816 0 378 0 0 953 128 0 0 0 0 131 468 0 0 569 36 0 0 0 0 0 0 0 0 0 0 0 0 
3712 0 11 1040 51 2986 27 0 1164 136 0 0 0 0 427 624 0 0 0 0 0 0 2802 1089 0 0 0 0 0 0 0 0 
3774 0 0 1016 0 504 0 0 1088 64 0 0 0 0 0 624 0 0 0 0 0 0 0 0 0 0 0 0 0 0 0 0 
3622 723 0 1177 325 6362 355 0 1088 1330 112 2346 137 1120 153 2763 1730 0 497 455 0 404 13002 1039 157 998 0 996 1032 0 0 0 
1660 0 172 258 0 13602 330 0 311 271 1356 61 162 649 733 78 0 433 1501 610 967 712 15217 284 507 0 293 0 0 0 18 0 
1550 0 0 0 0 896 0 8 0 824 1309 0 174 4396 3791 0 0 211 0 0 0 0 0 175 0 0 0 0 0 0 0 0 
538 0 0 0 0 0 0 186 0 0 0 0 0 0 0 0 0 0 0 0 0 0 441 0 0 0 0 0 3204 0 0 0 
939 0 0 0 72 0 0 0 0 0 23 0 0 0 0 14 26 0 44 15 0 64 0 0 0 49 0 266 8671 0 160 0 
582 0 0 0 0 528 0 0 168 717 0 133 0 0 0 583 457 0 198 626 453 96 5814 300 0 0 0 0 8641 0 0 0 
487 0 98 0 105 0 0 0 0 250 0 49 0 0 0 0 0 0 130 0 47 0 81 0 0 0 0 2 3858 0 49 0 
177 0 0 0 0 0 0 0 0 24 0 0 0 0 0 0 0 0 0 0 47 0 0 0 0 0 0 0 0 0 81 0 
520 0 0 168 0 0 0 0 0 8 0 0 0 0 0 0 521 0 49 0 0 0 1589 0 0 0 0 0 0 0 27 0 
921 152 165 168 0 0 0 0 0 1792 0 0 0 491 4662 60 1082 17667 416 756 144 476 52557 69 2557 0 72 0 0 0 0 0 
930 0 0 0 0 0 0 0 0 11357 0 0 0 0 0 0 0 0 0 0 0 0 0 0 0 0 0 0 0 68 0 0 
196 0 0 0 0 0 0 0 0 349 0 0 0 0 0 0 0 0 0 0 0 0 0 0 0 0 0 0 0 190 0 0 
269 0 7 0 0 0 0 0 0 224 36 0 0 0 0 0 0 0 0 16 0 0 441 0 0 0 0 0 0 76 0 0 
902 0 0 0 0 0 0 0 0 27 0 0 0 0 0 0 0 0 0 0 0 0 0 0 0 0 0 0 0 0 0 0 
400 0 0 0 0 0 0 0 0 660 69 0 0 0 0 0 0 0 0 0 0 0 0 0 0 0 0 0 0 0 0 0 
370 0 0 0 0 0 0 0 0 0 0 0 0 0 0 0 0 0 0 0 0 0 3213 0 0 0 0 0 0 0 0 0 
1168 0 0 0 0 0 0 0 0 0 100 0 0 0 1076 0 0 348 0 0 0 0 17552 0 0 0 0 148 0 0 72 0 
848 0 0 0 0 102 0 0 0 0 200 0 383 1505 367 1150 2460 0 0 261 413 621 15069 64 0 0 0 149 199 0 144 0 
444 0 0 0 111 0 0 0 0 5001 624 0 156 0 0 0 0 0 0 0 0 0 0 0 0 0 0 0 0 0 18 0 
581 0 0 0 0 0 0 0 0 0 0 0 0 0 0 0 0 0 0 0 0 0 0 0 0 0 0 0 0 0 0 0 
554 0 0 0 0 0 0 0 0 452 1402 0 0 0 0 0 0 0 0 0 0 0 4812 0 0 0 0 0 0 122 0 0 
1373 0 0 0 0 0 0 0 0 560 296 0 0 0 0 0 0 0 0 0 0 0 38496 3 0 0 0 0 0 976 0 0 
262 0 0 0 0 205 0 0 0 352 0 0 0 283 97 0 0 0 0 0 0 0 0 0 0 0 0 0 0 0 0 0 
3315 266 0 0 549 0 0 1120 0 0 768 312 0 334 0 1717 0 0 2251 1176 262 0 5992 0 135 0 0 720 327 0 0 0 
1152 0 1633 0 102 0 0 0 1682 0 1536 0 0 0 76 0 64 0 4887 130 35 266 344 0 270 0 233 0 654 0 0 0 
1058 0 6689 0 540 665 159 176 5585 0 0 259 0 6787 13544 75 0 0 0 0 0 0 887 0 0 0 0 207 0 0 0 0 
3947 532 351 0 2263 295 414 195 75 0 184 1143 0 1755 5078 2485 536 1601 1215 1184 1296 2020 106766 13800 3622 0 88 59 854 0 124 0 
20110 309 187 654 1188 10727 212 2554 1010 734 1412 4799 1154 1652 16124 16173 1263 8538 8766 8835 11609 4357 237270 32338 10818 571 233 3380 1678 1124 154 0 
22065 0 0 0 0 2360 28 1560 65 35 0 1544 0 0 13864 15832 18 0 4648 6312 4102 571 76184 13141 8140 0 0 144 1384 0 60 0 
22651 8 0 104 440 2360 0 1878 0 0 0 1796 0 0 14096 15894 96 0 5308 6934 4558 566 73432 12928 8587 0 0 0 1384 0 0 0 
22230 0 97 526 18 4018 136 1560 338 936 472 1958 161 402 14797 17015 867 77 5969 9240 5742 1832 117455 13606 8362 166 0 608 1813 963 399 0 
4373 540 0 937 1922 608 2342 1077 33 1165 160 1300 0 0 3777 4753 2613 76 3145 5374 2859 3625 63116 3480 5474 1083 96 189 271 295 495 0 
2180 0 0 0 1320 736 113 954 0 0 0 756 0 0 724 106 300 0 1980 1866 1746 1056 874 0 0 0 0 189 0 0 23 0 
284 0 0 16 0 0 0 0 0 0 0 0 0 0 0 0 0 0 0 0 0 0 0 0 0 0 18 0 0 0 0 0 
826 0 0 0 0 0 0 0 0 0 0 0 0 0 0 0 0 0 0 0 0 0 0 0 0 0 0 0 0 0 0 0 
1816 0 0 0 0 0 0 0 0 0 0 0 0 0 0 0 0 0 0 0 0 0 0 0 0 0 0 0 0 0 0 0 
836 0 0 0 0 0 0 4 0 162 20 0 0 0 103 0 0 0 0 0 445 0 0 0 0 0 0 0 0 0 0 0 
1075 0 0 0 0 0 0 0 0 108 184 0 0 0 0 0 0 0 0 0 0 0 534 0 48 0 0 1081 687 0 0 0 
449 0 0 0 0 0 0 0 0 738 46 0 0 0 310 0 0 0 0 716 0 289 371 229 40 0 0 0 0 0 0 0 
1232 0 0 0 0 0 0 0 0 2952 0 0 0 0 0 0 0 0 0 0 0 0 0 0 0 0 0 0 0 0 0 0 
116 0 0 0 0 0 0 0 308 0 0 0 0 0 0 0 0 0 0 0 0 0 0 1141 0 0 0 0 0 0 0 0 
6173 0 0 0 0 0 0 0 0 356 1159 0 0 0 269 27 0 87 0 0 70 99 4388 192 0 0 0 37 0 584 709 0 
5666 0 0 0 0 0 0 0 0 238 992 0 0 0 269 0 0 87 42 24 0 0 4388 0 0 1714 0 37 0 690 46 0 
1010 0 0 0 0 0 0 67 0 0 0 0 0 0 38 0 0 0 0 0 0 0 0 0 0 0 0 0 0 0 0 0 
2259 0 0 0 108 0 0 0 0 0 0 0 0 0 0 0 0 0 0 0 0 0 0 0 0 0 0 0 0 0 68 0 
6485 0 0 0 0 0 0 0 0 0 13 0 0 0 0 0 0 0 0 0 0 0 0 0 0 0 0 6 0 82 0 0 
491 11 0 0 0 0 0 6 31 530 68 70 0 0 0 0 0 0 0 0 0 0 0 0 0 0 0 0 0 0 0 0 
1959 0 0 0 0 0 0 0 8287 4931 0 1166 0 1814 178 0 466 0 0 0 0 0 4032 0 0 0 1383 336 180 987 0 0 
1125 0 0 0 0 0 0 0 19378 676 0 993 0 1814 624 196 448 227 285 892 501 1046 6301 123 0 0 1844 2923 60 1215 0 0 
1252 0 0 0 0 0 0 0 2244 0 0 0 0 0 50 196 0 0 285 892 501 414 4789 123 0 0 0 0 0 0 0 0 
1141 0 0 0 0 0 0 0 0 0 0 0 0 0 0 0 0 0 0 0 0 0 872 160 0 0 0 0 0 0 97 0 
723 0 0 0 0 0 0 0 182 0 0 0 0 0 0 0 0 0 0 0 0 0 0 0 0 0 0 0 0 0 0 0 
400 0 0 0 0 0 0 0 0 1370 0 0 0 0 0 0 0 0 0 0 0 0 0 0 0 0 0 0 0 0 0 0 
1689 0 0 0 0 0 0 0 0 0 0 0 0 0 0 644 0 0 0 0 0 0 0 0 0 66 0 0 0 0 0 0 
