0 1124 1327 1052 1098 894 895 970 795 985 937 880 716 794 915 1000 1032 864 967 950 1071 1213 1183 968 1374 1341 1253 1155 0 0 0 0 
0 926 961 695 598 567 521 471 521 649 532 515 499 547 560 599 665 426 561 619 618 693 780 746 828 957 773 881 0 0 0 0 
0 1057 1121 761 775 661 673 686 631 823 662 650 487 712 694 622 765 558 677 676 848 879 850 676 867 977 826 778 0 0 0 0 
0 957 921 671 588 541 468 495 508 574 457 470 420 541 495 508 524 416 436 547 537 657 639 629 678 789 742 587 0 0 0 0 
0 748 778 767 684 523 547 481 542 558 694 626 718 566 657 645 528 649 740 559 658 977 745 689 731 886 714 732 0 0 0 0 
0 874 931 733 725 525 588 507 468 620 530 556 443 638 592 493 643 460 632 574 675 773 675 710 770 821 820 690 0 0 0 0 
0 435 403 372 398 231 302 338 260 294 243 278 255 304 256 280 350 252 372 289 291 409 346 403 316 434 330 368 0 0 0 0 
0 618 503 383 481 311 331 354 293 281 212 379 219 320 310 312 345 275 305 301 354 405 358 327 355 403 354 369 0 0 0 0 
0 881 821 608 742 549 569 523 527 557 647 632 633 584 716 612 657 586 682 594 700 844 727 667 813 804 827 770 0 0 0 0 
0 448 288 235 359 195 241 268 197 293 223 264 235 300 240 216 359 225 291 255 288 358 340 321 344 429 371 314 0 0 0 0 
0 532 509 360 352 279 290 292 234 314 294 257 260 287 330 290 288 250 305 258 322 357 320 309 356 356 386 306 0 0 0 0 
0 536 514 413 363 301 256 315 335 335 234 276 161 287 286 269 283 228 287 251 274 379 363 258 332 371 357 383 0 0 0 0 
3 669 705 453 511 460 374 382 407 490 425 430 328 606 468 434 505 521 597 399 520 619 526 578 634 640 678 587 0 0 0 0 
0 377 313 191 438 248 207 232 219 135 159 208 135 200 177 204 198 124 217 172 160 185 207 268 197 223 273 224 0 0 0 0 
0 684 573 425 416 307 330 351 359 387 315 296 318 416 325 324 395 333 315 393 442 458 447 424 490 542 494 445 0 0 0 0 
