1199 985 994 903 895 735 781 888 950 960 885 940 829 979 807 866 1037 966 1115 885 1039 888 932 859 840 880 847 896 969 961 961 881 
1153 682 629 764 700 681 689 797 843 792 829 706 710 759 752 661 635 751 724 740 697 703 709 638 768 779 720 753 788 776 736 739 
1427 1101 1130 1140 1008 914 1136 978 878 928 1023 925 1108 1056 1010 981 876 1139 1009 1098 1064 1126 899 1008 1084 1026 1079 1039 985 1012 1125 905 
1217 950 895 972 901 822 958 876 855 870 946 796 752 869 756 858 773 952 902 917 880 858 828 890 845 827 926 722 803 876 896 810 
792 478 536 514 565 559 467 522 555 521 489 553 499 449 469 517 540 558 629 582 524 488 388 510 506 497 509 457 543 586 600 404 
1462 1175 1338 1271 1124 1016 1112 1261 1138 1275 1119 1089 1081 1157 1121 1097 1171 1186 1134 1084 1120 1120 1190 1149 1323 1011 1074 1092 1161 1178 1135 1189 
1241 1140 956 939 1013 836 947 1163 897 1154 854 1035 1023 1137 883 992 1017 1162 1011 994 1049 858 893 1028 1025 944 899 920 917 833 1127 1004 
781 542 670 512 641 629 477 482 508 535 490 544 612 590 493 492 555 644 539 488 605 537 656 524 476 555 588 547 595 467 614 451 
1258 714 829 832 918 812 829 857 805 810 884 800 727 843 830 821 820 848 818 899 684 802 864 784 851 890 849 861 756 809 788 702 
1012 649 733 608 815 662 714 608 646 771 654 709 645 531 670 739 757 625 732 624 653 837 719 591 628 693 641 688 613 705 783 559 
1241 945 951 928 941 1012 872 917 1018 1083 942 943 991 1026 933 971 983 987 980 914 988 914 948 992 975 955 877 1046 947 907 1077 845 
902 574 611 646 604 615 575 567 657 668 627 677 521 683 513 662 592 622 601 616 581 594 659 612 598 624 648 636 756 674 569 594 
1400 1094 1100 968 990 1101 1040 1081 1027 1166 1063 1013 1110 1109 1127 953 988 1107 1154 1169 946 950 954 1041 1005 1140 1020 1102 934 1017 1205 976 
1430 1089 1086 1100 950 1079 1077 1174 1085 976 1153 1057 882 971 1129 963 895 1219 1045 940 1020 1013 1209 951 1118 1093 1085 1123 1040 1147 1054 1051 
1100 887 1050 939 925 899 855 1052 962 1004 987 1029 913 844 910 967 930 904 1052 926 993 950 932 935 960 955 885 905 911 999 1041 788 
