7824 996 1424 1470 1888 2342 943 1169 2647 1921 1593 1524 1301 3287 3972 4059 2302 4352 10668 7480 8713 9473 18359 7784 2201 1061 383 1262 1375 940 636 0 
9858 4115 4108 5976 7024 14820 5339 5076 6818 7387 5629 4344 4390 12509 14190 16452 10969 11497 19287 31419 32512 37371 40372 35008 12527 4256 2478 9962 8522 5621 4195 0 
847 553 363 154 379 751 165 492 578 1072 139 239 78 363 376 687 811 427 2863 1779 1885 1040 13235 4563 1306 568 20 390 314 97 2619 0 
26041 4810 3934 10433 9808 14951 10530 7191 8359 7282 7541 3108 4493 9321 16382 25155 15207 17574 30808 31429 35470 40361 84323 47220 18037 6950 2283 6914 9710 4060 4077 0 
29844 10176 8546 14135 16909 25647 13428 11453 14264 17312 13033 8034 8401 23589 27075 42189 26576 26655 50724 68888 67174 79644 137388 80961 37783 12124 7507 17702 20107 8756 5157 0 
1710 454 230 423 739 319 7936 448 255 267 749 187 185 276 348 918 364 188 535 598 1219 627 5185 526 1620 230 260 190 360 270 336 0 
3081 263 188 365 334 999 532 185 100 6867 4428 199 156 627 782 327 405 764 860 639 710 772 1979 836 376 2558 285 1367 796 2122 450 0 
3779 1018 526 823 787 1548 430 834 500 8542 5388 345 812 2024 1190 1446 1308 575 1965 2838 2913 2635 4310 2822 897 866 240 1203 505 1975 754 0 
6180 1095 1328 2844 2262 6549 1937 721 2134 3189 2631 1207 1209 1847 2951 4571 1848 1491 2534 3901 3336 4371 11691 7099 1634 1514 578 2987 1077 1320 695 0 
4971 990 1172 1465 2123 4619 1810 985 1133 2800 3002 1953 1709 4414 3531 2559 1758 2316 3989 3957 3562 3988 12581 7186 1612 1036 1209 6123 2927 1506 2908 0 
3633 1287 1447 972 1064 3522 945 889 1122 3504 4847 993 1457 7613 4368 2691 4437 20365 4239 4094 5960 7752 14922 6553 3896 2860 899 2718 1455 3004 963 0 
3676 1464 1155 2150 2083 6023 1957 985 1743 4473 3584 1717 1577 6474 4907 3959 2110 1478 4155 6720 7274 6358 12138 12580 2783 2121 681 1667 1444 2628 1359 0 
57123 10685 12471 22067 17360 43056 17516 19621 17203 15942 18529 16906 16874 55096 39730 56663 31160 39162 57471 90428 101854 99763 224389 111583 43294 10584 5656 15385 16952 14223 6641 0 
924 140 434 149 187 123 175 100 96 2095 4038 61 52 120 377 259 336 78 270 473 465 346 2104 442 511 303 66 774 515 498 673 0 
4909 782 1116 1276 1192 3546 2264 1309 5337 11552 5488 3237 1969 6807 5284 1938 2485 2836 1706 3208 3143 3513 7721 3746 1865 2314 2252 5721 1541 4557 1462 0 
