1664 173 722 578 631 495 330 235 614 345 342 384 527 763 778 1209 464 999 1604 1662 2341 1877 2779 1500 598 169 127 186 151 290 229 0 
6130 802 664 861 1214 1777 579 878 2009 1430 1222 1119 713 2492 3118 2694 1756 3056 8773 5626 6166 7294 15545 5932 1524 873 234 1043 1200 631 400 0 
6010 2899 2806 4085 4924 9602 3511 3201 4859 4557 3893 3032 3244 8714 10548 11115 6779 7694 12919 21422 21779 26331 25357 24236 8524 2989 1886 6845 4731 2792 1865 0 
3595 1063 1076 1647 1800 4562 1608 1591 1728 2651 1449 1094 789 1721 2589 4627 3517 1949 5412 8796 8894 8762 13864 9151 3512 958 416 2769 3403 2599 2245 0 
793 180 234 116 137 615 79 132 123 248 29 131 38 124 132 357 315 143 777 493 686 359 4359 1651 664 137 14 350 96 24 626 0 
54 373 129 38 242 136 86 360 455 824 110 108 40 239 244 330 496 284 2086 1286 1199 681 8834 2912 642 431 6 40 218 73 1993 0 
5532 2447 1986 3249 3985 9047 3331 3383 3395 3584 3318 1816 2404 5296 7519 10780 6372 8830 13744 17413 18667 20463 38877 25047 8560 2547 897 2611 4359 1976 3001 0 
20119 2059 1514 6682 5362 3809 6644 3423 4517 3211 3743 1025 1636 2996 7392 12066 7427 3735 14769 11157 13197 15762 44669 18572 7708 4091 1200 1837 4781 1695 863 0 
18080 5967 4978 8054 9244 12180 8494 6929 8864 9142 6988 4697 4557 12912 15398 23057 14708 17507 27373 35744 34297 39179 81280 41056 20332 7255 4008 10317 10392 4630 2492 0 
11268 3784 3210 5443 7005 11562 4322 3723 4715 7424 5436 2826 3198 8499 10152 16855 10037 6920 20605 29456 28914 35405 52922 34989 14747 4112 2172 6653 8753 3340 2357 0 
1023 361 100 239 303 165 2344 240 139 95 219 61 90 105 212 519 171 95 428 463 871 449 4306 416 743 85 65 68 280 136 286 0 
687 93 130 184 436 154 5592 208 116 172 530 126 95 171 136 399 193 93 107 135 348 178 879 110 877 145 195 122 80 134 50 0 
1434 114 38 217 62 478 324 96 21 3824 1337 77 8 139 78 39 143 65 65 97 213 109 557 121 209 516 70 161 145 771 149 0 
1647 149 150 148 272 521 208 89 79 3043 3091 122 148 488 704 288 262 692 795 542 497 663 1422 715 167 2042 215 1205 651 1351 301 0 
2183 465 409 491 502 1221 330 408 359 4562 2972 219 437 1540 989 1131 1078 472 1702 2188 1839 1929 3282 2147 685 594 204 881 357 1381 440 0 
1565 504 71 300 221 40 49 69 110 3696 2377 94 339 315 80 111 110 29 68 320 649 58 1027 188 73 191 12 250 79 570 298 0 
1435 436 111 380 482 257 388 134 325 2212 1846 213 255 215 805 400 255 135 230 815 938 479 2204 493 244 229 28 255 150 447 188 0 
4684 584 1148 2371 1670 5855 1481 484 1728 861 358 956 886 1471 1951 3626 1291 736 1962 2380 1826 3156 9460 5139 1191 1210 537 2658 818 786 481 0 
3915 620 738 918 1397 3969 1475 724 734 1674 2551 1269 1388 3660 2730 1536 1006 1061 2880 2576 2279 2723 9037 6006 1078 660 798 3489 1471 1070 1599 0 
1036 340 426 535 715 526 320 250 391 1108 447 674 298 660 652 993 725 1165 1063 1322 1168 1173 3522 1107 502 363 406 2618 1451 398 1303 0 
2074 719 686 519 526 1549 508 578 632 2295 2590 419 854 5395 2498 1645 3045 13792 1885 2108 3395 4012 10368 3078 2731 891 408 1125 1026 2091 566 0 
1305 330 463 241 367 1165 267 164 270 808 1485 311 394 1050 931 599 570 2021 1774 1265 1722 2315 890 2262 629 438 253 804 283 438 259 0 
1068 431 265 553 596 1534 630 310 440 2666 2155 357 394 1220 1490 2029 1237 518 1348 2207 2605 2059 3664 3357 762 867 243 702 709 875 917 0 
2608 1033 890 1597 1487 4489 1327 675 1303 1807 1429 1360 1183 5254 3417 1930 873 960 2807 4513 4669 4299 8470 9223 2021 1254 438 965 735 1753 442 0 
29031 6116 7068 13311 9790 27456 10114 10347 10454 9292 10342 9171 9501 32673 24372 31018 16309 21671 31867 49455 56332 57031 119103 64072 25620 5967 3640 8239 9226 8575 3526 0 
27520 4158 4863 8160 6910 13442 6828 8614 5849 5917 7567 7116 6651 19206 13902 23185 12057 13553 22532 36870 40973 37054 101531 42159 15457 4147 1609 5061 6710 5108 2881 0 
165 23 9 66 18 9 129 8 9 1152 1323 27 5 22 186 42 67 3 52 121 61 32 274 112 17 104 26 114 16 119 219 0 
759 117 425 83 169 114 46 92 87 943 2715 34 47 98 191 217 269 75 218 352 404 314 1830 330 494 199 40 660 499 379 454 0 
1459 234 470 424 458 1476 363 228 289 5842 2937 225 226 810 695 407 471 1155 581 1031 946 1241 2258 1279 513 799 404 1747 278 1904 727 0 
3414 535 637 837 721 2053 1886 1025 4569 5685 2363 2989 1730 5955 4563 1482 2004 1630 1111 2142 2190 2255 5412 2449 1341 1272 1829 3933 1186 2591 701 0 
403 233 278 188 203 715 289 110 264 1425 862 299 118 629 568 539 695 340 402 1138 584 657 1936 993 404 215 67 267 223 331 316 0 
