1008 569 688 653 818 690 670 649 620 660 705 238 0 0 0 0 0 0 0 0 0 0 0 0 0 0 0 0 0 0 0 0 
1246 992 841 956 955 810 1015 823 904 815 887 281 0 0 0 0 0 0 0 0 0 0 0 0 0 0 0 0 0 0 0 0 
937 702 598 669 860 665 676 627 605 577 680 237 0 0 0 0 0 0 0 0 0 0 0 0 0 0 0 0 0 0 0 0 
1237 861 913 991 1226 892 1051 876 804 856 871 268 0 0 0 0 0 0 0 0 0 0 0 0 0 0 0 0 0 0 0 0 
1035 688 621 638 614 638 603 612 633 534 571 187 0 0 0 0 0 0 0 0 0 0 0 0 0 0 0 0 0 0 0 0 
1360 958 772 802 875 857 917 840 812 704 813 232 0 0 0 0 0 0 0 0 0 0 0 0 0 0 0 0 0 0 0 0 
1352 760 753 898 905 760 897 840 776 903 816 277 0 0 0 0 0 0 0 0 0 0 0 0 0 0 0 0 0 0 0 0 
1630 1115 1157 1174 1391 1122 1267 1132 1035 1116 1132 361 0 0 0 0 0 0 0 0 0 0 0 0 0 0 0 0 0 0 0 0 
1381 933 876 927 961 1027 951 921 935 915 891 319 0 0 0 0 0 0 0 0 0 0 0 0 0 0 0 0 0 0 0 0 
942 432 544 591 799 576 703 654 468 685 671 202 0 0 0 0 0 0 0 0 0 0 0 0 0 0 0 0 0 0 0 0 
1176 812 855 804 995 894 954 794 727 905 827 284 0 0 0 0 0 0 0 0 0 0 0 0 0 0 0 0 0 0 0 0 
912 549 589 627 559 578 677 540 540 561 453 198 0 0 0 0 0 0 0 0 0 0 0 0 0 0 0 0 0 0 0 0 
1030 636 735 768 932 690 785 688 692 690 715 262 0 0 0 0 0 0 0 0 0 0 0 0 0 0 0 0 0 0 0 0 
1389 815 822 895 916 811 831 839 803 865 753 305 0 0 0 0 0 0 0 0 0 0 0 0 0 0 0 0 0 0 0 0 
844 607 547 630 674 620 575 548 586 607 532 214 0 0 0 0 0 0 0 0 0 0 0 0 0 0 0 0 0 0 0 0 
