1909 7618 1135 221 1343 1039 0 12 0 0 44 0 0 0 0 0 0 98 0 0 0 0 0 0 0 0 0 0 0 0 0 0 
5682 11319 9227 5260 6775 4958 647 1732 225 353 542 194 170 112 34 0 3904 213 3 8 7 0 0 0 0 0 0 0 53 0 0 0 
6085 3456 2061 1987 1406 520 461 249 8 105 214 43 6 133 0 0 489 0 0 0 0 0 0 0 0 0 0 0 0 0 0 0 
1351 2003 737 262 23 63 34 256 7 46 27 72 0 44 0 0 100 0 0 0 7 0 0 0 0 0 0 0 0 0 0 0 
1106 290 428 300 0 0 0 0 1 0 8 0 0 0 0 0 135 0 0 0 0 0 0 0 0 0 0 0 0 0 0 0 
677 482 372 559 12933 91 120 99 32 18 117 138 0 0 0 0 349 43 0 0 24 0 0 0 0 0 0 0 0 0 0 0 
2327 4992 6080 5840 6189 3807 16 0 11 43 264 0 0 87 0 0 952 43 2 0 0 53 0 0 0 0 0 26 0 0 0 0 
9 0 0 53 0 0 0 0 22 0 0 0 0 40 0 0 0 0 0 0 0 0 0 0 0 0 0 0 0 0 0 0 
0 0 3 0 0 0 0 0 0 0 0 0 0 0 0 0 0 0 0 0 0 0 0 0 0 0 0 0 0 0 0 0 
391 2534 2303 161 8 0 0 0 0 0 0 0 0 0 0 0 8 0 0 0 0 0 0 0 0 0 0 0 0 0 0 0 
1376 1387 1078 1808 1130 957 705 105 144 111 205 63 163 5 78 0 1731 1193 1314 588 335 151 0 0 31 0 0 0 308 16 4 0 
3508 2194 6749 1026 1258 1235 48 5061 436 1835 603 330 0 0 3 0 828 0 0 0 0 0 0 0 0 0 0 0 0 0 0 0 
5578 9575 5564 2834 2405 3579 424 2834 953 1519 955 131 183 16 0 8 46 86 207 88 186 13 0 0 0 0 0 454 0 0 0 0 
763 1751 194 111 838 976 31 41 2 0 11 38 41 18 0 0 3 0 0 0 0 0 0 0 0 0 0 0 0 0 0 0 
436 1679 190 85 387 7 0 0 8 0 0 24 0 0 0 0 412 0 0 0 0 0 0 0 0 0 0 0 0 0 0 0 
