14378 220 957 4739 2380 0 52 12 2414 604 1186 397 91 832 755 423 42 4007 7736 2286 4351 6552 52604 6342 462 1007 0 259 204 56 0 0 
22628 1475 843 937 3126 5581 192 832 451 936 422 4453 43 8099 5695 3697 3594 316 2583 11996 6132 7261 244107 6006 7067 15605 1711 1883 13601 1221 167 0 
33608 917 95 265 117 0 0 0 64 0 0 39 0 0 0 0 298 0 90 0 43 0 0 3590 0 0 0 27 0 0 0 0 
99521 214 739 460 7224 877 785 637 1721 2171 1192 558 217 6775 11175 8417 3210 6067 23472 17394 8482 29300 207556 24724 7545 3568 511 1046 16430 1685 1534 0 
58228 4780 839 9676 7085 7217 4271 10974 14045 5397 5908 2537 1686 4025 10264 29013 11466 12733 27122 49504 18215 21571 493612 34246 25289 8984 3375 3638 13842 1744 3351 0 
1822 1740 65 503 323 0 1009 0 72 131 99 0 0 22 0 3430 0 0 170 1476 173 1474 691 0 13674 275 178 0 0 464 161 0 
16168 0 0 25 0 0 330 28 0 8321 1586 0 0 0 269 0 17 87 0 0 117 366 4386 0 365 338 46 37 63 1761 40 0 
16373 394 0 70 499 0 137 2 0 9715 2368 3 117 0 2606 885 445 0 1098 789 0 679 16073 369 0 449 0 0 0 1136 65 0 
18700 1000 11 4133 671 10576 512 0 4662 3495 2002 2645 137 1120 1391 5202 1730 0 1174 972 1247 763 17805 2128 1862 998 0 996 1084 676 0 0 
6453 0 270 426 177 15021 330 194 479 2094 2688 243 336 5045 4524 675 1004 644 1917 1251 1514 872 23142 759 507 49 293 268 24373 0 335 0 
5156 152 171 168 0 0 0 0 0 14409 205 0 0 491 5738 60 1082 16155 416 772 144 476 66213 69 2557 0 72 148 0 334 72 0 
8529 266 1633 0 762 307 0 1120 1682 6365 4826 312 539 2122 540 2867 2521 0 7138 1567 710 887 64713 67 405 0 233 869 1180 1098 162 0 
98614 1389 7324 2221 7691 21767 3404 9954 7106 2870 2228 13555 1315 10593 75003 72300 5693 8042 31023 39734 31910 14014 650708 89186 44997 1820 417 4776 7384 2382 1255 0 
6634 0 0 16 0 0 0 4 308 3960 250 0 0 0 413 0 0 0 0 716 445 289 905 1370 88 0 18 1081 687 0 0 0 
25168 11 0 0 108 0 0 73 27696 6730 2232 2229 0 3628 1378 223 914 401 327 916 571 1145 19105 315 0 1714 3227 3339 240 3558 823 0 
