485 573 83 594 448 2038 106 2475 17 338 146 26 136 104 157 445 494 347 59 657 265 30 784 297 277 2136 721 734 2650 765 561 382 
21 35 434 0 186 402 672 374 255 440 439 415 267 96 1332 2185 393 206 52 1629 0 86 180 576 370 84 53 43 3132 429 1396 1145 
2329 64 1064 268 252 116 26 158 65 1052 874 189 93 91 123 68 154 781 281 135 5411 256 819 156 222 23 4989 92 1951 266 1860 572 
117 2714 72 96 369 1254 189 158 137 90 295 196 165 96 11 263 470 197 128 198 93 478 344 153 498 212 223 38 1569 315 733 990 
925 67 900 307 789 1398 764 471 3318 258 134 431 1522 665 816 367 35 191 1008 125 1410 88 2920 580 3046 53 477 386 3103 915 92 1114 
229 15 253 7 1 1500 2154 599 49 125 404 247 240 92 88 272 103 281 275 118 2707 151 376 152 314 2074 810 317 303 568 347 1009 
185 115 417 438 548 629 14 194 67 256 376 1118 116 48 867 628 5625 190 6 205 3202 384 1307 2068 165 600 262 21 4391 522 915 521 
156 265 36 345 48 436 328 2348 3559 48 401 346 2891 436 190 10 1204 12 303 20 217 2761 30 328 383 3884 204 307 3263 2387 2062 1604 
2372 119 35 91 36 472 134 44 104 77 166 407 97 45 1165 2484 2528 29 126 3152 121 186 95 123 25 120 75 145 104 46 297 485 
208 105 151 214 164 452 36 1397 2754 464 536 262 221 57 385 2064 2345 2271 55 85 189 161 2801 498 128 17 133 41 572 593 596 448 
2302 25 2801 88 477 1289 688 735 89 497 1125 157 610 99 974 36 112 972 106 2836 505 838 610 474 35 2946 728 33 2909 2090 354 104 
469 1044 329 136 381 391 23 280 62 17 2971 362 1714 1 8 75 304 1132 929 4786 765 355 140 1589 580 609 796 50 773 1072 2162 660 
479 371 13 711 230 892 1 91 84 2124 3158 249 101 132 783 547 742 740 283 176 3430 747 796 387 96 25 1101 988 3747 560 169 874 
40 2726 2849 299 2301 2642 271 231 47 0 8 343 81 424 1587 17 143 834 372 70 63 3642 3995 106 63 3087 1140 13 2380 1990 7 119 
2664 20 114 7 0 415 65 1228 495 0 203 48 1 100 2175 106 155 60 0 1190 51 0 287 147 14 2834 54 0 556 485 1208 463 
188 204 37 197 78 10 294 2051 107 66 143 27 380 41 220 270 94 438 71 24 65 47 238 2046 443 100 29 436 373 3146 194 1572 
607 45 2850 712 100 1334 172 206 44 105 237 669 917 31 94 22 56 212 365 938 1948 214 81 59 2997 440 2240 225 3089 150 19 557 
267 2658 30 48 795 1161 2869 38 7 0 78 152 1079 186 158 2496 2892 222 304 5613 81 89 347 378 104 136 199 181 282 1560 124 3513 
87 336 231 340 526 714 29 367 107 285 185 220 244 276 701 4 236 136 69 791 206 425 4872 191 70 182 959 746 108 376 79 991 
539 100 3055 1313 332 490 78 1995 239 147 234 500 680 38 439 609 115 392 507 816 486 2839 108 42 80 170 497 498 190 60 631 549 
380 480 10 389 115 101 5116 2100 0 194 357 25 501 30 424 830 2597 660 1116 273 28 18 2003 939 2965 2 2194 205 469 3542 323 2390 
79 692 228 19 24 138 183 689 1342 93 138 90 269 762 1608 159 413 241 170 1560 6 223 83 7 296 710 222 773 114 116 221 798 
128 59 506 57 161 51 294 46 728 235 199 92 205 284 646 58 2062 334 526 428 3396 2729 630 96 78 258 697 1081 2886 243 293 204 
100 15 0 38 47 171 25 95 83 52 14 74 1777 23 915 78 153 60 6 11 2941 184 149 35 0 385 91 71 54 301 1122 1155 
58 92 4024 498 120 832 411 69 422 81 704 88 160 570 1129 767 155 17 475 22 1574 676 684 2079 2069 194 71 97 1673 85 66 121 
512 11 3224 879 71 605 205 379 264 998 93 418 1319 17 799 1305 4355 726 471 245 2311 324 291 89 245 596 25 829 143 2002 290 2473 
197 161 318 184 193 206 798 2440 159 315 382 377 188 38 29 2849 405 262 85 166 2676 3384 2980 2169 283 711 698 173 1673 520 819 2137 
471 55 13 1064 12 1037 480 462 31 690 404 45 3202 10 303 491 1422 1024 882 2446 25 32 673 1248 3015 70 222 78 2735 843 428 1704 
1225 2038 749 40 30 0 413 0 57 120 707 0 1716 20 255 50 34 43 119 672 20 132 0 931 933 121 693 630 5851 729 5 3512 
319 21 806 270 8 1231 5033 384 103 606 1046 64 597 809 425 458 881 148 197 2723 51 757 861 500 674 70 2154 72 167 77 552 689 
60 109 126 170 90 6 53 2045 2135 171 353 303 252 103 456 156 2643 84 245 21 55 25 8 183 55 2770 227 263 130 1558 956 3492 
