0 224241 119017 26335 23156 4008 6022 2824 8032 0 0 0 0 0 0 0 0 0 0 0 0 0 0 0 0 0 0 0 0 0 0 0 
0 100373 38078 30046 22586 21482 4516 600 561 26 3 0 0 0 0 0 0 0 0 1 130 0 0 0 0 0 0 0 0 0 0 0 
0 70839 73115 52876 21563 17768 7461 5491 329 652 0 0 0 0 0 0 0 0 0 0 0 0 0 0 0 0 0 0 0 0 0 0 
0 73772 44708 37221 75268 30696 6611 1951 761 1192 0 0 0 0 0 0 0 0 0 0 0 0 0 0 0 0 0 0 0 0 0 0 
2721 188357 123556 62036 62136 129299 73435 41970 22016 11625 250 9 4 0 4 4 2 1 4 105 326 72 366 361 61 30 33 44 39 45 29 44 
0 176715 105786 50610 47402 84458 73613 33075 17004 12900 110 2 1 0 0 0 0 0 1 63 276 559 0 0 0 0 0 0 0 0 0 0 
0 197325 113136 64236 55377 107549 56465 68591 29914 10626 1845 9 1 0 0 0 1 0 1 32 512 344 0 0 0 0 0 0 0 0 0 0 
0 169511 89892 45610 39370 73736 35336 19645 35654 14919 3855 39 16 10 10 4 6 7 22 637 2500 25 0 0 0 0 0 0 0 0 0 0 
0 129647 70716 43453 34236 70960 31197 17999 19580 22604 2394 72 25 29 48 14 14 24 21 588 3552 0 0 0 0 0 0 0 0 0 0 0 
0 137345 85422 39090 43327 31628 30474 21765 14794 41690 17291 373 47 107 50 40 30 39 44 4722 11139 713 414 0 0 0 0 0 0 0 0 0 
0 113123 99724 113309 43257 26215 19572 23324 17158 29812 229897 149986 84278 57431 65806 51777 45361 49809 41025 55690 35858 78252 6975 151 0 0 0 0 0 0 0 0 
0 107183 72739 41000 32130 29898 29210 23604 17419 14075 11113 1826 1179 832 746 617 629 606 594 21083 26431 5111 25657 794 0 0 0 0 0 0 0 0 
0 103927 73524 30944 26546 19921 16767 14060 11197 11315 4979 118 79 84 83 63 60 53 65 2879 20951 12687 3622 4261 0 0 0 0 0 0 0 0 
71 74676 54667 28734 24497 17973 16249 14162 11020 10396 4482 451 218 170 118 103 143 111 148 3295 9668 8238 28123 391 14 0 0 22 0 0 0 0 
0 88801 48205 37762 23689 19023 18555 16435 11962 7928 2550 230 81 59 66 37 43 81 76 1759 3597 8783 16373 3465 513 0 0 0 0 0 0 0 
