1121 0 135 0 102 26 0 0 0 0 0 0 0 0 0 0 92 0 0 0 0 0 0 0 0 0 0 0 0 0 0 0 
1552 0 225 0 0 95 0 0 0 0 0 0 0 0 0 0 92 0 0 0 0 0 0 0 0 0 0 0 0 0 0 0 
1399 0 279 0 75 99 0 0 0 0 0 0 0 0 0 0 51 0 0 0 0 0 0 0 0 0 0 0 0 0 0 0 
1373 0 232 0 11 140 0 0 0 0 0 0 0 0 0 30 62 0 0 0 0 0 0 0 0 0 0 0 0 0 0 0 
1604 255 152 64 18 143 105 0 0 0 0 0 0 0 0 79 27 0 0 0 0 0 0 0 0 0 0 0 0 0 0 0 
1818 532 119 126 53 74 59 0 49 0 0 0 0 0 0 0 17 35 0 0 0 0 0 0 0 0 0 0 0 0 0 0 
1638 484 0 240 23 13 0 11 47 0 0 0 0 0 0 0 0 54 0 0 0 0 0 0 0 0 0 0 0 0 0 0 
1798 789 0 211 15 0 0 97 16 0 0 0 0 0 0 0 0 75 0 0 0 0 0 0 0 0 0 0 0 0 0 0 
2095 467 117 229 95 59 0 0 0 0 0 0 0 0 0 0 240 93 0 0 0 0 0 0 0 0 0 0 0 0 0 0 
1975 883 0 158 23 0 0 75 0 0 0 0 0 0 0 0 13 54 46 0 0 0 0 0 0 0 0 0 0 0 0 0 
1862 796 0 188 0 0 0 104 0 0 0 0 0 0 0 0 0 55 52 0 0 0 0 0 0 0 0 0 0 0 0 0 
1988 479 404 197 18 37 0 45 0 0 0 0 0 0 0 21 0 18 0 0 0 0 0 0 0 0 0 0 0 0 0 0 
2066 439 589 0 92 214 0 0 0 0 0 0 0 0 0 34 163 0 0 0 0 0 0 0 0 0 0 0 0 0 0 0 
1830 859 261 0 19 11 0 0 0 0 0 0 0 0 0 0 0 59 0 38 0 30 0 0 0 0 0 0 0 0 0 0 
1983 1167 445 0 119 52 0 0 0 0 0 0 0 0 0 0 10 90 0 17 0 34 0 0 0 0 0 0 0 0 0 0 
