0 70 86 10 61 5 1 0 0 0 0 0 0 0 0 0 0 0 0 0 0 0 0 0 0 0 0 0 0 0 0 0 
4 18 17 17 134 1 0 0 0 0 0 0 0 0 0 0 0 0 0 0 0 0 0 0 0 0 0 0 0 0 0 0 
508 2492 2130 1759 934 1107 463 845 594 693 1016 699 362 126 243 60 29 0 0 0 0 0 0 0 0 0 0 0 0 0 0 0 
21 249 254 462 523 344 0 0 0 0 0 0 0 0 0 0 0 0 0 0 0 0 0 0 0 0 0 0 0 0 0 0 
186 799 693 488 443 254 430 352 941 349 159 193 214 132 60 1 290 11 0 0 0 0 0 0 0 0 0 0 0 0 0 0 
0 14 11 6 42 0 0 0 0 0 0 0 0 0 0 0 0 0 0 0 0 0 0 0 0 0 0 0 0 0 0 0 
0 200 79 32 112 9 11 7 2 146 2 1 0 0 22 0 0 0 0 0 0 0 0 0 0 0 0 0 0 0 0 0 
0 37 133 24 17 4 3 4 51 6 4 85 0 0 0 0 0 0 0 0 0 0 0 0 0 0 0 0 0 0 0 0 
0 145 56 19 10 11 140 6 0 2 1 51 0 0 0 0 0 0 0 0 0 0 0 0 0 0 0 0 0 0 0 0 
14 250 273 4 7 7 40 2 1 8 2 1 15 0 14 0 8 0 0 0 0 0 0 0 0 0 0 0 0 0 0 0 
0 0 0 0 0 0 0 0 0 0 0 0 0 0 0 0 0 0 0 0 0 0 0 0 0 0 0 0 0 0 0 0 
0 0 0 0 0 0 0 0 0 0 0 0 0 0 0 0 0 0 0 0 0 0 0 0 0 0 0 0 0 0 0 0 
0 14 11 6 42 0 0 0 0 0 0 0 0 0 0 0 0 0 0 0 0 0 0 0 0 0 0 0 0 0 0 0 
558 3212 2757 2143 1421 1498 1678 804 627 681 811 658 265 129 76 0 0 27 0 0 0 0 0 0 0 0 0 0 0 0 0 0 
0 0 0 0 0 0 0 0 0 0 0 0 0 0 0 0 0 0 0 0 0 0 0 0 0 0 0 0 0 0 0 0 
13 4 1 0 4 2 11 0 0 8 2 0 15 1 51 0 0 0 0 0 0 0 0 0 0 0 0 0 0 0 0 0 
6 0 1 0 0 1 3 0 0 8 0 0 0 1 51 0 0 0 0 0 0 0 0 0 0 0 0 0 0 0 0 0 
6 43 24 14 30 19 17 16 3 217 0 0 0 1 51 0 0 0 0 0 0 0 0 0 0 0 0 0 0 0 0 0 
0 0 0 0 0 0 0 0 0 0 0 0 0 0 0 0 0 0 0 0 0 0 0 0 0 0 0 0 0 0 0 0 
77 182 120 73 340 108 22 13 13 68 163 2 3 20 10 1 63 0 0 0 0 0 0 0 0 0 0 0 0 0 0 0 
6 43 24 14 30 19 17 16 3 217 0 0 0 1 51 0 0 0 0 0 0 0 0 0 0 0 0 0 0 0 0 0 
3 49 39 27 24 81 32 5 0 1 3 1 0 0 0 0 3 12 0 0 0 0 0 0 0 0 0 0 0 0 0 0 
126 527 307 133 592 139 33 60 17 208 264 4 5 81 57 2 120 0 0 0 0 0 0 0 0 0 0 0 0 0 0 0 
472 3256 2267 2592 1119 1439 1512 968 1390 1209 999 593 148 257 269 66 29 15 0 0 0 0 0 0 0 0 0 0 0 0 0 0 
12 70 57 43 131 46 0 0 0 0 0 0 0 0 0 0 0 0 0 0 0 0 0 0 0 0 0 0 0 0 0 0 
53 168 163 225 331 88 51 25 379 6 11 20 43 34 2 0 0 0 0 0 0 0 0 0 0 0 0 0 0 0 0 0 
273 1253 1111 720 834 274 142 80 259 636 45 4 5 62 51 0 0 0 0 0 0 0 0 0 0 0 0 0 0 0 0 0 
19 2621 1191 857 1032 431 132 313 52 266 3 1 0 2 3 0 0 0 0 0 0 0 0 0 0 0 0 0 0 0 0 0 
4 4516 3126 1973 1803 820 760 415 186 376 41 13 29 48 6 0 0 0 0 0 0 0 0 0 0 0 0 0 0 0 0 0 
67 67 57 38 181 28 24 12 3 47 163 2 2 21 59 0 59 0 0 0 0 0 0 0 0 0 0 0 0 0 0 0 
37 183 237 155 157 86 89 65 536 83 144 92 41 36 4 0 211 11 0 0 0 0 0 0 0 0 0 0 0 0 0 0 
82 87 123 64 208 23 40 14 24 78 22 101 45 38 1 0 28 20 0 0 0 0 0 0 0 0 0 0 0 0 0 0 
32 1 6 8 12 10 4 32 2 7 90 1 0 0 0 0 3 12 0 0 0 0 0 0 0 0 0 0 0 0 0 0 
0 0 0 0 0 0 0 0 0 0 0 0 0 0 0 0 0 0 0 0 0 0 0 0 0 0 0 0 0 0 0 0 
51 1056 64 51 24 46 11 47 15 11 390 17 145 0 1 0 3 9 0 0 0 0 0 0 0 0 0 0 0 0 0 0 
6 61 62 26 83 0 1 2 0 0 0 0 0 2 0 0 6 0 0 0 0 0 0 0 0 0 0 0 0 0 0 0 
3962 8589 5523 3320 3075 2322 1497 1458 348 413 930 943 158 25 9 17 6 0 0 0 0 0 0 0 0 0 0 0 0 0 0 0 
2178 8005 5762 4167 4239 2620 1034 939 660 403 510 416 27 9 23 0 8 3 0 0 0 0 0 0 0 0 0 0 0 0 0 0 
0 10460 8487 5662 3911 2997 2463 2115 1279 607 964 560 156 37 43 18 27 0 0 0 0 0 0 0 0 0 0 0 0 0 0 0 
475 10114 6070 4090 1758 1278 1134 332 805 233 252 561 91 36 0 1 0 3 0 0 0 0 0 0 0 0 0 0 0 0 0 0 
1413 4143 2205 1207 1217 633 864 484 107 486 224 162 125 28 4 0 3 3 0 0 0 0 0 0 0 0 0 0 0 0 0 0 
634 3814 3575 2467 2429 1539 1166 574 303 866 39 52 20 287 98 0 0 0 0 0 0 0 0 0 0 0 0 0 0 0 0 0 
342 688 540 646 603 143 114 53 464 232 8 12 4 21 2 0 6 0 0 0 0 0 0 0 0 0 0 0 0 0 0 0 
485 2009 1328 1201 773 447 344 309 19 467 12 12 13 72 86 0 13 0 0 0 0 0 0 0 0 0 0 0 0 0 0 0 
3524 6515 5905 4472 4350 2685 2419 1156 1536 1046 489 651 67 292 137 0 3 23 0 0 0 0 0 0 0 0 0 0 0 0 0 0 
2864 3384 2932 1870 2420 1573 1139 1126 761 825 108 289 47 20 91 0 0 0 0 0 0 0 0 0 0 0 0 0 0 0 0 0 
2776 5641 5455 4213 3466 2407 1752 450 984 327 152 523 64 281 132 2 29 0 0 0 0 0 0 0 0 0 0 0 0 0 0 0 
2894 2830 3744 2200 1984 1956 1975 920 447 252 684 531 37 49 222 161 0 0 0 0 0 0 0 0 0 0 0 0 0 0 0 0 
157 1699 683 572 489 117 510 255 11 289 11 208 0 2 3 0 0 0 0 0 0 0 0 0 0 0 0 0 0 0 0 0 
78 253 168 31 47 11 23 6 0 110 0 0 1 0 0 0 0 0 0 0 0 0 0 0 0 0 0 0 0 0 0 0 
315 802 858 430 433 183 42 23 137 326 13 94 2 0 5 0 4 33 0 0 0 0 0 0 0 0 0 0 0 0 0 0 
531 3226 1528 1244 833 593 450 399 285 406 18 34 16 264 1 1 37 0 0 0 0 0 0 0 0 0 0 0 0 0 0 0 
10 3 0 0 5 2 3 4 0 12 119 0 0 0 0 0 0 0 0 0 0 0 0 0 0 0 0 0 0 0 0 0 
3248 8166 6076 5140 3233 1926 1657 813 1646 1223 221 516 169 376 124 0 4 0 0 0 0 0 0 0 0 0 0 0 0 0 0 0 
2817 3988 3224 2377 1829 667 762 305 176 495 95 489 7 11 74 0 5 0 0 0 0 0 0 0 0 0 0 0 0 0 0 0 
2086 4856 2457 775 878 652 292 427 713 75 220 35 274 135 8 0 0 0 0 0 0 0 0 0 0 0 0 0 0 0 0 0 
254 1174 1104 588 541 290 566 329 604 190 12 28 10 310 2 0 0 0 0 0 0 0 0 0 0 0 0 0 0 0 0 0 
1698 2855 2781 1412 1712 456 368 154 265 885 47 20 11 97 66 0 40 0 0 0 0 0 0 0 0 0 0 0 0 0 0 0 
2195 2721 2956 2333 2005 944 577 294 934 345 49 36 24 8 0 0 4 0 0 0 0 0 0 0 0 0 0 0 0 0 0 0 
967 2132 1901 1989 1274 759 617 563 109 244 60 19 10 47 0 0 0 0 0 0 0 0 0 0 0 0 0 0 0 0 0 0 
65 573 427 521 73 40 44 57 17 309 0 5 0 0 0 0 0 0 0 0 0 0 0 0 0 0 0 0 0 0 0 0 
1110 1760 1720 1605 889 956 523 246 1181 722 302 20 0 11 0 0 0 0 0 0 0 0 0 0 0 0 0 0 0 0 0 0 
0 115 16 8 44 0 17 0 0 0 0 1 0 0 0 0 0 0 0 0 0 0 0 0 0 0 0 0 0 0 0 0 
4144 5571 4604 2963 1606 1009 860 701 319 693 1244 1443 481 153 85 0 4 76 0 0 0 0 0 0 0 0 0 0 0 0 0 0 
995 1234 1117 439 587 226 222 89 123 191 39 24 7 4 3 0 4 42 0 0 0 0 0 0 0 0 0 0 0 0 0 0 
517 1752 1551 1193 1196 1016 719 438 40 234 38 97 4 23 22 0 4 0 0 0 0 0 0 0 0 0 0 0 0 0 0 0 
1334 1989 1908 857 924 986 682 565 254 166 142 19 172 62 0 2 2 0 0 0 0 0 0 0 0 0 0 0 0 0 0 0 
3444 5684 5318 4362 2908 1599 1416 1428 1768 906 886 666 324 63 50 0 7 0 0 0 0 0 0 0 0 0 0 0 0 0 0 0 
6714 10148 9471 7214 3892 3426 2705 2060 1985 538 1217 827 173 97 37 23 54 0 0 0 0 0 0 0 0 0 0 0 0 0 0 0 
0 1100 1066 359 443 101 233 51 124 250 15 24 25 5 8 0 3 0 0 0 0 0 0 0 0 0 0 0 0 0 0 0 
7420 7362 6747 3970 1700 1711 1372 1252 1292 566 1189 1240 1132 834 0 1 0 0 0 0 0 0 0 0 0 0 0 0 0 0 0 0 
682 1881 1692 1249 1744 1214 506 175 132 622 83 27 3 1 30 9 36 0 0 0 0 0 0 0 0 0 0 0 0 0 0 0 
2364 5386 3344 2024 1768 997 786 730 790 599 334 17 97 102 6 0 0 0 0 0 0 0 0 0 0 0 0 0 0 0 0 0 
2411 8143 5259 3531 2501 1561 1243 579 1419 448 232 421 108 387 59 0 3 72 0 0 0 0 0 0 0 0 0 0 0 0 0 0 
163 466 431 120 301 155 43 60 2 20 31 69 1 2 0 0 0 0 0 0 0 0 0 0 0 0 0 0 0 0 0 0 
883 3053 2108 1875 1099 876 1055 1165 1508 693 496 481 452 68 70 5 61 3 0 0 0 0 0 0 0 0 0 0 0 0 0 0 
49 200 34 56 82 16 4 1 4 110 3 1 0 3 0 0 0 0 0 0 0 0 0 0 0 0 0 0 0 0 0 0 
2136 4593 4724 3919 2704 2110 2061 664 944 339 87 91 24 30 31 0 4 0 0 0 0 0 0 0 0 0 0 0 0 0 0 0 
885 1400 1252 815 889 610 933 504 982 100 16 232 29 270 1 0 0 0 0 0 0 0 0 0 0 0 0 0 0 0 0 0 
4 28 23 9 11 4 1 45 0 0 0 0 0 0 0 0 0 0 0 0 0 0 0 0 0 0 0 0 0 0 0 0 
11 387 196 125 150 20 21 5 6 56 4 2 1 0 0 0 0 0 0 0 0 0 0 0 0 0 0 0 0 0 0 0 
0 13 19 6 6 4 4 3 1 142 0 0 0 0 3 0 0 0 0 0 0 0 0 0 0 0 0 0 0 0 0 0 
1195 8271 4223 2421 1299 1038 1680 911 412 282 235 832 151 332 81 0 0 0 0 0 0 0 0 0 0 0 0 0 0 0 0 0 
651 2851 1347 253 335 391 573 261 232 127 134 3 77 49 7 0 0 0 0 0 0 0 0 0 0 0 0 0 0 0 0 0 
948 4024 2548 1570 1250 1376 2057 629 33 236 46 317 8 61 96 1 0 0 0 0 0 0 0 0 0 0 0 0 0 0 0 0 
1397 2029 2499 2022 964 828 885 694 88 105 136 48 71 0 0 0 0 0 0 0 0 0 0 0 0 0 0 0 0 0 0 0 
1500 4331 3586 2893 2132 1367 2197 663 515 360 55 270 9 49 8 4 0 0 0 0 0 0 0 0 0 0 0 0 0 0 0 0 
4456 12365 8054 5032 3376 2951 2573 1875 2128 358 913 376 571 253 51 0 6 0 0 0 0 0 0 0 0 0 0 0 0 0 0 0 
396 2125 1416 1218 868 419 798 426 289 39 20 8 1 3 30 1 4 0 0 0 0 0 0 0 0 0 0 0 0 0 0 0 
382 454 371 240 337 230 328 276 7 300 4 3 1 6 34 0 0 0 0 0 0 0 0 0 0 0 0 0 0 0 0 0 
1402 5336 2826 1442 914 293 592 473 208 75 268 475 280 62 2 0 0 2 0 0 0 0 0 0 0 0 0 0 0 0 0 0 
565 1922 1916 1611 1440 1071 1117 242 584 154 162 312 3 51 0 0 0 0 0 0 0 0 0 0 0 0 0 0 0 0 0 0 
2204 3764 3879 3362 2511 1638 1431 1424 884 205 59 417 6 55 17 0 0 3 0 0 0 0 0 0 0 0 0 0 0 0 0 0 
562 4138 4256 3262 2859 1431 1399 758 789 326 340 184 53 36 2 10 44 0 0 0 0 0 0 0 0 0 0 0 0 0 0 0 
0 8202 5741 4642 2273 2153 1573 1470 1048 213 1001 501 339 41 3 1 0 0 0 0 0 0 0 0 0 0 0 0 0 0 0 0 
0 20 15 2 2 31 0 0 0 0 0 0 0 0 0 0 0 0 0 0 0 0 0 0 0 0 0 0 0 0 0 0 
1845 6819 4399 2474 2022 769 454 864 1132 781 381 404 158 52 0 0 0 0 0 0 0 0 0 0 0 0 0 0 0 0 0 0 
10409 9965 11106 8313 5029 3758 2901 1595 1544 1335 1737 547 35 69 22 0 0 0 0 0 0 0 0 0 0 0 0 0 0 0 0 0 
1214 1381 1370 607 879 322 401 179 366 772 79 395 0 3 0 0 0 0 0 0 0 0 0 0 0 0 0 0 0 0 0 0 
344 720 742 862 447 282 556 39 36 112 57 5 0 1 50 0 0 0 0 0 0 0 0 0 0 0 0 0 0 0 0 0 
666 1957 1002 503 203 44 45 155 181 130 16 3 16 12 0 0 44 0 0 0 0 0 0 0 0 0 0 0 0 0 0 0 
693 3213 997 520 193 107 83 153 102 36 156 125 21 269 1 0 0 0 0 0 0 0 0 0 0 0 0 0 0 0 0 0 
825 2372 2727 2335 1363 1119 1203 172 867 189 137 136 35 23 2 0 1 0 0 0 0 0 0 0 0 0 0 0 0 0 0 0 
649 2521 2423 1652 1297 704 805 597 279 462 96 9 0 1 34 0 0 0 0 0 0 0 0 0 0 0 0 0 0 0 0 0 
0 0 0 0 0 0 0 0 0 0 0 0 0 0 0 0 0 0 0 0 0 0 0 0 0 0 0 0 0 0 0 0 
0 0 0 0 0 0 0 0 0 0 0 0 0 0 0 0 0 0 0 0 0 0 0 0 0 0 0 0 0 0 0 0 
3488 5110 4553 3724 1376 1360 1293 1519 148 366 1829 1670 461 13 28 0 1 0 0 0 0 0 0 0 0 0 0 0 0 0 0 0 
1583 4358 3540 2983 1642 1311 1367 1055 1594 417 414 146 38 4 3 12 3 0 0 0 0 0 0 0 0 0 0 0 0 0 0 0 
120 569 630 718 352 173 536 6 4 9 3 0 0 1 2 0 0 0 0 0 0 0 0 0 0 0 0 0 0 0 0 0 
727 1402 1677 2039 587 547 1147 603 39 25 111 148 28 52 126 55 36 0 0 0 0 0 0 0 0 0 0 0 0 0 0 0 
426 1645 1989 1815 765 536 847 346 27 58 463 65 164 3 11 13 0 0 0 0 0 0 0 0 0 0 0 0 0 0 0 0 
274 441 237 140 115 354 53 33 67 8 0 1 0 0 0 0 0 0 0 0 0 0 0 0 0 0 0 0 0 0 0 0 
2866 7076 4600 2344 1751 1474 1091 949 974 223 393 509 411 122 23 2 0 0 0 0 0 0 0 0 0 0 0 0 0 0 0 0 
756 1374 1261 1150 607 466 475 168 1102 479 132 548 251 49 10 0 0 0 0 0 0 0 0 0 0 0 0 0 0 0 0 0 
1651 8532 5621 3576 1995 1635 1564 832 1200 271 469 292 138 160 23 2 0 0 0 0 0 0 0 0 0 0 0 0 0 0 0 0 
160 1554 1792 1186 741 512 1381 320 578 186 169 6 29 3 2 0 0 0 0 0 0 0 0 0 0 0 0 0 0 0 0 0 
5146 9855 7869 5312 2508 2623 1750 808 1317 413 963 571 361 166 7 12 3 9 0 0 0 0 0 0 0 0 0 0 0 0 0 0 
1135 7174 4739 4330 1483 1284 2073 1216 2417 347 339 480 131 143 45 0 6 0 0 0 0 0 0 0 0 0 0 0 0 0 0 0 
104 399 398 219 296 276 641 4 3 5 12 0 0 0 1 0 0 0 0 0 0 0 0 0 0 0 0 0 0 0 0 0 
571 1392 1321 749 286 271 196 40 39 331 42 229 15 12 76 0 0 0 0 0 0 0 0 0 0 0 0 0 0 0 0 0 
6139 11002 8101 5465 2711 2024 2188 1421 1232 978 1094 1023 427 233 65 1 4 0 0 0 0 0 0 0 0 0 0 0 0 0 0 0 
2241 5939 3282 2180 1241 875 369 777 1069 462 390 288 122 45 6 6 0 0 0 0 0 0 0 0 0 0 0 0 0 0 0 0 
1742 3955 4018 2972 1863 1312 1182 768 1161 940 403 209 111 33 46 0 0 0 0 0 0 0 0 0 0 0 0 0 0 0 0 0 
345 622 354 177 388 280 221 16 13 178 12 248 0 6 56 0 0 0 0 0 0 0 0 0 0 0 0 0 0 0 0 0 
0 421 259 462 326 208 87 36 369 2 1 0 0 0 0 0 5 0 0 0 0 0 0 0 0 0 0 0 0 0 0 0 
2660 3889 4184 3607 1662 1197 797 263 529 617 254 447 9 263 13 0 0 0 0 0 0 0 0 0 0 0 0 0 0 0 0 0 
1079 1809 1814 1632 1034 364 265 107 65 234 67 275 10 10 58 0 0 0 0 0 0 0 0 0 0 0 0 0 0 0 0 0 
3521 7779 3835 1412 1260 633 404 514 1164 85 294 178 402 281 3 0 0 0 0 0 0 0 0 0 0 0 0 0 0 0 0 0 
26 146 189 150 75 399 508 0 0 1 6 0 0 0 0 0 0 0 0 0 0 0 0 0 0 0 0 0 0 0 0 0 
0 14 11 6 42 0 0 0 0 0 0 0 0 0 0 0 0 0 0 0 0 0 0 0 0 0 0 0 0 0 0 0 
1838 2449 2153 2069 2320 818 833 434 1022 349 48 342 22 281 55 0 9 0 0 0 0 0 0 0 0 0 0 0 0 0 0 0 
1121 1512 2315 1702 607 867 839 625 1971 376 293 180 82 322 24 0 0 0 0 0 0 0 0 0 0 0 0 0 0 0 0 0 
3605 8138 7645 6923 3041 3010 2903 2482 3724 1013 392 377 176 691 48 1 0 0 0 0 0 0 0 0 0 0 0 0 0 0 0 0 
610 1043 538 422 551 192 80 62 57 189 70 125 31 0 0 0 0 0 0 0 0 0 0 0 0 0 0 0 0 0 0 0 
740 2014 2175 1998 1274 561 316 263 810 502 48 84 5 12 36 0 0 0 0 0 0 0 0 0 0 0 0 0 0 0 0 0 
1012 1554 1796 1402 1244 1249 1304 484 1346 361 30 54 21 42 35 0 0 0 0 0 0 0 0 0 0 0 0 0 0 0 0 0 
8449 5288 5937 4648 2937 2688 1852 1043 3115 656 588 540 242 413 139 3 16 25 0 0 0 0 0 0 0 0 0 0 0 0 0 0 
3048 2627 2905 2286 1201 986 1031 743 2269 389 69 165 49 334 22 0 3 4 0 0 0 0 0 0 0 0 0 0 0 0 0 0 
688 1421 1577 1483 1329 1048 1053 325 538 34 17 220 0 29 39 0 7 0 0 0 0 0 0 0 0 0 0 0 0 0 0 0 
349 1049 782 815 282 447 640 96 42 98 146 225 4 0 0 0 3 0 0 0 0 0 0 0 0 0 0 0 0 0 0 0 
769 4954 3338 2076 955 852 969 1033 1919 735 66 37 66 610 7 0 3 8 0 0 0 0 0 0 0 0 0 0 0 0 0 0 
130 181 218 231 103 62 119 47 269 190 1 60 1 20 0 0 0 0 0 0 0 0 0 0 0 0 0 0 0 0 0 0 
770 1049 1873 940 190 231 102 119 30 587 549 518 262 0 3 0 0 0 0 0 0 0 0 0 0 0 0 0 0 0 0 0 
4578 4298 3289 2005 2625 1402 1410 669 1065 818 241 695 201 45 148 0 0 0 0 0 0 0 0 0 0 0 0 0 0 0 0 0 
58 1070 973 574 437 695 1570 338 592 25 15 216 4 42 22 0 0 0 0 0 0 0 0 0 0 0 0 0 0 0 0 0 
278 2081 2119 2292 1144 962 1339 373 653 198 58 226 22 317 91 3 1 0 0 0 0 0 0 0 0 0 0 0 0 0 0 0 
8343 13105 8945 5331 2359 2751 1671 1434 1336 406 1884 1251 409 239 38 41 0 2 0 0 0 0 0 0 0 0 0 0 0 0 0 0 
340 565 600 335 563 514 975 405 12 257 133 2 0 22 0 0 0 0 0 0 0 0 0 0 0 0 0 0 0 0 0 0 
422 811 701 258 715 235 115 30 49 371 21 89 1 0 4 0 0 0 0 0 0 0 0 0 0 0 0 0 0 0 0 0 
3077 5648 2496 1261 789 363 527 522 341 84 250 390 310 167 3 0 0 0 0 0 0 0 0 0 0 0 0 0 0 0 0 0 
3513 6071 5479 4770 2674 2256 1617 1509 648 507 893 497 85 323 64 2 35 5 0 0 0 0 0 0 0 0 0 0 0 0 0 0 
4 0 2 0 2 0 0 0 0 0 0 0 0 0 0 0 0 0 0 0 0 0 0 0 0 0 0 0 0 0 0 0 
174 351 331 337 134 305 339 305 19 80 52 63 165 0 11 0 0 0 0 0 0 0 0 0 0 0 0 0 0 0 0 0 
482 2104 2281 1607 1079 1804 1802 413 257 171 470 17 2 46 7 13 0 0 0 0 0 0 0 0 0 0 0 0 0 0 0 0 
2997 4279 4462 3665 2134 2194 1938 869 532 432 631 962 313 275 20 33 19 7 0 0 0 0 0 0 0 0 0 0 0 0 0 0 
0 14 11 6 42 0 0 0 0 0 0 0 0 0 0 0 0 0 0 0 0 0 0 0 0 0 0 0 0 0 0 0 
1553 8296 3549 2354 748 732 460 506 1238 317 210 312 165 372 2 0 0 0 0 0 0 0 0 0 0 0 0 0 0 0 0 0 
4101 10304 5553 3173 1262 1564 1730 1182 655 93 935 480 234 130 15 21 0 0 0 0 0 0 0 0 0 0 0 0 0 0 0 0 
494 2629 2977 1963 1350 875 459 585 146 173 538 9 5 6 6 0 3 0 0 0 0 0 0 0 0 0 0 0 0 0 0 0 
1750 3431 2993 2301 1748 731 478 250 174 501 128 468 13 3 37 0 0 0 0 0 0 0 0 0 0 0 0 0 0 0 0 0 
638 1343 913 655 649 277 355 103 487 657 19 225 5 11 0 0 0 0 0 0 0 0 0 0 0 0 0 0 0 0 0 0 
156 528 414 255 135 199 196 593 545 6 17 6 1 2 5 2 0 0 0 0 0 0 0 0 0 0 0 0 0 0 0 0 
564 832 722 927 483 227 448 352 366 298 27 21 22 273 3 0 0 0 0 0 0 0 0 0 0 0 0 0 0 0 0 0 
1 3454 3641 2553 1975 1551 1536 613 579 344 226 235 8 30 90 21 0 0 0 0 0 0 0 0 0 0 0 0 0 0 0 0 
280 227 226 119 113 94 16 113 51 14 8 4 7 0 0 0 0 0 0 0 0 0 0 0 0 0 0 0 0 0 0 0 
335 790 866 699 846 650 761 102 620 184 8 12 0 22 0 0 0 0 0 0 0 0 0 0 0 0 0 0 0 0 0 0 
0 50 64 57 167 0 0 0 0 0 0 0 0 0 0 0 0 0 0 0 0 0 0 0 0 0 0 0 0 0 0 0 
1274 4551 1933 1147 603 483 631 549 722 318 151 225 253 415 4 0 0 0 0 0 0 0 0 0 0 0 0 0 0 0 0 0 
1685 5495 3460 2841 1262 1344 767 414 1533 113 354 632 306 111 6 0 0 0 0 0 0 0 0 0 0 0 0 0 0 0 0 0 
378 875 798 570 558 636 743 48 7 64 13 8 8 26 25 1 0 0 0 0 0 0 0 0 0 0 0 0 0 0 0 0 
558 4047 2942 2861 1185 796 1136 366 94 202 49 34 13 37 91 0 0 0 0 0 0 0 0 0 0 0 0 0 0 0 0 0 
5387 4337 4669 3382 2107 1826 2291 1172 283 1204 407 242 18 66 306 172 3 0 0 0 0 0 0 0 0 0 0 0 0 0 0 0 
2275 6975 4696 2359 2117 1033 1006 666 1342 267 197 310 212 405 43 0 0 0 0 0 0 0 0 0 0 0 0 0 0 0 0 0 
401 5636 2033 1147 859 783 315 570 395 21 203 152 73 0 2 0 2 36 0 0 0 0 0 0 0 0 0 0 0 0 0 0 
173 686 1027 1284 272 182 348 75 550 17 68 142 6 0 0 0 0 0 0 0 0 0 0 0 0 0 0 0 0 0 0 0 
13 1183 298 386 52 58 259 235 1 8 1 0 0 2 28 0 0 0 0 0 0 0 0 0 0 0 0 0 0 0 0 0 
3933 7411 5028 3746 1573 2143 1299 1517 2436 536 997 681 633 222 73 2 2 30 0 0 0 0 0 0 0 0 0 0 0 0 0 0 
3187 11006 5449 3175 1681 1121 679 1109 858 266 488 766 422 157 0 0 5 0 0 0 0 0 0 0 0 0 0 0 0 0 0 0 
1045 1688 1783 1426 1205 971 920 299 52 605 315 15 3 7 0 0 0 0 0 0 0 0 0 0 0 0 0 0 0 0 0 0 
469 953 790 663 467 291 146 39 25 508 12 228 3 348 57 0 0 0 0 0 0 0 0 0 0 0 0 0 0 0 0 0 
924 2579 1418 788 614 500 723 479 989 205 29 22 21 376 59 0 4 24 0 0 0 0 0 0 0 0 0 0 0 0 0 0 
0 230 241 80 281 3 1 5 5 6 10 86 0 0 0 0 1 1 0 0 0 0 0 0 0 0 0 0 0 0 0 0 
432 3233 1914 1919 775 402 148 800 651 47 627 89 20 3 4 0 0 0 0 0 0 0 0 0 0 0 0 0 0 0 0 0 
1620 4274 2211 2035 984 785 681 898 969 87 573 301 72 13 45 0 16 0 0 0 0 0 0 0 0 0 0 0 0 0 0 0 
1038 1461 1784 1468 960 1295 1092 413 33 18 544 156 12 24 0 0 0 0 0 0 0 0 0 0 0 0 0 0 0 0 0 0 
7347 7833 6849 5457 2698 2874 2627 1060 2794 618 715 774 281 478 180 0 7 36 0 0 0 0 0 0 0 0 0 0 0 0 0 0 
275 1492 1368 1950 572 518 1126 662 421 26 550 128 11 0 0 0 0 0 0 0 0 0 0 0 0 0 0 0 0 0 0 0 
283 890 936 654 632 437 980 336 239 158 25 24 2 25 4 19 0 0 0 0 0 0 0 0 0 0 0 0 0 0 0 0 
405 698 1028 686 239 168 550 36 46 262 30 213 1 14 38 0 0 0 0 0 0 0 0 0 0 0 0 0 0 0 0 0 
2556 4533 4193 3151 2268 1289 897 452 1411 945 501 499 106 376 4 9 38 0 0 0 0 0 0 0 0 0 0 0 0 0 0 0 
711 1643 1961 2335 1019 535 275 634 289 264 646 231 246 2 1 9 38 0 0 0 0 0 0 0 0 0 0 0 0 0 0 0 
4614 8105 5543 3578 2209 1190 683 618 2076 636 345 397 380 256 7 0 0 0 0 0 0 0 0 0 0 0 0 0 0 0 0 0 
1448 2602 2817 2367 1797 961 1366 954 342 1010 422 250 26 6 56 0 1 14 0 0 0 0 0 0 0 0 0 0 0 0 0 0 
1341 1442 1532 1256 753 1372 1508 397 27 57 180 339 93 38 87 20 0 0 0 0 0 0 0 0 0 0 0 0 0 0 0 0 
1423 3112 3283 3388 1030 860 797 329 1771 858 197 569 28 107 40 0 0 0 0 0 0 0 0 0 0 0 0 0 0 0 0 0 
811 1796 2412 1816 846 922 957 326 495 397 731 486 56 405 97 0 1 0 0 0 0 0 0 0 0 0 0 0 0 0 0 0 
1182 2664 2477 1658 255 692 910 321 71 512 918 1411 309 76 18 0 2 0 0 0 0 0 0 0 0 0 0 0 0 0 0 0 
4 25 42 11 16 8 2 6 3 53 4 0 0 0 2 0 0 0 0 0 0 0 0 0 0 0 0 0 0 0 0 0 
177 54 104 73 92 59 170 42 21 17 226 91 3 37 4 0 1 2 0 0 0 0 0 0 0 0 0 0 0 0 0 0 
1883 7587 2742 1703 989 498 261 790 398 269 297 463 143 32 0 0 5 0 0 0 0 0 0 0 0 0 0 0 0 0 0 0 
2552 6419 5674 4823 2502 2632 2290 609 729 458 514 142 41 51 12 0 2 0 0 0 0 0 0 0 0 0 0 0 0 0 0 0 
3823 5153 5700 4765 2432 2816 2527 1277 3121 763 225 467 128 629 80 0 3 16 0 0 0 0 0 0 0 0 0 0 0 0 0 0 
1862 3160 4251 3056 2036 1638 1541 747 1743 214 586 139 7 6 6 2 0 0 0 0 0 0 0 0 0 0 0 0 0 0 0 0 
876 4372 1562 636 161 235 110 226 231 35 108 153 186 136 75 3 0 0 0 0 0 0 0 0 0 0 0 0 0 0 0 0 
1920 2280 1511 560 1099 708 642 127 47 320 50 659 3 274 119 0 0 0 0 0 0 0 0 0 0 0 0 0 0 0 0 0 
0 46 64 53 33 252 0 0 0 0 0 0 0 0 0 0 0 0 0 0 0 0 0 0 0 0 0 0 0 0 0 0 
0 456 538 614 105 195 111 43 282 170 4 3 5 2 0 0 0 0 0 0 0 0 0 0 0 0 0 0 0 0 0 0 
90 393 33 19 115 4 9 0 4 2 0 0 0 3 0 0 0 0 0 0 0 0 0 0 0 0 0 0 0 0 0 0 
7612 10524 8128 6031 3600 3181 2351 1234 1137 663 796 1025 446 295 53 7 5 15 0 0 0 0 0 0 0 0 0 0 0 0 0 0 
1054 2806 2314 1595 1551 1392 1925 1045 1790 274 140 657 32 355 93 0 0 0 0 0 0 0 0 0 0 0 0 0 0 0 0 0 
543 2583 2777 2617 1648 1609 1610 520 1190 452 78 428 71 326 3 0 0 0 0 0 0 0 0 0 0 0 0 0 0 0 0 0 
5 7343 4755 3775 2103 1946 1446 878 2435 589 351 631 114 391 14 0 6 0 0 0 0 0 0 0 0 0 0 0 0 0 0 0 
1200 7403 3490 1230 809 585 402 541 1577 157 141 267 128 188 5 0 0 0 0 0 0 0 0 0 0 0 0 0 0 0 0 0 
1243 2538 3113 2449 1316 1159 833 1276 530 86 845 248 121 28 8 16 0 0 0 0 0 0 0 0 0 0 0 0 0 0 0 0 
161 813 921 1252 683 119 45 7 1 3 4 4 0 0 1 0 0 0 0 0 0 0 0 0 0 0 0 0 0 0 0 0 
1563 2954 3126 2712 1564 827 590 752 1349 534 481 14 19 63 46 0 0 0 0 0 0 0 0 0 0 0 0 0 0 0 0 0 
0 14 11 6 42 0 0 0 0 0 0 0 0 0 0 0 0 0 0 0 0 0 0 0 0 0 0 0 0 0 0 0 
43 3 0 1 2 2 27 0 0 0 0 0 0 0 0 0 0 0 0 0 0 0 0 0 0 0 0 0 0 0 0 0 
85 1910 816 1325 165 410 549 3 3 2 16 10 1 0 0 0 0 0 0 0 0 0 0 0 0 0 0 0 0 0 0 0 
1005 4398 1755 881 303 357 262 226 394 36 192 222 361 274 0 0 0 0 0 0 0 0 0 0 0 0 0 0 0 0 0 0 
1101 2751 3637 3607 1486 1634 1633 826 135 238 362 304 64 327 59 0 8 0 0 0 0 0 0 0 0 0 0 0 0 0 0 0 
4595 8692 8160 6523 2376 2240 2281 1126 1698 1053 1853 2656 491 66 21 17 6 0 0 0 0 0 0 0 0 0 0 0 0 0 0 0 
3609 6487 5629 4894 1848 2529 1955 1521 2321 523 1175 512 332 169 114 2 3 0 0 0 0 0 0 0 0 0 0 0 0 0 0 0 
765 5081 2376 1883 971 865 463 848 326 42 475 150 117 320 1 0 0 0 0 0 0 0 0 0 0 0 0 0 0 0 0 0 
3727 5977 5550 4437 3808 2181 1751 1210 2205 711 496 304 117 271 10 0 7 0 0 0 0 0 0 0 0 0 0 0 0 0 0 0 
1829 3593 3078 2255 1222 929 808 996 1167 135 167 29 124 32 2 5 0 0 0 0 0 0 0 0 0 0 0 0 0 0 0 0 
1816 3972 4488 3035 1788 2169 879 1095 259 109 921 529 97 34 5 4 0 0 0 0 0 0 0 0 0 0 0 0 0 0 0 0 
2225 5745 4676 3630 1967 2090 2214 788 2449 627 513 487 164 319 32 9 40 0 0 0 0 0 0 0 0 0 0 0 0 0 0 0 
1262 2218 2444 1898 1138 1075 1720 502 98 62 149 128 20 47 224 69 0 0 0 0 0 0 0 0 0 0 0 0 0 0 0 0 
7053 6641 6184 4194 2187 2466 2618 1654 265 190 1249 750 182 68 301 203 0 0 0 0 0 0 0 0 0 0 0 0 0 0 0 0 
414 1276 858 686 515 336 294 190 950 528 13 2 0 0 0 0 0 0 0 0 0 0 0 0 0 0 0 0 0 0 0 0 
496 4466 3906 3424 1632 1372 1193 734 1243 199 589 237 82 19 2 4 0 0 0 0 0 0 0 0 0 0 0 0 0 0 0 0 
400 1813 1948 1359 1697 621 462 132 52 419 31 136 1 6 1 2 0 0 0 0 0 0 0 0 0 0 0 0 0 0 0 0 
994 2932 1406 1631 1069 322 208 406 151 660 175 8 0 2 3 4 0 0 0 0 0 0 0 0 0 0 0 0 0 0 0 0 
472 4000 1872 1452 657 424 442 492 642 192 141 231 110 63 2 0 0 0 0 0 0 0 0 0 0 0 0 0 0 0 0 0 
3220 7081 7310 5795 2784 2662 2150 1865 350 257 1900 927 142 57 6 1 0 0 0 0 0 0 0 0 0 0 0 0 0 0 0 0 
1955 4745 5309 4970 2229 1449 1040 865 479 186 789 418 95 13 3 1 30 0 0 0 0 0 0 0 0 0 0 0 0 0 0 0 
306 2024 2026 2108 515 431 234 95 594 52 157 131 79 143 0 0 2 0 0 0 0 0 0 0 0 0 0 0 0 0 0 0 
1403 3334 3858 3464 1194 1260 1656 1032 1916 399 666 283 77 91 0 4 0 0 0 0 0 0 0 0 0 0 0 0 0 0 0 0 
5183 7893 8340 6114 3364 3462 2963 2472 1197 584 2177 840 218 26 4 0 0 0 0 0 0 0 0 0 0 0 0 0 0 0 0 0 
3930 7390 8241 6525 3470 3877 2699 2825 1089 670 1374 833 180 77 22 1 5 0 0 0 0 0 0 0 0 0 0 0 0 0 0 0 
107 538 642 878 618 106 171 28 9 16 20 9 0 0 0 0 0 0 0 0 0 0 0 0 0 0 0 0 0 0 0 0 
902 2866 2763 3135 1289 1109 1324 428 791 51 144 28 62 38 51 0 8 0 0 0 0 0 0 0 0 0 0 0 0 0 0 0 
2265 3302 3893 3377 2042 902 632 895 468 1013 92 95 10 17 23 0 0 0 0 0 0 0 0 0 0 0 0 0 0 0 0 0 
2655 5525 7020 5819 2740 2241 2786 1307 2089 933 785 43 53 79 29 13 1 0 0 0 0 0 0 0 0 0 0 0 0 0 0 0 
2128 3576 4559 3573 2474 1595 1589 1158 1303 532 266 158 23 34 30 28 0 0 0 0 0 0 0 0 0 0 0 0 0 0 0 0 
2055 4511 4454 3153 1700 1566 1293 752 627 396 441 133 36 40 53 1 4 0 0 0 0 0 0 0 0 0 0 0 0 0 0 0 
196 515 499 370 321 164 101 60 452 33 24 2 0 0 0 0 0 0 0 0 0 0 0 0 0 0 0 0 0 0 0 0 
299 1495 1262 1894 520 532 237 492 970 54 128 135 29 3 3 1 1 0 0 0 0 0 0 0 0 0 0 0 0 0 0 0 
1781 8570 6197 5109 2676 2610 2081 2949 1458 404 438 255 86 61 57 1 2 0 0 0 0 0 0 0 0 0 0 0 0 0 0 0 
699 2534 1958 1008 829 1297 1316 197 661 56 750 178 57 48 2 0 0 0 0 0 0 0 0 0 0 0 0 0 0 0 0 0 
743 1750 2136 2336 1089 883 1162 228 972 295 60 57 23 306 2 0 0 0 0 0 0 0 0 0 0 0 0 0 0 0 0 0 
1898 7981 4303 2870 1725 1221 608 1321 271 85 1146 492 202 126 0 0 0 0 0 0 0 0 0 0 0 0 0 0 0 0 0 0 
526 1361 1700 1446 742 790 821 1212 35 49 993 462 32 0 0 0 0 0 0 0 0 0 0 0 0 0 0 0 0 0 0 0 
1903 4905 5616 4050 2456 2109 1745 1746 685 126 1462 747 131 52 6 17 0 0 0 0 0 0 0 0 0 0 0 0 0 0 0 0 
1685 4319 3570 2697 1139 1090 974 1111 863 119 1306 668 102 3 8 0 0 0 0 0 0 0 0 0 0 0 0 0 0 0 0 0 
924 2224 2727 2643 1155 1221 929 987 557 66 1014 21 42 34 44 0 5 0 0 0 0 0 0 0 0 0 0 0 0 0 0 0 
391 1240 1381 1087 844 998 444 382 696 34 608 101 7 5 6 0 0 0 0 0 0 0 0 0 0 0 0 0 0 0 0 0 
3991 4957 6043 4763 2353 2386 1987 1945 1437 554 1107 875 114 14 45 17 16 0 0 0 0 0 0 0 0 0 0 0 0 0 0 0 
1171 5600 4473 3746 1834 1761 1743 1206 603 116 707 489 246 77 10 13 2 0 0 0 0 0 0 0 0 0 0 0 0 0 0 0 
4052 8446 7856 5374 3054 3262 2549 1980 385 182 1689 778 141 39 19 19 2 0 0 0 0 0 0 0 0 0 0 0 0 0 0 0 
1071 2198 2273 2167 1232 1063 1080 1237 593 46 1081 410 68 9 5 0 6 0 0 0 0 0 0 0 0 0 0 0 0 0 0 0 
1941 6208 4045 2583 1312 1154 1047 800 2424 359 385 280 202 484 15 0 0 0 0 0 0 0 0 0 0 0 0 0 0 0 0 0 
3831 7809 5485 4582 1696 2288 2374 1900 1185 404 1574 742 201 196 206 78 0 0 0 0 0 0 0 0 0 0 0 0 0 0 0 0 
1698 3923 4609 3126 1963 1864 1080 860 182 203 1352 419 89 3 3 0 1 0 0 0 0 0 0 0 0 0 0 0 0 0 0 0 
3630 6062 5855 4609 1921 2138 961 1502 769 295 1252 676 283 62 49 14 2 0 0 0 0 0 0 0 0 0 0 0 0 0 0 0 
1019 2754 3329 3584 956 1718 904 694 2390 554 806 498 107 149 3 0 0 0 0 0 0 0 0 0 0 0 0 0 0 0 0 0 
90 1356 1125 988 571 854 775 1084 145 40 237 160 11 0 0 0 0 0 0 0 0 0 0 0 0 0 0 0 0 0 0 0 
308 1744 1825 1296 791 458 173 387 163 126 153 82 30 4 5 0 0 0 0 0 0 0 0 0 0 0 0 0 0 0 0 0 
2220 4528 5457 4655 2593 2023 1656 1697 540 146 1440 579 133 46 17 35 0 0 0 0 0 0 0 0 0 0 0 0 0 0 0 0 
626 1454 1752 1900 629 359 200 256 442 309 324 100 0 2 0 0 0 0 0 0 0 0 0 0 0 0 0 0 0 0 0 0 
2832 3894 2503 2129 1134 1158 1254 979 847 329 342 46 127 9 23 3 11 87 0 0 0 0 0 0 0 0 0 0 0 0 0 0 
600 1319 1009 1562 865 530 477 843 1096 124 109 140 34 8 7 0 13 0 0 0 0 0 0 0 0 0 0 0 0 0 0 0 
732 2300 871 1343 800 472 341 948 1131 213 51 222 12 1 4 1 5 0 0 0 0 0 0 0 0 0 0 0 0 0 0 0 
2634 5478 3776 2767 1802 1234 1015 301 461 323 461 304 65 65 0 2 5 0 0 0 0 0 0 0 0 0 0 0 0 0 0 0 
2867 4491 6067 4353 2106 2548 1414 1705 223 171 1660 760 90 9 35 0 0 0 0 0 0 0 0 0 0 0 0 0 0 0 0 0 
390 593 897 519 272 412 225 173 19 86 418 306 0 4 2 0 0 0 0 0 0 0 0 0 0 0 0 0 0 0 0 0 
1967 4000 3955 3463 1347 1346 1936 855 104 79 990 453 142 85 12 13 36 96 0 0 0 0 0 0 0 0 0 0 0 0 0 0 
1608 5606 3385 2842 1661 1142 1669 782 752 194 826 46 43 29 2 0 0 0 0 0 0 0 0 0 0 0 0 0 0 0 0 0 
1383 5160 2855 1852 1384 823 1074 1261 286 59 668 412 77 48 1 5 0 0 0 0 0 0 0 0 0 0 0 0 0 0 0 0 
1494 3830 2298 1482 1229 1157 319 676 1245 77 324 148 155 109 4 1 5 3 0 0 0 0 0 0 0 0 0 0 0 0 0 0 
2467 9481 6108 4632 2559 1693 1655 594 1782 387 377 437 314 99 16 0 5 6 0 0 0 0 0 0 0 0 0 0 0 0 0 0 
2462 7603 6089 4765 1859 1896 1806 1247 406 210 968 455 128 42 1 0 2 0 0 0 0 0 0 0 0 0 0 0 0 0 0 0 
4629 5661 5100 3565 1878 2461 1537 1102 249 223 1172 788 391 87 65 81 104 0 0 0 0 0 0 0 0 0 0 0 0 0 0 0 
456 3875 1820 1496 492 688 1607 633 75 20 65 134 77 84 4 0 0 0 0 0 0 0 0 0 0 0 0 0 0 0 0 0 
760 2290 2509 1774 1304 1092 1082 417 55 234 506 12 14 23 23 1 0 0 0 0 0 0 0 0 0 0 0 0 0 0 0 0 
2160 5676 5504 4724 2392 2477 2322 1074 2592 662 359 788 156 323 44 0 0 0 0 0 0 0 0 0 0 0 0 0 0 0 0 0 
2271 5554 3177 2395 1296 1480 431 901 634 89 752 460 173 100 12 2 0 0 0 0 0 0 0 0 0 0 0 0 0 0 0 0 
1549 4024 4387 3495 1387 1562 1189 1127 1116 94 736 367 117 48 0 0 0 0 0 0 0 0 0 0 0 0 0 0 0 0 0 0 
1094 1732 2469 1231 626 546 331 690 85 110 912 573 84 8 58 1 0 0 0 0 0 0 0 0 0 0 0 0 0 0 0 0 
2938 5390 4468 3031 1482 2154 1106 1246 1288 297 1001 745 230 75 12 0 0 8 0 0 0 0 0 0 0 0 0 0 0 0 0 0 
837 1760 1662 1645 921 1157 952 567 1078 82 206 281 49 3 0 0 7 0 0 0 0 0 0 0 0 0 0 0 0 0 0 0 
2802 5276 4168 3213 1639 2199 1314 1345 2347 465 856 886 243 374 29 0 0 0 0 0 0 0 0 0 0 0 0 0 0 0 0 0 
2572 6663 4570 2807 1257 1098 590 942 522 393 851 1037 181 60 1 1 0 0 0 0 0 0 0 0 0 0 0 0 0 0 0 0 
3792 5946 5064 3978 1731 2022 1379 1635 260 157 857 595 172 117 25 35 16 97 0 0 0 0 0 0 0 0 0 0 0 0 0 0 
939 3303 2130 2065 1582 1237 836 601 1897 327 199 367 91 8 3 10 36 1 0 0 0 0 0 0 0 0 0 0 0 0 0 0 
4253 10116 4561 2620 976 1077 490 1136 475 129 916 1094 342 165 3 0 0 0 0 0 0 0 0 0 0 0 0 0 0 0 0 0 
1185 4431 3372 2907 1606 1533 884 114 217 44 175 156 111 43 3 0 0 0 0 0 0 0 0 0 0 0 0 0 0 0 0 0 
1790 2540 2476 2766 1491 1363 1059 1115 2321 456 229 498 88 314 10 1 6 0 0 0 0 0 0 0 0 0 0 0 0 0 0 0 
583 1848 1256 1481 976 745 913 1056 1101 493 236 130 32 22 3 4 7 0 0 0 0 0 0 0 0 0 0 0 0 0 0 0 
274 450 523 420 339 607 820 277 51 26 113 248 69 0 0 0 0 0 0 0 0 0 0 0 0 0 0 0 0 0 0 0 
911 2309 2806 2445 1196 1044 1014 664 2000 572 759 448 86 317 28 0 0 0 0 0 0 0 0 0 0 0 0 0 0 0 0 0 
500 2172 2272 2270 769 449 543 191 1357 415 90 91 30 59 0 0 0 0 0 0 0 0 0 0 0 0 0 0 0 0 0 0 
439 754 872 936 259 399 576 832 69 27 451 162 2 2 1 0 6 0 0 0 0 0 0 0 0 0 0 0 0 0 0 0 
103 585 772 853 400 305 885 553 28 14 23 3 0 22 0 0 1 0 0 0 0 0 0 0 0 0 0 0 0 0 0 0 
743 3002 2170 1788 1519 642 783 1068 1746 654 134 15 27 50 2 0 1 0 0 0 0 0 0 0 0 0 0 0 0 0 0 0 
2398 6565 4189 3098 1347 1196 1212 1438 414 97 1306 590 160 96 47 83 108 0 0 0 0 0 0 0 0 0 0 0 0 0 0 0 
1387 5188 3804 3366 1792 1771 1244 1338 2065 450 830 566 190 318 55 0 2 0 0 0 0 0 0 0 0 0 0 0 0 0 0 0 
211 1077 916 843 658 464 53 34 35 25 96 135 23 0 5 0 0 0 0 0 0 0 0 0 0 0 0 0 0 0 0 0 
28 260 275 269 259 152 311 294 20 120 391 0 0 0 2 0 0 0 0 0 0 0 0 0 0 0 0 0 0 0 0 0 
1897 3527 4324 3477 1656 1431 1224 1785 157 93 852 413 94 6 19 23 20 17 0 0 0 0 0 0 0 0 0 0 0 0 0 0 
366 3852 1819 1521 855 543 227 1479 585 78 530 136 47 8 34 0 8 1 0 0 0 0 0 0 0 0 0 0 0 0 0 0 
1563 3570 3811 3312 1634 1647 1074 891 422 270 914 574 248 5 7 0 0 0 0 0 0 0 0 0 0 0 0 0 0 0 0 0 
309 1514 1251 966 509 328 293 411 644 297 72 9 3 7 0 1 0 0 0 0 0 0 0 0 0 0 0 0 0 0 0 0 
44 663 638 949 498 237 221 397 485 40 68 125 22 0 0 0 0 0 0 0 0 0 0 0 0 0 0 0 0 0 0 0 
704 3272 2551 2500 914 730 481 341 1308 311 220 139 44 55 0 0 0 0 0 0 0 0 0 0 0 0 0 0 0 0 0 0 
567 1784 1977 1786 683 767 1102 463 636 52 112 124 32 5 0 0 0 0 0 0 0 0 0 0 0 0 0 0 0 0 0 0 
536 1498 1614 1570 324 584 793 698 413 208 654 260 43 3 0 0 0 0 0 0 0 0 0 0 0 0 0 0 0 0 0 0 
284 1691 741 745 197 301 228 641 16 35 541 263 28 0 6 16 0 0 0 0 0 0 0 0 0 0 0 0 0 0 0 0 
4603 8601 6344 5326 2431 2680 2210 1542 2679 530 957 629 279 158 37 0 2 1 0 0 0 0 0 0 0 0 0 0 0 0 0 0 
796 1873 2300 2847 551 1036 1247 903 2351 415 288 423 62 316 22 0 3 0 0 0 0 0 0 0 0 0 0 0 0 0 0 0 
1394 3786 2514 866 1177 551 451 304 1135 450 171 104 128 24 1 0 0 0 0 0 0 0 0 0 0 0 0 0 0 0 0 0 
1512 5376 3695 2712 1512 1332 1161 1280 365 286 619 296 95 10 13 16 0 0 0 0 0 0 0 0 0 0 0 0 0 0 0 0 
2763 3270 3430 2368 521 888 542 1010 152 920 1545 2594 510 45 95 0 2 3 0 0 0 0 0 0 0 0 0 0 0 0 0 0 
0 471 562 200 154 96 294 926 0 0 20 2 2 0 0 0 0 0 0 0 0 0 0 0 0 0 0 0 0 0 0 0 
1012 3672 1656 942 1018 427 405 313 1183 265 55 54 16 1 0 0 5 0 0 0 0 0 0 0 0 0 0 0 0 0 0 0 
5567 10772 6670 3959 2684 1974 1740 1051 915 474 939 595 324 259 8 0 0 0 0 0 0 0 0 0 0 0 0 0 0 0 0 0 
831 2514 1464 1465 541 702 133 100 193 307 77 108 31 41 0 0 0 0 0 0 0 0 0 0 0 0 0 0 0 0 0 0 
651 1437 1953 2228 1059 1192 106 36 23 16 65 11 1 3 0 0 0 0 0 0 0 0 0 0 0 0 0 0 0 0 0 0 
3170 5087 5243 3325 2060 2653 2282 1324 861 573 653 470 84 113 39 0 4 0 0 0 0 0 0 0 0 0 0 0 0 0 0 0 
205 1289 1198 1537 399 529 269 678 778 289 410 17 11 11 0 0 0 0 0 0 0 0 0 0 0 0 0 0 0 0 0 0 
924 2506 2473 2462 1249 539 494 774 1005 450 501 13 15 27 43 0 0 0 0 0 0 0 0 0 0 0 0 0 0 0 0 0 
1385 3585 4506 3604 1614 1363 933 1363 474 93 925 325 83 3 2 13 0 0 0 0 0 0 0 0 0 0 0 0 0 0 0 0 
1584 2925 2519 2794 1835 1239 794 973 1398 637 370 118 50 276 11 0 1 0 0 0 0 0 0 0 0 0 0 0 0 0 0 0 
491 1039 1226 1066 940 461 690 166 562 61 56 217 4 8 43 0 0 0 0 0 0 0 0 0 0 0 0 0 0 0 0 0 
492 1206 1399 1185 733 773 932 204 98 141 996 287 31 30 3 2 0 0 0 0 0 0 0 0 0 0 0 0 0 0 0 0 
2153 5377 5087 4391 2050 2073 1507 788 228 178 880 395 59 18 143 69 1 0 0 0 0 0 0 0 0 0 0 0 0 0 0 0 
2943 4873 4715 3592 1916 1448 1674 901 776 704 324 402 43 43 81 19 0 0 0 0 0 0 0 0 0 0 0 0 0 0 0 0 
4485 6813 5568 4003 2868 1492 1209 1477 2861 838 312 145 92 347 1 1 0 0 0 0 0 0 0 0 0 0 0 0 0 0 0 0 
1319 3259 3594 3381 1502 1413 1023 658 1869 445 260 390 116 339 4 6 0 1 0 0 0 0 0 0 0 0 0 0 0 0 0 0 
1256 4987 3316 3135 1727 1051 1122 1010 1760 228 1188 437 37 2 2 0 5 0 0 0 0 0 0 0 0 0 0 0 0 0 0 0 
105 641 290 402 42 139 24 71 9 8 496 3 0 2 0 0 0 0 0 0 0 0 0 0 0 0 0 0 0 0 0 0 
2337 5833 5249 4206 1957 2009 1778 961 2562 552 751 388 227 235 5 0 0 0 0 0 0 0 0 0 0 0 0 0 0 0 0 0 
1530 5390 3968 3665 1968 1124 975 680 989 602 378 116 40 85 1 10 39 0 0 0 0 0 0 0 0 0 0 0 0 0 0 0 
1184 1813 2477 1898 1017 918 1049 890 51 33 118 118 15 0 1 0 0 0 0 0 0 0 0 0 0 0 0 0 0 0 0 0 
782 2866 1577 1443 305 454 873 618 1098 173 49 138 29 8 0 0 5 0 0 0 0 0 0 0 0 0 0 0 0 0 0 0 
1809 2943 2763 2269 1060 637 432 429 704 255 148 130 41 0 1 0 0 0 0 0 0 0 0 0 0 0 0 0 0 0 0 0 
2354 3046 3770 3107 1657 1148 1252 264 492 394 293 18 36 23 31 0 0 0 0 0 0 0 0 0 0 0 0 0 0 0 0 0 
64 94 124 64 252 1 1 0 1 41 2 0 197 2 52 0 0 0 0 0 0 0 0 0 0 0 0 0 0 0 0 0 
157 764 628 743 262 227 539 23 72 3 9 4 1 0 0 0 0 0 0 0 0 0 0 0 0 0 0 0 0 0 0 0 
1716 3129 3408 3184 1557 1409 1694 1068 1118 199 623 22 4 34 12 4 0 0 0 0 0 0 0 0 0 0 0 0 0 0 0 0 
480 810 1181 1268 419 498 998 311 70 35 254 14 16 22 0 0 0 0 0 0 0 0 0 0 0 0 0 0 0 0 0 0 
947 1748 2082 1933 781 562 400 773 199 85 880 486 116 33 6 5 8 46 0 0 0 0 0 0 0 0 0 0 0 0 0 0 
1292 1848 2564 2125 492 841 1802 584 376 456 1183 1468 267 70 2 0 0 0 0 0 0 0 0 0 0 0 0 0 0 0 0 0 
454 1318 1281 1544 373 578 768 129 1054 34 77 51 42 129 1 0 0 0 0 0 0 0 0 0 0 0 0 0 0 0 0 0 
301 529 700 540 272 291 127 374 434 59 22 23 1 7 46 0 0 4 0 0 0 0 0 0 0 0 0 0 0 0 0 0 
1059 1495 1958 1967 868 1070 809 608 1949 308 185 231 97 364 7 0 0 0 0 0 0 0 0 0 0 0 0 0 0 0 0 0 
2793 3350 3675 3229 1420 1050 716 442 552 938 300 18 8 13 22 1 0 0 0 0 0 0 0 0 0 0 0 0 0 0 0 0 
2213 1903 2695 2461 927 723 771 333 1317 244 104 5 28 50 6 0 0 0 0 0 0 0 0 0 0 0 0 0 0 0 0 0 
692 2551 3247 2661 837 1128 1592 758 621 38 725 134 32 2 11 9 0 0 0 0 0 0 0 0 0 0 0 0 0 0 0 0 
402 370 697 424 228 241 413 346 93 33 235 183 0 3 0 0 0 0 0 0 0 0 0 0 0 0 0 0 0 0 0 0 
1760 5123 3593 2372 1218 1136 923 549 2369 378 293 158 74 397 40 0 0 3 0 0 0 0 0 0 0 0 0 0 0 0 0 0 
1141 2685 1496 763 531 341 178 288 256 274 471 18 86 78 1 1 0 0 0 0 0 0 0 0 0 0 0 0 0 0 0 0 
731 3942 2378 2208 565 818 490 215 1718 306 116 17 11 12 0 2 0 0 0 0 0 0 0 0 0 0 0 0 0 0 0 0 
203 521 479 595 107 81 163 44 265 182 14 3 1 10 6 0 0 0 0 0 0 0 0 0 0 0 0 0 0 0 0 0 
669 1085 1239 1533 428 506 847 657 63 150 73 18 2 31 165 47 0 0 0 0 0 0 0 0 0 0 0 0 0 0 0 0 
230 716 953 1115 446 613 284 80 622 21 36 18 5 263 0 0 0 0 0 0 0 0 0 0 0 0 0 0 0 0 0 0 
5856 11027 6763 4781 2710 2591 1697 1311 2871 800 805 702 555 276 100 2 4 46 0 0 0 0 0 0 0 0 0 0 0 0 0 0 
1124 4880 1316 645 319 161 217 124 396 39 117 144 336 111 0 1 0 0 0 0 0 0 0 0 0 0 0 0 0 0 0 0 
52 1436 295 169 87 251 675 55 12 20 32 16 0 23 0 0 0 0 0 0 0 0 0 0 0 0 0 0 0 0 0 0 
369 352 388 467 129 243 433 327 58 26 8 6 3 0 11 0 1 0 0 0 0 0 0 0 0 0 0 0 0 0 0 0 
327 431 462 447 562 195 162 375 33 13 10 3 1 0 3 0 0 0 0 0 0 0 0 0 0 0 0 0 0 0 0 0 
1655 2843 3318 3094 1210 1354 336 1237 170 89 1101 290 8 1 0 0 0 0 0 0 0 0 0 0 0 0 0 0 0 0 0 0 
162 625 656 1144 429 294 661 34 387 7 24 3 1 3 4 0 0 0 0 0 0 0 0 0 0 0 0 0 0 0 0 0 
202 2406 1216 787 407 444 845 76 55 26 76 130 64 55 0 0 0 0 0 0 0 0 0 0 0 0 0 0 0 0 0 0 
290 447 350 425 357 109 92 408 39 21 19 2 4 0 3 1 0 8 0 0 0 0 0 0 0 0 0 0 0 0 0 0 
834 2331 2985 2172 1110 1271 1730 932 54 26 123 136 45 22 0 0 0 0 0 0 0 0 0 0 0 0 0 0 0 0 0 0 
369 1205 1258 1834 259 577 1423 109 428 68 63 6 0 44 0 0 0 0 0 0 0 0 0 0 0 0 0 0 0 0 0 0 
179 693 710 575 580 240 375 395 1048 191 29 2 5 0 0 0 0 0 0 0 0 0 0 0 0 0 0 0 0 0 0 0 
333 879 933 1134 214 571 577 41 99 32 88 8 13 5 0 0 0 0 0 0 0 0 0 0 0 0 0 0 0 0 0 0 
276 337 228 252 122 148 360 641 58 129 12 2 3 0 0 0 0 0 0 0 0 0 0 0 0 0 0 0 0 0 0 0 
716 1923 2101 1807 1462 1134 1000 228 1154 540 9 49 11 289 33 0 0 0 0 0 0 0 0 0 0 0 0 0 0 0 0 0 
86 507 516 434 182 94 138 42 243 276 9 2 2 2 0 0 0 0 0 0 0 0 0 0 0 0 0 0 0 0 0 0 
229 1155 1377 1174 802 277 282 116 887 273 97 15 9 53 0 0 0 0 0 0 0 0 0 0 0 0 0 0 0 0 0 0 
587 1949 2302 1841 1044 601 1010 998 996 36 463 277 23 10 28 0 2 0 0 0 0 0 0 0 0 0 0 0 0 0 0 0 
1492 3026 3964 3741 1399 2164 1201 1638 3136 528 823 653 134 40 41 0 0 0 0 0 0 0 0 0 0 0 0 0 0 0 0 0 
1682 6923 1981 1078 365 519 834 295 416 52 182 326 368 192 4 0 0 0 0 0 0 0 0 0 0 0 0 0 0 0 0 0 
172 2459 529 127 167 67 29 40 56 14 33 8 30 5 1 0 0 0 0 0 0 0 0 0 0 0 0 0 0 0 0 0 
44 396 278 266 100 134 71 58 301 11 27 15 65 49 0 0 0 0 0 0 0 0 0 0 0 0 0 0 0 0 0 0 
977 3932 2774 2986 961 1090 831 1103 1596 428 529 134 36 51 10 0 0 0 0 0 0 0 0 0 0 0 0 0 0 0 0 0 
1826 3293 3316 3403 1240 1739 1113 739 1979 616 273 447 55 285 17 0 4 0 0 0 0 0 0 0 0 0 0 0 0 0 0 0 
543 3612 2957 2852 1483 854 503 244 1453 184 85 13 29 48 15 0 0 0 0 0 0 0 0 0 0 0 0 0 0 0 0 0 
379 1367 988 924 519 320 455 402 549 34 77 10 78 94 15 1 1 0 0 0 0 0 0 0 0 0 0 0 0 0 0 0 
2188 3340 3822 3284 1985 1235 1451 1413 1540 334 96 21 23 22 5 0 0 0 0 0 0 0 0 0 0 0 0 0 0 0 0 0 
197 451 936 783 351 106 193 35 176 13 4 2 7 0 2 0 0 0 0 0 0 0 0 0 0 0 0 0 0 0 0 0 
240 409 303 173 197 170 89 38 12 264 21 214 0 1 1 0 0 0 0 0 0 0 0 0 0 0 0 0 0 0 0 0 
582 1652 1578 839 1156 607 338 209 342 401 178 372 63 44 1 0 0 0 0 0 0 0 0 0 0 0 0 0 0 0 0 0 
1921 4855 2304 1529 744 751 1246 792 121 107 380 641 127 63 2 0 0 0 0 0 0 0 0 0 0 0 0 0 0 0 0 0 
1787 6975 2676 1983 1288 708 507 891 1279 319 475 323 57 293 49 0 5 0 0 0 0 0 0 0 0 0 0 0 0 0 0 0 
638 1320 1688 1698 404 757 1155 179 142 67 574 281 15 30 0 0 0 0 0 0 0 0 0 0 0 0 0 0 0 0 0 0 
347 1931 781 690 556 266 82 32 193 2 9 3 11 5 0 0 0 0 0 0 0 0 0 0 0 0 0 0 0 0 0 0 
3716 7529 6520 5367 3507 1937 1835 1233 3645 1032 694 200 167 333 12 15 1 0 0 0 0 0 0 0 0 0 0 0 0 0 0 0 
2096 4787 4173 3200 2374 1275 916 762 963 567 697 183 46 41 4 9 37 1 0 0 0 0 0 0 0 0 0 0 0 0 0 0 
180 934 973 1349 758 345 200 94 390 8 18 8 10 1 2 0 0 0 0 0 0 0 0 0 0 0 0 0 0 0 0 0 
646 1290 1655 1923 655 440 233 581 42 48 184 208 4 0 0 0 0 0 0 0 0 0 0 0 0 0 0 0 0 0 0 0 
35 610 570 453 289 388 34 473 0 25 4 0 1 0 0 0 0 0 0 0 0 0 0 0 0 0 0 0 0 0 0 0 
636 3529 2046 2019 824 824 1027 519 958 35 158 300 88 61 3 3 0 0 0 0 0 0 0 0 0 0 0 0 0 0 0 0 
2633 3902 4425 3569 2384 2131 1141 1144 1586 444 321 509 185 22 80 0 2 0 0 0 0 0 0 0 0 0 0 0 0 0 0 0 
1279 2729 4308 3313 1886 1061 1548 1451 1079 283 314 83 8 2 5 13 0 0 0 0 0 0 0 0 0 0 0 0 0 0 0 0 
754 1305 1709 1148 815 785 428 949 212 58 398 406 87 36 1 1 0 0 0 0 0 0 0 0 0 0 0 0 0 0 0 0 
397 816 1128 1197 315 511 893 417 668 26 130 107 41 25 30 0 0 1 0 0 0 0 0 0 0 0 0 0 0 0 0 0 
6574 5781 6630 5882 2056 2884 2151 1745 2684 1100 1486 1831 465 387 38 0 24 0 0 0 0 0 0 0 0 0 0 0 0 0 0 0 
950 1694 2125 1759 1426 872 594 628 1374 175 38 101 18 323 12 0 0 0 0 0 0 0 0 0 0 0 0 0 0 0 0 0 
0 230 304 200 154 96 294 926 0 0 20 2 2 0 0 0 0 0 0 0 0 0 0 0 0 0 0 0 0 0 0 0 
1332 2206 1563 1184 1039 611 877 866 287 430 38 707 32 11 97 0 0 0 0 0 0 0 0 0 0 0 0 0 0 0 0 0 
864 1165 1670 1609 510 936 714 963 1308 227 136 178 36 313 1 0 0 0 0 0 0 0 0 0 0 0 0 0 0 0 0 0 
29 648 385 440 535 414 57 304 372 2 5 1 1 0 6 0 6 0 0 0 0 0 0 0 0 0 0 0 0 0 0 0 
47 494 527 183 108 333 564 280 3 9 4 2 0 0 1 0 0 0 0 0 0 0 0 0 0 0 0 0 0 0 0 0 
710 2596 1031 1235 539 214 157 474 654 69 33 18 4 4 5 0 0 0 0 0 0 0 0 0 0 0 0 0 0 0 0 0 
665 3406 1992 2007 659 848 790 848 1433 455 147 173 63 59 5 9 36 3 0 0 0 0 0 0 0 0 0 0 0 0 0 0 
49 265 325 180 71 102 42 40 14 44 231 215 0 0 0 0 0 0 0 0 0 0 0 0 0 0 0 0 0 0 0 0 
1142 1845 2481 1771 985 1047 202 620 74 98 777 459 26 0 1 0 1 0 0 0 0 0 0 0 0 0 0 0 0 0 0 0 
480 2681 944 600 340 239 227 76 427 26 30 13 16 1 0 0 2 0 0 0 0 0 0 0 0 0 0 0 0 0 0 0 
0 50 99 46 24 41 20 18 29 28 22 133 0 0 0 0 0 0 0 0 0 0 0 0 0 0 0 0 0 0 0 0 
0 41 95 40 19 39 16 13 9 22 22 133 0 0 0 0 0 0 0 0 0 0 0 0 0 0 0 0 0 0 0 0 
4463 4550 5060 4513 1990 2387 1321 1503 1967 407 540 513 223 83 5 0 0 1 0 0 0 0 0 0 0 0 0 0 0 0 0 0 
1463 5022 3446 2543 1064 1338 572 948 491 89 689 383 124 11 13 0 0 0 0 0 0 0 0 0 0 0 0 0 0 0 0 0 
6 332 312 375 58 67 41 479 11 7 32 132 0 0 0 0 0 0 0 0 0 0 0 0 0 0 0 0 0 0 0 0 
0 50 28 10 6 8 0 14 0 0 0 0 0 0 0 0 0 0 0 0 0 0 0 0 0 0 0 0 0 0 0 0 
853 1013 1081 1066 292 284 180 541 546 23 137 1 6 38 1 1 0 0 0 0 0 0 0 0 0 0 0 0 0 0 0 0 
859 1539 1194 1376 726 500 257 841 1061 195 109 161 52 47 12 0 6 0 0 0 0 0 0 0 0 0 0 0 0 0 0 0 
543 1662 2081 2170 1129 932 1620 697 1632 734 18 144 8 316 2 0 0 0 0 0 0 0 0 0 0 0 0 0 0 0 0 0 
505 1587 1619 1012 992 669 275 234 1077 235 143 4 41 106 0 0 0 0 0 0 0 0 0 0 0 0 0 0 0 0 0 0 
137 1248 1069 1068 1166 715 603 318 460 456 4 43 7 551 1 0 0 0 0 0 0 0 0 0 0 0 0 0 0 0 0 0 
505 964 719 424 750 470 549 275 72 312 30 293 29 288 22 0 0 0 0 0 0 0 0 0 0 0 0 0 0 0 0 0 
368 1525 1557 1366 1113 453 244 197 89 469 21 75 20 54 0 0 4 0 0 0 0 0 0 0 0 0 0 0 0 0 0 0 
501 1240 761 471 687 582 745 514 30 222 21 307 5 283 0 0 0 0 0 0 0 0 0 0 0 0 0 0 0 0 0 0 
1159 1951 1618 1269 1555 992 542 894 130 421 84 311 31 30 8 0 0 0 0 0 0 0 0 0 0 0 0 0 0 0 0 0 
798 1051 849 472 1103 344 153 128 43 226 14 13 0 6 6 0 0 5 0 0 0 0 0 0 0 0 0 0 0 0 0 0 
1586 3122 3558 3212 1993 1812 1736 818 1600 466 23 81 8 5 49 0 69 0 0 0 0 0 0 0 0 0 0 0 0 0 0 0 
795 1322 1220 731 695 308 327 82 21 57 33 317 11 64 111 0 0 0 0 0 0 0 0 0 0 0 0 0 0 0 0 0 
390 1121 1110 701 1451 731 433 312 15 143 40 58 0 0 0 0 4 0 0 0 0 0 0 0 0 0 0 0 0 0 0 0 
2193 3071 2971 2705 1916 1368 1260 658 253 505 459 34 13 66 61 15 0 0 0 0 0 0 0 0 0 0 0 0 0 0 0 0 
1337 2346 1636 1527 1072 664 558 497 855 292 64 238 33 311 22 0 1 20 0 0 0 0 0 0 0 0 0 0 0 0 0 0 
1706 3477 3802 3639 2226 1873 1531 621 694 423 546 314 49 22 3 0 0 3 0 0 0 0 0 0 0 0 0 0 0 0 0 0 
1107 3490 2953 3754 1242 1241 1684 256 535 618 547 16 15 45 1 0 0 6 0 0 0 0 0 0 0 0 0 0 0 0 0 0 
2851 4058 4047 3617 1921 1725 2288 1256 2535 842 213 205 100 154 79 0 19 0 0 0 0 0 0 0 0 0 0 0 0 0 0 0 
373 1016 776 666 585 661 933 117 780 294 17 223 0 26 1 0 0 0 0 0 0 0 0 0 0 0 0 0 0 0 0 0 
537 1193 1401 1692 956 496 588 100 340 238 68 126 55 9 3 0 0 0 0 0 0 0 0 0 0 0 0 0 0 0 0 0 
308 791 786 521 824 631 590 451 236 228 17 60 1 27 18 19 0 0 0 0 0 0 0 0 0 0 0 0 0 0 0 0 
189 543 455 233 286 204 302 308 5 120 7 2 3 30 7 15 0 0 0 0 0 0 0 0 0 0 0 0 0 0 0 0 
152 108 202 85 45 63 31 20 30 11 8 5 5 2 0 0 0 0 0 0 0 0 0 0 0 0 0 0 0 0 0 0 
1406 1501 1437 897 1489 692 577 159 113 233 22 303 0 5 4 0 0 0 0 0 0 0 0 0 0 0 0 0 0 0 0 0 
625 4505 3475 3809 1905 1171 1255 803 637 191 647 352 69 56 0 9 36 0 0 0 0 0 0 0 0 0 0 0 0 0 0 0 
43 214 231 125 319 305 220 268 1 0 6 4 0 25 1 0 0 0 0 0 0 0 0 0 0 0 0 0 0 0 0 0 
396 1143 1049 1188 1455 509 110 118 17 42 127 270 2 0 0 0 3 0 0 0 0 0 0 0 0 0 0 0 0 0 0 0 
1935 2038 2410 2160 1474 1342 925 825 1320 389 360 464 63 13 85 0 1 0 0 0 0 0 0 0 0 0 0 0 0 0 0 0 
2767 4212 4008 3200 2432 1627 1429 754 1712 1222 304 784 262 380 115 0 0 0 0 0 0 0 0 0 0 0 0 0 0 0 0 0 
543 1355 1663 1527 991 605 374 653 980 341 415 103 19 304 23 9 36 0 0 0 0 0 0 0 0 0 0 0 0 0 0 0 
1817 2089 1756 1123 1786 771 800 382 146 318 102 694 8 319 105 0 14 0 0 0 0 0 0 0 0 0 0 0 0 0 0 0 
1447 2100 2253 1865 2126 1024 1041 564 1485 237 35 156 42 317 48 0 1 7 0 0 0 0 0 0 0 0 0 0 0 0 0 0 
2032 2601 2876 2616 1509 1773 1362 800 2033 417 162 446 57 321 77 0 0 0 0 0 0 0 0 0 0 0 0 0 0 0 0 0 
4692 8318 5752 5065 2676 2194 2518 2145 2991 928 706 128 56 347 15 0 4 0 0 0 0 0 0 0 0 0 0 0 0 0 0 0 
298 357 501 600 264 186 51 103 130 10 535 8 5 0 0 0 0 0 0 0 0 0 0 0 0 0 0 0 0 0 0 0 
2648 2020 2433 1719 1583 715 648 508 788 457 54 37 17 278 27 0 5 3 0 0 0 0 0 0 0 0 0 0 0 0 0 0 
436 714 1019 945 274 627 898 364 310 40 176 175 245 25 11 2 0 0 0 0 0 0 0 0 0 0 0 0 0 0 0 0 
246 1384 1851 1633 932 899 1291 153 19 323 161 126 1 22 6 0 0 0 0 0 0 0 0 0 0 0 0 0 0 0 0 0 
525 1372 1540 1414 683 390 213 150 436 28 54 25 14 0 0 0 0 0 0 0 0 0 0 0 0 0 0 0 0 0 0 0 
932 2590 1591 1811 1312 679 844 531 451 224 37 228 66 69 3 0 0 0 0 0 0 0 0 0 0 0 0 0 0 0 0 0 
2829 2792 2427 1555 1104 919 1163 544 83 855 167 318 168 96 70 0 0 0 0 0 0 0 0 0 0 0 0 0 0 0 0 0 
803 824 730 396 415 304 399 808 8 597 396 3 1 81 81 0 0 0 0 0 0 0 0 0 0 0 0 0 0 0 0 0 
325 840 840 877 564 621 204 174 12 352 12 4 0 0 0 0 0 0 0 0 0 0 0 0 0 0 0 0 0 0 0 0 
296 293 353 146 430 159 56 61 18 161 67 6 2 0 4 0 0 0 0 0 0 0 0 0 0 0 0 0 0 0 0 0 
507 1099 1271 987 632 586 74 68 47 136 108 14 2 0 0 0 0 0 0 0 0 0 0 0 0 0 0 0 0 0 0 0 
1955 3667 3485 2799 2517 1504 1408 1432 1060 414 841 882 46 48 90 5 23 0 0 0 0 0 0 0 0 0 0 0 0 0 0 0 
681 554 805 519 404 441 867 327 31 181 15 77 31 64 84 13 0 0 0 0 0 0 0 0 0 0 0 0 0 0 0 0 
40 225 168 81 423 58 41 35 5 215 4 0 0 0 0 0 0 0 0 0 0 0 0 0 0 0 0 0 0 0 0 0 
0 106 98 54 368 10 14 0 0 0 0 0 0 0 0 0 0 0 0 0 0 0 0 0 0 0 0 0 0 0 0 0 
0 80 83 45 200 76 20 0 0 0 0 0 0 0 0 0 0 0 0 0 0 0 0 0 0 0 0 0 0 0 0 0 
610 967 764 451 819 644 922 751 76 12 23 7 0 23 8 0 0 0 0 0 0 0 0 0 0 0 0 0 0 0 0 0 
955 743 948 695 515 206 104 39 107 222 26 5 2 5 9 0 0 0 0 0 0 0 0 0 0 0 0 0 0 0 0 0 
0 14 11 6 42 0 0 0 0 0 0 0 0 0 0 0 0 0 0 0 0 0 0 0 0 0 0 0 0 0 0 0 
0 27 31 17 165 0 0 0 0 0 0 0 0 0 0 0 0 0 0 0 0 0 0 0 0 0 0 0 0 0 0 0 
11 367 140 220 2 2 2 16 135 1 2 8 55 86 0 0 0 0 0 0 0 0 0 0 0 0 0 0 0 0 0 0 
295 1384 125 231 6 3 2 11 69 2 2 3 248 123 0 0 0 0 0 0 0 0 0 0 0 0 0 0 0 0 0 0 
202 336 106 226 5 1 2 10 47 1 2 3 211 111 0 0 0 0 0 0 0 0 0 0 0 0 0 0 0 0 0 0 
19 451 129 250 0 2 2 18 63 4 10 13 88 47 0 0 0 0 0 0 0 0 0 0 0 0 0 0 0 0 0 0 
0 1157 10 6 0 0 0 9 30 0 1 1 35 20 0 0 0 0 0 0 0 0 0 0 0 0 0 0 0 0 0 0 
177 1379 135 260 0 2 2 20 132 4 9 14 85 98 0 0 0 0 0 0 0 0 0 0 0 0 0 0 0 0 0 0 
11 436 206 449 0 2 2 20 108 4 10 12 59 25 0 0 0 0 0 0 0 0 0 0 0 0 0 0 0 0 0 0 
9 86 11 8 0 0 0 6 99 0 0 0 20 35 0 0 0 0 0 0 0 0 0 0 0 0 0 0 0 0 0 0 
264 1495 155 270 5 3 4 28 228 5 12 14 226 125 0 0 0 0 0 0 0 0 0 0 0 0 0 0 0 0 0 0 
461 2246 549 463 18 9 7 64 466 3 75 10 276 57 0 0 0 0 0 0 0 0 0 0 0 0 0 0 0 0 0 0 
0 30 7 2 0 0 0 6 85 0 0 0 0 0 0 0 0 0 0 0 0 0 0 0 0 0 0 0 0 0 0 0 
193 1298 111 218 5 1 2 15 141 1 2 2 203 95 10 0 0 0 0 0 0 0 0 0 0 0 0 0 0 0 0 0 
78 117 23 16 0 0 0 8 115 0 0 1 51 45 0 0 0 0 0 0 0 0 0 0 0 0 0 0 0 0 0 0 
106 109 57 53 12 8 8 17 220 13 26 48 108 17 3 0 0 0 0 0 0 0 0 0 0 0 0 0 0 0 0 0 
205 1347 114 220 8 4 6 17 42 2 4 4 163 99 0 0 0 0 0 0 0 0 0 0 0 0 0 0 0 0 0 0 
36 62 2 12 4 2 2 4 6 2 2 2 10 68 0 0 0 0 0 0 0 0 0 0 0 0 0 0 0 0 0 0 
48 64 2 12 4 2 2 4 10 2 2 2 10 66 0 0 0 0 0 0 0 0 0 0 0 0 0 0 0 0 0 0 
