225 249 83 73 117 69 14 162 17 95 38 18 136 85 45 44 83 99 2 236 120 2 143 242 12 37 117 15 22 115 362 318 
260 324 0 521 331 313 92 334 0 243 108 8 0 19 112 90 124 248 57 421 145 28 257 55 265 295 28 403 65 279 199 64 
0 17 68 0 186 39 113 23 243 79 73 371 260 12 27 54 43 120 25 113 0 57 105 221 338 62 53 15 3 33 0 41 
21 18 62 0 0 8 17 23 12 10 9 44 7 84 35 146 4 86 27 0 0 29 75 0 32 22 0 28 25 33 68 132 
12 1 79 62 32 38 23 115 13 14 79 31 32 40 87 1 30 2 198 101 271 219 27 46 164 11 31 16 263 55 114 458 
53 63 231 206 220 78 3 43 52 291 52 158 61 51 36 67 124 34 83 34 62 37 43 110 58 12 38 76 39 211 17 114 
73 71 36 53 50 190 134 44 127 21 67 196 133 46 2 221 40 154 56 164 93 85 55 119 42 170 25 2 42 28 98 305 
44 0 36 43 26 60 55 114 10 69 228 0 32 50 9 42 15 43 72 34 0 0 36 34 158 42 198 36 195 287 241 685 
56 18 146 18 29 252 57 0 143 203 26 35 34 275 88 13 28 110 61 22 211 58 19 145 68 11 79 78 26 224 32 488 
163 49 59 0 60 106 66 9 0 55 108 100 59 103 49 1 7 81 88 103 107 30 179 122 79 42 43 308 138 262 60 335 
92 1 134 6 1 0 85 11 34 1 0 1 55 2 4 153 0 31 9 97 1 131 24 24 34 92 44 0 21 0 0 361 
137 14 119 1 0 218 11 186 15 124 404 246 185 90 84 119 103 250 266 21 167 20 352 128 280 178 442 1 282 568 347 648 
121 91 226 191 0 20 6 158 44 3 49 230 101 33 53 252 154 126 0 47 15 0 610 172 47 153 166 18 73 133 311 394 
64 24 191 14 197 51 8 36 23 253 87 0 15 15 120 21 116 64 6 158 74 88 18 4 118 98 96 3 108 389 128 127 
145 265 36 40 48 136 42 342 13 23 0 10 61 149 190 10 136 12 303 10 122 16 6 322 21 10 0 230 258 0 2 11 
11 0 0 16 0 0 0 27 0 25 126 40 34 0 0 0 13 0 0 10 95 26 24 6 53 137 204 77 66 0 21 73 
0 119 0 45 0 14 59 0 15 5 109 122 38 38 0 10 52 0 38 0 41 0 94 0 6 54 39 26 86 15 34 22 
108 0 35 46 36 198 75 44 89 72 57 285 59 7 46 53 0 29 88 109 80 186 1 123 19 66 36 119 18 31 17 223 
185 15 133 123 81 19 23 316 40 10 0 161 109 5 9 11 112 107 9 16 110 13 94 0 57 17 18 24 255 30 77 348 
23 90 18 91 83 78 13 99 24 103 179 101 112 52 20 68 57 97 46 69 79 148 138 143 71 0 115 17 64 192 107 100 
27 12 27 67 25 0 7 36 0 345 30 129 0 86 0 24 0 56 32 31 22 38 133 1 22 89 28 20 183 116 231 46 
11 13 6 21 0 0 0 19 89 152 28 28 217 13 131 12 112 94 74 20 15 9 23 18 13 206 22 13 83 93 123 58 
39 34 0 9 206 8 0 118 9 8 0 207 0 1 1 12 0 0 10 6 0 139 22 228 6 0 8 40 199 14 272 136 
50 8 25 127 175 9 23 162 53 9 52 155 0 0 7 63 17 16 60 242 73 216 118 82 14 3 228 10 9 52 183 123 
35 371 1 124 71 114 1 65 73 308 51 234 101 70 184 474 180 155 269 102 369 247 259 387 43 25 126 409 79 75 81 239 
14 0 12 2 159 30 0 26 11 0 6 15 0 62 18 73 44 12 14 74 0 7 47 0 53 0 1 0 16 4 88 51 
17 9 21 258 9 90 27 0 28 0 2 147 81 2 7 10 76 0 231 50 27 0 203 25 24 24 25 12 23 51 5 0 
23 165 60 41 36 11 244 231 19 0 6 196 0 84 58 7 67 12 141 20 36 132 37 81 39 2 60 1 35 294 2 119 
0 1 47 7 0 145 15 96 146 0 203 1 1 65 1 51 155 46 0 196 51 0 99 95 0 93 13 0 225 0 290 93 
0 19 67 0 0 0 50 49 19 0 0 47 0 35 75 55 0 14 0 66 0 0 188 52 14 76 41 0 14 114 0 370 
175 156 23 197 31 1 0 57 92 0 128 12 14 28 137 269 41 181 53 2 65 43 224 94 34 75 29 50 20 50 63 200 
13 48 14 0 47 9 0 15 15 66 15 15 81 13 83 1 53 257 18 22 0 4 14 24 136 25 0 124 100 16 131 0 
105 0 0 102 42 312 106 11 11 105 27 104 8 16 35 13 26 199 19 270 85 98 1 59 139 1 137 92 207 29 19 16 
103 45 82 98 58 18 66 195 33 0 210 64 9 15 59 9 30 13 41 82 25 116 80 0 68 37 18 133 71 121 0 200 
251 42 30 25 167 5 160 38 0 0 61 152 153 70 149 22 305 202 267 12 10 15 63 343 72 64 182 54 34 90 45 44 
16 0 0 23 363 106 194 0 7 0 17 0 365 116 9 53 111 20 37 31 71 74 284 35 32 72 17 127 248 48 79 217 
23 0 0 4 146 511 0 57 105 213 178 117 108 275 155 0 137 0 54 456 103 86 64 65 59 122 292 301 68 276 9 830 
64 2 231 2 58 203 29 6 2 72 7 103 136 1 215 4 99 136 15 5 103 8 98 126 11 60 5 42 40 100 70 161 
222 84 1 0 267 0 45 5 45 136 135 115 190 16 187 227 12 382 411 13 478 95 85 11 42 95 19 443 13 20 189 542 
34 16 286 213 65 24 33 11 194 11 99 385 112 22 14 382 103 10 96 394 8 25 23 31 38 75 26 55 177 40 68 7 
25 12 10 0 115 52 0 93 0 43 0 3 74 7 46 45 97 45 45 8 20 2 5 27 48 2 212 78 171 14 68 207 
59 119 0 0 0 49 86 276 0 151 24 22 8 23 84 84 24 189 212 7 8 16 101 189 127 0 285 127 2 82 255 233 
49 0 19 19 24 138 183 73 114 42 41 90 52 161 105 146 69 144 95 44 6 51 71 7 239 104 210 204 68 99 221 190 
30 88 209 0 0 0 0 17 0 51 97 0 217 0 0 13 0 97 75 0 0 172 12 0 57 0 12 13 46 17 0 13 
2 43 70 0 2 24 236 44 10 179 129 19 203 69 76 6 41 0 207 13 116 3 245 82 39 39 100 0 73 38 211 91 
126 16 129 57 159 27 58 2 142 56 70 73 2 215 3 52 191 334 319 6 222 7 23 14 39 219 109 177 170 205 82 113 
13 15 0 38 47 0 25 8 37 0 14 74 61 23 0 22 10 60 0 9 44 0 44 16 0 17 26 14 0 41 64 40 
87 0 0 0 0 171 0 87 46 52 0 0 0 0 1 56 143 0 6 2 6 184 105 19 0 0 65 57 54 24 142 143 
41 92 111 153 120 54 58 35 258 20 18 62 160 8 141 98 114 17 225 22 45 34 32 149 17 164 71 62 43 22 62 73 
17 0 7 0 0 18 61 34 164 61 44 26 0 121 42 115 41 0 250 0 0 0 0 2 0 30 0 35 41 63 4 48 
74 6 13 0 54 220 72 232 19 79 83 282 168 17 93 67 93 153 103 217 5 21 0 61 38 28 0 90 142 270 121 59 
8 5 11 61 17 385 133 147 245 29 10 136 13 0 125 3 270 0 38 28 158 35 291 28 207 292 25 160 1 310 169 7 
29 121 55 54 0 206 362 0 30 119 3 259 102 38 19 183 177 18 0 104 10 100 6 2 85 371 13 11 7 51 109 247 
168 40 263 130 193 0 32 95 129 196 379 118 86 0 10 245 228 244 85 62 127 172 152 239 198 52 233 162 334 469 316 918 
0 32 13 35 2 24 0 14 31 39 143 15 157 10 0 0 78 109 23 23 0 32 214 71 42 70 14 54 0 62 14 0 
10 23 0 39 10 9 27 0 0 203 261 30 0 0 303 25 65 14 0 28 25 0 15 8 63 0 208 24 92 23 126 476 
10 77 0 40 30 0 0 0 57 0 1 0 0 0 79 20 22 40 0 86 20 15 0 0 101 0 15 0 0 20 2 258 
0 0 54 0 0 0 9 0 0 120 132 0 2 20 176 30 12 3 119 0 0 117 0 3 0 121 118 0 0 153 3 163 
2 6 101 23 0 74 3 56 5 116 13 64 4 4 58 0 1 52 50 116 0 57 41 15 248 20 62 72 69 41 67 151 
66 15 66 4 8 42 0 0 98 139 34 0 0 98 11 114 0 96 147 47 51 58 168 130 58 50 7 0 98 36 73 86 
47 84 86 2 88 3 47 63 72 63 129 303 247 103 180 62 159 78 214 13 13 0 7 0 33 48 198 16 106 7 233 74 
13 25 40 168 2 3 6 3 3 108 224 0 5 0 29 94 8 6 31 8 42 25 1 183 22 57 29 247 24 27 167 56 
