76 6 0 14 20 0 57 0 0 0 0 21 0 6 10 34 10 0 13 3 6 0 0 0 0 0 0 4 0 0 0 0 
38 3 6 0 0 0 0 0 55 0 1 49 0 0 0 56 1 0 0 5 15 0 0 0 0 0 2 4 0 0 0 0 
10 0 0 0 0 0 0 0 0 1 2 0 1 0 0 0 0 0 0 0 6 0 0 0 0 0 0 4 0 0 0 0 
11 0 0 0 0 0 0 0 0 0 3 2 0 0 0 0 0 0 0 0 6 0 0 0 0 0 0 4 0 0 0 0 
8 0 0 1 0 0 0 0 0 0 0 1 0 0 0 0 0 0 0 0 6 0 0 0 0 0 0 4 0 0 0 0 
34 0 0 0 0 0 0 0 2 0 0 0 0 0 0 69 0 0 19 42 11 0 2 0 0 0 0 4 0 0 0 0 
43 0 0 0 0 0 0 74 1 0 0 0 0 0 0 39 2 0 24 4 20 0 0 0 0 0 2 4 0 0 0 0 
20 0 1 0 0 0 1 7 0 0 0 3 0 0 2 0 2 0 1 1 7 0 0 0 0 0 0 4 0 0 0 0 
20 2 0 4 3 0 0 0 0 0 0 4 0 2 4 0 4 0 0 2 8 0 0 0 0 0 0 4 0 0 0 0 
24 2 4 12 7 0 0 0 0 0 0 16 0 4 8 0 4 0 0 6 7 0 0 0 0 0 0 4 0 0 0 0 
14 0 6 0 0 0 0 0 0 0 0 0 6 0 1 0 2 0 0 1 5 0 0 3 0 0 0 12 0 0 0 0 
3 0 0 0 0 0 0 0 0 0 0 0 0 0 0 0 0 0 0 0 0 0 0 15 0 0 0 9 0 0 0 0 
3 0 0 0 0 0 0 0 0 0 0 0 0 0 0 0 0 0 0 0 0 0 0 3 0 0 0 9 0 0 0 0 
0 0 0 0 0 0 0 0 0 0 0 0 0 0 0 0 0 0 0 0 0 0 0 6 0 0 0 6 0 0 0 0 
6 0 6 0 0 0 0 0 0 0 0 0 7 0 0 0 0 0 0 0 2 0 0 12 0 0 0 13 0 0 0 0 
6 0 6 0 0 0 0 0 0 0 0 0 7 0 0 0 0 0 0 0 2 0 0 12 0 0 0 13 0 0 0 0 
6 0 6 0 0 0 0 0 0 0 0 0 7 0 0 0 0 0 0 0 2 0 0 9 0 0 0 10 0 0 0 0 
6 0 6 0 0 0 0 0 0 0 0 0 7 0 0 0 0 0 0 0 2 0 0 9 0 0 0 10 0 0 0 0 
8 0 2 0 0 0 0 0 0 0 0 0 1 0 0 0 0 0 0 0 1 0 0 12 0 0 0 12 0 0 0 0 
6 0 6 0 0 0 0 0 0 0 0 0 7 0 0 0 0 0 0 0 2 0 0 12 0 0 0 13 0 0 0 0 
3 0 0 0 0 0 0 0 0 0 0 0 0 0 0 0 0 0 0 0 0 0 0 9 0 0 0 0 0 0 0 0 
5 0 2 0 0 0 0 0 0 0 0 0 1 0 0 0 0 0 0 0 1 0 0 0 0 0 0 9 0 0 0 0 
35 0 50 0 0 0 0 0 0 0 0 0 36 0 0 0 0 0 0 0 12 0 0 0 0 0 0 0 0 0 0 0 
44 0 53 0 0 0 0 0 0 0 0 0 50 0 0 0 0 0 0 0 21 0 0 0 0 0 0 0 0 0 0 0 
23 0 37 0 0 0 0 0 0 0 0 0 34 0 0 0 0 0 0 0 1 0 0 0 0 0 0 0 0 0 0 0 
21 0 23 0 0 0 0 0 0 0 0 0 30 0 0 0 0 0 0 0 0 0 0 0 0 0 0 0 0 0 0 0 
16 0 23 0 0 0 0 0 0 0 0 0 26 0 0 0 0 0 0 0 0 0 0 0 0 0 0 0 0 0 0 0 
42 0 43 0 0 0 0 0 0 0 0 0 40 0 0 0 0 0 0 0 0 0 0 0 0 0 0 0 0 0 0 0 
33 0 29 0 0 0 0 0 0 0 0 0 32 0 0 0 0 0 0 0 0 0 0 9 0 0 0 0 0 0 0 0 
30 0 33 0 0 0 0 0 0 0 0 0 48 0 0 0 0 0 0 0 0 0 0 12 0 0 0 0 0 0 0 0 
21 0 27 0 0 0 0 0 0 0 0 0 31 0 0 0 0 0 0 0 0 0 0 10 0 0 0 0 0 0 0 0 
30 0 35 0 0 0 0 0 0 0 0 0 47 0 0 0 0 0 0 0 0 0 0 11 0 0 0 0 0 0 0 0 
30 0 32 0 0 0 0 0 0 0 0 0 37 0 0 0 0 0 0 0 0 0 0 19 0 0 0 0 0 0 0 0 
34 0 41 0 0 0 0 0 0 0 0 0 49 0 0 0 0 0 0 0 0 0 0 11 0 0 0 0 0 0 0 0 
33 0 35 0 0 0 0 0 0 0 0 0 33 0 0 0 0 0 0 0 0 0 0 20 0 0 0 0 0 0 0 0 
19 0 31 0 0 0 0 0 0 0 0 0 35 0 0 0 0 0 0 0 0 0 0 22 0 0 0 0 0 0 0 0 
29 0 36 0 0 0 0 0 0 0 0 0 39 0 0 0 0 0 0 0 0 0 0 29 0 0 0 0 0 0 0 0 
19 0 30 0 0 0 0 0 0 0 0 0 35 0 0 0 0 0 0 0 0 0 0 22 0 0 0 0 0 0 0 0 
21 0 28 0 0 0 0 0 0 0 0 0 30 0 0 0 0 0 0 0 18 0 0 0 0 0 0 18 0 0 0 0 
0 0 36 0 0 0 0 0 0 0 0 0 36 0 0 0 0 0 0 0 12 0 0 0 0 0 0 6 0 0 0 0 
0 0 42 0 0 0 0 0 0 0 0 0 42 0 0 0 0 0 0 0 14 0 0 0 0 0 0 7 0 0 0 0 
26 0 33 0 0 0 0 0 0 0 0 0 37 0 0 0 0 0 0 0 22 0 0 0 0 0 0 18 0 0 0 0 
0 0 42 0 0 0 0 0 0 0 0 0 49 0 0 0 0 0 0 0 14 0 0 0 0 0 0 7 0 0 0 0 
0 0 42 0 0 0 0 0 0 0 0 0 49 0 0 0 0 0 0 0 14 0 0 0 0 0 0 7 0 0 0 0 
26 0 27 0 0 0 0 0 0 0 0 0 29 0 0 0 0 0 0 0 20 0 0 0 0 0 0 17 0 0 0 0 
0 0 48 0 0 0 0 0 0 0 0 0 56 0 0 0 0 0 0 0 16 0 0 0 0 0 0 8 0 0 0 0 
31 0 57 0 0 0 0 0 0 0 0 0 62 0 0 0 0 0 0 0 31 0 0 0 0 0 0 22 0 0 0 0 
0 0 12 0 0 0 0 0 0 0 0 0 14 0 0 0 0 0 0 0 4 0 0 0 0 0 0 2 0 0 0 0 
0 0 51 0 0 0 0 0 0 0 0 0 56 0 0 0 0 0 0 0 16 0 0 0 0 0 0 8 0 0 0 0 
15 0 53 0 0 0 0 0 0 0 0 0 45 0 0 0 0 0 0 0 17 0 0 0 0 0 0 5 0 0 0 0 
31 0 33 0 0 0 0 0 0 0 0 0 36 0 0 0 0 0 0 0 23 0 0 0 0 0 0 18 0 0 0 0 
0 0 39 0 0 0 0 0 0 0 0 0 42 0 0 0 0 0 0 0 12 0 0 0 0 0 0 6 0 0 0 0 
14 0 54 0 0 0 0 0 0 0 0 0 58 0 0 0 0 0 0 0 21 0 0 0 0 0 0 7 0 0 0 0 
30 0 40 0 0 0 0 0 0 0 0 0 40 0 0 0 0 0 0 0 14 0 0 0 0 0 0 0 0 0 0 0 
21 0 36 0 0 0 0 0 0 0 0 0 35 0 0 0 0 0 0 0 22 0 0 0 0 0 0 18 0 0 0 0 
0 0 36 0 0 0 0 0 0 0 0 0 42 0 0 0 0 0 0 0 12 0 0 0 0 0 0 6 0 0 0 0 
9 0 47 0 0 0 0 0 0 0 0 0 50 0 0 0 0 0 0 0 19 0 0 0 0 0 0 7 0 0 0 0 
30 0 33 0 0 0 0 0 0 0 0 0 37 0 0 0 0 0 0 0 23 0 0 0 0 0 0 18 0 0 0 0 
0 0 36 0 0 0 0 0 0 0 0 0 42 0 0 0 0 0 0 0 12 0 0 0 0 0 0 6 0 0 0 0 
9 0 47 0 0 0 0 0 0 0 0 0 50 0 0 0 0 0 0 0 19 0 0 0 0 0 0 7 0 0 0 0 
30 0 33 0 0 0 0 0 0 0 0 0 36 0 0 0 0 0 0 0 23 0 0 0 0 0 0 18 0 0 0 0 
0 0 36 0 0 0 0 0 0 0 0 0 42 0 0 0 0 0 0 0 12 0 0 0 0 0 0 6 0 0 0 0 
6 0 47 0 0 0 0 0 0 0 0 0 58 0 0 0 0 0 0 0 15 0 0 0 0 0 0 7 0 0 0 0 
8 0 2 0 0 0 0 0 0 0 0 0 1 0 0 0 0 0 0 0 1 0 0 9 0 0 0 9 0 0 0 0 
3 0 0 0 0 0 0 0 0 0 0 0 0 0 0 0 0 0 0 0 0 0 0 12 0 0 0 9 0 0 0 0 
8 0 2 0 0 0 0 0 0 0 0 0 1 0 0 0 0 0 0 0 1 0 0 12 0 0 0 9 0 0 0 0 
5 0 2 0 0 0 0 0 0 0 0 0 1 0 0 0 0 0 0 0 1 0 0 6 0 0 0 12 0 0 0 0 
8 0 2 0 0 0 0 0 0 0 0 0 1 0 0 0 0 0 0 0 1 0 0 12 0 0 0 12 0 0 0 0 
6 0 6 0 0 0 0 0 0 0 0 0 7 0 0 0 0 0 0 0 2 0 0 12 0 0 0 13 0 0 0 0 
0 0 0 0 0 0 0 0 0 0 0 0 0 0 0 0 0 0 0 0 0 0 0 6 0 0 0 6 0 0 0 0 
6 0 6 0 0 0 0 0 0 0 0 0 7 0 0 0 0 0 0 0 2 0 0 9 0 0 0 10 0 0 0 0 
11 0 18 0 0 0 0 0 0 0 0 0 7 0 0 0 0 1 0 0 2 0 0 12 0 0 0 10 0 0 0 0 
19 0 17 0 0 0 0 0 0 0 0 0 1 0 0 0 0 5 0 0 1 0 0 15 0 0 0 15 0 0 0 0 
16 0 3 0 0 0 0 0 0 0 0 0 2 0 0 0 0 0 0 0 2 0 0 12 0 0 0 12 0 0 0 0 
14 0 8 0 0 0 0 0 0 0 0 0 8 0 0 0 0 0 0 0 3 0 0 12 0 0 0 13 0 0 0 0 
12 0 12 0 0 0 0 0 0 0 0 0 14 0 0 0 0 0 0 0 4 0 0 12 0 0 0 14 0 0 0 0 
12 0 12 0 0 0 0 0 0 0 0 0 14 0 0 0 0 0 0 0 4 0 0 12 0 0 0 14 0 0 0 0 
14 0 9 0 0 0 0 0 0 0 0 0 8 0 0 0 0 0 0 0 3 0 0 12 0 0 0 13 0 0 0 0 
16 0 4 0 0 0 0 0 0 0 0 0 2 0 0 0 0 0 0 0 2 0 0 12 0 0 0 12 0 0 0 0 
16 0 3 0 0 0 0 0 0 0 0 0 2 0 0 0 0 0 0 0 2 0 0 12 0 0 0 12 0 0 0 0 
14 0 2 0 0 0 0 0 0 0 0 0 1 0 0 0 0 0 0 0 1 0 0 12 0 0 0 12 0 0 0 0 
3 0 6 0 0 0 0 0 0 0 0 0 6 0 0 0 0 0 0 0 2 0 0 6 0 0 0 4 0 0 0 0 
0 0 0 0 0 0 0 0 0 0 0 0 0 0 0 0 0 0 0 0 0 0 0 0 0 0 0 0 0 0 0 0 
2 0 22 0 0 0 0 0 0 0 0 0 15 0 0 0 0 0 0 0 0 0 0 7 0 0 0 0 0 0 0 0 
3 0 31 0 0 0 0 0 0 0 0 0 30 0 0 0 0 0 0 0 0 0 0 11 0 0 0 0 0 0 0 0 
4 0 36 0 0 0 0 0 0 0 0 0 30 0 0 0 0 0 0 0 0 0 0 10 0 0 0 0 0 0 0 0 
3 0 29 0 0 0 0 0 0 0 0 0 30 0 0 0 0 0 0 0 0 0 0 11 0 0 0 0 0 0 0 0 
4 0 24 0 0 0 0 0 0 0 0 0 33 0 0 0 0 0 0 0 0 0 0 12 0 0 0 0 0 0 0 0 
3 0 32 0 0 0 0 0 0 0 0 0 34 0 0 0 0 0 0 0 4 0 0 8 0 0 0 3 0 0 0 0 
3 0 48 0 0 0 0 0 0 0 0 0 58 0 0 0 0 0 0 0 16 0 0 0 0 0 0 11 0 0 0 0 
3 0 48 0 0 0 0 0 0 0 0 0 59 0 0 0 0 0 0 0 16 0 0 0 0 0 0 11 0 0 0 0 
1 0 30 0 0 0 0 0 0 0 0 0 36 0 0 0 0 0 0 0 10 0 0 0 0 0 0 6 0 0 0 0 
0 0 0 0 0 0 0 0 0 0 0 0 0 0 0 0 0 0 0 0 0 0 0 0 0 0 0 0 0 0 0 0 
7 0 6 0 0 0 0 0 0 0 0 0 2 0 0 0 0 0 0 0 0 0 0 6 0 0 0 12 0 0 0 0 
8 0 3 0 0 0 0 0 0 0 0 0 8 0 0 0 0 0 0 0 0 0 0 13 0 0 0 12 0 0 0 0 
0 0 0 0 0 0 0 0 0 0 0 0 2 0 0 0 0 0 0 0 0 0 0 6 0 0 0 6 0 0 0 0 
49 0 11 0 0 0 0 0 0 0 0 0 3 0 0 0 0 0 0 0 0 0 0 9 0 0 0 6 0 0 0 0 
52 0 15 0 0 0 0 0 0 0 0 0 6 0 0 0 0 0 0 0 0 0 0 10 0 0 0 9 0 0 0 0 
3 0 0 0 0 0 0 0 0 0 0 0 2 0 0 0 0 0 0 0 0 0 0 6 0 0 0 12 0 0 0 0 
63 0 18 0 0 0 0 0 0 0 0 0 3 0 0 0 0 0 0 0 0 0 0 9 0 0 0 0 0 0 0 0 
80 0 18 0 0 0 0 0 0 0 0 0 2 0 0 0 0 0 0 0 0 0 0 6 0 0 0 9 0 0 0 0 
17 0 8 0 0 0 0 0 0 0 0 0 5 0 0 0 0 0 0 0 0 0 0 7 0 0 0 12 0 0 0 0 
28 0 9 0 0 0 0 0 0 0 0 0 1 0 0 0 0 0 0 0 0 0 0 3 0 0 0 0 0 0 0 0 
79 0 33 0 0 0 0 0 0 0 0 0 5 0 0 0 0 0 0 0 0 0 0 7 0 0 0 9 0 0 0 0 
47 0 56 0 0 0 0 0 0 0 0 0 0 0 0 0 0 0 0 0 0 0 0 0 0 0 0 0 0 0 0 0 
31 0 36 0 0 0 0 0 0 0 0 0 5 0 0 0 0 0 0 0 0 0 0 0 0 0 0 0 0 0 0 0 
27 0 34 0 0 0 0 0 0 0 0 0 3 0 0 0 0 0 0 0 0 0 0 0 0 0 0 0 0 0 0 0 
47 0 56 0 0 0 0 0 0 0 0 0 0 0 0 0 0 0 0 0 0 0 0 0 0 0 0 0 0 0 0 0 
218 0 96 0 0 0 0 0 0 0 0 0 14 0 0 0 0 0 0 0 0 0 0 20 0 0 0 0 0 0 0 0 
269 0 116 0 0 0 0 0 0 0 0 0 19 0 0 0 0 0 0 0 0 0 0 29 0 0 0 0 0 0 0 0 
155 0 52 0 0 0 0 0 0 0 0 0 16 0 0 0 0 0 0 0 0 0 0 7 0 0 0 1 0 0 0 0 
92 0 16 0 0 0 0 0 0 0 0 0 31 0 0 0 0 0 0 0 0 0 0 13 0 0 0 13 0 0 0 0 
35 0 0 0 0 0 0 0 0 0 0 0 55 0 0 0 0 0 0 0 0 0 0 4 0 0 0 1 0 0 0 0 
106 0 11 0 0 0 0 0 0 0 0 0 44 0 0 0 0 0 0 0 0 0 0 8 0 0 0 13 0 0 0 0 
102 0 13 0 0 0 0 0 0 0 0 0 39 0 0 0 0 0 0 0 0 0 0 13 0 0 0 12 0 0 0 0 
44 0 4 0 0 0 0 0 0 0 0 0 53 0 0 0 0 0 0 0 0 0 0 0 0 0 0 1 0 0 0 0 
109 0 13 0 0 0 0 0 0 0 0 0 44 0 0 0 0 0 0 0 0 0 0 13 0 0 0 13 0 0 0 0 
84 0 11 0 0 0 0 0 0 0 0 0 39 0 0 0 0 0 0 0 0 0 0 12 0 0 0 4 0 0 0 0 
36 0 0 0 0 0 0 0 0 0 0 0 44 0 0 0 0 0 0 0 0 0 0 1 0 0 0 8 0 0 0 0 
41 0 0 0 0 0 0 0 0 0 0 0 45 0 0 0 0 0 0 0 0 0 0 5 0 0 0 0 0 0 0 0 
120 0 11 0 0 0 0 0 0 0 0 0 40 0 0 0 0 0 0 0 0 0 0 9 0 0 0 12 0 0 0 0 
122 0 13 0 0 0 0 0 0 0 0 0 40 0 0 0 0 1 0 0 0 0 0 13 0 0 0 8 0 0 0 0 
37 0 0 0 0 0 0 0 0 0 0 0 48 0 0 0 0 0 0 0 0 0 0 1 0 0 0 4 0 0 0 0 
125 0 11 0 0 0 0 0 0 0 0 0 37 0 0 0 0 0 0 0 0 0 0 12 0 0 0 12 0 0 0 0 
128 0 13 0 0 0 0 0 0 0 0 0 35 0 0 0 0 1 0 0 0 0 0 13 0 0 0 12 0 0 0 0 
