10170 1993 236 160 225 8 108 5 12 8 12 12 24 10 15 14 375 0 3 1 0 0 0 0 1 0 0 0 2 87 0 0 
21207 6096 3904 2294 1383 2098 957 1530 1478 1271 1059 1116 989 1721 917 710 1243 2517 15 4 5 364 0 0 0 0 3 0 91 2 47 0 
7814 2911 2713 4669 293 425 74 142 75 27 248 90 37 15 0 0 204 112 0 0 0 0 0 0 0 0 0 0 0 0 0 0 
2885 843 390 361 25 15 12 104 0 11 7 272 0 0 0 0 325 3 0 0 0 0 0 0 0 0 0 0 0 0 0 0 
779 264 322 31 5 1 2 0 0 0 0 21 0 0 0 0 839 18 0 0 0 0 0 0 0 0 0 0 0 0 0 0 
14050 357 624 1307 213 287 8 57 16 28 57 15 55 1 32 0 61 169 12 0 0 19 0 0 0 0 0 0 0 0 0 0 
9722 3456 1169 1162 1141 1243 712 1027 1618 566 1130 1562 1480 1255 1316 985 1049 627 8 0 1 1 0 0 10 47 0 0 18 0 0 0 
106 18 0 0 0 0 0 0 0 0 0 0 0 0 0 0 0 0 0 0 0 0 0 0 0 0 0 0 0 0 0 0 
3 0 0 0 0 0 0 0 0 0 0 0 0 0 0 0 0 0 0 0 0 0 0 0 0 0 0 0 0 0 0 0 
3994 831 32 67 44 35 8 27 48 32 51 69 41 40 60 57 29 1 0 0 0 0 0 0 0 0 0 0 0 0 0 0 
4176 1331 1259 2820 304 485 174 370 192 480 670 165 49 156 250 2 356 1185 486 78 436 1108 282 5 366 131 153 292 342 332 434 0 
12660 988 6415 142 1335 925 23 2935 1531 188 386 116 83 246 1 184 2231 0 0 0 0 0 0 0 0 0 0 0 0 0 0 0 
18157 4672 4192 1718 1238 1589 288 2814 1017 152 704 212 240 1752 0 13 401 36 0 9 50 4 3 1 9 60 1 96 197 283 40 0 
1214 1110 231 61 42 1292 33 20 136 5 362 236 546 84 0 6 8 0 0 0 0 0 0 0 0 0 0 0 0 0 0 0 
2118 262 277 18 3 114 0 3 0 2 185 5 0 1 0 0 46 194 0 0 0 0 0 0 0 0 0 0 0 0 0 0 
