1542 3388 650 0 14 0 0 0 0 0 44 0 0 0 0 0 0 98 0 0 0 0 0 0 0 0 0 0 0 0 0 0 
367 4230 547 221 1329 1039 0 12 0 0 0 0 0 0 0 0 0 0 0 0 0 0 0 0 0 0 0 0 0 0 0 0 
1224 6084 2338 84 1308 1012 0 48 0 0 0 0 0 0 0 0 8 0 0 0 0 0 0 0 0 0 0 0 0 0 0 0 
7965 6198 8245 6091 6481 4843 678 2675 225 353 550 194 188 112 34 0 5874 689 3 8 7 0 0 0 0 0 0 0 53 0 0 0 
2638 3301 2255 2235 1127 521 845 259 8 105 214 43 6 133 0 0 392 0 0 0 0 0 0 0 0 0 0 0 0 0 0 0 
4793 383 0 93 328 0 0 0 0 0 0 0 0 0 0 0 172 0 0 0 0 0 0 0 0 0 0 0 0 0 0 0 
2732 82 128 28 1 0 11 0 7 0 0 0 0 0 0 0 0 0 0 0 7 0 0 0 0 0 0 0 0 0 0 0 
1185 1961 668 325 34 63 27 256 0 46 27 72 0 44 0 0 116 0 0 0 0 0 0 0 0 0 0 0 0 0 0 0 
781 0 28 0 0 0 0 0 0 0 0 0 0 0 0 0 0 0 0 0 0 0 0 0 0 0 0 0 0 0 0 0 
325 290 414 314 0 0 0 0 1 0 8 0 0 0 0 0 135 0 0 0 0 0 0 0 0 0 0 0 0 0 0 0 
394 418 312 450 5340 581 842 98 110 18 107 138 0 0 0 0 281 20 0 0 24 0 0 0 0 0 0 0 0 0 0 0 
283 66 60 109 7593 10 12 1 0 0 10 0 0 0 0 0 68 23 0 0 0 0 0 0 0 0 0 0 0 0 0 0 
2083 5789 7099 6738 7159 4675 16 0 11 11 103 0 0 0 0 0 928 36 2 0 0 53 0 0 0 0 0 26 0 0 0 0 
244 120 148 65 0 0 0 0 0 32 161 0 0 87 0 0 1850 8 0 0 0 0 0 0 0 0 0 0 0 0 0 0 
9 0 0 53 0 0 0 0 22 0 0 0 0 40 0 0 0 0 0 0 0 0 0 0 0 0 0 0 0 0 0 0 
0 0 0 0 0 0 0 0 0 0 0 0 0 0 0 0 0 0 0 0 0 0 0 0 0 0 0 0 0 0 0 0 
0 0 0 0 0 0 0 0 0 0 0 0 0 0 0 0 0 0 0 0 0 0 0 0 0 0 0 0 0 0 0 0 
0 0 3 0 0 0 0 0 0 0 0 0 0 0 0 0 0 0 0 0 0 0 0 0 0 0 0 0 0 0 0 0 
391 2535 2336 161 8 0 0 0 0 0 0 0 0 0 0 0 8 0 0 0 0 0 0 0 0 0 0 0 0 0 0 0 
0 0 28 0 0 0 0 0 0 0 0 0 0 0 0 0 0 0 0 0 0 0 0 0 0 0 0 0 0 0 0 0 
2938 1353 1128 1821 1141 2697 1457 132 300 111 369 63 181 286 78 0 3643 1984 1316 588 4169 151 0 0 31 0 0 0 573 16 4 0 
1 46 0 1 0 0 0 0 0 0 0 0 0 0 0 0 0 473 0 0 0 0 0 0 0 0 0 0 0 0 0 0 
231 17 74 597 0 1 0 0 242 5 207 1 0 0 3 0 2 0 0 0 0 0 0 0 0 0 0 0 0 0 0 0 
3314 2282 9851 505 1352 1467 48 7058 237 1832 418 334 0 0 0 0 826 0 0 0 0 0 0 0 0 0 0 0 0 0 0 0 
2254 5624 1584 1086 1032 1719 417 153 628 1510 543 90 0 0 0 0 14 0 0 0 881 0 0 0 0 0 0 56 0 0 0 0 
5548 4358 4361 1791 1751 2587 380 4018 539 9 472 41 183 16 0 8 32 86 207 88 186 13 0 0 0 0 0 398 0 0 0 0 
0 0 0 0 0 0 0 0 0 0 0 0 0 0 0 0 0 0 0 0 0 0 0 0 0 0 0 0 0 0 0 0 
763 1825 201 112 845 1448 34 45 2 0 11 38 41 18 0 0 3 0 0 0 0 0 0 0 0 0 0 0 0 0 0 0 
410 822 157 77 387 0 0 0 8 0 0 24 0 0 0 0 289 0 0 0 0 0 0 0 0 0 0 0 0 0 0 0 
26 858 40 8 0 7 0 0 0 0 0 0 0 0 0 0 123 0 0 0 0 0 0 0 0 0 0 0 0 0 0 0 
967 520 650 985 164 782 1723 97 14 39 92 153 54 35 0 0 170 28 0 0 0 0 0 0 0 0 0 0 0 0 0 0 
