126 17 0 0 0 0 0 0 0 0 0 0 0 0 0 0 0 0 0 0 0 0 0 0 557 0 0 0 0 0 0 0 
94 74 0 0 0 0 0 0 0 0 0 0 0 0 0 0 0 0 0 0 0 0 0 0 388 0 0 0 0 0 0 0 
248 223 13 0 53 0 0 0 0 0 0 0 0 0 0 0 0 0 0 0 0 0 0 0 432 0 0 0 0 0 0 0 
358 419 37 1 43 0 0 0 0 0 0 0 0 0 0 0 0 0 0 0 0 0 0 0 385 0 0 0 0 0 0 0 
452 440 80 10 14 0 0 0 0 0 0 0 4 0 0 0 0 0 14 0 0 52 0 0 328 0 0 0 0 0 0 0 
311 393 21 0 0 0 0 0 0 0 0 0 0 0 0 0 0 0 18 0 0 79 0 0 259 0 0 0 0 0 0 0 
407 509 58 0 0 0 0 0 0 0 0 0 0 0 0 0 0 0 12 8 0 249 29 0 153 0 0 0 0 0 0 0 
328 433 63 26 0 0 0 0 0 0 0 0 0 0 0 0 0 0 0 0 34 2 28 0 283 0 0 0 0 0 0 0 
296 235 252 0 0 0 0 0 0 0 0 0 0 0 0 0 0 0 0 0 203 48 30 0 180 0 0 0 0 0 0 0 
331 504 22 11 0 0 0 0 0 0 0 0 0 0 0 0 0 0 0 0 0 161 127 0 121 0 0 0 0 0 0 0 
254 483 0 0 0 0 0 0 0 0 0 0 0 0 0 0 0 0 0 0 0 216 38 0 20 0 0 0 0 0 0 0 
230 369 80 1 0 0 0 0 0 0 0 0 0 0 0 0 0 0 33 0 0 127 55 0 43 0 0 0 0 0 0 0 
363 325 246 9 0 0 0 0 0 0 0 0 0 0 0 0 0 0 197 9 8 108 37 0 25 0 0 0 0 0 0 0 
399 501 203 58 16 0 0 0 0 0 0 0 0 0 0 0 0 0 66 17 13 205 12 0 46 0 0 0 0 0 0 0 
333 474 53 47 1 0 0 0 0 0 0 0 0 0 0 0 0 0 0 0 0 281 14 0 11 0 0 0 0 0 0 0 
404 471 114 89 0 0 0 35 0 0 0 0 0 0 12 25 28 0 15 0 0 243 0 0 27 0 0 0 0 0 0 0 
436 381 165 18 107 1 0 7 0 0 0 0 25 0 0 12 33 0 68 0 0 165 0 0 120 0 0 0 0 0 0 0 
422 482 196 12 43 0 0 0 0 0 0 0 4 0 0 0 0 0 36 3 1 139 8 0 56 0 0 0 0 0 0 0 
339 429 215 58 0 7 0 0 0 0 22 0 0 0 0 34 0 0 63 0 0 232 0 0 21 0 0 0 0 0 0 0 
477 513 203 101 97 38 0 0 0 0 28 20 14 0 0 25 0 0 12 1 0 183 1 0 108 0 0 0 0 0 0 0 
473 506 220 12 77 0 0 0 0 0 0 0 0 0 0 0 0 0 0 0 0 240 0 0 77 0 0 0 0 0 0 0 
415 438 301 10 30 0 0 0 0 0 0 0 0 0 0 0 0 0 0 0 3 287 0 0 32 0 0 0 0 0 0 0 
439 418 409 84 0 34 0 0 0 0 34 0 0 0 0 17 0 0 0 0 44 249 0 0 1 0 0 0 0 0 0 0 
473 291 359 100 6 7 0 0 0 0 27 0 0 0 0 44 0 0 0 0 6 249 0 0 6 0 0 0 0 0 0 0 
441 347 460 11 2 0 0 0 0 0 0 0 0 0 0 0 0 0 0 0 118 244 15 0 7 0 0 0 0 0 0 0 
378 393 365 2 1 0 0 0 0 0 0 0 0 0 0 0 0 0 0 5 130 153 26 0 31 0 0 0 0 0 0 0 
327 464 269 0 0 0 0 0 0 0 0 0 0 0 0 0 0 0 2 36 147 7 1 0 13 0 0 0 0 0 0 0 
297 388 263 0 0 0 0 0 0 0 0 0 0 0 0 0 0 0 1 0 155 10 0 0 13 0 0 0 0 0 0 0 
403 371 387 2 0 0 0 0 0 0 0 0 0 0 0 0 0 0 0 0 244 71 0 0 19 0 0 0 0 0 0 0 
343 381 267 36 3 0 0 0 0 0 0 0 0 0 0 0 0 0 0 0 129 42 0 0 45 0 0 0 0 0 0 0 
416 458 322 81 70 41 0 0 0 0 0 0 51 0 0 0 0 0 1 2 113 3 0 0 94 0 0 0 0 0 0 0 
550 253 205 45 15 16 0 0 0 0 0 0 9 0 0 0 0 0 0 0 64 21 7 0 568 0 0 0 0 0 0 0 
158 316 315 0 0 0 0 0 0 0 0 0 0 0 0 0 0 0 0 0 129 38 0 0 12 0 0 0 0 0 0 0 
212 302 264 3 0 0 0 0 0 0 0 0 0 0 0 0 0 0 5 6 123 57 2 0 13 0 0 0 0 0 0 0 
324 368 339 5 0 0 0 0 0 0 0 0 0 0 0 0 0 0 11 24 130 86 1 0 5 0 0 0 0 0 0 0 
374 398 311 17 0 0 0 0 0 0 0 0 0 0 0 0 0 0 5 20 79 131 1 0 11 0 0 0 0 0 0 0 
394 299 442 22 0 0 0 0 0 0 0 0 0 0 0 0 0 0 6 37 79 180 0 0 4 0 0 0 0 0 0 0 
409 451 308 47 0 0 0 0 0 0 0 0 0 0 0 0 0 0 14 37 53 100 5 0 15 0 0 0 0 0 0 0 
402 475 270 117 6 0 0 0 0 0 0 0 0 0 0 0 0 0 19 7 1 114 9 0 8 0 0 0 0 0 0 0 
482 445 344 130 0 0 0 0 0 0 0 0 0 0 0 4 0 0 56 61 39 134 2 0 10 0 0 0 0 0 0 0 
395 540 256 195 0 0 0 0 0 0 0 0 0 0 0 0 0 0 34 35 23 184 13 0 22 0 0 0 0 0 0 0 
271 356 186 56 15 0 0 0 0 0 0 0 0 0 0 2 0 0 35 13 2 75 3 0 18 0 0 0 0 0 0 0 
397 499 304 21 20 0 0 2 0 0 0 0 0 0 0 1 3 0 90 25 2 18 3 0 13 0 0 0 0 0 0 0 
195 413 181 0 0 0 0 0 0 0 0 0 0 0 0 0 0 0 88 37 6 1 5 0 23 0 0 0 0 0 0 0 
343 465 265 0 0 0 0 0 0 0 0 0 0 0 0 0 0 0 149 16 0 5 9 0 5 0 0 0 0 0 0 0 
429 442 453 0 13 0 0 0 0 0 0 0 1 0 0 0 0 0 267 7 1 6 0 0 3 0 0 0 0 0 0 0 
311 420 239 0 19 0 0 0 0 0 0 0 1 0 0 0 0 0 93 0 0 18 1 0 6 0 0 0 0 0 0 0 
291 284 321 55 11 0 0 0 0 0 0 0 0 0 0 0 0 0 122 0 0 64 2 0 5 0 0 0 0 0 0 0 
378 325 371 44 0 0 0 0 0 0 0 0 0 0 0 0 0 0 185 0 0 60 3 0 1 0 0 0 0 0 0 0 
290 413 249 26 25 1 0 0 0 0 1 1 0 0 0 3 0 0 77 0 0 17 9 0 9 0 0 0 0 0 0 0 
393 216 270 0 0 0 0 0 0 0 0 0 0 0 0 0 0 0 197 0 0 10 0 0 271 0 0 0 0 0 0 0 
198 288 296 2 0 0 0 0 0 0 0 0 0 0 0 0 0 0 183 0 0 13 0 0 0 0 0 0 0 0 0 0 
447 377 359 7 0 0 0 0 0 0 0 0 0 0 0 0 0 0 260 0 0 7 0 0 0 0 0 0 0 0 0 0 
276 438 296 9 0 0 0 0 0 0 0 0 0 0 0 0 0 0 148 0 0 16 0 0 0 0 0 0 0 0 0 0 
364 392 350 18 0 0 0 0 0 0 0 0 0 0 0 0 0 0 209 0 0 19 0 0 0 0 0 0 0 0 0 0 
343 474 208 21 0 0 0 0 0 0 0 0 0 0 0 0 0 0 107 0 0 20 0 0 0 0 0 0 0 0 0 0 
512 400 490 116 0 1 0 0 0 0 0 0 0 0 0 5 0 0 188 7 0 83 0 0 0 0 0 0 0 0 0 0 
362 337 394 155 0 0 0 0 0 0 1 0 0 0 0 6 0 0 95 0 1 140 0 0 1 0 0 0 0 0 0 0 
364 269 412 215 0 0 0 0 0 0 0 0 0 0 0 7 0 0 78 0 2 218 0 0 1 0 0 0 0 0 0 0 
351 359 430 29 0 0 0 0 0 0 0 0 0 0 0 0 2 0 238 0 0 61 0 0 2 0 0 0 0 0 0 0 
319 392 354 11 0 0 0 0 0 0 0 0 0 0 0 0 1 0 172 9 0 43 0 0 6 0 0 0 0 0 0 0 
273 334 265 20 5 0 0 0 0 0 0 0 0 0 0 0 1 0 172 0 0 33 0 0 7 0 0 0 0 0 0 0 
