0 677 670 556 661 429 394 444 435 563 501 525 378 449 556 663 459 490 658 605 634 876 786 621 912 800 819 880 0 0 0 0 
0 722 929 778 748 661 735 715 632 670 725 617 502 578 659 629 871 621 587 641 781 746 754 674 893 945 810 662 0 0 0 0 
0 475 565 432 373 320 297 263 332 367 349 277 267 306 356 400 354 279 351 348 380 437 471 480 480 573 465 567 0 0 0 0 
0 584 589 417 395 354 368 334 359 449 374 446 359 429 422 428 540 325 441 491 481 522 594 543 619 665 572 668 0 0 0 0 
0 671 705 457 438 385 358 392 377 484 407 420 314 427 438 378 445 348 407 443 510 513 523 409 445 508 445 479 0 0 0 0 
0 568 710 588 541 452 508 506 473 569 499 481 343 502 519 483 604 439 465 501 597 609 605 478 669 733 641 566 0 0 0 0 
0 458 441 320 267 241 254 246 301 306 274 311 235 309 325 346 329 258 338 369 354 386 440 430 400 477 498 564 0 0 0 0 
0 643 684 519 443 413 342 366 361 440 352 328 304 395 356 362 380 302 336 373 356 410 431 441 448 542 483 383 0 0 0 0 
0 567 641 519 466 339 397 365 442 477 573 489 526 478 541 554 483 475 603 520 537 671 551 624 588 690 625 777 0 0 0 0 
0 796 679 760 684 528 568 457 519 567 695 616 625 489 621 618 515 591 666 495 646 829 679 594 674 792 717 675 0 0 0 0 
0 618 680 502 477 356 414 359 316 397 380 362 282 383 447 298 414 291 366 324 434 512 428 374 447 481 475 439 0 0 0 0 
0 372 406 357 389 258 272 239 269 326 268 316 246 358 269 319 363 272 378 359 388 438 406 471 489 495 499 397 0 0 0 0 
0 337 310 320 281 207 245 234 203 234 234 243 243 243 256 283 279 221 317 229 272 315 282 334 272 355 289 338 0 0 0 0 
0 219 219 166 226 104 154 186 150 175 131 175 117 178 125 125 211 143 188 187 160 231 214 213 187 243 193 220 0 0 0 0 
0 240 241 191 222 138 188 199 153 121 98 250 123 194 138 201 194 148 152 140 191 240 225 204 171 235 194 180 0 0 0 0 
0 427 373 278 364 235 224 246 216 251 205 291 193 247 291 225 321 245 249 288 321 328 294 250 335 314 291 320 0 0 0 0 
0 697 757 561 522 436 451 382 521 565 652 589 579 556 609 694 548 533 746 641 631 711 695 816 716 788 785 949 0 0 0 0 
0 628 548 398 619 379 448 420 349 346 435 408 376 342 508 347 511 340 411 276 495 533 442 328 517 493 627 477 0 0 0 0 
0 260 191 142 206 132 165 137 130 171 138 162 159 205 152 121 194 111 142 131 167 182 181 162 189 232 231 167 0 0 0 0 
0 240 160 131 219 100 118 167 101 157 126 160 120 139 130 135 230 149 194 155 183 238 216 209 218 261 211 201 0 0 0 0 
0 371 406 291 252 199 200 213 220 262 270 268 223 262 270 289 246 240 270 252 309 324 295 285 330 313 303 349 0 0 0 0 
0 319 294 202 262 184 219 194 134 180 186 148 168 154 213 154 217 127 188 127 184 196 186 187 187 220 292 166 0 0 0 0 
0 222 213 182 205 155 145 196 182 169 175 149 96 171 158 162 187 144 196 125 149 227 198 163 205 208 244 227 0 0 0 0 
0 409 419 319 238 221 193 192 246 258 166 216 135 206 233 224 202 162 231 222 242 229 287 247 243 308 295 403 0 0 0 0 
3 399 484 380 324 300 253 279 254 334 317 276 260 301 335 337 287 296 314 272 317 398 342 321 364 400 406 372 0 0 0 0 
0 391 326 167 288 228 201 165 232 238 212 232 140 370 221 185 300 292 370 197 296 320 266 345 371 346 391 329 0 0 0 0 
0 133 137 76 183 119 99 108 171 73 128 112 80 103 108 128 122 76 149 108 103 76 141 176 128 142 192 169 0 0 0 0 
0 273 211 143 282 148 134 143 82 93 69 124 73 128 109 120 109 76 117 103 95 150 116 147 115 133 132 134 0 0 0 0 
0 429 359 258 363 220 239 245 250 259 236 211 244 240 260 191 305 206 223 211 316 318 271 279 346 353 403 262 0 0 0 0 
0 420 396 290 215 189 214 207 220 249 227 239 203 302 204 276 255 235 248 291 291 300 337 310 306 371 296 395 0 0 0 0 
0 245 290 227 200 160 183 214 265 237 212 205 209 222 228 268 223 195 293 232 234 199 293 315 238 340 324 485 0 0 0 0 
