506 608 517 594 634 2440 11441 6121 272 778 585 441 403 3293 8793 6255 12781 553 111 10433 265 3054 964 4695 647 8616 774 777 5782 4493 1957 8951 
5500 6872 1136 364 621 1370 3446 3588 202 1142 1169 3543 258 187 134 331 624 978 409 333 5504 734 1163 309 3736 3433 5212 130 7868 3880 2593 5274 
1154 3362 1153 314 790 2898 2918 5025 3367 383 538 678 1762 7727 904 4264 138 472 1283 243 4117 3177 3296 4554 3360 2127 1287 703 7754 1483 3599 2123 
341 380 453 783 596 1065 17389 5814 3626 304 777 1464 3007 484 5077 3852 10595 202 309 225 3419 3145 1337 2396 548 4484 466 328 7654 2909 2977 2125 
2580 224 186 305 200 924 170 1441 2858 541 702 6985 318 102 4834 11387 4873 2300 181 7327 310 347 2896 621 3169 137 208 186 676 639 893 4645 
2771 5163 3130 224 858 1680 711 4970 151 514 4096 3677 2324 6984 982 111 4480 2104 1035 10641 1270 1193 750 5885 615 6753 1524 83 3682 3162 2516 4476 
519 10471 2862 1010 2531 3534 3679 322 131 5145 3166 592 182 556 9674 564 885 1574 655 246 3493 7327 4791 4315 159 6310 2241 1001 10475 2550 176 993 
5906 224 151 204 78 425 3314 6551 602 66 346 75 381 3932 2395 376 3681 498 71 1214 116 47 525 2193 457 2934 83 436 929 3631 4562 5747 
874 10077 2880 760 895 2495 3041 4199 51 105 315 821 1996 217 252 2518 6380 434 669 13660 2029 303 428 437 6117 576 2439 406 3371 1710 143 4070 
626 3716 3286 1653 858 1204 107 8906 346 432 419 720 924 10377 1140 613 351 528 576 5697 692 3264 4980 4055 3166 352 1456 1244 298 3735 710 5252 
459 1172 238 408 139 239 14951 6744 1342 287 495 115 770 3885 2032 989 3010 901 1286 1833 34 241 2086 946 3261 712 6314 978 583 3658 544 3188 
228 74 506 95 208 222 11434 3413 811 3308 213 3324 1982 307 9601 136 2215 394 532 3458 6337 2913 779 131 78 3841 788 1152 2940 3843 4575 1359 
570 11571 7248 1377 191 1437 3630 448 686 1079 797 506 1479 4464 1928 5697 4510 743 946 3286 3885 1000 975 2168 2314 790 96 926 1816 2087 356 2594 
668 4310 331 1248 205 1243 5036 2902 190 1005 786 3580 3390 3141 4150 6554 1827 1286 967 6669 2701 6354 3653 3417 3298 781 920 251 4408 4662 1247 7553 
1544 6153 1555 310 38 1231 8853 384 160 726 1753 64 2313 4620 7782 508 4681 191 316 7452 71 889 861 1431 1607 191 6745 702 6018 806 557 4201 
