1542 3388 588 0 14 0 0 0 0 0 44 0 0 0 0 0 0 98 0 0 0 0 0 0 0 0 0 0 0 0 0 0 
367 4230 547 221 1329 1039 0 12 0 0 0 0 0 0 0 0 0 0 0 0 0 0 0 0 0 0 0 0 0 0 0 0 
1224 6053 2266 84 1308 1012 0 48 0 0 0 0 0 0 0 0 8 0 0 0 0 0 0 0 0 0 0 0 0 0 0 0 
4458 5266 6961 5176 5467 3946 647 1684 225 353 542 194 170 112 34 0 3896 213 3 8 7 0 0 0 0 0 0 0 53 0 0 0 
2638 3161 2061 1927 1078 520 461 249 8 105 214 43 6 133 0 0 349 0 0 0 0 0 0 0 0 0 0 0 0 0 0 0 
3447 295 0 60 328 0 0 0 0 0 0 0 0 0 0 0 140 0 0 0 0 0 0 0 0 0 0 0 0 0 0 0 
166 82 128 27 1 0 11 0 7 0 0 0 0 0 0 0 0 0 0 0 7 0 0 0 0 0 0 0 0 0 0 0 
1185 1921 609 235 22 63 23 256 0 46 27 72 0 44 0 0 100 0 0 0 0 0 0 0 0 0 0 0 0 0 0 0 
781 0 28 0 0 0 0 0 0 0 0 0 0 0 0 0 0 0 0 0 0 0 0 0 0 0 0 0 0 0 0 0 
325 290 400 300 0 0 0 0 1 0 8 0 0 0 0 0 135 0 0 0 0 0 0 0 0 0 0 0 0 0 0 0 
394 416 312 450 5340 81 108 98 32 18 107 138 0 0 0 0 281 20 0 0 24 0 0 0 0 0 0 0 0 0 0 0 
283 66 60 109 7593 10 12 1 0 0 10 0 0 0 0 0 68 23 0 0 0 0 0 0 0 0 0 0 0 0 0 0 
2083 4872 5932 5775 6189 3807 16 0 11 11 103 0 0 0 0 0 913 35 2 0 0 53 0 0 0 0 0 26 0 0 0 0 
244 120 148 65 0 0 0 0 0 32 161 0 0 87 0 0 39 8 0 0 0 0 0 0 0 0 0 0 0 0 0 0 
9 0 0 53 0 0 0 0 22 0 0 0 0 40 0 0 0 0 0 0 0 0 0 0 0 0 0 0 0 0 0 0 
0 0 0 0 0 0 0 0 0 0 0 0 0 0 0 0 0 0 0 0 0 0 0 0 0 0 0 0 0 0 0 0 
0 0 0 0 0 0 0 0 0 0 0 0 0 0 0 0 0 0 0 0 0 0 0 0 0 0 0 0 0 0 0 0 
0 0 3 0 0 0 0 0 0 0 0 0 0 0 0 0 0 0 0 0 0 0 0 0 0 0 0 0 0 0 0 0 
391 2534 2275 161 8 0 0 0 0 0 0 0 0 0 0 0 8 0 0 0 0 0 0 0 0 0 0 0 0 0 0 0 
0 0 28 0 0 0 0 0 0 0 0 0 0 0 0 0 0 0 0 0 0 0 0 0 0 0 0 0 0 0 0 0 
1375 1341 1078 1807 1130 957 705 105 144 111 205 63 163 5 78 0 1731 1193 1314 588 335 151 0 0 31 0 0 0 308 16 4 0 
1 46 0 1 0 0 0 0 0 0 0 0 0 0 0 0 0 0 0 0 0 0 0 0 0 0 0 0 0 0 0 0 
231 17 74 597 0 1 0 0 242 5 207 1 0 0 3 0 2 0 0 0 0 0 0 0 0 0 0 0 0 0 0 0 
3277 2177 6675 429 1258 1234 48 5061 194 1830 396 329 0 0 0 0 826 0 0 0 0 0 0 0 0 0 0 0 0 0 0 0 
2254 5408 1434 1080 846 1252 50 135 513 1510 503 90 0 0 0 0 14 0 0 0 0 0 0 0 0 0 0 56 0 0 0 0 
3324 4167 4130 1754 1559 2327 374 2699 440 9 452 41 183 16 0 8 32 86 207 88 186 13 0 0 0 0 0 398 0 0 0 0 
0 0 0 0 0 0 0 0 0 0 0 0 0 0 0 0 0 0 0 0 0 0 0 0 0 0 0 0 0 0 0 0 
763 1751 194 111 838 976 31 41 2 0 11 38 41 18 0 0 3 0 0 0 0 0 0 0 0 0 0 0 0 0 0 0 
410 821 150 77 387 0 0 0 8 0 0 24 0 0 0 0 289 0 0 0 0 0 0 0 0 0 0 0 0 0 0 0 
26 858 40 8 0 7 0 0 0 0 0 0 0 0 0 0 123 0 0 0 0 0 0 0 0 0 0 0 0 0 0 0 
967 502 644 984 164 782 252 97 14 39 92 153 54 35 0 0 170 28 0 0 0 0 0 0 0 0 0 0 0 0 0 0 
