1304 7504 6501 4970 3750 3242 2777 2020 2216 1893 1997 1688 871 388 466 61 327 38 0 0 0 0 0 0 0 0 0 0 0 0 0 0 
1243 13065 8847 6928 6812 3602 2874 2002 2865 3420 1858 833 321 602 615 69 513 58 0 0 0 0 0 0 0 0 0 0 0 0 0 0 
21636 67310 51658 35600 30344 20656 15917 9997 7730 6175 4852 4730 954 1159 848 199 107 53 0 0 0 0 0 0 0 0 0 0 0 0 0 0 
19675 39894 30503 21988 15891 8605 7311 4576 6397 6324 2411 2948 1005 1414 368 1 98 109 0 0 0 0 0 0 0 0 0 0 0 0 0 0 
30001 54419 46045 31992 22749 16608 13981 9806 11367 5782 4808 4236 2551 1951 317 40 178 117 0 0 0 0 0 0 0 0 0 0 0 0 0 0 
15669 60232 42892 30101 20716 15241 17228 10110 7224 2978 3377 3748 1571 998 334 17 54 5 0 0 0 0 0 0 0 0 0 0 0 0 0 0 
23263 42473 37392 28685 16270 11386 11691 7316 6386 4700 5479 3654 956 503 279 80 85 0 0 0 0 0 0 0 0 0 0 0 0 0 0 0 
30116 72772 53448 36773 20152 15434 14684 8239 13232 5751 5034 5303 2417 1526 434 23 18 9 0 0 0 0 0 0 0 0 0 0 0 0 0 0 
27733 37737 36741 29156 18776 14812 13959 8425 18177 6298 2564 3622 1162 2799 556 4 41 37 0 0 0 0 0 0 0 0 0 0 0 0 0 0 
27586 60759 43472 30227 17180 15981 15020 8721 6652 3615 6218 4982 1728 1942 320 113 58 14 0 0 0 0 0 0 0 0 0 0 0 0 0 0 
14118 41009 28702 21242 13383 10139 10808 5971 7575 3717 1748 2248 932 1400 603 196 5 36 0 0 0 0 0 0 0 0 0 0 0 0 0 0 
28839 58029 42496 33111 18177 14522 12827 9357 13294 5187 6407 4610 2213 2301 472 39 111 91 0 0 0 0 0 0 0 0 0 0 0 0 0 0 
19392 41561 34742 26798 14261 13852 13201 6194 9285 5135 4462 5172 1028 1802 596 25 15 32 0 0 0 0 0 0 0 0 0 0 0 0 0 0 
24584 66300 51008 40781 20467 18855 16372 10803 14886 4652 6909 7128 2297 2802 418 42 28 15 0 0 0 0 0 0 0 0 0 0 0 0 0 0 
32755 67710 63253 50452 27766 23249 20632 14528 14017 5310 10133 5440 1508 1191 595 306 79 0 0 0 0 0 0 0 0 0 0 0 0 0 0 0 
23772 61138 58813 48240 25830 22092 19539 16709 12743 4832 9429 4295 1026 884 286 62 21 0 0 0 0 0 0 0 0 0 0 0 0 0 0 0 
29795 64397 60738 49232 24038 24705 19156 17896 13358 3763 14071 6256 1801 1133 450 179 45 87 0 0 0 0 0 0 0 0 0 0 0 0 0 0 
28880 72917 55420 43534 23246 21451 18910 13512 11110 3151 9706 5865 1871 1116 232 106 175 105 0 0 0 0 0 0 0 0 0 0 0 0 0 0 
26458 58714 47056 37310 18237 19192 13996 13538 16184 4087 8587 7678 1927 1615 176 52 78 106 0 0 0 0 0 0 0 0 0 0 0 0 0 0 
15743 46649 37196 32369 15676 13778 12341 13373 11653 3274 7700 3981 1240 733 214 123 142 19 0 0 0 0 0 0 0 0 0 0 0 0 0 0 
22777 50808 42808 33560 18047 15755 12473 11405 11493 5377 7690 5634 1447 1167 280 31 15 3 0 0 0 0 0 0 0 0 0 0 0 0 0 0 
24674 52638 47715 40751 20559 16041 16150 10149 14660 4688 6085 2720 953 1160 334 109 50 1 0 0 0 0 0 0 0 0 0 0 0 0 0 0 
20743 40211 35800 30251 12203 12570 11980 7491 14759 4306 5519 3533 1325 1738 413 67 12 99 0 0 0 0 0 0 0 0 0 0 0 0 0 0 
7203 22450 18109 16560 8231 7363 9306 5140 5121 1776 1817 814 505 608 54 2 1 8 0 0 0 0 0 0 0 0 0 0 0 0 0 0 
15255 45959 32396 27507 13403 11822 11026 9074 14094 3408 4220 3737 1110 1227 191 1 12 0 0 0 0 0 0 0 0 0 0 0 0 0 0 0 
22439 40438 40580 34862 19548 15362 12967 12783 15389 4460 4645 4826 1201 1560 285 41 64 2 0 0 0 0 0 0 0 0 0 0 0 0 0 0 
11309 26194 21081 18555 8545 8793 6066 7696 8723 2208 2796 2481 523 559 51 10 51 4 0 0 0 0 0 0 0 0 0 0 0 0 0 0 
16311 32589 30265 26634 20467 14608 13861 7177 9189 5981 2259 2532 362 2011 364 15 97 34 0 0 0 0 0 0 0 0 0 0 0 0 0 0 
19187 33068 30255 26706 20537 13593 12173 8453 12176 4925 3521 3905 647 2155 501 52 95 7 0 0 0 0 0 0 0 0 0 0 0 0 0 0 
12833 19527 19458 15432 12660 8632 9062 5906 3344 3995 2115 1902 593 706 384 20 28 3 0 0 0 0 0 0 0 0 0 0 0 0 0 0 
2675 11566 2697 3337 763 231 129 270 1825 247 151 86 1559 872 19 0 0 0 0 0 0 0 0 0 0 0 0 0 0 0 0 0 
