28566 4731 1601 589 87 0 0 0 0 0 10421 4087 2817 1440 1566 2155 2584 569 761 701 301 906 272 104 536 136 0 0 0 0 0 0 
22164 9296 4731 2027 0 0 0 0 0 0 10243 175 1610 4580 1529 1682 1711 1242 2679 952 1066 1254 498 125 0 76 34 0 37 0 0 0 
24197 6635 4190 1385 710 200 0 0 0 0 9773 1394 1791 2424 1188 1325 544 3364 470 666 2073 1514 723 696 180 154 370 319 126 108 0 0 
25606 3798 2971 2718 892 355 0 0 0 0 11764 918 804 1824 1196 1018 912 1226 466 1580 848 1072 514 1290 334 220 798 730 186 42 0 0 
26443 4418 2278 2403 2876 338 0 0 0 0 11198 962 1338 2008 1618 1828 590 956 838 480 968 1498 244 1336 132 1168 520 792 368 238 0 0 
21304 6135 3737 2250 227 212 0 0 0 0 9272 826 626 2240 2675 1130 1836 673 1657 461 945 1413 440 634 280 468 124 160 662 262 0 0 
25954 2853 1990 2762 505 178 0 0 0 0 11092 2467 1343 34 1573 1082 296 246 1118 460 835 1394 736 548 557 990 360 264 1042 396 0 0 
23899 5812 1202 3772 1330 544 0 0 0 0 10419 1667 1308 1090 2002 410 450 636 1024 1277 1842 1519 976 496 102 580 618 478 591 638 0 0 
24695 4420 3654 1353 1724 603 0 0 0 0 10809 1614 260 1082 1853 1201 1620 2747 924 480 1147 1540 260 640 672 372 308 248 738 194 0 0 
26803 4190 2835 1848 687 45 0 0 0 0 10066 3058 1398 1264 1618 494 1346 1188 2124 1348 1288 710 128 822 822 160 274 156 174 0 0 0 
21085 6098 4903 842 0 44 0 0 0 0 9002 899 724 1583 3171 1430 3144 2378 1018 760 668 656 142 190 358 42 24 72 80 42 0 0 
24745 5759 1460 2357 397 49 0 0 0 0 9586 1550 1236 2532 2908 2042 520 886 1166 1045 1868 430 636 324 290 178 450 166 38 74 0 0 
23052 6783 1066 2326 1220 0 0 0 0 0 8837 2302 3225 1744 2409 106 536 970 1166 1832 954 729 1216 138 784 242 646 152 118 38 0 0 
21237 2576 5377 6084 2701 284 0 0 0 0 9438 406 295 300 1144 1900 234 880 3406 1570 1250 1420 1238 1249 682 176 482 1582 866 354 0 0 
22996 3294 4505 3909 2243 381 0 0 0 0 9287 1875 664 1682 1579 513 890 1124 1270 1543 250 586 901 962 339 996 1350 1940 1223 248 0 0 
