0 58426 43423 6623 8296 1266 917 966 1704 0 0 0 0 0 0 0 0 0 0 0 0 0 0 0 0 0 0 0 0 0 0 0 
0 165815 75594 19712 14860 2742 5105 1858 6328 0 0 0 0 0 0 0 0 0 0 0 0 0 0 0 0 0 0 0 0 0 0 0 
0 36464 20092 2688 3837 10890 3349 398 523 0 0 0 0 0 0 0 0 0 0 0 0 0 0 0 0 0 0 0 0 0 0 0 
0 63909 17986 27358 18749 10592 1167 202 38 26 3 0 0 0 0 0 0 0 0 1 130 0 0 0 0 0 0 0 0 0 0 0 
0 41560 46311 32053 11389 4379 5504 5338 0 0 0 0 0 0 0 0 0 0 0 0 0 0 0 0 0 0 0 0 0 0 0 0 
0 29279 26804 20823 10174 13389 1957 153 329 652 0 0 0 0 0 0 0 0 0 0 0 0 0 0 0 0 0 0 0 0 0 0 
0 61969 36473 31760 61117 23694 5870 438 156 911 0 0 0 0 0 0 0 0 0 0 0 0 0 0 0 0 0 0 0 0 0 0 
0 11803 8235 5461 14151 7002 741 1513 605 281 0 0 0 0 0 0 0 0 0 0 0 0 0 0 0 0 0 0 0 0 0 0 
0 68922 38341 21755 24249 61410 27958 3840 5742 2537 0 0 0 0 0 0 0 0 0 0 0 0 0 0 0 0 0 0 0 0 0 0 
2721 119435 85215 40281 37887 67889 45477 38130 16274 9088 250 9 4 0 4 4 2 1 4 105 326 72 366 361 61 30 33 44 39 45 29 44 
0 69885 40692 23124 18959 38014 31863 13566 3009 4300 0 0 0 0 0 0 0 0 0 0 0 0 0 0 0 0 0 0 0 0 0 0 
0 106830 65094 27486 28443 46444 41750 19509 13995 8600 110 2 1 0 0 0 0 0 1 63 276 559 0 0 0 0 0 0 0 0 0 0 
0 105732 64525 33985 31114 56379 34842 44842 12983 4146 0 0 0 0 0 0 0 0 0 0 0 0 0 0 0 0 0 0 0 0 0 0 
0 91593 48611 30251 24263 51170 21623 23749 16931 6480 1845 9 1 0 0 0 1 0 1 32 512 344 0 0 0 0 0 0 0 0 0 0 
0 83847 50004 25413 21331 35383 18381 10139 21612 4701 1815 4 0 0 0 0 0 0 0 3 16 25 0 0 0 0 0 0 0 0 0 0 
0 85664 39888 20197 18039 38353 16955 9506 14042 10218 2040 35 16 10 10 4 6 7 22 634 2484 0 0 0 0 0 0 0 0 0 0 0 
0 66937 32543 21999 17172 33949 14762 9630 12886 9207 1415 63 3 9 23 0 1 1 1 419 713 0 0 0 0 0 0 0 0 0 0 0 
0 62710 38173 21454 17064 37011 16435 8369 6694 13397 979 9 22 20 25 14 13 23 20 169 2839 0 0 0 0 0 0 0 0 0 0 0 
0 43280 29381 19817 18435 20167 16895 12377 7789 28251 8112 258 8 31 6 11 2 3 3 2888 1347 0 0 0 0 0 0 0 0 0 0 0 
0 94065 56041 19273 24892 11461 13579 9388 7005 13439 9179 115 39 76 44 29 28 36 41 1834 9792 713 414 0 0 0 0 0 0 0 0 0 
0 78234 61907 29533 23469 12446 11592 11610 8910 19911 18863 1133 721 570 442 291 391 400 514 15100 20287 107 1038 0 0 0 0 0 0 0 0 0 
0 34889 37817 83776 19788 13769 7980 11714 8248 9901 211034 148853 83557 56861 65364 51486 44970 49409 40511 40590 15571 78145 5937 151 0 0 0 0 0 0 0 0 
0 69355 44816 29125 20364 18001 18631 16609 11020 8954 9218 1801 1163 821 737 616 625 599 591 17979 13963 4187 23680 114 0 0 0 0 0 0 0 0 
0 37828 27923 11875 11766 11897 10579 6995 6399 5121 1895 25 16 11 9 1 4 7 3 3104 12468 924 1977 680 0 0 0 0 0 0 0 0 
0 32813 27484 11914 10574 9045 5628 5470 4675 5226 2149 18 3 11 8 1 2 1 4 715 11154 5198 1325 9 0 0 0 0 0 0 0 0 
0 71114 46040 19030 15972 10876 11139 8590 6522 6089 2830 100 76 73 75 62 58 52 61 2164 9797 7489 2297 4252 0 0 0 0 0 0 0 0 
0 50727 39051 19241 16410 12579 11143 10092 7670 8104 3484 433 216 164 112 98 141 107 146 2747 8433 4649 25370 162 0 0 0 0 0 0 0 0 
71 23949 15616 9493 8087 5394 5106 4070 3350 2292 998 18 2 6 6 5 2 4 2 548 1235 3589 2753 229 14 0 0 22 0 0 0 0 
0 53305 29913 21890 14017 11005 11784 10776 7389 4917 1620 192 68 53 55 36 40 77 68 1080 2367 6830 10344 1098 57 0 0 0 0 0 0 0 
0 35496 18292 15872 9672 8018 6771 5659 4573 3011 930 38 13 6 11 1 3 4 8 679 1230 1953 6029 2367 456 0 0 0 0 0 0 0 
0 132640 111315 41798 38833 41623 50639 27591 33031 31924 7809 605 371 191 182 143 186 232 137 5379 8434 4578 24702 25135 29833 151 0 0 0 0 0 0 
