10170 1993 236 160 225 8 108 5 12 8 12 12 24 10 15 14 375 0 3 1 0 0 0 0 1 0 0 0 2 87 0 0 
21595 6132 5796 2322 1391 2108 959 1532 1496 1273 1061 1116 989 1743 917 710 1243 4073 15 4 5 364 0 0 0 0 3 0 91 2 47 0 
7816 2911 2713 4669 293 425 74 142 75 27 248 90 37 15 0 0 204 112 0 0 0 0 0 0 0 0 0 0 0 0 0 0 
2886 843 390 361 25 15 12 104 0 11 7 272 0 0 0 0 325 3 0 0 0 0 0 0 0 0 0 0 0 0 0 0 
793 264 322 31 5 1 2 0 0 0 0 21 0 0 0 0 839 18 0 0 0 0 0 0 0 0 0 0 0 0 0 0 
14050 357 624 1307 213 287 8 57 16 28 57 15 55 1 32 0 61 169 12 0 0 19 0 0 0 0 0 0 0 0 0 0 
10013 3482 1209 1190 1149 1253 714 1029 1636 568 1132 1562 1480 1257 1316 985 1049 2183 8 0 1 1 0 0 10 47 0 0 18 0 0 0 
106 18 0 0 0 0 0 0 0 0 0 0 0 0 0 0 0 0 0 0 0 0 0 0 0 0 0 0 0 0 0 0 
3 0 0 0 0 0 0 0 0 0 0 0 0 0 0 0 0 0 0 0 0 0 0 0 0 0 0 0 0 0 0 0 
3994 831 32 67 44 35 8 27 48 32 51 69 41 40 60 57 29 1 0 0 0 0 0 0 0 0 0 0 0 0 0 0 
4424 1373 1339 2912 344 531 176 508 230 486 696 169 61 182 250 2 356 2961 606 150 436 1116 298 9 2934 131 153 292 342 332 434 0 
13175 988 6415 142 1335 925 23 2935 1531 188 386 116 83 246 1 184 2231 0 0 0 0 0 0 0 0 0 0 0 0 0 0 0 
18852 4686 6054 1734 1246 1598 288 2848 1022 153 710 213 243 1778 0 13 401 91 30 27 50 6 7 2 651 60 1 96 197 283 40 0 
1214 1110 231 61 42 1292 33 20 136 5 362 236 546 84 0 6 8 0 0 0 0 0 0 0 0 0 0 0 0 0 0 0 
2126 262 277 18 3 114 0 3 0 2 185 5 0 1 0 0 46 194 0 0 0 0 0 0 0 0 0 0 0 0 0 0 
