4326 1024 381 19 0 0 0 0 0 0 3966 732 1166 828 794 894 1762 390 52 276 38 178 160 14 274 46 2 0 0 0 0 0 
3779 667 719 123 0 0 0 0 0 0 3004 450 1130 706 500 1368 1426 452 104 462 14 558 22 66 160 182 14 0 0 0 0 0 
3683 860 257 223 0 0 0 0 0 0 2312 2896 1074 350 466 880 792 64 680 234 128 264 82 0 168 0 2 0 0 0 0 0 
3568 1074 261 251 57 0 0 0 0 0 1840 2872 834 724 784 612 468 168 520 250 514 410 146 114 112 14 26 0 14 2 0 0 
3128 2049 462 121 10 8 0 0 0 0 2660 344 752 2516 794 274 476 420 374 400 834 302 108 110 8 6 28 36 96 26 0 0 
2993 1837 1010 524 15 2 0 0 0 0 2484 144 356 2264 678 886 220 366 1558 282 304 918 98 0 0 32 118 24 2 4 0 0 
2901 1362 1201 730 0 0 0 0 0 0 2690 10 4 1332 802 464 298 854 2344 36 680 478 364 80 2 10 0 0 0 0 0 0 
3188 1415 1263 213 0 0 0 0 0 0 2744 236 1238 728 226 1376 1852 768 488 868 118 278 56 100 12 136 16 0 4 4 0 0 
3572 1509 1151 110 36 8 0 0 0 0 2464 32 1780 1958 46 1366 542 1024 464 464 638 460 310 28 32 24 50 72 4 32 0 0 
3457 877 640 299 158 62 0 0 0 0 3458 624 198 960 534 286 62 1474 188 150 778 362 226 326 40 38 226 142 2 212 0 0 
2883 777 672 404 94 25 0 0 0 0 2172 1383 326 490 440 352 84 1100 200 386 888 690 322 324 62 112 124 170 16 56 0 0 
2928 1761 766 315 334 121 0 0 0 0 2382 344 912 1064 1136 108 558 1424 36 164 720 450 452 590 252 128 234 304 202 34 0 0 
3243 640 985 638 23 6 0 0 0 0 2626 802 240 440 262 1020 684 462 346 1276 222 394 470 138 216 10 124 50 82 60 0 0 
3486 893 501 369 202 31 0 0 0 0 3594 172 556 1276 852 276 474 510 48 644 240 224 138 400 266 172 136 262 90 4 0 0 
3297 435 372 798 522 158 0 0 0 0 3776 148 220 128 758 10 68 426 118 288 456 760 156 1054 88 300 598 742 208 80 0 0 
3195 1015 250 310 66 47 0 0 0 0 2914 778 558 1126 336 380 160 570 338 416 466 562 118 280 66 2 388 86 10 2 0 0 
3726 1247 342 276 0 0 0 0 0 0 3588 1066 654 1488 772 990 344 86 418 462 230 282 104 0 2 0 0 36 0 0 0 0 
3848 738 768 278 58 12 0 0 0 0 3378 812 596 816 672 1592 432 562 458 380 404 306 130 26 58 142 72 78 80 72 0 0 
2581 291 410 893 1023 240 0 0 0 0 2646 0 246 242 60 58 76 296 214 338 426 800 266 1400 160 770 504 926 370 272 0 0 
3280 967 249 625 799 114 0 0 0 0 3560 64 534 306 1444 8 0 520 160 412 434 762 26 780 22 888 162 450 312 196 0 0 
2894 796 178 374 166 84 0 0 0 0 3222 254 140 476 1250 30 60 448 296 324 388 772 116 446 88 18 190 202 182 104 0 0 
2709 602 970 446 21 3 0 0 0 0 2350 208 29 972 638 762 650 58 1012 242 488 872 102 262 184 206 42 14 124 122 0 0 
2643 1107 702 626 53 64 0 0 0 0 2174 308 218 1374 402 420 1152 346 860 52 450 200 388 112 156 326 28 42 480 140 0 0 
2862 2015 974 427 7 3 0 0 0 0 1950 750 726 1060 2042 654 978 522 972 238 476 592 80 20 26 54 2 14 102 4 0 0 
3337 1324 232 512 129 0 0 0 0 0 2488 1270 1172 158 1422 652 142 48 696 236 620 190 232 404 92 238 190 22 100 18 0 0 
3189 241 420 421 122 25 0 0 0 0 3579 660 18 0 391 646 76 42 472 274 224 352 212 464 326 680 136 80 392 264 0 0 
3441 48 288 782 339 176 0 0 0 0 3624 1096 49 0 2 398 68 244 282 220 196 585 112 50 424 530 248 152 1216 512 0 0 
3343 750 625 497 12 15 0 0 0 0 2992 1144 612 178 710 192 490 192 502 108 546 1308 508 12 82 72 2 136 64 30 0 0 
3069 1162 360 881 82 36 0 0 0 0 2154 1060 1226 78 780 208 80 174 780 274 1490 1138 422 26 26 324 96 200 54 2 0 0 
2393 1264 394 1147 667 135 0 0 0 0 2048 8 82 476 1194 418 254 24 556 638 392 332 894 592 142 576 546 422 294 376 0 0 
3333 1341 45 539 39 0 0 0 0 0 2868 1210 662 946 910 40 324 186 212 1020 208 612 316 0 0 220 0 2 0 0 0 0 
3279 666 361 826 181 201 0 0 0 0 3376 857 434 308 390 116 166 690 418 532 359 737 150 264 150 124 290 76 654 390 0 0 
2615 328 488 625 1092 490 0 0 0 0 2484 510 76 146 180 72 508 640 278 332 285 548 102 594 942 420 578 666 930 346 0 0 
3102 776 880 199 41 35 0 0 0 0 3592 294 18 652 470 38 1194 1232 234 198 334 398 16 486 4 258 34 104 94 0 0 0 
3580 1301 677 116 1 8 0 0 0 0 3392 1004 378 690 1312 1396 460 728 400 44 564 552 54 56 0 54 38 24 6 0 0 0 
3546 667 738 249 19 0 0 0 0 0 3444 896 168 566 794 444 188 1370 554 308 624 560 300 36 48 18 76 32 2 0 0 0 
3825 280 761 128 98 7 0 0 0 0 2858 2288 624 44 84 290 994 702 668 454 22 16 46 448 224 60 214 0 28 2 0 0 
3801 571 788 69 245 8 0 0 0 0 2668 2174 692 228 408 322 668 926 336 496 162 162 56 606 422 112 116 4 74 0 0 0 
3406 1307 197 209 58 0 0 0 0 0 3326 502 894 1600 916 338 336 372 1086 296 296 208 18 42 142 16 12 84 2 0 0 0 
2662 885 578 1114 234 46 0 0 0 0 2356 200 86 188 1068 116 228 470 900 786 1230 1026 200 210 650 134 100 200 228 16 0 0 
2858 1116 605 200 3 0 0 0 0 0 2568 652 112 28 2228 170 488 1050 540 848 226 66 56 14 0 0 0 0 0 0 0 0 
3248 639 983 96 0 0 0 0 0 0 2572 718 686 468 595 1292 1482 580 364 278 348 188 124 0 424 50 0 0 0 0 0 0 
2407 1817 660 196 0 0 0 0 0 0 2304 34 174 1616 1232 192 1022 964 668 60 98 698 36 16 146 0 42 2 16 0 0 0 
2482 869 1492 415 2 42 0 0 0 0 1810 476 396 450 982 600 1432 1120 556 228 378 562 140 204 20 64 24 140 110 52 0 0 
3619 1426 515 288 5 0 0 0 0 0 2468 692 902 1092 1374 1404 548 684 112 218 724 246 298 8 62 92 152 6 4 74 0 0 
3736 1286 205 169 5 0 0 0 0 0 3650 862 460 1554 1302 762 196 102 532 64 566 186 114 4 80 54 0 6 2 16 0 0 
2886 1276 515 461 113 30 0 0 0 0 2290 242 748 1156 1036 772 124 522 620 782 810 178 246 4 112 54 34 192 46 10 0 0 
2695 338 175 813 286 19 0 0 0 0 2240 476 434 140 474 44 64 276 960 646 522 132 502 484 298 66 552 112 132 64 0 0 
3045 616 261 587 493 16 0 0 0 0 2286 186 1202 42 1012 14 24 566 552 576 652 586 436 358 814 80 256 118 118 12 0 0 
2740 1841 396 484 88 6 0 0 0 0 2270 272 1494 1288 906 2 400 618 902 392 606 404 508 60 76 2 140 76 98 2 0 0 
3347 1609 100 167 4 0 0 0 0 0 2544 1532 1854 834 1030 196 354 352 280 628 220 244 164 2 0 4 72 4 0 0 0 0 
3102 660 297 734 383 1 0 0 0 0 2194 1858 218 400 730 38 122 486 324 1114 424 166 940 130 134 342 478 90 0 130 0 0 
2389 987 327 1969 409 0 0 0 0 0 1812 2 272 444 468 362 2 122 2634 456 1556 684 112 838 452 32 28 190 126 208 0 0 
2519 606 1355 831 364 84 0 0 0 0 2088 126 186 84 916 1192 174 254 624 1022 296 654 294 440 256 94 380 962 372 62 0 0 
2885 309 1238 763 580 107 0 0 0 0 2290 472 232 22 422 1130 168 422 574 658 298 780 850 260 344 196 196 700 446 22 0 0 
2935 346 1236 755 636 65 0 0 0 0 2706 148 134 16 684 512 172 696 1032 320 156 322 898 628 326 152 228 588 466 124 0 0 
2580 755 1328 1417 659 80 0 0 0 0 1594 522 374 114 464 408 294 952 1112 828 416 470 384 282 162 244 956 1146 416 312 0 0 
3248 449 783 549 380 62 0 0 0 0 2468 1474 288 442 214 146 302 412 628 596 20 280 368 614 154 272 150 748 676 178 0 0 
2875 531 661 679 824 209 0 0 0 0 2448 300 64 718 734 156 294 220 194 436 0 154 546 484 354 894 882 954 678 30 0 0 
3509 1008 293 144 70 0 0 0 0 0 2720 1172 484 1346 1248 294 372 102 194 618 24 156 250 88 106 504 336 146 50 4 0 0 
2959 934 124 383 1240 20 0 0 0 0 2244 464 1116 1034 492 492 150 624 16 110 112 124 554 376 1462 178 236 284 610 98 0 0 
3200 1223 415 214 4 0 0 0 0 0 2238 1358 706 816 938 852 708 682 216 472 130 488 264 84 160 8 30 24 30 0 0 0 
