28 0 0 0 0 0 0 0 0 0 0 0 0 0 15 0 0 0 0 20 0 0 0 0 0 2 3 0 0 0 0 2 
31 0 0 0 0 0 0 0 0 0 18 0 0 3 7 0 0 0 5 28 0 0 0 6 0 1 3 0 0 2 0 0 
27 0 0 0 0 0 0 0 0 0 14 0 0 25 0 0 0 0 1 22 0 0 0 1 0 12 0 0 0 1 0 0 
28 0 0 0 0 0 0 0 0 0 10 0 9 0 0 6 0 0 14 34 0 0 0 2 2 0 0 0 0 1 0 7 
26 0 0 21 0 0 0 0 0 0 0 0 23 0 0 0 0 0 3 24 4 0 0 0 9 0 0 0 0 0 3 0 
24 0 0 1 0 0 6 0 0 0 23 0 7 0 1 0 3 0 0 24 0 1 0 8 3 1 0 3 0 0 0 0 
19 0 0 10 0 0 0 0 0 0 11 0 0 5 5 1 0 0 6 19 2 0 0 4 0 1 0 1 0 4 2 0 
18 0 0 2 0 0 0 0 0 0 17 0 0 1 0 6 0 0 0 18 0 0 0 4 2 0 2 1 0 2 0 3 
16 0 0 11 0 0 3 0 0 0 16 2 0 0 4 0 0 0 4 16 3 0 0 7 0 2 0 0 0 4 0 0 
16 0 2 12 0 0 0 0 0 0 17 3 0 0 0 0 0 0 0 16 3 0 0 10 2 0 0 0 0 1 0 0 
16 0 0 1 0 0 0 0 11 0 10 0 9 0 0 0 0 2 4 18 0 0 2 1 6 0 0 0 0 1 0 6 
17 0 0 0 0 0 0 0 8 0 17 0 0 0 0 0 0 0 1 20 0 0 0 8 0 0 0 0 0 4 0 0 
19 0 0 0 0 0 0 0 3 0 12 0 14 0 2 0 0 0 7 20 0 0 0 6 2 0 2 0 0 0 1 2 
19 0 0 0 0 0 0 0 17 0 0 0 0 0 15 2 0 0 2 21 0 0 5 0 0 1 4 0 0 0 0 3 
20 0 0 0 0 0 0 0 3 0 0 0 0 15 9 0 0 0 5 20 0 0 1 0 0 5 1 0 0 0 3 2 
20 0 0 0 0 0 0 0 13 0 0 0 3 13 0 0 0 0 5 22 0 0 3 0 1 3 0 0 0 0 2 3 
18 2 0 0 0 0 0 0 0 0 0 0 11 0 4 6 8 0 6 19 0 0 0 0 2 0 3 2 0 0 0 6 
16 2 0 0 0 0 0 4 0 0 0 0 4 14 4 0 3 0 7 17 0 0 0 0 0 6 0 0 0 0 7 2 
16 0 0 0 0 0 0 11 0 0 0 0 0 17 0 0 4 0 3 16 0 0 2 0 0 6 6 0 0 0 2 0 
16 0 6 0 0 0 0 16 0 0 0 0 0 7 0 0 0 0 0 18 0 0 9 0 0 5 0 0 0 0 0 0 
16 0 4 0 0 0 0 11 0 11 0 0 2 7 0 4 0 0 0 18 0 0 2 4 0 3 2 0 0 2 1 0 
16 0 0 0 0 0 0 8 0 17 0 0 4 0 0 0 0 0 0 16 0 0 1 12 2 0 0 0 0 0 1 0 
16 0 0 0 0 0 0 3 0 13 0 0 0 7 14 2 0 0 5 16 0 0 0 4 0 2 4 0 0 0 1 5 
16 0 4 0 0 0 0 0 0 0 0 0 0 17 0 0 0 0 4 18 0 0 0 0 0 11 0 0 0 0 3 0 
16 0 0 0 0 4 0 0 0 0 0 0 5 8 0 2 11 0 7 16 0 2 0 0 2 2 1 4 0 0 5 0 
17 0 0 0 0 4 0 0 0 0 0 6 6 0 14 0 2 0 2 16 0 0 0 0 3 6 2 2 0 0 2 1 
16 0 0 0 0 3 0 0 0 3 0 10 1 0 5 3 0 0 8 20 0 1 0 1 4 0 1 0 0 0 3 2 
16 0 0 0 0 9 0 0 0 5 0 12 0 0 1 0 0 0 4 20 0 2 2 0 3 2 0 0 0 0 2 3 
16 0 0 0 0 1 0 0 0 0 0 11 0 0 12 2 0 0 8 18 0 0 0 0 0 8 1 0 0 0 4 1 
19 0 0 0 0 0 0 6 0 0 0 0 0 0 0 15 0 2 7 17 0 0 3 0 0 0 3 0 1 0 2 4 
17 0 0 0 0 0 0 11 0 2 0 0 0 1 0 7 0 10 2 16 0 0 3 1 0 0 2 0 2 0 3 1 
17 0 0 0 0 0 0 0 0 0 0 0 0 8 0 2 6 0 0 11 0 0 0 0 0 2 4 0 0 0 0 1 
16 0 0 0 0 0 0 0 0 2 0 0 0 0 15 0 0 0 0 17 0 0 1 0 0 2 6 0 0 0 0 2 
18 0 0 0 0 14 0 0 0 2 0 0 0 0 0 6 4 0 0 20 0 6 1 0 0 0 3 0 2 0 0 0 
12 0 0 0 0 6 0 0 0 0 0 0 0 0 5 6 0 0 7 17 0 0 0 0 0 0 5 0 0 0 0 6 
16 0 0 0 0 4 4 0 0 0 0 4 0 1 10 2 0 4 8 18 0 2 0 2 0 3 0 0 1 0 6 1 
18 0 2 0 0 2 9 0 0 0 0 2 0 3 0 3 0 14 0 18 0 0 0 0 0 0 1 0 13 0 0 0 
16 0 7 0 0 0 15 0 0 0 0 0 0 4 0 0 0 0 0 18 0 7 0 0 4 0 3 0 0 0 0 0 
16 0 6 0 0 0 16 0 0 0 0 0 0 7 0 9 0 0 0 18 0 5 0 0 2 0 5 0 0 0 2 0 
16 0 8 0 0 0 17 0 0 0 0 0 0 0 6 4 0 2 1 17 0 8 0 0 0 2 4 0 0 0 0 1 
16 0 10 0 0 0 5 10 0 0 0 0 0 2 0 1 0 9 0 16 0 2 3 0 0 2 1 0 8 0 0 0 
18 0 1 0 0 0 0 18 0 8 0 0 0 3 0 0 0 2 0 18 0 0 8 3 0 2 0 0 1 0 0 0 
16 0 4 0 0 0 0 2 0 19 0 0 0 0 0 2 0 0 0 16 0 0 0 15 0 0 1 0 0 0 0 0 
16 0 0 0 0 0 0 0 0 7 9 0 0 0 0 17 0 0 0 16 0 0 0 4 0 0 12 0 0 0 0 0 
16 0 5 0 0 0 0 0 0 0 8 0 0 0 0 9 0 0 6 17 0 0 0 2 0 0 7 0 0 0 2 5 
17 0 11 0 0 0 0 0 0 0 4 0 0 0 0 12 4 0 7 16 5 0 0 0 0 0 3 2 0 0 1 5 
16 4 20 0 0 0 0 0 0 0 0 0 0 0 0 0 18 0 0 16 5 0 0 0 0 0 0 11 0 0 0 0 
16 0 18 4 0 0 0 0 0 0 0 0 0 0 0 4 15 0 0 16 7 0 0 0 0 0 0 9 0 0 0 0 
18 3 2 7 0 0 0 0 0 0 0 0 13 0 0 6 0 0 4 19 1 0 0 0 6 0 2 0 0 0 4 1 
16 1 9 0 0 0 0 0 0 0 0 0 15 0 0 0 0 0 2 16 2 0 0 0 12 0 0 0 0 0 0 2 
16 4 0 0 0 0 0 0 4 0 0 9 0 0 0 15 0 0 5 18 0 0 2 2 0 0 3 0 0 0 3 4 
16 0 2 0 0 0 7 0 0 0 0 0 2 16 0 5 0 0 2 16 0 2 0 0 0 9 4 0 0 0 1 0 
16 4 0 0 0 0 10 5 0 0 0 0 0 5 9 0 0 6 3 18 0 2 2 0 0 5 0 0 3 0 0 2 
16 0 0 0 0 0 12 9 0 5 0 0 0 0 0 0 0 9 0 16 0 3 5 0 0 0 0 0 4 1 0 3 
17 0 0 0 0 0 3 0 0 15 0 0 0 2 0 0 0 4 0 16 0 1 12 0 0 0 1 0 0 1 0 1 
17 0 0 0 0 0 9 0 0 5 14 0 0 2 0 0 0 2 0 18 0 2 2 8 0 0 1 0 0 1 0 0 
16 0 0 0 0 0 8 0 0 17 0 0 0 0 2 0 4 0 3 16 0 2 7 0 0 0 0 3 0 0 0 4 
16 0 0 0 0 0 7 0 0 13 0 0 0 0 3 11 0 4 2 16 0 0 6 0 0 2 4 0 0 1 0 3 
16 0 0 0 0 0 4 0 0 13 0 0 0 0 0 15 0 0 0 16 0 0 6 0 0 0 10 0 0 0 0 0 
18 0 0 0 0 0 4 0 0 1 0 0 0 0 0 16 4 0 0 21 0 2 0 0 0 0 7 1 0 0 0 4 
18 0 0 0 0 0 0 1 0 2 0 0 0 11 0 3 11 0 7 16 0 0 0 0 0 5 0 7 0 0 4 0 
16 0 0 0 0 0 0 13 0 0 0 0 6 4 0 16 0 2 2 16 0 0 2 0 2 0 10 0 1 0 1 0 
18 0 0 0 0 0 0 18 0 0 0 0 0 1 0 2 0 14 0 18 0 0 5 0 0 0 0 0 7 0 1 1 
17 0 0 0 0 0 0 0 0 0 0 0 0 9 0 2 4 0 0 11 0 0 0 0 0 4 0 5 0 0 0 1 
32 0 0 0 0 0 1 0 0 0 0 0 0 0 23 0 0 0 1 25 0 0 0 0 0 8 2 0 0 0 0 1 
24 0 0 0 0 0 24 0 0 4 0 0 0 0 11 14 0 0 9 24 0 4 1 0 0 2 2 0 0 0 0 7 
28 0 0 0 0 0 10 0 0 4 0 0 4 0 0 0 0 17 3 23 0 2 1 0 1 0 0 0 8 0 1 0 
27 0 0 0 0 0 5 0 0 0 0 0 28 0 0 8 0 0 8 27 0 0 0 0 10 0 2 0 0 0 1 1 
26 0 0 0 0 0 2 11 0 0 0 0 15 0 13 14 0 0 1 27 0 0 0 0 4 0 9 0 0 0 0 1 
24 0 0 0 0 0 2 7 0 0 0 0 14 0 12 10 3 0 5 24 0 0 0 0 4 3 6 0 0 0 0 3 
20 0 0 2 0 0 0 5 8 0 0 0 20 0 0 1 0 0 1 20 0 0 6 0 4 0 1 0 0 0 3 0 
18 0 0 0 5 0 0 0 0 0 5 0 16 2 0 0 1 0 7 22 0 0 0 2 2 2 0 0 0 0 4 4 
16 0 0 0 2 0 0 0 4 0 5 11 10 0 0 1 1 0 4 16 0 0 0 0 8 0 0 2 0 0 6 0 
18 0 0 0 10 0 0 0 4 0 0 4 19 0 0 2 0 0 0 16 2 0 2 0 11 0 1 0 0 0 0 0 
19 0 0 0 9 0 0 0 0 0 0 0 18 0 0 0 0 0 0 19 2 0 0 0 8 0 0 0 0 0 3 0 
17 0 0 0 6 0 0 0 5 0 0 5 5 5 0 0 2 9 0 17 2 0 0 0 4 2 0 1 0 3 2 1 
16 0 0 0 3 0 0 4 0 0 0 21 0 0 12 3 0 0 0 16 0 0 0 0 8 4 2 0 0 0 2 0 
17 4 0 0 12 0 0 0 0 0 0 10 0 0 0 1 0 0 7 19 5 0 0 0 4 0 0 0 0 0 4 0 
17 0 0 0 9 0 0 0 0 0 0 6 0 0 10 8 0 0 2 17 2 0 0 0 1 3 5 0 0 0 0 4 
16 0 0 0 6 0 0 5 0 0 0 0 0 0 16 0 5 0 4 16 0 0 0 0 0 10 0 0 0 0 0 6 
16 0 0 0 0 0 0 8 0 0 0 0 0 0 7 13 1 0 6 16 0 2 0 0 0 1 7 0 0 0 0 6 
18 0 0 0 6 0 0 10 0 0 0 10 0 0 8 0 0 0 3 16 3 2 0 4 0 5 0 0 0 0 2 0 
18 0 0 0 6 0 0 11 0 0 0 0 0 0 8 0 4 4 0 18 3 2 2 0 0 4 0 2 1 0 0 0 
16 0 0 0 9 0 0 16 0 0 0 0 0 0 0 0 0 2 0 16 4 0 10 0 0 1 0 0 1 0 0 0 
16 0 0 0 17 0 0 17 0 0 0 0 0 0 0 0 0 0 0 16 5 3 8 0 0 0 0 0 0 0 0 0 
16 0 0 2 15 0 0 15 0 0 0 0 0 0 0 0 0 0 0 16 6 10 0 0 0 0 0 0 0 0 0 0 
16 0 0 0 11 0 0 17 0 0 0 2 2 0 0 0 0 0 0 16 2 9 0 1 2 0 0 0 0 0 2 0 
18 0 0 0 3 1 0 19 0 0 0 7 0 0 0 3 0 1 0 18 0 8 0 3 0 0 0 2 1 0 0 0 
18 0 0 0 5 11 0 8 0 0 0 0 0 4 0 5 5 0 2 16 2 3 0 0 2 1 4 0 0 0 0 4 
16 0 0 0 9 9 0 0 0 0 0 0 0 10 0 2 0 0 0 18 2 2 0 0 0 3 1 0 0 0 4 2 
18 0 0 0 0 17 0 0 0 9 0 0 0 0 1 2 0 0 0 16 0 9 4 0 0 0 2 0 0 0 0 1 
18 0 0 0 4 12 0 13 0 0 0 0 0 0 2 1 3 1 1 18 0 10 0 0 0 0 1 1 0 0 0 2 
16 0 0 0 0 6 0 10 0 0 0 0 0 11 10 0 2 1 0 16 0 2 0 0 4 2 4 1 0 0 0 3 
19 0 0 0 0 0 0 13 0 0 0 0 0 17 3 0 5 0 3 16 0 2 3 0 2 2 2 1 0 0 0 4 
25 0 0 0 0 0 0 7 0 0 0 0 0 9 0 3 5 7 2 19 0 0 2 0 0 2 4 0 0 0 3 2 
10 0 0 0 0 0 0 0 0 0 0 0 0 0 5 0 1 0 0 11 0 0 0 0 0 0 3 0 0 0 0 0 
19 0 0 0 0 7 0 0 0 0 0 0 0 0 18 0 0 0 0 17 0 2 0 0 0 0 11 0 0 0 0 2 
18 0 0 0 0 16 0 0 0 0 0 0 14 0 0 4 0 0 0 17 0 2 0 0 6 0 7 0 0 0 0 0 
16 0 0 0 0 10 0 0 0 0 0 0 9 0 2 8 0 0 10 18 0 3 0 0 0 0 3 0 0 0 3 5 
16 0 0 0 0 13 0 0 0 0 0 0 0 0 11 0 0 0 2 16 0 8 0 0 0 0 7 0 0 0 0 1 
16 0 0 0 0 17 0 4 0 0 0 0 2 0 3 16 0 0 0 16 0 5 0 0 0 0 7 0 0 0 0 4 
17 0 0 0 0 6 0 0 0 0 0 0 5 0 0 19 0 0 5 17 0 1 0 0 2 0 8 0 0 0 0 4 
17 0 0 0 3 4 0 0 0 4 0 0 6 0 0 11 0 2 0 17 1 0 2 0 5 0 6 0 0 0 0 1 
16 0 0 2 0 12 0 0 0 0 0 0 15 0 0 7 4 0 0 16 0 3 0 0 7 0 3 2 0 0 0 1 
16 0 0 0 0 2 0 0 0 0 0 10 3 14 0 5 0 0 5 16 0 1 0 3 1 8 0 0 0 0 1 2 
16 0 0 8 0 0 0 0 0 0 0 9 0 13 3 0 0 0 0 16 0 0 0 3 11 2 0 0 0 0 0 0 
16 0 0 2 0 0 0 4 0 0 0 12 3 16 0 0 0 0 0 16 0 0 0 6 8 0 2 0 0 0 0 0 
16 0 0 0 0 0 0 4 0 0 0 0 3 15 0 11 0 0 8 16 0 0 0 0 4 0 4 0 0 0 8 0 
16 0 0 0 0 0 0 9 0 0 0 0 0 17 4 0 0 0 0 16 0 0 0 0 9 0 4 0 0 0 3 0 
16 0 0 5 0 0 0 2 0 0 0 7 0 12 11 0 0 0 0 16 0 0 0 0 7 5 2 0 0 0 1 1 
16 0 0 2 0 0 0 0 0 0 0 9 0 2 15 0 0 0 0 16 0 0 0 2 0 14 0 0 0 0 0 0 
16 0 0 1 0 0 0 0 0 0 0 0 0 17 2 0 0 0 0 16 0 0 0 0 0 16 0 0 0 0 0 0 
16 0 0 4 0 0 0 0 0 0 6 0 0 21 0 0 0 0 2 16 0 0 0 1 0 13 1 0 0 0 1 0 
16 0 0 0 0 0 0 0 0 0 15 0 0 16 0 0 0 0 0 16 0 0 0 5 0 11 0 0 0 0 0 0 
16 0 0 0 0 0 0 0 4 0 8 0 7 8 0 0 0 0 0 18 0 0 2 4 2 6 0 0 0 0 0 0 
16 0 0 0 0 0 0 0 0 0 12 0 0 0 16 4 0 0 0 16 0 0 0 5 0 8 1 0 0 0 0 2 
18 3 0 0 0 0 0 0 0 0 11 0 0 0 1 15 0 0 9 20 0 0 0 3 0 0 5 0 0 0 0 5 
16 0 0 2 0 0 0 0 0 0 19 0 0 0 6 2 0 0 6 16 0 0 0 8 0 3 1 0 0 4 0 0 
16 0 0 0 0 0 0 0 2 0 13 0 0 4 13 5 0 0 2 16 0 0 0 4 0 7 2 0 0 1 0 2 
16 0 0 2 0 0 0 0 0 0 16 0 0 0 0 2 0 0 15 17 1 0 0 6 0 0 0 0 0 8 0 1 
16 0 0 5 0 0 0 0 0 0 11 0 5 0 0 2 0 0 13 16 1 0 0 4 0 0 1 0 0 10 0 0 
16 0 0 4 0 0 0 0 0 2 4 9 8 0 0 0 0 0 2 16 2 0 0 2 10 0 1 0 0 0 1 0 
16 0 0 1 0 0 0 0 0 0 0 13 10 0 0 0 0 0 2 18 0 0 0 0 13 0 0 0 0 0 1 0 
17 0 0 1 0 0 9 0 0 0 0 15 0 0 6 0 0 0 0 17 0 0 0 0 11 1 0 0 0 0 0 3 
16 0 0 0 0 0 0 0 0 0 0 15 0 6 13 0 0 0 0 18 0 0 0 0 4 8 2 0 0 0 0 0 
