719 1418 1325 1368 1695 876 353 317 171 1155 566 779 413 258 325 61 319 11 0 0 0 0 0 0 0 0 0 0 0 0 0 0 
585 1150 1406 1065 899 865 792 251 233 517 585 443 274 130 141 0 8 27 0 0 0 0 0 0 0 0 0 0 0 0 0 0 
696 2055 1438 1169 1562 1095 617 392 147 1741 880 396 156 361 489 69 215 27 0 0 0 0 0 0 0 0 0 0 0 0 0 0 
547 5780 4746 2426 3476 1581 760 357 325 1335 429 233 165 241 126 0 298 31 0 0 0 0 0 0 0 0 0 0 0 0 0 0 
6704 24728 17664 10553 8944 6371 3267 1840 1324 1557 1056 1142 535 87 76 36 53 27 0 0 0 0 0 0 0 0 0 0 0 0 0 0 
14932 22572 19256 11796 12168 8970 5390 2283 1693 4226 843 1127 347 239 772 163 54 26 0 0 0 0 0 0 0 0 0 0 0 0 0 0 
9242 15414 11468 6185 5709 3636 2428 1319 1389 2379 604 536 463 262 215 1 50 33 0 0 0 0 0 0 0 0 0 0 0 0 0 0 
10433 13045 12074 7394 6625 3380 2063 1150 1089 3187 1487 1361 370 363 153 0 48 76 0 0 0 0 0 0 0 0 0 0 0 0 0 0 
21106 23867 21026 12896 9358 7275 4595 3006 3438 3034 1922 1714 1430 1089 150 35 110 42 0 0 0 0 0 0 0 0 0 0 0 0 0 0 
8895 15020 10966 6540 6568 4816 3230 1567 1886 1577 879 504 521 314 167 5 68 75 0 0 0 0 0 0 0 0 0 0 0 0 0 0 
10158 21095 14428 7461 5691 5002 3180 2145 1900 1414 899 700 843 415 246 5 6 0 0 0 0 0 0 0 0 0 0 0 0 0 0 0 
5511 17002 12568 8635 6361 4858 2928 1749 1290 1216 1059 785 478 188 88 12 48 5 0 0 0 0 0 0 0 0 0 0 0 0 0 0 
16645 19680 16443 8856 7457 5102 2997 2098 1918 2956 1890 962 220 123 109 0 45 0 0 0 0 0 0 0 0 0 0 0 0 0 0 0 
6618 7402 6527 4761 2404 2318 1628 1036 525 641 1609 1406 323 29 170 80 40 0 0 0 0 0 0 0 0 0 0 0 0 0 0 0 
12389 22611 15950 8254 4854 4618 2750 2392 3029 1143 1287 728 1089 611 187 16 9 9 0 0 0 0 0 0 0 0 0 0 0 0 0 0 
17727 24610 18337 9223 6607 5378 3085 2507 2656 3192 1731 835 1015 608 247 7 9 0 0 0 0 0 0 0 0 0 0 0 0 0 0 0 
8952 10486 9710 7023 5376 4778 2666 1297 2797 2062 436 432 241 274 198 1 9 0 0 0 0 0 0 0 0 0 0 0 0 0 0 0 
18781 15133 14029 8734 6434 5760 3606 1924 3442 2557 1271 1223 466 355 358 3 32 37 0 0 0 0 0 0 0 0 0 0 0 0 0 0 
16035 19250 13842 8507 5323 4738 3022 1800 1688 1417 1731 1421 783 540 222 46 36 7 0 0 0 0 0 0 0 0 0 0 0 0 0 0 
11551 19143 12865 7835 5251 4888 2738 1750 1299 1141 1263 1065 523 240 98 67 22 7 0 0 0 0 0 0 0 0 0 0 0 0 0 0 
3248 7487 4904 2922 3123 2265 1234 1057 831 967 238 173 269 183 102 23 0 0 0 0 0 0 0 0 0 0 0 0 0 0 0 0 
10870 16207 11745 6526 5153 4350 3112 1338 1866 1830 991 648 591 318 501 173 5 36 0 0 0 0 0 0 0 0 0 0 0 0 0 0 
11610 18816 11178 7144 4702 4285 2569 2247 2882 1962 1337 828 942 600 238 2 28 55 0 0 0 0 0 0 0 0 0 0 0 0 0 0 
17229 16982 15411 9255 5968 5688 3717 1881 3302 2026 1927 1415 828 583 234 37 83 36 0 0 0 0 0 0 0 0 0 0 0 0 0 0 
8269 11378 9135 5464 3891 3106 2410 1279 1378 2566 1723 2217 471 372 304 20 10 16 0 0 0 0 0 0 0 0 0 0 0 0 0 0 
11123 14112 12159 7648 5177 5604 3104 1747 2477 1073 677 758 298 268 292 5 5 16 0 0 0 0 0 0 0 0 0 0 0 0 0 0 
13381 24123 17887 11308 7686 7206 4185 2330 3882 1940 1588 1075 817 813 223 23 11 15 0 0 0 0 0 0 0 0 0 0 0 0 0 0 
11203 16922 13472 9673 4069 5325 2650 2388 2346 1310 2668 3021 1113 608 195 19 17 0 0 0 0 0 0 0 0 0 0 0 0 0 0 0 
18822 21550 19228 13525 8268 8853 6243 2724 3198 1818 2065 1546 696 176 576 294 47 0 0 0 0 0 0 0 0 0 0 0 0 0 0 0 
13933 18332 17382 13113 7051 6850 3964 2371 2437 1952 2659 1381 617 379 19 12 32 0 0 0 0 0 0 0 0 0 0 0 0 0 0 0 
14238 17600 18030 12241 7388 7432 3904 2473 2405 2778 1492 674 301 219 208 43 18 0 0 0 0 0 0 0 0 0 0 0 0 0 0 0 
9534 16190 11833 8291 5141 5844 2696 2124 1542 861 1721 1528 575 270 78 19 3 0 0 0 0 0 0 0 0 0 0 0 0 0 0 0 
17372 21700 18428 13296 6259 8340 3997 2900 2609 1096 2985 2031 729 507 350 127 31 0 0 0 0 0 0 0 0 0 0 0 0 0 0 0 
12423 14025 13627 10324 5157 6774 2781 2261 2482 1579 2591 1657 717 253 100 52 14 87 0 0 0 0 0 0 0 0 0 0 0 0 0 0 
12181 15225 11653 8838 4798 4695 2737 2106 1476 1095 2019 1239 421 183 63 21 59 96 0 0 0 0 0 0 0 0 0 0 0 0 0 0 
16699 23919 17846 12389 6926 7127 3469 2774 3077 1590 2137 1573 1116 516 169 85 116 9 0 0 0 0 0 0 0 0 0 0 0 0 0 0 
16523 19073 15614 11152 5539 7641 3634 2510 3203 1384 2526 2083 996 430 128 47 59 106 0 0 0 0 0 0 0 0 0 0 0 0 0 0 
9935 12818 8647 6610 3579 3978 2435 1724 2209 1515 858 913 586 374 48 5 19 0 0 0 0 0 0 0 0 0 0 0 0 0 0 0 
7133 11162 8271 5726 3292 3428 1760 1583 1642 1111 1325 824 454 215 164 106 140 18 0 0 0 0 0 0 0 0 0 0 0 0 0 0 
8610 11746 9727 7131 3347 4187 2500 1742 2323 847 1355 947 431 211 50 17 2 1 0 0 0 0 0 0 0 0 0 0 0 0 0 0 
13875 16849 12606 7708 4557 4697 2956 2034 2861 2516 2337 2726 939 411 139 16 10 3 0 0 0 0 0 0 0 0 0 0 0 0 0 0 
8902 10875 10230 7717 4921 4507 2210 1694 1622 1678 1284 589 255 142 141 15 5 0 0 0 0 0 0 0 0 0 0 0 0 0 0 0 
16128 19213 18268 12675 7720 6944 4845 2854 4219 2780 2112 957 545 523 237 105 45 1 0 0 0 0 0 0 0 0 0 0 0 0 0 0 
8546 9252 9240 6527 3387 3232 2110 1060 1441 473 800 200 297 23 97 4 5 0 0 0 0 0 0 0 0 0 0 0 0 0 0 0 
9751 9191 10100 7652 3460 3924 2613 1684 1972 1430 1597 2073 425 405 101 15 8 50 0 0 0 0 0 0 0 0 0 0 0 0 0 0 
10992 14456 10059 6011 4031 4114 2639 1879 3561 1438 1135 454 665 522 312 52 4 49 0 0 0 0 0 0 0 0 0 0 0 0 0 0 
4181 5259 3576 2945 1296 1197 722 720 728 194 328 88 375 149 21 2 1 8 0 0 0 0 0 0 0 0 0 0 0 0 0 0 
3022 4657 4590 3819 2332 2185 1112 630 922 893 296 202 85 86 33 0 0 0 0 0 0 0 0 0 0 0 0 0 0 0 0 0 
7323 11256 7808 6190 2643 3796 2050 1632 2796 983 710 783 653 395 116 0 6 0 0 0 0 0 0 0 0 0 0 0 0 0 0 0 
7932 11651 8073 5794 3592 3062 2223 1440 1820 1253 603 407 304 240 75 1 6 0 0 0 0 0 0 0 0 0 0 0 0 0 0 0 
10289 14397 12368 8882 6410 5021 2904 1855 2644 1479 1401 910 446 200 101 27 40 1 0 0 0 0 0 0 0 0 0 0 0 0 0 0 
12150 10443 11188 8490 4364 4863 2993 1769 3406 1521 1751 2313 496 264 184 14 24 1 0 0 0 0 0 0 0 0 0 0 0 0 0 0 
3122 5520 3606 2802 1268 1747 896 598 938 513 335 364 68 64 18 9 45 3 0 0 0 0 0 0 0 0 0 0 0 0 0 0 
8187 8044 7101 5911 2752 3498 1677 1246 2159 1096 834 570 347 232 33 1 6 1 0 0 0 0 0 0 0 0 0 0 0 0 0 0 
5559 9720 8385 5263 5984 4968 2043 979 950 2091 316 467 129 271 86 0 73 5 0 0 0 0 0 0 0 0 0 0 0 0 0 0 
10752 12396 11733 8823 6926 5693 3445 1692 1896 2313 1054 650 197 293 278 15 24 29 0 0 0 0 0 0 0 0 0 0 0 0 0 0 
3656 5656 4996 4056 3599 2910 1853 737 335 539 360 455 114 66 33 43 39 0 0 0 0 0 0 0 0 0 0 0 0 0 0 0 
15531 15879 14250 10453 8511 6934 4253 2228 4060 2861 1275 1196 289 401 468 9 56 7 0 0 0 0 0 0 0 0 0 0 0 0 0 0 
8744 8332 8379 5069 4585 3815 1739 1312 657 2786 414 388 183 242 198 2 5 3 0 0 0 0 0 0 0 0 0 0 0 0 0 0 
4089 4672 4366 2692 2969 2210 1286 599 474 918 444 498 81 91 186 18 23 0 0 0 0 0 0 0 0 0 0 0 0 0 0 0 
1482 2020 1064 629 570 214 112 103 451 230 43 33 639 392 9 0 0 0 0 0 0 0 0 0 0 0 0 0 0 0 0 0 
1193 2385 521 279 28 17 17 167 1374 17 108 53 920 480 10 0 0 0 0 0 0 0 0 0 0 0 0 0 0 0 0 0 
