201 0 0 34 0 0 6 0 0 0 93 0 39 34 28 13 3 0 29 189 6 1 0 25 16 17 8 5 0 10 5 12 
143 0 2 24 0 0 3 0 55 0 72 5 26 28 30 2 0 2 28 153 6 0 11 32 11 11 7 0 0 10 6 16 
130 4 14 0 0 0 0 53 0 41 0 0 21 69 22 12 15 0 25 138 0 0 14 20 4 33 15 2 0 2 15 13 
134 0 0 0 0 21 0 19 0 12 0 39 12 17 32 31 19 14 38 137 0 5 9 3 12 20 14 6 4 0 21 13 
128 0 23 0 0 27 61 0 0 4 0 6 0 15 36 32 4 20 16 145 0 28 2 2 6 7 29 0 16 0 8 10 
131 4 69 4 0 0 5 30 0 34 21 0 0 5 0 45 37 11 13 131 17 2 11 24 0 4 24 22 9 0 3 10 
132 12 13 7 0 0 41 14 4 25 14 9 30 25 9 26 0 21 16 137 3 10 23 10 18 14 11 0 7 3 8 13 
135 0 0 0 0 0 23 32 0 46 0 0 6 25 5 65 23 20 14 130 0 4 26 0 2 11 31 16 8 1 6 13 
199 0 0 2 5 0 44 23 8 9 5 0 97 2 59 47 4 18 35 196 0 6 8 2 25 15 22 0 8 0 9 17 
136 4 0 0 57 0 0 9 13 0 5 57 52 5 38 15 8 9 17 136 13 0 2 0 44 19 8 3 0 3 17 11 
134 0 0 2 67 1 0 113 0 0 0 19 2 0 23 16 5 7 9 132 23 36 20 8 2 11 7 4 3 0 4 6 
140 0 0 0 18 55 0 51 0 9 0 0 0 51 21 13 21 9 8 130 4 28 9 0 8 10 21 3 0 0 7 18 
135 0 0 2 3 85 0 4 0 4 0 0 51 0 34 65 4 2 17 134 1 24 2 0 20 0 52 2 0 0 3 18 
128 0 0 18 0 2 0 19 0 0 0 47 9 106 35 16 0 0 13 128 0 1 0 14 40 45 12 0 0 0 13 3 
130 3 0 8 0 0 0 0 6 0 100 0 7 49 36 28 0 0 34 135 1 0 2 36 2 48 10 0 0 13 1 10 
