4358 1029 386 19 0 0 0 0 0 0 4006 754 1216 834 806 918 1762 402 52 288 38 186 160 14 274 46 2 0 0 0 0 0 
3864 681 733 123 0 0 0 0 0 0 3072 516 1204 736 516 1422 1426 490 104 500 14 576 22 66 160 182 14 0 0 0 0 0 
3800 934 259 232 0 0 0 0 0 0 2498 2984 1240 352 492 942 792 66 722 236 132 266 82 0 186 0 2 0 0 0 0 0 
3633 1142 269 256 57 0 0 0 0 0 1950 2934 884 752 824 658 476 168 536 254 526 420 146 120 116 14 26 0 20 2 0 0 
3241 2166 471 121 10 8 0 0 0 0 2882 350 776 2630 902 292 494 420 380 406 834 302 108 128 8 6 28 36 114 26 0 0 
3210 1990 1048 539 15 2 0 0 0 0 2856 196 450 2480 728 950 234 418 1616 286 322 956 98 0 0 32 118 24 2 4 0 0 
3084 1453 1270 744 0 0 0 0 0 0 3148 10 4 1478 874 474 346 920 2458 36 728 488 364 80 2 10 0 0 0 0 0 0 
3241 1435 1278 215 0 0 0 0 0 0 2844 236 1238 770 236 1376 1864 776 506 868 136 280 56 100 12 136 16 0 4 4 0 0 
3590 1511 1173 112 38 8 0 0 0 0 2464 32 1800 1970 46 1390 554 1036 464 464 638 464 310 40 32 24 50 72 4 32 0 0 
3475 891 654 305 158 62 0 0 0 0 3486 626 198 960 540 306 62 1502 188 166 790 368 230 326 40 38 226 146 2 212 0 0 
2941 802 699 420 101 29 0 0 0 0 2212 1391 326 490 440 404 84 1130 200 426 914 700 336 330 62 112 124 192 16 60 0 0 
2969 1767 768 315 334 121 0 0 0 0 2444 354 928 1072 1140 128 562 1426 36 164 720 450 452 590 252 128 234 304 202 34 0 0 
3474 680 1057 686 23 6 0 0 0 0 3064 904 292 484 284 1126 754 492 418 1336 222 418 506 138 216 10 124 50 106 72 0 0 
3571 907 509 369 202 31 0 0 0 0 3890 188 580 1320 874 282 480 542 48 660 240 224 138 400 266 172 136 262 90 4 0 0 
3335 455 392 798 522 158 0 0 0 0 3836 158 220 128 788 10 68 506 118 288 476 770 156 1054 88 300 598 742 208 80 0 0 
3209 1017 253 313 66 47 0 0 0 0 2914 794 558 1126 336 388 160 574 338 418 466 568 122 280 66 2 388 88 10 2 0 0 
3832 1369 349 276 0 0 0 0 0 0 3780 1068 662 1680 872 1004 352 96 430 464 236 282 104 0 2 0 0 36 0 0 0 0 
4071 803 810 288 58 12 0 0 0 0 3786 892 626 918 726 1772 458 592 502 384 426 314 138 26 58 142 72 78 88 76 0 0 
2582 291 410 893 1023 240 0 0 0 0 2646 0 246 242 60 58 76 296 214 338 426 800 266 1400 160 770 504 926 370 272 0 0 
3323 983 265 625 799 114 0 0 0 0 3608 72 534 306 1468 8 0 584 160 412 450 770 26 780 22 888 162 450 312 196 0 0 
2897 796 178 374 166 84 0 0 0 0 3222 254 140 476 1250 30 60 448 296 324 388 772 116 446 88 18 190 202 182 104 0 0 
2723 612 972 446 21 3 0 0 0 0 2386 210 31 1004 638 762 652 58 1014 244 494 872 102 262 184 206 42 14 124 122 0 0 
2690 1147 763 633 53 64 0 0 0 0 2222 308 218 1398 418 420 1242 386 892 52 450 216 388 112 156 326 28 42 484 140 0 0 
2949 2092 1019 442 7 3 0 0 0 0 2022 770 762 1078 2098 682 1032 550 1032 248 510 612 80 20 26 54 2 14 104 4 0 0 
3406 1341 233 514 129 0 0 0 0 0 2556 1406 1214 158 1426 680 142 48 702 238 626 192 232 404 92 238 190 22 100 18 0 0 
3189 241 420 421 124 25 0 0 0 0 3579 660 18 0 391 646 76 42 472 274 224 352 212 464 326 680 136 80 392 264 0 0 
3461 50 288 792 354 178 0 0 0 0 3624 1096 53 0 2 398 68 244 282 224 196 589 112 86 432 530 252 152 1244 520 0 0 
3475 796 640 497 12 15 0 0 0 0 3232 1270 702 188 782 244 490 212 512 108 578 1328 508 12 82 72 2 136 64 30 0 0 
3121 1170 360 881 82 36 0 0 0 0 2294 1102 1296 78 794 222 80 174 780 274 1504 1138 422 26 26 324 96 200 54 2 0 0 
2454 1307 394 1147 667 135 0 0 0 0 2204 8 82 476 1242 418 254 24 556 662 404 344 894 592 142 576 546 422 294 376 0 0 
3413 1431 45 542 39 0 0 0 0 0 3114 1264 692 946 994 40 324 186 230 1068 226 636 316 0 0 220 0 2 0 0 0 0 
3296 667 361 831 188 202 0 0 0 0 3376 857 436 308 390 116 166 690 418 534 359 739 150 282 154 124 292 76 668 394 0 0 
2673 355 501 637 1092 490 0 0 0 0 2538 522 82 150 226 84 528 656 298 350 291 550 102 594 942 420 578 666 930 346 0 0 
3208 860 922 223 41 35 0 0 0 0 3756 318 24 684 590 92 1240 1270 294 234 360 404 16 486 4 258 34 104 94 0 0 0 
3764 1374 714 124 1 8 0 0 0 0 3576 1074 420 718 1406 1476 482 760 444 56 590 566 54 56 0 54 38 24 6 0 0 0 
3583 688 744 249 19 0 0 0 0 0 3518 898 170 610 794 456 194 1376 568 310 630 560 300 36 48 18 76 32 2 0 0 0 
3989 280 774 135 98 7 0 0 0 0 3370 2468 650 44 84 290 994 716 736 454 22 16 46 474 224 60 228 0 28 2 0 0 
3869 571 796 70 245 8 0 0 0 0 2950 2212 708 228 408 322 668 928 358 496 162 162 56 622 422 112 118 4 74 0 0 0 
3483 1350 202 209 58 0 0 0 0 0 3424 526 918 1740 916 352 338 376 1100 310 296 210 18 42 142 16 12 84 2 0 0 0 
2667 891 578 1114 234 46 0 0 0 0 2370 202 88 208 1068 116 228 470 902 788 1230 1026 200 210 650 134 100 200 228 16 0 0 
2858 1116 605 200 3 0 0 0 0 0 2568 652 112 28 2228 170 488 1050 540 848 226 66 56 14 0 0 0 0 0 0 0 0 
3262 641 985 96 0 0 0 0 0 0 2596 726 718 468 603 1304 1482 584 364 282 348 192 124 0 424 50 0 0 0 0 0 0 
2467 1875 724 212 0 0 0 0 0 0 2370 34 174 1640 1296 192 1094 1034 706 66 98 732 48 16 146 6 42 2 20 0 0 0 
2590 923 1565 422 2 42 0 0 0 0 1930 478 402 492 1056 606 1538 1176 596 228 380 576 140 204 20 64 24 140 116 52 0 0 
3725 1463 522 290 5 0 0 0 0 0 2644 732 938 1184 1492 1450 550 706 112 224 732 248 298 8 66 92 152 6 4 74 0 0 
3828 1316 205 169 5 0 0 0 0 0 3826 876 482 1616 1426 804 196 110 532 64 580 186 114 4 80 54 0 6 2 16 0 0 
2953 1292 515 461 113 30 0 0 0 0 2394 248 766 1190 1094 792 126 526 620 782 816 178 246 4 112 54 34 192 46 10 0 0 
2696 338 175 813 286 19 0 0 0 0 2240 476 434 140 474 44 64 276 960 646 522 132 502 484 298 66 552 112 132 64 0 0 
3046 616 261 587 493 16 0 0 0 0 2286 186 1202 42 1012 14 24 566 552 576 652 586 436 358 814 80 256 118 118 12 0 0 
2798 1885 396 484 88 6 0 0 0 0 2354 320 1542 1312 918 2 412 618 902 392 618 404 520 60 76 2 140 76 98 2 0 0 
3391 1656 102 170 4 0 0 0 0 0 2594 1600 1908 846 1054 196 364 360 294 636 232 248 170 2 0 4 72 4 0 0 0 0 
3111 664 301 734 383 1 0 0 0 0 2206 1860 218 400 736 38 122 502 324 1114 428 168 940 130 134 342 478 90 0 130 0 0 
2390 994 327 1969 409 0 0 0 0 0 1812 2 288 462 468 362 2 122 2640 460 1560 684 112 838 452 32 28 190 126 208 0 0 
2537 611 1374 833 368 88 0 0 0 0 2096 140 190 84 920 1212 176 254 624 1028 296 656 298 444 256 94 382 976 372 68 0 0 
2986 309 1284 811 598 107 0 0 0 0 2414 542 232 22 432 1180 168 422 574 736 298 790 898 260 356 220 196 736 446 22 0 0 
3016 349 1259 819 676 65 0 0 0 0 2816 148 134 16 684 514 178 734 1088 358 160 324 994 628 334 176 230 606 470 136 0 0 
2678 776 1375 1457 677 80 0 0 0 0 1672 566 378 114 472 418 324 982 1180 850 436 480 416 282 174 252 966 1152 440 316 0 0 
3282 457 786 556 385 62 0 0 0 0 2488 1518 290 450 220 146 306 422 642 598 20 280 382 614 156 274 150 748 678 180 0 0 
2876 531 661 679 824 209 0 0 0 0 2448 300 64 718 734 156 294 220 194 436 0 154 546 484 354 894 882 954 678 30 0 0 
3578 1034 293 150 70 0 0 0 0 0 2792 1304 492 1398 1262 296 398 102 194 618 24 156 262 88 118 504 336 146 50 4 0 0 
2966 934 126 385 1240 20 0 0 0 0 2244 490 1116 1034 492 492 154 624 20 110 112 130 554 376 1462 178 236 286 610 98 0 0 
3233 1228 430 214 4 0 0 0 0 0 2306 1418 706 816 946 864 720 718 224 472 130 488 264 84 160 8 30 30 30 0 0 0 
