1008 569 688 653 818 690 670 649 620 660 705 238 0 0 0 0 0 0 0 0 0 0 0 0 0 0 0 0 0 0 0 0 
1229 958 827 944 906 810 999 802 891 802 860 268 0 0 0 0 0 0 0 0 0 0 0 0 0 0 0 0 0 0 0 0 
869 566 542 621 664 665 612 543 553 525 572 185 0 0 0 0 0 0 0 0 0 0 0 0 0 0 0 0 0 0 0 0 
1203 793 885 967 1128 892 1019 834 778 830 817 242 0 0 0 0 0 0 0 0 0 0 0 0 0 0 0 0 0 0 0 0 
1035 688 621 638 614 638 603 612 633 534 571 187 0 0 0 0 0 0 0 0 0 0 0 0 0 0 0 0 0 0 0 0 
1343 924 758 790 826 857 901 819 799 691 786 219 0 0 0 0 0 0 0 0 0 0 0 0 0 0 0 0 0 0 0 0 
1352 760 753 898 905 760 897 840 776 903 816 277 0 0 0 0 0 0 0 0 0 0 0 0 0 0 0 0 0 0 0 0 
1630 1115 1157 1174 1391 1122 1267 1132 1035 1116 1132 361 0 0 0 0 0 0 0 0 0 0 0 0 0 0 0 0 0 0 0 0 
1381 933 876 927 961 1027 951 921 935 915 891 319 0 0 0 0 0 0 0 0 0 0 0 0 0 0 0 0 0 0 0 0 
942 432 544 591 799 576 703 654 468 685 671 202 0 0 0 0 0 0 0 0 0 0 0 0 0 0 0 0 0 0 0 0 
1176 812 855 804 995 894 954 794 727 905 827 284 0 0 0 0 0 0 0 0 0 0 0 0 0 0 0 0 0 0 0 0 
912 549 589 627 559 578 677 540 540 561 453 198 0 0 0 0 0 0 0 0 0 0 0 0 0 0 0 0 0 0 0 0 
1030 636 735 768 932 690 785 688 692 690 715 262 0 0 0 0 0 0 0 0 0 0 0 0 0 0 0 0 0 0 0 0 
1389 815 822 895 916 811 831 839 803 865 753 305 0 0 0 0 0 0 0 0 0 0 0 0 0 0 0 0 0 0 0 0 
844 607 547 630 674 620 575 548 586 607 532 214 0 0 0 0 0 0 0 0 0 0 0 0 0 0 0 0 0 0 0 0 
