63 22 17 32 19 20 17 17 19 7 15 11 13 10 14 10 8 14 4 15 10 7 4 9 4 12 7 8 8 8 5 0 
40 3 2 5 2 5 1 3 4 0 3 1 2 3 4 0 1 1 0 2 5 4 1 2 4 3 0 1 1 1 3 0 
18 6 2 6 5 6 8 3 3 3 3 2 3 4 3 6 4 0 0 2 4 1 2 0 2 3 5 2 2 2 3 0 
11 4 4 5 2 4 5 2 5 3 9 15 4 0 0 1 4 0 4 1 1 1 3 5 4 2 7 0 1 4 2 0 
52 33 8 22 22 6 5 10 16 17 11 10 4 6 13 2 7 0 4 5 9 6 3 6 5 8 6 12 6 4 1 0 
62 38 10 21 16 9 12 11 10 16 8 3 11 11 10 8 2 4 3 4 18 6 8 7 7 3 10 8 12 14 7 0 
66 26 27 23 23 26 8 11 19 14 17 15 9 15 16 13 14 15 13 15 11 7 10 15 10 9 16 18 17 16 11 0 
0 0 0 2 0 0 0 0 1 0 0 0 2 0 0 0 0 0 0 0 0 0 0 0 0 0 0 0 0 0 0 0 
20 5 4 4 3 0 0 3 3 0 2 4 3 1 1 1 0 3 0 0 2 1 0 2 3 1 1 1 1 1 3 0 
24 22 4 14 8 9 4 4 13 7 6 6 8 10 3 9 7 3 3 5 5 5 7 4 10 2 3 2 6 5 5 0 
12 11 7 16 8 9 7 2 6 2 1 1 6 2 8 1 2 6 1 4 5 1 0 1 6 4 4 3 1 1 2 0 
12 2 0 2 0 1 2 2 2 2 1 2 5 0 1 4 1 0 0 1 0 0 1 1 0 0 0 0 0 1 0 0 
66 15 9 17 12 9 10 8 12 4 3 7 7 8 4 3 8 10 4 4 11 5 6 7 4 11 7 8 5 9 4 0 
34 4 11 5 7 7 8 3 3 4 2 5 4 8 2 5 4 4 6 1 3 4 5 3 2 6 8 7 6 7 0 0 
97 37 29 27 23 20 18 23 22 18 14 19 15 13 18 10 12 13 7 8 8 11 8 9 3 7 9 15 16 18 6 0 
31 6 2 4 6 4 4 6 6 4 8 3 11 4 5 4 5 6 2 3 4 4 6 6 1 3 4 4 4 4 4 0 
31 21 6 5 8 3 3 9 2 4 4 6 7 5 7 8 5 5 5 4 9 3 2 9 4 7 5 0 4 1 1 0 
28 12 4 10 11 6 5 6 3 4 7 3 8 6 3 3 2 2 2 3 2 4 2 1 5 2 2 1 5 2 1 0 
38 8 11 2 1 7 4 5 9 5 4 6 6 1 0 3 4 4 5 3 4 3 0 7 3 1 3 3 0 4 0 0 
64 17 22 13 13 12 5 14 18 14 15 19 14 9 7 8 12 8 10 3 7 4 2 8 6 7 7 3 5 6 0 0 
9 5 1 5 5 5 2 2 2 3 5 6 1 2 1 3 1 1 0 0 1 0 3 1 2 1 2 2 1 1 0 0 
38 3 9 9 6 3 9 6 3 6 6 4 9 4 4 1 5 6 5 1 3 2 3 2 3 4 8 5 1 7 5 0 
19 22 5 3 2 7 5 3 8 6 4 3 8 6 2 3 6 4 3 4 1 2 4 2 6 2 4 3 2 4 1 0 
16 17 11 5 5 8 6 7 4 3 1 4 2 8 4 4 7 4 1 2 5 0 3 1 2 1 2 2 2 0 1 0 
55 18 12 19 12 17 2 16 16 14 11 13 11 4 14 4 9 8 2 4 4 9 9 4 1 6 7 11 6 4 5 0 
0 7 4 1 0 0 0 2 0 1 1 2 0 0 0 0 3 1 1 1 1 1 0 1 1 0 0 0 0 1 2 0 
16 9 5 3 4 7 3 3 4 6 5 4 3 6 4 2 1 3 1 1 3 1 3 3 3 2 1 5 2 2 0 0 
11 4 0 1 1 1 0 0 4 1 1 1 0 0 0 0 1 2 2 0 1 0 0 0 1 1 2 1 0 0 1 0 
23 7 3 9 6 6 3 1 2 2 3 0 1 1 3 0 5 1 1 0 4 0 4 0 1 2 0 2 2 1 0 0 
69 13 24 24 11 12 12 5 10 8 8 8 9 7 14 5 5 5 7 8 5 6 2 9 4 8 3 6 2 11 2 0 
21 7 6 8 2 3 3 1 5 3 4 1 3 2 6 0 2 4 2 2 1 0 4 2 3 1 2 1 1 4 1 0 
22 5 3 3 4 3 1 3 1 7 0 2 4 0 7 5 5 7 1 1 8 2 6 1 2 1 1 1 2 5 3 0 
25 13 8 8 11 12 3 5 5 9 7 2 2 3 2 3 5 3 6 2 7 6 1 2 4 3 1 7 3 8 2 0 
11 9 5 1 5 1 5 2 4 4 3 2 3 0 2 3 6 2 2 3 3 5 2 3 5 4 1 5 3 1 1 0 
33 5 6 8 2 4 7 5 4 4 3 2 3 3 3 1 6 2 2 3 5 1 3 5 5 4 2 0 2 1 0 0 
42 26 10 10 18 16 9 8 14 11 6 16 24 14 14 11 3 9 3 15 9 6 9 8 8 9 10 2 15 9 2 0 
13 21 14 11 14 15 7 10 3 13 4 7 7 3 3 8 1 6 4 4 5 4 9 9 4 7 6 11 5 4 1 0 
60 25 13 5 13 6 4 7 4 9 12 8 10 9 9 7 5 14 5 6 7 8 2 8 7 9 7 7 5 3 1 0 
9 7 3 9 1 12 2 2 4 2 2 3 1 5 2 4 4 5 1 1 2 1 0 1 4 1 4 0 1 5 1 0 
19 2 3 0 0 0 1 1 1 1 3 6 1 1 0 1 0 1 2 1 1 0 1 2 1 2 0 1 0 0 0 0 
31 17 17 9 18 14 3 9 10 5 4 5 8 5 3 2 7 11 2 3 4 3 10 4 3 4 9 7 7 8 4 0 
29 14 9 10 10 9 9 4 14 12 6 3 6 6 13 5 6 3 5 4 15 5 2 6 8 3 9 1 6 6 3 0 
74 14 15 9 11 17 6 7 27 11 10 5 16 4 12 13 8 13 8 15 6 15 12 11 11 7 14 11 13 10 6 0 
20 5 1 2 4 2 2 5 2 4 2 4 4 2 4 2 4 1 1 0 1 1 0 2 0 2 0 1 2 2 2 0 
43 12 8 18 14 8 2 10 7 4 8 11 6 5 8 3 5 3 3 2 4 5 2 4 3 7 5 5 4 3 2 0 
10 3 1 1 3 3 2 2 3 4 3 2 4 3 0 3 3 0 2 2 3 3 2 1 3 2 0 2 1 1 4 0 
15 6 7 1 3 5 1 5 2 1 1 3 2 0 2 3 1 2 3 2 0 4 1 2 2 4 2 2 1 1 1 0 
18 17 13 8 10 11 11 8 7 10 6 5 4 8 2 3 2 10 1 3 6 7 3 2 3 4 4 7 7 2 2 0 
32 2 11 5 11 8 1 21 6 3 4 4 4 4 3 8 3 5 3 7 8 4 5 5 7 6 4 9 3 8 3 0 
14 15 17 5 10 9 3 7 9 10 7 6 4 2 7 3 4 2 3 3 6 3 2 2 4 1 3 4 3 6 4 0 
68 29 21 13 19 29 23 19 15 13 13 8 16 14 9 23 8 9 7 7 9 9 12 6 12 5 9 8 9 16 10 0 
91 21 15 20 6 16 15 8 10 15 12 13 13 9 9 5 9 9 10 11 7 11 7 15 8 8 14 17 14 18 6 0 
42 15 8 10 16 12 15 5 9 19 10 8 7 6 14 9 6 8 2 4 13 5 3 5 12 4 7 8 11 7 5 0 
25 11 16 12 16 11 5 27 16 6 10 8 6 14 6 5 6 3 10 10 3 6 1 11 9 6 2 7 13 3 3 0 
29 9 1 7 8 4 9 7 6 1 5 11 2 3 10 4 3 8 4 8 5 5 6 5 6 2 4 6 4 5 6 0 
74 17 6 15 15 10 11 16 7 12 5 10 8 10 7 10 2 7 6 6 6 8 3 3 2 4 8 6 11 6 5 0 
27 5 4 9 4 6 2 3 4 4 5 10 5 4 3 2 6 4 5 8 5 4 3 5 1 3 2 4 6 5 2 0 
19 4 2 3 4 1 5 3 5 8 6 6 5 4 2 5 6 5 5 7 4 1 4 4 4 3 2 5 2 3 1 0 
21 11 5 6 7 8 4 7 6 10 4 6 5 0 5 5 3 6 5 3 4 3 1 4 2 4 3 3 2 7 0 0 
60 31 22 19 17 20 10 20 11 14 15 18 12 10 15 20 10 17 9 9 14 7 17 6 15 10 15 13 12 10 8 0 
99 16 20 25 25 12 8 13 20 19 13 10 13 10 6 13 12 18 11 15 10 11 12 22 11 8 7 13 8 10 8 0 
72 14 9 16 9 16 15 8 11 16 14 2 15 7 10 18 6 9 9 8 8 4 9 5 20 5 11 10 9 15 11 0 
