0 67 41 17 21 9 8 7 11 24 9 20 15 7 24 26 20 9 34 21 18 21 32 22 40 20 24 49 0 0 0 0 
0 117 108 91 112 70 69 79 55 98 72 85 57 68 98 107 75 75 113 101 99 160 127 95 147 124 140 138 0 0 0 0 
0 128 135 96 148 84 70 77 83 114 100 102 67 94 103 137 89 95 131 121 117 152 155 126 169 163 163 166 0 0 0 0 
0 12 13 20 14 11 7 18 8 11 9 14 14 12 16 21 12 18 20 20 27 27 24 14 24 24 15 29 0 0 0 0 
0 82 75 73 89 67 59 53 56 72 61 59 41 57 63 73 62 55 65 70 75 92 85 61 100 93 90 79 0 0 0 0 
0 75 103 84 103 65 45 70 78 105 98 71 77 74 94 115 78 71 108 93 111 141 144 116 179 151 149 167 0 0 0 0 
0 95 110 88 98 59 78 62 93 72 99 100 51 82 84 107 59 92 111 92 110 172 122 117 143 114 132 134 0 0 0 0 
0 101 85 87 76 64 58 78 51 67 53 74 56 55 74 77 64 75 76 87 77 111 97 70 110 111 106 118 0 0 0 0 
0 142 155 117 121 90 116 109 104 96 97 137 83 107 120 109 161 110 96 150 140 164 148 129 147 161 126 128 0 0 0 0 
0 57 68 78 102 96 85 84 70 91 99 54 59 66 56 78 96 89 79 63 89 80 83 74 94 81 84 79 0 0 0 0 
0 66 64 75 82 80 73 61 77 56 98 45 40 48 55 60 67 68 61 64 65 66 76 54 80 102 64 68 0 0 0 0 
0 89 116 89 64 53 75 82 66 64 48 64 28 62 71 38 89 57 31 65 94 50 60 30 70 94 59 40 0 0 0 0 
0 99 182 130 104 87 75 91 81 114 107 91 94 83 91 121 122 82 78 100 109 121 144 144 164 178 149 105 0 0 0 0 
0 33 36 63 62 76 99 93 62 65 93 58 40 42 59 51 96 86 83 50 76 79 77 69 98 69 63 79 0 0 0 0 
0 99 164 106 81 58 97 102 91 89 87 96 63 99 115 84 127 73 82 94 114 89 102 102 116 146 121 98 0 0 0 0 
0 137 144 120 132 121 115 93 81 95 96 72 95 71 92 88 113 56 77 55 94 97 64 72 124 114 144 65 0 0 0 0 
0 103 166 138 102 104 90 74 99 124 110 79 94 111 101 126 124 78 117 116 102 90 150 145 152 186 157 163 0 0 0 0 
0 91 138 112 87 80 64 65 77 93 87 57 64 61 77 95 84 56 88 86 94 114 113 152 146 166 144 104 0 0 0 0 
0 81 111 59 68 43 48 32 56 55 51 30 36 39 62 55 53 44 46 38 74 75 70 68 59 72 54 67 0 0 0 0 
0 48 43 20 21 24 18 22 21 21 12 13 15 32 9 23 32 20 14 17 32 17 22 18 27 41 26 22 0 0 0 0 
0 26 22 13 11 14 8 21 9 7 13 19 17 19 12 4 11 8 25 9 7 22 26 7 17 8 9 92 0 0 0 0 
0 37 3 17 12 4 4 1 0 17 1 11 4 5 24 9 6 0 6 7 0 15 17 3 17 4 13 53 0 0 0 0 
0 66 60 50 52 27 46 26 41 30 25 47 16 28 47 49 23 43 34 48 42 71 47 44 44 51 45 48 0 0 0 0 
0 23 22 23 20 24 19 22 29 20 50 21 21 11 24 39 21 30 21 27 29 33 26 43 18 45 17 18 0 0 0 0 
0 88 116 84 96 63 91 79 91 98 97 170 102 115 136 121 192 122 133 160 163 184 164 177 178 190 148 169 0 0 0 0 
0 83 49 52 56 66 72 42 49 50 40 67 62 61 56 57 90 51 46 62 71 93 60 72 98 89 73 70 0 0 0 0 
0 62 91 71 61 42 39 49 60 55 54 36 41 34 53 60 57 36 55 56 60 70 77 84 91 91 87 67 0 0 0 0 
0 104 106 60 65 49 48 40 62 74 59 39 52 75 51 56 70 37 84 80 85 50 88 79 85 124 115 91 0 0 0 0 
0 163 131 67 53 71 68 61 33 78 53 59 32 66 47 48 52 34 27 57 42 42 54 17 36 37 35 16 0 0 0 0 
0 12 10 4 7 7 3 13 5 11 11 5 11 14 8 3 7 1 15 4 4 8 14 2 17 0 4 51 0 0 0 0 
0 3 12 2 2 2 2 2 0 3 2 7 12 6 5 0 6 1 7 2 0 8 31 0 7 4 2 61 0 0 0 0 
0 69 74 77 55 54 45 48 59 80 58 63 47 58 66 83 66 43 74 70 56 67 106 112 107 130 108 143 0 0 0 0 
0 99 100 87 85 70 73 72 86 91 94 76 62 80 100 92 101 87 88 100 95 141 99 126 94 125 97 104 0 0 0 0 
0 103 94 54 62 46 43 45 51 78 54 42 41 68 54 54 74 37 81 65 109 60 99 79 88 127 111 101 0 0 0 0 
0 93 105 47 47 46 51 61 47 60 56 64 42 50 49 50 65 47 46 58 88 76 74 43 70 64 65 51 0 0 0 0 
0 118 134 85 60 72 53 71 56 86 66 63 45 78 59 52 51 45 53 68 62 61 76 34 53 48 51 46 0 0 0 0 
0 95 83 40 39 40 38 44 30 50 39 34 24 42 28 27 38 20 25 31 38 32 32 18 23 24 18 51 0 0 0 0 
0 5 12 10 13 7 5 9 5 7 7 16 12 12 16 11 10 9 17 9 10 20 23 6 20 17 11 38 0 0 0 0 
0 19 7 3 11 3 1 2 2 5 1 11 3 7 15 3 4 5 0 4 2 7 2 9 7 12 3 6 0 0 0 0 
0 139 170 131 121 101 94 88 100 107 90 114 85 90 117 89 102 98 97 108 106 116 118 94 90 91 89 82 0 0 0 0 
0 63 124 78 58 54 57 78 50 81 81 85 50 78 82 66 93 66 44 90 92 82 85 56 68 66 73 64 0 0 0 0 
0 34 56 52 60 29 51 51 49 65 45 70 39 67 60 71 57 41 58 45 57 81 82 65 72 110 95 89 0 0 0 0 
0 151 128 114 133 89 90 89 82 111 71 88 66 83 89 98 90 68 100 97 104 111 112 58 131 126 112 95 0 0 0 0 
0 60 72 43 66 57 57 61 67 58 65 29 31 41 41 46 66 66 41 45 56 68 66 63 59 72 56 56 0 0 0 0 
0 88 110 127 104 91 115 97 96 118 120 106 64 114 113 80 127 101 93 114 137 143 131 89 171 151 142 137 0 0 0 0 
0 73 102 73 46 38 59 67 55 39 32 43 30 52 65 32 78 47 39 36 67 48 37 28 46 53 32 16 0 0 0 0 
0 56 71 58 44 63 52 40 40 65 46 29 41 34 30 42 49 26 32 37 44 46 42 56 74 82 66 30 0 0 0 0 
0 43 47 43 30 31 27 23 34 32 39 31 22 33 39 48 44 24 58 37 40 30 50 63 48 73 65 79 0 0 0 0 
0 14 17 19 17 9 12 13 9 9 8 18 12 25 14 14 9 14 14 8 8 23 19 15 15 23 26 22 0 0 0 0 
0 47 56 51 22 25 27 14 21 11 6 25 4 24 31 12 9 20 13 19 22 22 16 7 9 13 21 25 0 0 0 0 
0 78 50 44 48 46 40 34 37 52 40 74 43 48 58 58 74 62 54 91 57 103 73 120 75 94 87 75 0 0 0 0 
0 20 10 20 9 15 17 23 9 10 6 6 9 13 6 6 11 5 6 9 9 10 3 3 16 7 7 2 0 0 0 0 
0 79 103 88 56 61 62 64 82 92 83 80 69 75 88 112 80 62 101 96 70 78 115 125 115 149 133 197 0 0 0 0 
0 56 63 55 49 36 40 38 63 72 53 61 36 60 64 71 58 47 90 75 67 72 120 106 71 101 128 147 0 0 0 0 
0 76 60 20 26 24 25 25 32 23 33 25 25 26 32 33 51 28 34 27 73 46 49 33 57 50 59 53 0 0 0 0 
0 88 82 23 40 25 31 35 48 37 45 22 37 38 32 40 37 20 26 44 48 32 45 21 42 40 37 43 0 0 0 0 
0 157 121 53 63 63 53 51 30 71 46 62 21 43 32 28 38 25 21 52 43 43 49 17 36 32 37 22 0 0 0 0 
0 113 110 88 95 58 48 65 66 56 53 53 40 49 56 46 51 47 41 51 45 69 53 46 44 34 42 41 0 0 0 0 
0 118 144 118 90 94 94 84 104 97 73 62 78 79 85 86 76 73 87 79 86 89 96 76 83 102 78 104 0 0 0 0 
0 98 132 88 71 77 49 54 60 86 55 32 66 60 53 69 70 41 58 56 63 67 76 111 105 141 104 47 0 0 0 0 
0 64 92 76 50 62 47 40 56 67 64 59 53 59 69 79 73 41 83 73 65 62 84 114 109 131 112 107 0 0 0 0 
0 21 26 25 25 5 17 26 14 13 16 23 15 49 22 26 21 25 17 15 14 33 36 29 22 39 45 34 0 0 0 0 
0 27 31 40 18 16 15 24 16 30 18 22 12 37 22 14 22 30 21 24 19 32 22 20 23 36 35 15 0 0 0 0 
0 45 28 31 31 38 19 22 15 20 27 15 19 19 17 14 29 20 8 23 21 15 15 28 26 27 30 13 0 0 0 0 
0 47 41 18 22 13 15 26 23 24 26 15 20 28 17 11 14 13 9 22 15 17 17 10 18 11 9 14 0 0 0 0 
0 88 92 69 73 47 62 59 57 71 93 89 89 60 78 77 79 81 73 84 85 127 67 81 95 86 74 67 0 0 0 0 
0 67 81 54 40 40 40 45 67 63 65 44 52 63 72 79 81 61 106 81 98 64 80 122 101 147 123 171 0 0 0 0 
0 41 54 44 42 29 28 23 35 42 42 31 35 37 43 44 42 28 64 42 40 30 47 56 34 55 59 91 0 0 0 0 
0 5 11 22 8 3 6 17 2 3 8 4 4 25 9 6 11 15 15 5 5 25 18 1 17 15 9 1 0 0 0 0 
0 145 110 103 108 63 91 65 85 83 123 120 140 67 104 116 65 101 77 76 97 197 81 102 107 92 87 85 0 0 0 0 
0 86 138 106 86 71 82 77 86 93 129 103 110 91 113 116 91 102 116 103 104 146 115 125 115 131 126 137 0 0 0 0 
0 88 114 103 87 73 73 53 87 98 87 83 76 107 105 105 100 74 143 107 93 65 126 127 101 153 138 211 0 0 0 0 
0 134 101 108 95 53 84 57 64 84 121 118 139 52 87 107 37 92 84 51 89 188 74 88 81 85 67 55 0 0 0 0 
0 153 150 136 124 88 114 72 101 118 167 142 188 96 119 151 76 122 135 96 120 210 122 139 104 132 114 120 0 0 0 0 
0 77 87 69 63 59 65 43 77 78 83 65 71 87 81 85 87 68 126 96 87 55 126 124 96 151 129 176 0 0 0 0 
0 12 22 11 8 9 10 10 7 8 10 16 7 18 10 20 7 16 19 10 20 29 23 23 31 26 24 25 0 0 0 0 
0 83 75 67 76 39 54 36 69 45 71 76 46 65 83 80 46 71 96 66 85 120 96 81 98 103 83 106 0 0 0 0 
0 39 33 46 55 40 39 31 38 37 42 28 24 40 35 38 49 52 43 34 58 48 45 32 47 34 47 53 0 0 0 0 
0 127 77 166 102 106 83 87 78 94 79 86 61 67 82 58 86 93 78 84 88 83 100 55 99 129 84 68 0 0 0 0 
0 171 134 157 161 134 119 121 85 103 122 85 89 64 124 79 127 77 85 58 99 96 93 52 118 132 169 72 0 0 0 0 
0 156 167 109 149 113 116 114 71 98 117 93 90 71 133 80 133 63 82 66 96 116 90 60 104 111 161 80 0 0 0 0 
0 144 219 146 111 95 88 71 70 104 77 64 53 77 93 66 70 62 59 61 77 78 78 61 53 68 55 55 0 0 0 0 
0 28 17 9 20 25 12 35 19 25 14 22 17 32 26 10 16 11 11 9 4 32 17 14 14 8 13 30 0 0 0 0 
0 76 94 76 67 35 69 50 61 62 61 89 40 64 88 68 86 65 78 88 105 112 75 97 110 108 91 80 0 0 0 0 
0 98 73 77 61 34 64 29 37 49 37 41 27 66 37 34 39 35 59 44 72 72 57 87 79 107 76 65 0 0 0 0 
0 41 51 42 19 23 17 28 13 23 23 21 20 33 24 16 24 15 31 27 27 34 63 20 37 26 26 82 0 0 0 0 
0 42 26 6 19 0 13 7 10 10 11 10 14 18 21 4 18 14 18 4 27 26 13 5 23 19 27 9 0 0 0 0 
0 33 33 37 31 31 35 25 35 26 40 22 21 22 25 20 28 26 28 25 26 42 35 30 27 34 26 38 0 0 0 0 
0 53 65 84 93 52 64 69 60 80 90 84 61 89 78 79 83 69 95 75 95 151 113 111 134 123 129 105 0 0 0 0 
0 48 50 84 64 31 60 22 35 31 23 44 13 69 41 42 54 55 103 28 60 40 30 77 51 42 58 51 0 0 0 0 
0 48 43 23 33 29 20 14 22 40 12 8 28 31 18 10 26 13 21 22 32 20 28 37 37 60 43 26 0 0 0 0 
0 55 94 66 49 36 41 45 43 62 40 47 45 37 28 56 36 26 32 54 29 49 60 56 79 77 65 47 0 0 0 0 
0 71 79 44 57 33 33 37 36 57 36 57 34 51 38 52 74 41 61 80 93 79 90 58 90 77 86 95 0 0 0 0 
0 16 10 11 9 15 12 10 13 5 12 11 4 25 8 9 6 10 7 10 10 17 14 20 11 11 9 1 0 0 0 0 
0 37 25 21 45 33 12 18 19 21 22 14 16 12 18 26 22 19 9 34 19 13 17 46 21 31 47 12 0 0 0 0 
0 44 40 24 39 29 30 24 41 30 33 51 45 44 40 45 62 39 50 56 50 69 54 66 66 74 62 60 0 0 0 0 
0 40 30 18 17 18 15 10 20 14 17 8 14 20 18 26 21 20 15 19 31 35 26 39 23 50 21 26 0 0 0 0 
0 68 91 70 63 51 52 37 66 70 72 56 56 73 77 76 75 50 121 82 74 43 94 105 76 106 107 166 0 0 0 0 
0 80 55 68 59 36 52 38 40 46 75 75 82 34 51 75 25 61 50 44 57 116 41 50 44 52 41 48 0 0 0 0 
0 46 25 53 29 34 23 27 33 25 25 19 16 22 26 23 23 24 19 17 23 19 32 15 27 37 19 12 0 0 0 0 
0 39 48 32 45 29 41 46 29 41 35 60 42 54 53 44 66 45 45 50 65 62 58 52 72 79 56 56 0 0 0 0 
0 17 7 0 2 4 3 2 2 6 2 1 0 0 2 0 4 3 2 6 1 3 3 2 2 0 0 3 0 0 0 0 
0 12 15 8 22 8 7 36 0 9 0 9 7 11 7 12 20 3 15 3 0 15 13 32 3 10 12 10 0 0 0 0 
0 35 39 71 44 27 52 38 13 23 8 15 26 29 22 27 45 15 50 8 21 22 15 39 25 21 33 17 0 0 0 0 
0 25 32 40 19 11 36 23 19 16 13 16 17 21 19 10 29 14 28 18 31 17 15 17 26 31 19 24 0 0 0 0 
0 26 31 12 23 5 16 13 15 14 7 42 16 25 7 17 9 19 15 17 15 22 21 17 16 19 11 25 0 0 0 0 
0 16 16 10 40 9 13 22 14 40 16 6 14 16 8 12 42 14 20 29 26 24 32 21 13 12 10 32 0 0 0 0 
0 42 70 40 29 27 30 26 25 41 24 30 16 33 19 25 30 29 21 47 37 64 54 50 41 58 53 50 0 0 0 0 
0 27 13 15 12 12 6 5 10 14 23 18 5 9 6 12 14 14 23 23 8 16 16 17 36 34 34 27 0 0 0 0 
0 44 34 24 39 28 30 20 23 31 31 41 28 32 34 32 48 31 43 44 36 45 42 49 46 52 36 46 0 0 0 0 
0 29 16 18 47 6 17 52 44 11 17 15 12 31 20 8 20 18 24 8 6 28 20 21 5 25 18 8 0 0 0 0 
0 10 7 7 17 6 6 25 0 8 0 7 9 11 12 9 19 4 14 1 1 15 14 21 4 12 12 8 0 0 0 0 
0 17 24 35 31 14 34 31 7 9 5 37 14 24 13 23 33 14 39 7 13 20 13 38 12 15 28 19 0 0 0 0 
0 34 48 13 25 5 18 16 19 15 7 55 9 28 6 22 8 16 15 18 17 20 26 14 13 16 11 20 0 0 0 0 
0 38 30 24 24 19 15 11 16 11 18 9 8 9 11 16 16 18 13 17 24 47 26 42 26 47 27 18 0 0 0 0 
0 26 48 32 37 36 34 28 27 30 29 49 31 41 38 42 50 41 27 42 48 53 49 38 44 41 39 37 0 0 0 0 
0 29 9 18 27 4 10 37 33 10 12 9 12 27 16 13 17 12 16 6 4 24 17 12 3 19 12 6 0 0 0 0 
0 19 13 6 7 0 9 13 2 2 2 20 1 4 1 17 5 0 1 1 5 4 14 0 2 4 2 1 0 0 0 0 
0 5 2 4 4 0 7 7 1 1 0 8 3 0 1 12 1 3 2 0 7 1 10 3 2 3 2 0 0 0 0 0 
0 72 67 59 67 60 61 56 48 43 25 63 45 61 52 56 64 44 39 49 73 71 70 57 69 90 73 79 0 0 0 0 
0 80 91 68 82 58 74 61 68 72 66 124 84 96 104 94 140 95 105 123 118 141 128 141 143 154 113 136 0 0 0 0 
0 65 79 60 57 42 33 44 40 68 45 51 39 58 56 44 55 40 42 65 64 62 65 55 65 77 77 46 0 0 0 0 
0 28 7 3 26 0 8 15 8 5 7 8 12 15 24 7 10 14 20 9 12 17 4 8 19 9 4 30 0 0 0 0 
0 40 20 34 55 52 38 60 30 43 27 29 22 37 31 37 66 57 32 25 48 34 33 24 55 28 27 42 0 0 0 0 
0 37 44 46 27 21 19 14 16 7 9 23 8 10 20 7 6 14 14 13 16 19 13 6 7 15 16 18 0 0 0 0 
0 30 20 2 30 9 7 6 8 9 12 13 2 3 10 10 9 6 7 16 14 17 2 2 3 2 13 1 0 0 0 0 
0 50 31 4 16 10 15 6 12 11 15 19 10 9 20 16 23 9 14 19 33 18 25 6 29 18 30 22 0 0 0 0 
0 97 81 61 71 43 30 40 34 36 24 24 16 19 26 10 12 10 15 18 16 20 24 8 14 11 11 25 0 0 0 0 
0 57 59 32 58 28 12 40 41 22 23 28 14 36 27 27 13 14 24 19 16 49 31 18 27 11 22 21 0 0 0 0 
0 34 28 20 18 12 12 8 17 11 16 13 12 9 9 21 13 5 20 10 17 12 20 18 16 30 17 41 0 0 0 0 
0 43 42 40 22 41 19 24 18 32 25 17 15 14 23 26 31 26 7 31 21 16 13 33 21 28 39 24 0 0 0 0 
0 124 128 119 105 85 110 90 136 142 121 191 120 142 171 190 194 141 251 201 198 181 207 267 231 252 265 357 0 0 0 0 
0 156 144 111 115 76 81 74 79 107 136 119 152 70 103 124 50 110 92 78 105 187 84 107 115 103 99 83 0 0 0 0 
0 119 155 97 79 71 73 65 74 96 120 99 100 97 99 128 65 108 109 96 106 146 102 125 136 119 126 112 0 0 0 0 
0 65 90 66 53 56 72 36 69 68 113 54 85 84 79 83 89 59 113 95 73 52 112 121 71 96 92 137 0 0 0 0 
0 99 111 76 72 67 72 45 87 87 98 68 81 104 98 95 93 70 130 111 95 68 126 127 99 149 125 174 0 0 0 0 
0 12 10 6 3 6 6 5 12 6 7 6 6 3 13 5 6 8 12 9 11 17 13 12 30 23 17 18 0 0 0 0 
0 45 43 27 37 22 20 19 20 18 22 28 26 14 32 20 10 18 16 20 31 21 28 20 24 19 33 27 0 0 0 0 
0 52 42 31 65 45 36 38 34 38 36 51 33 32 48 35 49 47 43 27 57 38 40 21 39 32 34 40 0 0 0 0 
0 258 253 166 301 195 184 202 159 158 219 155 170 110 203 149 258 128 151 84 192 191 140 105 176 181 296 161 0 0 0 0 
0 114 115 85 106 75 105 86 69 70 85 79 63 67 98 67 105 60 72 64 101 105 75 67 98 107 135 75 0 0 0 0 
0 65 47 55 37 14 55 20 22 20 28 37 23 51 36 28 24 32 52 31 40 71 65 48 54 55 39 90 0 0 0 0 
0 24 9 0 6 0 9 1 3 3 6 9 11 12 14 0 15 3 10 0 9 15 27 1 19 6 18 3 0 0 0 0 
0 58 29 28 64 22 33 49 30 33 32 43 44 53 64 43 44 44 55 41 54 75 54 54 77 70 55 63 0 0 0 0 
0 65 42 23 48 28 23 24 41 45 32 41 27 55 20 32 45 29 58 36 47 36 54 61 55 75 70 46 0 0 0 0 
0 12 5 0 1 0 3 4 1 1 6 1 2 1 0 2 2 3 4 4 6 0 10 9 5 6 7 6 0 0 0 0 
0 21 12 17 24 8 14 11 12 8 8 10 10 6 8 8 11 6 7 9 10 18 13 15 9 14 9 13 0 0 0 0 
0 32 21 21 28 12 25 23 11 33 8 34 25 52 25 13 22 7 10 18 16 14 27 13 12 24 18 9 0 0 0 0 
0 6 8 2 2 1 2 2 1 11 1 6 4 9 3 4 4 10 1 3 2 10 8 5 2 9 5 9 0 0 0 0 
0 12 4 0 2 4 6 0 2 4 0 1 0 2 2 0 4 2 1 4 0 2 2 2 3 0 1 1 0 0 0 0 
0 95 85 55 84 67 74 66 49 45 64 51 65 52 75 46 88 40 42 37 64 70 44 30 81 78 99 57 0 0 0 0 
0 17 14 24 17 12 18 7 13 24 19 18 26 28 19 16 18 14 19 20 22 32 23 27 22 26 22 26 0 0 0 0 
0 49 49 18 49 16 17 20 15 42 18 14 14 8 11 20 46 16 38 36 43 29 20 12 23 6 22 32 0 0 0 0 
0 30 12 6 10 5 3 4 16 7 29 8 6 12 8 8 11 9 17 18 19 26 21 12 40 44 39 13 0 0 0 0 
0 34 21 17 29 11 13 16 12 17 23 26 19 24 21 18 31 22 23 24 24 31 28 24 33 42 30 29 0 0 0 0 
0 31 6 9 7 1 1 6 3 4 12 3 4 8 9 0 5 6 8 4 4 8 4 2 0 11 2 1 0 0 0 0 
0 5 4 6 31 11 16 44 6 15 3 16 16 21 13 16 37 6 19 6 1 18 29 46 10 23 28 18 0 0 0 0 
0 30 17 27 33 13 20 10 6 20 3 15 9 14 18 16 7 7 18 10 12 36 23 31 20 33 24 14 0 0 0 0 
0 12 8 7 3 4 4 6 6 6 2 10 7 1 4 8 6 19 4 2 9 5 11 8 2 8 4 4 0 0 0 0 
0 49 43 41 57 39 44 61 37 46 36 68 45 51 46 49 87 64 67 55 71 85 80 74 90 94 62 90 0 0 0 0 
0 50 48 57 33 37 28 40 21 26 15 23 10 20 28 20 18 25 19 13 49 28 20 15 32 29 16 31 0 0 0 0 
0 45 11 0 6 0 9 0 3 3 17 11 9 12 17 0 15 3 6 0 15 12 9 0 16 6 18 3 0 0 0 0 
0 37 70 49 61 37 44 44 43 52 41 66 44 49 62 60 69 53 46 61 73 62 74 62 69 70 66 84 0 0 0 0 
0 39 37 28 26 10 6 29 27 16 14 13 11 31 15 23 12 12 21 16 10 32 24 21 24 17 11 18 0 0 0 0 
0 42 50 28 26 21 8 17 10 32 29 20 16 14 11 14 20 11 11 22 23 12 13 16 21 21 24 18 0 0 0 0 
0 125 153 104 81 73 78 68 82 104 119 108 107 100 106 130 75 110 107 103 105 152 109 124 135 125 129 129 0 0 0 0 
0 29 37 25 19 21 27 14 34 29 35 23 26 36 31 42 37 26 57 37 31 26 46 47 30 41 39 60 0 0 0 0 
0 4 0 0 0 0 0 1 0 0 0 4 0 0 0 0 0 0 3 0 3 0 0 0 3 4 0 6 0 0 0 0 
0 30 32 12 12 16 7 5 9 10 14 7 14 6 15 14 7 14 18 15 26 12 27 30 15 19 29 20 0 0 0 0 
0 147 140 107 150 102 130 102 66 81 103 75 92 69 126 79 124 56 84 56 91 102 63 78 93 107 182 78 0 0 0 0 
0 10 14 8 16 8 9 8 7 11 7 21 16 16 12 12 21 13 16 13 21 22 42 20 27 23 18 20 0 0 0 0 
0 13 12 5 6 4 8 8 0 5 2 4 4 13 5 8 4 5 3 3 4 1 4 2 5 5 4 8 0 0 0 0 
0 3 7 12 0 1 1 7 1 6 6 0 5 2 1 1 1 0 16 0 5 5 0 8 4 3 0 7 0 0 0 0 
0 11 16 15 12 5 15 18 13 11 11 12 12 16 11 9 16 10 15 9 18 14 9 17 13 18 12 12 0 0 0 0 
0 72 64 28 53 34 40 26 37 48 27 22 20 18 28 22 23 19 24 25 17 31 22 16 18 26 22 12 0 0 0 0 
0 33 9 15 13 14 9 20 1 8 16 7 5 14 15 9 21 10 12 6 2 9 19 16 12 19 25 9 0 0 0 0 
0 28 13 20 28 16 16 47 23 15 11 26 15 27 21 25 31 15 28 10 14 43 19 26 31 14 24 26 0 0 0 0 
0 80 110 83 116 76 69 93 90 69 87 65 45 78 61 65 85 63 71 57 78 100 82 54 81 66 98 77 0 0 0 0 
0 0 0 0 0 0 0 0 0 0 0 0 0 0 0 0 0 0 0 0 0 0 0 0 0 0 0 0 0 0 0 0 
0 24 9 4 7 11 9 4 5 5 2 4 3 1 6 3 6 4 5 6 5 8 4 2 6 6 1 3 0 0 0 0 
0 2 5 16 0 0 0 8 0 10 4 0 0 0 2 2 2 0 11 2 4 5 0 9 4 3 0 3 0 0 0 0 
0 14 19 9 19 10 15 7 7 18 5 6 4 17 4 7 7 7 12 9 4 17 9 9 12 19 12 8 0 0 0 0 
0 33 46 31 34 29 32 25 45 44 46 46 29 38 44 55 48 44 65 38 43 51 70 62 53 85 100 109 0 0 0 0 
0 41 11 19 1 13 4 12 12 8 20 2 0 10 20 5 8 11 4 3 1 3 14 1 18 15 9 1 0 0 0 0 
0 1 3 8 0 0 0 8 0 8 4 0 0 0 2 1 1 0 5 1 4 2 0 3 9 4 0 2 0 0 0 0 
0 39 73 42 31 16 36 45 49 25 14 16 17 27 30 19 32 22 17 23 32 22 16 10 22 22 18 2 0 0 0 0 
0 34 37 33 11 18 14 7 13 11 1 14 7 12 20 5 6 8 5 8 13 10 12 3 0 10 8 22 0 0 0 0 
0 49 58 65 36 60 44 55 84 76 62 82 50 69 83 108 67 79 106 89 91 103 143 140 124 160 159 263 0 0 0 0 
0 161 106 84 89 60 33 18 38 32 22 26 15 14 19 12 5 5 7 9 19 19 25 2 7 4 7 8 0 0 0 0 
0 111 130 76 64 62 64 59 60 94 59 68 46 78 70 73 76 39 84 82 78 65 88 89 78 103 96 104 0 0 0 0 
0 1 1 0 0 0 0 0 0 0 0 0 0 0 0 1 1 0 0 0 0 0 0 0 0 1 0 1 0 0 0 0 
0 13 11 11 7 5 2 0 2 12 4 10 0 6 9 5 14 9 7 10 5 8 3 0 3 4 7 1 0 0 0 0 
0 21 3 3 6 1 5 0 1 5 3 4 5 5 1 6 3 6 1 1 3 2 3 4 2 2 2 3 0 0 0 0 
0 31 46 35 27 25 27 29 41 36 38 35 26 37 53 52 50 34 76 49 47 34 64 59 54 74 80 114 0 0 0 0 
0 81 66 61 53 27 44 31 44 43 71 64 72 29 47 57 32 51 49 30 55 106 52 48 49 60 42 43 0 0 0 0 
0 20 78 35 20 39 17 44 22 47 44 36 24 69 31 61 22 50 29 57 47 48 57 56 73 44 67 37 0 0 0 0 
0 30 30 37 28 19 14 14 29 28 28 31 14 20 28 30 19 35 43 27 40 51 43 32 50 47 41 49 0 0 0 0 
3 157 172 158 153 144 104 127 85 132 103 78 84 88 102 109 120 92 94 96 108 116 104 95 119 155 163 116 0 0 0 0 
0 38 70 26 32 32 34 22 23 36 18 19 26 30 47 18 31 21 19 11 11 30 12 22 12 13 8 8 0 0 0 0 
0 21 19 25 5 13 8 12 9 7 12 9 9 23 26 4 10 7 3 1 6 11 7 5 5 5 3 2 0 0 0 0 
0 11 6 0 2 0 3 0 0 1 0 2 0 2 0 1 1 4 0 0 1 1 1 0 7 27 7 0 0 0 0 0 
0 48 32 21 30 19 11 9 20 39 13 10 21 33 14 9 28 14 19 17 33 19 27 32 38 79 48 17 0 0 0 0 
0 64 31 33 38 38 37 22 33 19 30 21 17 23 22 15 27 16 3 19 25 33 22 9 21 25 12 27 0 0 0 0 
0 57 48 30 49 36 31 35 46 42 44 47 24 57 46 35 55 51 74 44 54 74 49 72 76 51 75 75 0 0 0 0 
0 109 78 17 74 54 56 47 93 77 70 113 39 200 64 51 129 150 202 57 108 135 107 175 152 86 181 142 0 0 0 0 
0 31 49 31 42 28 25 21 17 18 25 12 10 25 26 27 21 29 21 16 28 18 12 22 21 23 12 20 0 0 0 0 
0 19 17 3 4 5 3 2 3 1 3 2 2 2 3 6 12 4 3 7 16 4 10 4 12 13 15 11 0 0 0 0 
0 52 65 32 49 48 35 29 20 41 27 25 27 28 46 41 27 24 48 37 31 36 38 31 44 42 41 37 0 0 0 0 
0 41 24 17 39 32 11 17 7 15 18 6 13 0 12 24 18 11 4 21 9 4 9 29 15 21 37 12 0 0 0 0 
0 18 14 8 22 14 5 20 23 6 7 5 8 4 4 9 6 6 5 13 4 4 16 9 4 10 30 7 0 0 0 0 
0 30 42 28 19 27 25 17 45 31 37 25 34 38 38 38 40 27 64 46 36 23 61 70 49 64 71 97 0 0 0 0 
0 1 9 0 20 13 14 7 46 0 21 5 0 8 19 30 8 3 8 4 19 7 22 10 5 7 6 2 0 0 0 0 
0 19 26 11 29 14 23 37 30 12 9 17 17 23 19 20 32 13 15 9 20 22 20 27 14 24 15 14 0 0 0 0 
0 3 0 1 14 9 6 2 11 0 14 26 3 7 6 4 3 1 3 3 3 3 1 9 6 1 4 5 0 0 0 0 
0 15 5 5 13 4 4 0 5 6 12 17 0 11 4 3 8 7 23 8 6 5 4 6 18 9 15 18 0 0 0 0 
0 6 17 6 27 6 11 8 4 3 10 11 5 12 6 0 7 8 27 4 6 8 8 16 17 6 14 14 0 0 0 0 
0 7 17 6 31 11 23 39 4 10 3 14 15 21 9 8 35 9 21 2 7 16 23 30 17 20 23 21 0 0 0 0 
0 2 2 5 30 16 26 40 0 8 0 25 17 20 9 26 35 3 24 2 0 35 14 57 7 21 27 19 0 0 0 0 
0 21 19 12 22 22 10 1 6 8 3 3 5 7 3 8 0 6 1 5 0 4 0 3 0 4 3 3 0 0 0 0 
0 30 25 19 34 16 28 11 20 13 20 23 6 12 26 35 14 21 27 25 20 35 26 32 33 31 31 34 0 0 0 0 
0 44 36 28 15 13 13 17 13 7 11 15 8 18 25 9 8 16 9 13 15 15 7 7 8 11 15 15 0 0 0 0 
0 28 23 2 32 4 3 7 6 7 7 14 1 5 7 9 3 0 4 13 18 12 0 0 1 0 7 0 0 0 0 0 
0 105 71 52 96 54 22 23 25 31 17 24 15 36 24 19 12 18 17 27 22 27 31 12 41 24 18 17 0 0 0 0 
0 36 18 19 22 12 9 5 8 9 8 6 6 9 6 6 2 3 14 16 13 6 15 6 8 22 8 25 0 0 0 0 
0 14 15 16 9 19 6 5 7 12 8 7 7 7 10 7 16 10 1 11 4 5 7 23 6 9 14 0 0 0 0 0 
0 72 56 58 53 46 39 36 41 48 63 44 67 24 50 49 42 55 39 44 50 88 45 70 72 65 69 59 0 0 0 0 
0 51 26 12 30 11 6 5 14 8 15 7 16 15 29 10 14 15 18 16 16 29 21 12 38 37 30 26 0 0 0 0 
0 66 82 49 64 33 51 48 54 47 53 47 33 46 51 34 66 27 35 35 74 56 41 42 65 64 71 43 0 0 0 0 
0 75 51 35 50 23 20 39 25 56 18 18 24 32 25 23 27 19 45 33 57 37 46 48 63 61 56 41 0 0 0 0 
0 39 32 8 18 15 22 18 38 17 17 26 10 46 16 15 27 43 30 25 41 28 39 41 35 31 42 39 0 0 0 0 
0 29 22 34 64 22 43 39 25 32 13 26 33 45 26 15 35 8 18 22 22 18 29 17 19 33 29 18 0 0 0 0 
0 83 75 46 75 51 52 55 46 39 49 36 54 25 53 38 78 29 37 25 52 57 43 26 48 53 92 36 0 0 0 0 
0 40 11 11 9 3 11 8 1 1 5 8 21 18 5 8 10 8 1 11 3 25 9 4 17 18 17 21 0 0 0 0 
0 66 31 30 24 7 18 18 13 14 18 10 11 12 6 14 19 14 8 23 7 22 12 8 5 13 7 10 0 0 0 0 
0 75 48 35 39 22 29 23 30 31 38 52 41 46 42 38 65 42 46 56 50 70 57 64 66 71 49 66 0 0 0 0 
0 27 40 47 16 21 31 58 22 21 19 15 9 21 14 3 13 22 16 13 72 35 26 17 31 38 22 19 0 0 0 0 
0 21 25 41 16 22 11 6 13 12 6 7 1 7 10 8 3 3 3 14 8 5 7 4 3 14 5 13 0 0 0 0 
0 21 23 12 2 11 7 5 22 16 12 3 10 36 5 31 0 26 21 25 2 8 41 23 8 32 3 23 0 0 0 0 
0 121 155 68 77 70 65 61 70 91 72 100 72 107 66 109 87 78 66 88 98 104 112 109 127 112 119 124 0 0 0 0 
0 49 63 46 32 33 42 28 49 63 57 44 38 55 56 65 58 42 87 61 51 31 73 81 49 73 74 119 0 0 0 0 
0 1 6 0 6 0 0 1 0 0 3 4 0 0 0 0 0 3 0 0 0 3 10 3 0 3 0 0 0 0 0 0 
0 44 26 32 19 29 5 7 21 19 19 4 30 11 18 25 22 13 39 35 25 18 39 38 17 11 27 12 0 0 0 0 
0 31 32 21 20 15 26 25 19 19 17 15 15 22 21 23 18 8 3 10 17 10 13 7 21 12 11 17 0 0 0 0 
0 50 43 19 22 11 27 34 26 20 25 19 30 32 21 11 33 22 16 15 32 20 20 14 19 37 18 20 0 0 0 0 
0 14 25 17 17 12 14 22 19 9 6 11 16 11 10 12 5 12 13 7 13 13 9 12 13 11 5 15 0 0 0 0 
0 86 128 119 93 85 92 104 144 146 137 147 110 130 145 190 136 127 213 156 141 118 193 233 155 236 219 381 0 0 0 0 
0 9 19 7 9 5 13 12 17 7 3 0 5 7 4 6 5 4 9 6 3 4 4 2 11 22 30 0 0 0 0 0 
0 10 11 12 14 3 6 9 19 17 2 5 3 9 9 1 4 6 0 3 3 13 5 6 2 8 14 40 0 0 0 0 
0 91 75 62 67 42 21 31 32 24 14 12 22 16 12 18 8 9 10 7 12 17 17 7 11 7 5 4 0 0 0 0 
0 8 4 11 18 5 12 11 5 13 3 6 7 12 8 4 16 4 5 7 9 3 14 5 10 14 12 5 0 0 0 0 
