652 28 192 196 144 32 72 76 224 84 128 44 252 48 108 272 116 24 400 324 556 152 1244 236 80 28 20 20 44 76 208 0 
1012 145 530 382 487 463 258 159 390 261 214 340 275 715 670 937 348 975 1204 1338 1785 1725 1535 1264 518 141 107 166 107 214 21 0 
1427 81 117 334 130 130 85 170 338 101 124 202 120 713 520 534 201 162 1630 732 941 1137 2933 885 143 136 31 144 232 60 25 0 
4703 721 547 527 1084 1647 494 708 1671 1329 1098 917 593 1779 2598 2160 1555 2894 7143 4894 5225 6157 12612 5047 1381 737 203 899 968 571 375 0 
1402 499 343 599 899 1345 671 499 1366 659 490 1357 901 2400 3309 1079 1043 2396 2088 3512 2497 2590 8656 3164 1147 1110 645 1491 1170 976 181 0 
4608 2400 2463 3486 4025 8257 2840 2702 3493 3898 3403 1675 2343 6314 7239 10036 5736 5298 10831 17910 19282 23741 16701 21072 7377 1879 1241 5354 3561 1816 1684 0 
2797 845 907 1511 1607 3017 1205 1411 1587 2202 1327 805 666 1237 2309 4288 3308 1462 5118 8431 8326 8178 11529 7434 3031 876 392 2042 2853 1754 2009 0 
798 218 169 136 193 1545 403 180 141 449 122 289 123 484 280 339 209 487 294 365 568 584 2335 1717 481 82 24 727 550 845 236 0 
558 34 161 71 50 419 43 12 1 3 0 84 18 29 44 175 96 34 76 78 217 93 1036 537 341 1 11 243 21 2 3 0 
235 146 73 45 87 196 36 120 122 245 29 47 20 95 88 182 219 109 701 415 469 266 3323 1114 323 136 3 107 75 22 623 0 
54 181 81 22 130 72 54 184 263 440 78 76 24 127 132 170 256 156 1046 678 607 361 4466 1488 338 223 6 24 122 41 1001 0 
0 192 48 16 112 64 32 176 192 384 32 32 16 112 112 160 240 128 1040 608 592 320 4368 1424 304 208 0 16 96 32 992 0 
408 345 184 203 354 391 271 408 454 545 588 172 211 798 659 806 849 2011 1620 1600 1494 1341 8541 2264 590 376 126 236 249 286 1737 0 
5124 2102 1802 3046 3631 8656 3060 2975 2941 3039 2730 1644 2193 4498 6860 9974 5523 6819 12124 15813 17173 19122 30336 22783 7970 2171 771 2375 4110 1690 1264 0 
9296 752 416 2560 1888 608 2848 1312 1760 816 1392 240 352 512 2384 4224 2528 896 5456 2912 4192 5216 17712 6384 2816 1712 432 512 1696 480 240 0 
10823 1307 1098 4122 3474 3201 3796 2111 2757 2395 2351 785 1284 2484 5008 7842 4899 2839 9313 8245 9005 10546 26957 12188 4892 2379 768 1325 3085 1215 623 0 
11948 4967 3616 6253 6693 10111 7219 5428 7904 6572 5631 4062 3778 10965 12466 17359 11525 15575 19835 26632 26829 29304 58202 31914 15193 5976 3410 7311 6426 3912 1662 0 
6132 1000 1362 1801 2551 2069 1275 1501 960 2570 1357 635 779 1947 2932 5698 3183 1932 7538 9112 7468 9875 23078 9142 5139 1279 598 3006 3966 718 830 0 
10696 3531 3199 5421 6906 11518 4146 3712 4715 7402 5414 2826 3154 8488 10097 16580 9993 6854 20550 29280 28551 35196 50238 34890 14725 4101 2161 6642 8753 3307 2181 0 
572 253 11 22 99 44 176 11 0 22 22 0 44 11 55 275 44 66 55 176 363 209 2684 99 22 11 11 11 0 33 176 0 
840 320 78 174 217 81 651 211 107 71 109 31 77 87 170 445 122 86 382 390 643 413 3629 235 232 58 53 41 267 114 276 0 
183 41 22 65 86 84 1693 29 32 24 110 30 13 18 42 74 49 9 46 73 228 36 677 181 511 27 12 27 13 22 10 0 
298 48 69 128 133 65 2013 145 35 87 230 58 58 121 90 201 86 53 77 83 211 146 502 35 647 25 91 65 62 75 32 0 
389 45 61 56 303 89 3579 63 81 85 300 68 37 50 46 198 107 40 30 52 137 32 377 75 230 120 104 57 18 59 18 0 
1346 77 32 18 22 18 271 76 5 619 421 30 0 30 3 18 53 4 51 46 169 55 161 48 153 22 36 31 46 18 4 0 
88 37 6 199 40 460 53 20 16 3205 916 47 8 109 75 21 90 61 14 51 44 54 396 73 56 494 34 130 99 753 145 0 
614 127 134 116 173 439 95 89 79 1071 2144 120 132 485 363 189 209 691 261 405 459 613 740 610 162 1943 149 771 649 783 233 0 
1033 22 16 32 99 82 113 0 0 1972 947 2 16 3 341 99 53 1 534 137 38 50 682 105 5 99 66 434 2 568 68 0 
1167 324 221 340 409 992 263 243 267 1970 1050 168 371 1308 886 994 1006 412 1668 1782 1728 1865 2906 2046 626 309 139 563 191 681 194 0 
1016 141 188 151 93 229 67 165 92 2592 1922 51 66 232 103 137 72 60 34 406 111 64 376 101 59 285 65 318 166 700 246 0 
397 136 55 92 77 40 17 21 46 1200 857 30 83 123 48 31 30 13 20 144 153 26 291 60 25 79 12 122 63 474 90 0 
1168 368 16 208 144 0 32 48 64 2496 1520 64 256 192 32 80 80 16 48 176 496 32 736 128 48 112 0 128 16 96 208 0 
1082 404 55 254 436 108 213 113 262 1970 1833 208 215 171 550 339 225 109 182 664 876 406 1905 407 197 203 27 241 99 422 184 0 
353 32 56 126 46 149 175 21 63 242 13 5 40 44 255 61 30 26 48 151 62 73 299 86 47 26 1 14 51 25 4 0 
2089 181 439 993 407 2388 511 65 780 215 51 224 190 345 558 983 296 114 550 586 270 707 2210 1943 297 198 32 1027 255 71 99 0 
2595 403 709 1378 1263 3467 970 419 948 646 307 732 696 1126 1393 2643 995 622 1412 1794 1556 2449 7250 3196 894 1012 505 1631 563 715 382 0 
3237 402 440 588 817 3597 1372 526 620 963 2264 524 1217 3537 2271 1262 658 548 1836 2278 2127 2576 8240 5912 922 358 429 1333 557 672 237 0 
678 218 298 330 580 372 103 198 114 711 287 745 171 123 459 274 348 513 1044 298 152 147 797 94 156 302 369 2156 914 398 1362 0 
948 314 404 512 676 500 312 224 364 897 299 662 236 627 587 934 603 470 962 1180 1029 928 3033 988 416 322 398 2594 1387 376 1264 0 
88 26 22 23 39 26 8 26 27 211 148 12 62 33 65 59 122 695 101 142 139 245 489 119 86 41 8 24 64 22 39 0 
1839 702 564 481 513 1525 505 536 626 1848 2359 418 848 5379 2488 1632 3030 13788 1856 2090 3382 4007 10303 3060 2727 852 405 1096 997 2005 343 0 
235 17 122 38 13 24 3 42 6 447 231 1 6 16 10 13 15 4 29 18 13 5 65 18 4 39 3 29 29 86 223 0 
190 21 0 12 25 8 7 5 1 332 778 2 1 7 16 8 11 2 123 42 11 10 104 26 3 57 7 12 16 75 146 0 
1115 309 463 229 342 1157 260 159 269 476 707 309 393 1043 915 591 559 2019 1651 1223 1711 2305 786 2236 626 381 246 792 267 363 113 0 
851 313 228 448 497 1034 484 273 334 1143 1805 255 275 771 1211 1871 1150 411 1184 1911 2287 1674 3441 2346 603 704 204 609 632 600 736 0 
217 118 37 105 99 500 146 37 106 1523 350 102 119 449 279 158 87 107 164 296 318 385 223 1011 159 163 39 93 77 275 181 0 
1233 779 268 394 592 3898 787 267 780 1169 886 548 940 3681 2395 1069 433 677 1291 1976 2322 2996 767 7871 1198 961 202 607 364 1320 232 0 
1375 254 622 1203 895 591 540 408 523 638 543 812 243 1573 1022 861 440 283 1516 2537 2347 1303 7703 1352 823 293 236 358 371 433 210 0 
4661 1702 2267 5680 2745 8876 2702 2211 3536 2797 2374 2220 2595 11668 8309 7029 3829 5676 7261 11062 12955 14062 19022 14650 6017 1432 791 2701 2008 3162 940 0 
24370 4414 4801 7631 7045 18580 7412 8136 6918 6495 7968 6951 6906 21005 16063 23989 12480 15995 24606 38393 43377 42969 100081 49422 19603 4535 2849 5538 7218 5413 2586 0 
23021 2919 3198 5912 4553 10205 4837 5930 4374 4068 5707 5286 5120 15944 10580 17769 8481 10580 16498 28084 31692 28335 79096 32370 10755 3159 1093 3721 5106 4039 2048 0 
4499 1239 1665 2248 2357 3237 1991 2684 1475 1849 1860 1830 1531 3262 3322 5416 3576 2973 6034 8786 9281 8719 22435 9789 4702 988 516 1340 1604 1069 833 0 
27 8 2 48 5 2 1 1 1 339 289 5 3 15 41 9 15 0 13 20 12 0 44 21 4 49 15 36 5 34 80 0 
138 15 7 18 13 7 128 7 8 813 1034 22 2 7 145 33 52 3 39 101 49 32 230 91 13 55 11 78 11 85 139 0 
435 85 146 54 107 84 46 70 24 494 785 19 39 43 114 181 144 53 175 269 244 252 915 182 387 74 25 572 462 259 166 0 
324 32 279 29 62 30 0 22 63 449 1930 15 8 55 77 36 125 22 43 83 160 62 915 148 107 125 15 88 37 120 288 0 
1398 218 444 334 292 1452 294 175 212 4561 2465 186 224 794 644 370 401 1139 531 970 916 1208 1947 1238 465 733 388 1664 249 1836 579 0 
61 16 26 90 166 24 69 53 77 1281 472 39 2 16 51 37 70 16 50 61 30 33 311 41 48 66 16 83 29 68 148 0 
183 59 97 145 65 63 25 88 74 2377 1497 177 6 15 83 106 173 34 119 173 79 91 889 80 172 165 46 140 82 147 343 0 
3231 476 540 692 656 1990 1861 937 4495 3308 866 2812 1724 5940 4480 1376 1831 1596 992 1969 2111 2164 4523 2369 1169 1107 1783 3793 1104 2444 358 0 
294 206 211 138 124 649 238 85 218 957 423 258 91 591 525 498 667 312 379 1055 566 604 1648 922 366 93 57 206 184 230 221 0 
109 27 67 50 79 66 51 25 46 468 439 41 27 38 43 41 28 28 23 83 18 53 288 71 38 122 10 61 39 101 95 0 
