185 126 131 113 98 89 104 84 100 82 87 79 74 117 118 100 103 150 108 101 124 87 101 79 95 81 138 90 133 118 106 94 
255 217 126 133 200 140 164 186 115 261 178 145 145 179 176 126 284 150 247 180 210 170 223 152 172 178 145 166 162 174 121 208 
134 77 132 50 75 67 102 91 115 93 90 94 53 117 71 72 90 104 96 64 80 96 83 105 75 93 81 97 70 79 46 102 
92 39 14 27 23 30 16 40 31 27 19 42 21 36 17 26 32 36 35 27 58 26 30 29 33 34 14 49 51 31 50 22 
178 58 89 62 46 56 74 100 77 113 78 84 63 72 68 53 100 50 112 96 78 67 80 62 128 83 89 102 80 105 74 88 
183 87 63 111 56 87 37 72 59 114 69 60 73 78 59 111 104 89 61 68 84 93 107 81 76 92 84 82 92 124 87 114 
187 71 77 108 87 114 93 72 126 89 102 93 105 68 111 83 90 119 66 70 86 83 75 54 96 104 93 76 80 56 120 88 
157 72 61 88 84 109 101 132 64 81 115 94 81 141 91 56 62 90 66 84 59 65 84 71 123 82 91 101 103 99 97 90 
158 81 86 112 99 89 174 84 67 101 92 86 121 56 83 81 92 92 66 54 85 157 64 61 114 141 109 86 72 120 115 55 
233 91 137 52 101 120 99 68 77 66 109 49 78 104 113 83 75 89 74 93 90 108 63 114 113 113 58 77 93 71 89 71 
89 32 58 27 23 30 35 87 61 30 34 31 51 47 50 67 21 49 41 55 33 29 32 28 41 46 54 58 63 56 65 26 
292 243 206 244 164 171 147 191 169 185 133 190 272 161 205 142 89 203 213 162 170 167 182 196 202 148 218 216 217 180 177 151 
193 135 107 130 133 173 112 88 128 134 147 118 111 132 106 160 85 140 140 107 152 120 136 161 56 126 127 100 136 92 110 102 
176 83 113 72 78 75 86 106 94 56 97 41 80 81 62 68 85 93 97 114 111 68 68 60 77 75 100 42 72 104 74 106 
110 114 98 102 102 78 121 87 77 82 60 116 97 72 55 90 121 99 87 158 65 88 97 107 76 107 117 85 77 81 81 62 
79 14 27 41 25 26 31 62 18 45 40 44 37 28 17 30 43 27 11 36 27 41 37 42 54 18 15 26 45 36 31 31 
50 48 22 17 31 40 14 20 25 67 30 42 39 39 26 41 54 35 28 30 34 40 25 41 30 43 25 28 41 16 23 37 
144 36 51 89 80 148 131 68 58 76 53 100 71 36 87 50 55 76 70 120 92 66 33 86 57 58 46 77 76 78 53 34 
178 77 73 49 79 74 66 117 85 67 43 64 109 42 91 69 77 107 68 59 79 57 58 58 91 63 112 76 85 103 95 56 
164 60 75 108 111 68 39 69 86 51 94 82 35 78 85 86 100 101 135 80 59 86 59 75 113 70 62 50 67 107 90 52 
145 49 56 69 65 45 36 47 57 44 71 53 48 76 42 50 20 52 55 59 64 65 70 43 50 56 45 66 36 97 79 53 
122 61 54 71 27 49 55 37 38 68 30 41 57 45 62 47 65 61 32 76 49 45 56 54 61 45 52 51 44 47 59 55 
95 108 64 73 65 54 29 50 63 47 47 46 54 54 55 50 44 36 80 53 41 47 31 46 60 45 46 49 49 53 45 53 
122 80 71 70 66 67 54 73 60 97 43 81 60 41 82 40 35 92 64 96 80 79 118 84 118 36 106 76 91 53 75 54 
274 172 148 140 205 123 150 173 110 246 166 152 148 166 132 230 161 227 174 138 214 157 155 194 153 168 140 151 135 133 141 146 
85 24 24 24 29 30 25 22 21 35 17 23 25 25 26 31 20 21 15 29 20 16 17 16 23 30 28 19 20 20 51 28 
98 46 51 47 48 39 43 44 52 46 30 36 48 42 62 46 38 38 57 43 24 43 62 50 69 42 36 40 62 25 51 26 
126 116 46 68 55 75 78 68 76 53 42 61 49 106 78 59 74 91 99 73 70 46 59 66 71 33 74 48 96 78 80 45 
92 76 85 49 57 120 41 49 69 55 46 70 91 63 38 52 93 78 30 34 75 82 88 71 45 61 61 53 91 44 119 57 
66 29 69 51 46 31 30 56 23 25 31 62 46 50 28 17 26 49 40 54 18 46 65 41 48 51 52 59 56 56 28 16 
134 66 112 66 97 47 59 86 66 88 71 86 91 86 51 64 78 100 91 61 85 65 86 83 62 91 77 66 90 73 100 66 
92 55 26 40 48 44 33 37 36 40 44 29 43 25 33 32 31 39 46 40 81 38 72 22 55 44 48 38 50 37 35 26 
173 25 34 113 90 65 73 63 64 87 69 64 58 69 37 78 130 58 58 81 47 52 66 80 84 117 86 86 99 78 52 58 
166 70 81 52 62 61 91 56 42 47 74 79 51 59 83 63 64 44 60 84 56 59 37 37 55 78 65 68 41 60 51 103 
179 112 60 60 114 91 114 134 87 96 123 92 74 119 67 107 58 113 90 95 69 106 110 110 136 106 46 109 80 91 124 55 
172 81 95 109 82 118 47 95 69 65 114 85 88 58 133 81 97 96 83 128 78 55 97 61 68 47 91 66 63 96 94 60 
234 137 141 159 181 170 153 110 119 144 139 172 165 95 124 122 110 114 87 135 172 307 153 111 106 219 137 131 98 209 227 133 
156 46 46 37 80 99 60 59 54 57 72 71 41 44 66 101 86 74 101 51 66 60 64 77 67 57 72 113 45 62 72 58 
221 130 195 174 153 95 144 158 125 177 90 144 121 143 140 142 176 110 128 135 131 132 140 114 125 101 177 125 168 138 166 107 
183 117 85 47 96 83 102 98 78 122 160 90 105 43 114 118 149 116 129 101 52 87 139 92 51 94 52 74 76 81 67 76 
86 50 78 40 22 50 39 22 37 59 50 63 71 61 67 40 56 37 54 23 48 41 59 36 50 43 65 49 48 42 42 46 
158 91 23 70 44 100 55 98 97 77 94 105 104 135 51 83 99 76 102 95 110 75 59 109 71 98 109 93 73 67 124 97 
204 71 81 128 149 100 71 126 131 144 63 57 64 80 123 115 83 123 87 85 69 135 88 54 115 58 72 79 48 93 95 87 
78 50 48 13 25 36 36 48 34 39 56 34 31 39 30 49 27 50 28 32 20 37 40 21 30 29 41 53 76 27 40 39 
133 73 69 64 78 60 59 65 68 71 64 87 66 92 71 97 70 54 81 61 61 78 81 63 73 71 78 71 98 84 73 96 
232 111 85 106 102 129 93 140 122 121 86 94 90 91 72 79 89 105 95 116 118 85 111 86 96 89 115 112 164 109 60 114 
63 16 11 40 8 17 27 15 26 21 26 18 11 12 15 18 13 13 22 28 54 34 8 25 18 24 36 42 23 39 25 14 
60 38 32 33 34 57 41 31 52 53 58 38 33 71 27 70 41 37 18 31 72 25 57 44 48 25 73 51 74 50 48 28 
177 65 61 77 88 115 74 92 63 95 82 71 92 64 78 64 110 92 89 70 51 32 45 54 91 111 74 80 73 67 111 73 
68 25 33 25 19 65 32 50 15 67 56 25 15 24 60 34 57 22 51 24 27 43 32 33 52 65 35 43 27 14 50 36 
145 72 105 65 82 101 86 73 116 64 87 86 83 105 109 81 43 80 102 106 95 95 72 126 98 85 71 91 97 73 87 99 
195 135 138 91 76 97 91 69 80 151 147 100 110 79 138 111 88 92 94 154 96 92 83 97 64 92 110 116 103 121 67 70 
189 124 54 141 80 81 73 105 87 59 98 126 91 59 103 73 64 111 59 95 97 97 96 30 112 89 74 67 81 107 79 90 
291 146 224 170 158 200 234 229 197 93 171 168 160 153 185 125 144 241 190 181 199 181 232 138 191 193 213 180 237 212 189 250 
113 58 36 25 30 37 30 39 50 45 39 42 23 20 31 26 19 44 55 47 22 39 48 61 45 39 40 31 48 49 37 53 
105 89 78 76 54 85 83 73 77 52 41 48 39 53 67 55 68 55 91 50 90 33 63 53 37 67 80 84 50 71 74 66 
62 22 30 23 21 26 23 23 22 31 35 24 21 36 29 21 31 15 20 29 39 45 28 37 25 29 34 16 33 22 24 17 
47 38 43 46 36 84 37 36 24 37 39 53 32 46 27 12 43 31 48 35 53 72 31 50 40 37 51 55 52 58 39 23 
108 46 42 56 57 66 53 51 24 52 60 52 35 34 44 46 36 50 54 65 48 59 39 62 56 32 55 42 58 57 36 16 
111 56 82 42 33 30 37 63 29 83 72 70 77 41 61 71 40 42 56 69 34 47 73 61 82 34 56 42 36 62 77 31 
208 76 73 87 49 80 82 81 75 63 85 65 140 79 107 63 71 121 83 101 124 54 44 99 60 94 119 67 79 101 96 52 
155 108 67 60 23 58 52 51 30 47 58 57 42 31 70 35 12 33 52 56 39 48 33 65 48 44 54 40 61 68 27 32 
