4 88 103 27 195 6 1 0 0 0 0 0 0 0 0 0 0 0 0 0 0 0 0 0 0 0 0 0 0 0 0 0 
529 1040 1655 1433 1135 1333 399 299 76 688 628 699 362 126 243 60 29 0 0 0 0 0 0 0 0 0 0 0 0 0 0 0 
186 379 220 166 386 109 99 51 53 349 159 193 214 132 60 1 290 11 0 0 0 0 0 0 0 0 0 0 0 0 0 0 
0 237 212 56 129 13 14 11 53 152 6 86 0 0 22 0 0 0 0 0 0 0 0 0 0 0 0 0 0 0 0 0 
14 154 71 23 17 18 180 8 1 10 3 52 15 0 14 0 8 0 0 0 0 0 0 0 0 0 0 0 0 0 0 0 
0 0 0 0 0 0 0 0 0 0 0 0 0 0 0 0 0 0 0 0 0 0 0 0 0 0 0 0 0 0 0 0 
558 1351 1844 1273 1113 1189 817 508 235 516 770 539 244 129 76 0 0 27 0 0 0 0 0 0 0 0 0 0 0 0 0 0 
13 4 1 0 4 2 11 0 0 8 2 0 15 1 51 0 0 0 0 0 0 0 0 0 0 0 0 0 0 0 0 0 
12 43 25 14 30 20 20 16 3 225 0 0 0 2 102 0 0 0 0 0 0 0 0 0 0 0 0 0 0 0 0 0 
77 182 120 73 340 108 22 13 13 68 163 2 3 20 10 1 63 0 0 0 0 0 0 0 0 0 0 0 0 0 0 0 
9 92 63 41 54 100 49 21 3 218 3 1 0 1 51 0 3 12 0 0 0 0 0 0 0 0 0 0 0 0 0 0 
598 1867 1474 1178 1205 1169 557 627 130 1239 867 393 153 338 326 68 149 15 0 0 0 0 0 0 0 0 0 0 0 0 0 0 
65 185 191 130 434 106 34 5 17 6 11 20 43 34 2 0 0 0 0 0 0 0 0 0 0 0 0 0 0 0 0 0 
292 2664 2100 1409 1606 663 195 361 85 745 48 5 5 64 54 0 0 0 0 0 0 0 0 0 0 0 0 0 0 0 0 0 
71 3332 2788 1449 1741 799 535 195 189 423 204 15 31 69 65 0 59 0 0 0 0 0 0 0 0 0 0 0 0 0 0 0 
119 198 231 123 319 41 64 30 34 161 166 193 86 74 5 0 239 31 0 0 0 0 0 0 0 0 0 0 0 0 0 0 
32 1 6 8 12 10 4 32 2 7 90 1 0 0 0 0 3 12 0 0 0 0 0 0 0 0 0 0 0 0 0 0 
57 63 68 28 93 2 4 5 10 6 2 17 145 2 1 0 9 9 0 0 0 0 0 0 0 0 0 0 0 0 0 0 
6140 11990 9580 5437 6157 4584 1867 1321 538 790 656 1155 185 34 32 17 14 3 0 0 0 0 0 0 0 0 0 0 0 0 0 0 
475 15078 11812 6476 4881 3583 2094 1560 839 803 738 679 205 73 43 19 27 3 0 0 0 0 0 0 0 0 0 0 0 0 0 0 
2047 6505 5286 2932 3345 1966 1258 807 259 1352 263 214 145 315 102 0 3 3 0 0 0 0 0 0 0 0 0 0 0 0 0 0 
827 2491 1679 1543 1105 513 192 110 121 699 20 24 17 93 88 0 19 0 0 0 0 0 0 0 0 0 0 0 0 0 0 0 
6388 8445 7235 4481 5672 3752 2259 1641 857 1818 185 328 114 312 228 0 3 23 0 0 0 0 0 0 0 0 0 0 0 0 0 0 
5670 7002 7412 4143 4480 3807 2469 745 501 393 399 731 80 330 354 163 29 0 0 0 0 0 0 0 0 0 0 0 0 0 0 0 
235 798 738 479 436 58 237 24 4 383 3 4 1 2 3 0 0 0 0 0 0 0 0 0 0 0 0 0 0 0 0 0 
846 2743 1973 1088 1199 685 164 158 196 575 31 128 18 264 6 1 41 33 0 0 0 0 0 0 0 0 0 0 0 0 0 0 
3258 5998 4795 3074 2767 1686 1123 448 510 905 332 312 169 376 124 0 4 0 0 0 0 0 0 0 0 0 0 0 0 0 0 0 
4903 7148 5025 2532 2316 1257 942 703 724 538 299 116 281 146 82 0 5 0 0 0 0 0 0 0 0 0 0 0 0 0 0 0 
1952 3889 3688 1810 2182 629 620 202 343 1075 59 48 21 407 68 0 40 0 0 0 0 0 0 0 0 0 0 0 0 0 0 0 
3162 4013 3950 2839 2918 1452 585 326 366 589 109 55 34 55 0 0 4 0 0 0 0 0 0 0 0 0 0 0 0 0 0 0 
1175 1965 1712 1346 846 858 406 202 84 874 302 25 0 11 0 0 0 0 0 0 0 0 0 0 0 0 0 0 0 0 0 0 
4144 4155 3892 2031 1625 960 628 469 319 693 1244 1444 481 153 85 0 4 76 0 0 0 0 0 0 0 0 0 0 0 0 0 0 
1512 2833 2508 1466 1540 1193 692 295 163 425 77 121 11 27 25 0 8 42 0 0 0 0 0 0 0 0 0 0 0 0 0 0 
4778 6439 5784 3549 2849 2097 1078 1117 941 886 591 362 475 125 50 2 9 0 0 0 0 0 0 0 0 0 0 0 0 0 0 0 
6714 8771 8839 5417 3886 3080 1983 1259 1186 618 803 732 177 102 45 23 57 0 0 0 0 0 0 0 0 0 0 0 0 0 0 0 
8102 8039 6993 3743 2883 2576 1306 875 1238 1167 802 1029 1093 835 30 10 36 0 0 0 0 0 0 0 0 0 0 0 0 0 0 0 
4775 9637 6560 3307 3355 2255 1482 927 1058 709 517 115 184 489 65 0 3 72 0 0 0 0 0 0 0 0 0 0 0 0 0 0 
1046 1676 1684 1053 1161 803 623 868 238 540 519 346 453 70 70 5 61 3 0 0 0 0 0 0 0 0 0 0 0 0 0 0 
2185 4127 3815 2705 2227 1879 1416 584 196 292 90 92 24 33 31 0 4 0 0 0 0 0 0 0 0 0 0 0 0 0 0 0 
889 1208 1033 604 754 476 573 263 449 84 8 28 29 270 1 0 0 0 0 0 0 0 0 0 0 0 0 0 0 0 0 0 
11 400 215 131 156 24 25 8 7 198 4 2 1 0 3 0 0 0 0 0 0 0 0 0 0 0 0 0 0 0 0 0 
1846 6883 4417 1956 1409 955 670 671 471 385 320 512 207 381 88 0 0 0 0 0 0 0 0 0 0 0 0 0 0 0 0 0 
2345 3739 3551 1925 1534 1697 1110 623 114 325 174 161 79 61 96 1 0 0 0 0 0 0 0 0 0 0 0 0 0 0 0 0 
5956 12059 8772 4517 4222 3460 2485 1893 1351 532 531 323 559 302 59 4 6 0 0 0 0 0 0 0 0 0 0 0 0 0 0 0 
778 1892 1035 716 904 443 354 451 145 339 24 11 2 9 64 1 4 0 0 0 0 0 0 0 0 0 0 0 0 0 0 0 
1967 5143 3602 1865 1730 1028 833 416 244 205 381 464 262 113 2 0 0 2 0 0 0 0 0 0 0 0 0 0 0 0 0 0 
2766 5952 5976 4266 4373 2586 1613 1144 476 515 391 397 59 91 19 10 44 3 0 0 0 0 0 0 0 0 0 0 0 0 0 0 
0 6075 4503 3086 1911 1868 994 911 515 200 572 382 318 41 3 1 0 0 0 0 0 0 0 0 0 0 0 0 0 0 0 0 
12254 13540 12908 7377 6051 4046 2505 1783 1369 1773 1681 628 172 121 22 0 0 0 0 0 0 0 0 0 0 0 0 0 0 0 0 0 
1558 1689 1672 805 1174 404 326 181 169 711 128 196 0 4 50 0 0 0 0 0 0 0 0 0 0 0 0 0 0 0 0 0 
1359 3519 1523 527 396 151 128 308 283 166 172 128 37 281 1 0 44 0 0 0 0 0 0 0 0 0 0 0 0 0 0 0 
1474 3116 2981 1810 1978 1310 744 180 153 329 192 26 14 24 36 0 1 0 0 0 0 0 0 0 0 0 0 0 0 0 0 0 
0 0 0 0 0 0 0 0 0 0 0 0 0 0 0 0 0 0 0 0 0 0 0 0 0 0 0 0 0 0 0 0 
5071 6481 6092 4495 2313 2108 1432 1934 457 613 1814 1697 478 17 31 12 4 0 0 0 0 0 0 0 0 0 0 0 0 0 0 0 
847 1156 1399 945 862 385 663 596 28 26 73 29 7 53 128 55 36 0 0 0 0 0 0 0 0 0 0 0 0 0 0 0 
700 1120 1097 580 395 709 387 335 89 61 75 66 164 3 11 13 0 0 0 0 0 0 0 0 0 0 0 0 0 0 0 0 
3622 5856 4314 1977 1756 1502 695 499 918 348 468 530 641 171 33 2 0 0 0 0 0 0 0 0 0 0 0 0 0 0 0 0 
1811 6163 5203 1898 1812 1523 1209 1017 647 135 597 179 146 163 25 2 0 0 0 0 0 0 0 0 0 0 0 0 0 0 0 0 
6281 11693 9006 5429 2854 2972 1643 1497 1524 409 824 609 450 309 52 12 9 9 0 0 0 0 0 0 0 0 0 0 0 0 0 0 
675 1498 1389 400 472 389 285 39 35 320 46 25 15 12 77 0 0 0 0 0 0 0 0 0 0 0 0 0 0 0 0 0 
8380 12625 9225 5056 3008 2381 1409 1581 1233 1403 1006 869 507 278 71 7 4 0 0 0 0 0 0 0 0 0 0 0 0 0 0 0 
2087 3744 3192 1487 1812 1304 689 679 264 945 407 253 111 39 102 0 0 0 0 0 0 0 0 0 0 0 0 0 0 0 0 0 
2660 3534 3542 2293 1346 1307 756 249 160 587 239 39 9 263 13 0 5 0 0 0 0 0 0 0 0 0 0 0 0 0 0 0 
4600 6439 4448 1628 1535 895 594 584 1056 295 312 130 391 291 61 0 0 0 0 0 0 0 0 0 0 0 0 0 0 0 0 0 
26 71 82 68 82 262 3 0 0 1 6 0 0 0 0 0 0 0 0 0 0 0 0 0 0 0 0 0 0 0 0 0 
2959 2847 3164 1923 2146 1251 856 388 818 544 292 199 83 603 79 0 9 0 0 0 0 0 0 0 0 0 0 0 0 0 0 0 
4215 6158 5772 4301 2963 2464 1585 914 1719 864 339 145 144 691 48 1 0 0 0 0 0 0 0 0 0 0 0 0 0 0 0 0 
1752 2690 2702 1844 1842 1378 592 336 352 706 78 138 26 54 71 0 0 0 0 0 0 0 0 0 0 0 0 0 0 0 0 0 
11497 6719 7403 5078 3510 3178 1970 1064 2832 707 608 382 270 747 161 3 19 29 0 0 0 0 0 0 0 0 0 0 0 0 0 0 
1037 1727 1478 994 1127 1111 524 362 40 100 147 37 4 29 39 0 10 0 0 0 0 0 0 0 0 0 0 0 0 0 0 0 
899 3383 2573 1265 597 603 472 654 458 454 67 97 67 630 7 0 3 8 0 0 0 0 0 0 0 0 0 0 0 0 0 0 
5348 4546 4432 2267 2423 1467 1134 482 200 1389 782 1009 463 45 151 0 0 0 0 0 0 0 0 0 0 0 0 0 0 0 0 0 
336 2228 1852 1316 1184 970 672 139 179 191 57 34 26 359 113 3 1 0 0 0 0 0 0 0 0 0 0 0 0 0 0 0 
8683 9930 7666 3937 2465 2673 1464 1192 780 480 1159 1015 367 261 38 41 0 2 0 0 0 0 0 0 0 0 0 0 0 0 0 0 
3499 4942 2762 1177 1479 549 393 320 390 455 271 479 311 167 7 0 0 0 0 0 0 0 0 0 0 0 0 0 0 0 0 0 
3517 4178 4474 3252 2120 2095 1260 738 417 345 505 497 85 323 64 2 35 5 0 0 0 0 0 0 0 0 0 0 0 0 0 0 
656 1312 1572 961 844 1700 795 410 45 89 134 80 167 46 18 13 0 0 0 0 0 0 0 0 0 0 0 0 0 0 0 0 
2997 3636 3638 2445 1781 1945 1058 600 299 259 623 758 313 275 20 33 19 7 0 0 0 0 0 0 0 0 0 0 0 0 0 0 
5654 11760 6452 2999 1734 1700 981 1046 817 232 675 554 357 502 17 21 0 0 0 0 0 0 0 0 0 0 0 0 0 0 0 0 
2244 4927 4861 2822 2459 1494 814 318 301 637 262 69 18 9 43 0 3 0 0 0 0 0 0 0 0 0 0 0 0 0 0 0 
794 1481 933 592 579 303 281 578 47 333 28 27 6 13 5 2 0 0 0 0 0 0 0 0 0 0 0 0 0 0 0 0 
565 3221 3110 1598 1780 1467 1007 645 335 312 245 52 30 303 93 21 0 0 0 0 0 0 0 0 0 0 0 0 0 0 0 0 
615 856 845 634 878 539 207 166 145 198 16 16 7 22 0 0 0 0 0 0 0 0 0 0 0 0 0 0 0 0 0 0 
1274 2822 1341 690 673 311 275 253 330 153 110 106 232 415 4 0 0 0 0 0 0 0 0 0 0 0 0 0 0 0 0 0 
2063 4263 3010 1847 1463 1666 895 361 486 169 326 521 293 137 31 1 0 0 0 0 0 0 0 0 0 0 0 0 0 0 0 0 
5945 5899 5709 3398 2722 2273 2147 843 377 1406 456 276 31 103 397 172 3 0 0 0 0 0 0 0 0 0 0 0 0 0 0 0 
2676 7528 4842 2071 2538 1591 941 465 1051 264 351 139 264 405 45 0 2 36 0 0 0 0 0 0 0 0 0 0 0 0 0 0 
186 507 726 634 253 123 293 29 25 25 69 142 6 2 28 0 0 0 0 0 0 0 0 0 0 0 0 0 0 0 0 0 
7120 12862 7905 4496 2502 2799 1444 1240 1692 624 1015 1209 1013 379 73 2 7 30 0 0 0 0 0 0 0 0 0 0 0 0 0 0 
1514 2171 1916 1053 1344 1104 514 333 70 1097 319 39 6 355 57 0 0 0 0 0 0 0 0 0 0 0 0 0 0 0 0 0 
924 1663 1462 678 824 386 410 203 468 211 39 108 21 376 59 0 5 25 0 0 0 0 0 0 0 0 0 0 0 0 0 0 
2052 3987 2634 1883 1145 887 481 843 720 116 383 271 71 16 49 0 16 0 0 0 0 0 0 0 0 0 0 0 0 0 0 0 
8385 6831 7099 4980 3185 3583 2263 1064 1542 466 830 811 272 502 180 0 7 36 0 0 0 0 0 0 0 0 0 0 0 0 0 0 
558 1179 1125 620 976 404 466 439 67 22 187 152 13 25 4 19 0 0 0 0 0 0 0 0 0 0 0 0 0 0 0 0 
2961 4097 3956 2041 2269 1305 1209 397 691 1018 515 304 107 390 42 9 38 0 0 0 0 0 0 0 0 0 0 0 0 0 0 0 
5325 6843 5247 2815 2338 1402 660 581 1065 573 562 509 605 258 8 9 38 0 0 0 0 0 0 0 0 0 0 0 0 0 0 0 
2789 3186 3262 2219 2067 1877 1460 575 131 889 206 385 119 44 143 20 1 14 0 0 0 0 0 0 0 0 0 0 0 0 0 0 
2234 3493 3776 2105 1501 1367 888 450 967 904 524 647 84 512 137 0 1 0 0 0 0 0 0 0 0 0 0 0 0 0 0 0 
1186 1392 2292 1333 236 563 407 327 74 565 922 1411 309 76 20 0 2 0 0 0 0 0 0 0 0 0 0 0 0 0 0 0 
2060 4777 2183 1163 1012 450 382 337 253 278 482 435 125 69 4 0 6 2 0 0 0 0 0 0 0 0 0 0 0 0 0 0 
6375 8005 8443 5722 4065 4515 2381 1164 1788 734 657 371 127 680 92 0 5 16 0 0 0 0 0 0 0 0 0 0 0 0 0 0 
2738 4968 4214 2211 1789 1453 919 786 676 79 265 173 172 142 81 5 0 0 0 0 0 0 0 0 0 0 0 0 0 0 0 0 
1920 2166 1485 553 982 918 548 117 33 288 34 251 3 274 119 0 0 0 0 0 0 0 0 0 0 0 0 0 0 0 0 0 
90 638 226 141 178 157 41 11 60 15 4 3 5 5 0 0 0 0 0 0 0 0 0 0 0 0 0 0 0 0 0 0 
8666 10393 8207 4827 3938 3689 1876 1141 956 740 879 1155 457 650 146 7 5 15 0 0 0 0 0 0 0 0 0 0 0 0 0 0 
548 6893 5275 3756 2764 2867 1569 692 1557 663 323 209 143 717 17 0 6 0 0 0 0 0 0 0 0 0 0 0 0 0 0 0 
2443 6267 4904 2399 1525 1436 1086 1196 1033 222 516 277 207 216 13 16 0 0 0 0 0 0 0 0 0 0 0 0 0 0 0 0 
1724 2782 2637 1808 1647 746 444 152 442 375 97 18 19 63 47 0 0 0 0 0 0 0 0 0 0 0 0 0 0 0 0 0 
43 17 11 7 44 2 27 0 0 0 0 0 0 0 0 0 0 0 0 0 0 0 0 0 0 0 0 0 0 0 0 0 
1090 3453 1690 932 426 569 296 216 382 30 167 113 341 274 0 0 0 0 0 0 0 0 0 0 0 0 0 0 0 0 0 0 
5696 8033 8889 6064 2893 3132 1650 1343 689 969 2174 2841 534 393 80 17 14 0 0 0 0 0 0 0 0 0 0 0 0 0 0 0 
4374 7325 5631 3982 2078 2765 1179 1208 1342 382 792 424 407 489 115 2 3 0 0 0 0 0 0 0 0 0 0 0 0 0 0 0 
5556 8063 7052 4650 4136 2806 1847 1583 1594 689 663 333 241 303 12 5 7 0 0 0 0 0 0 0 0 0 0 0 0 0 0 0 
4041 6538 6911 4329 3004 3620 2022 953 1167 393 923 659 198 353 37 13 40 0 0 0 0 0 0 0 0 0 0 0 0 0 0 0 
8315 6461 7115 4534 2766 3197 3299 1649 358 247 1010 878 202 115 525 272 0 0 0 0 0 0 0 0 0 0 0 0 0 0 0 0 
910 3613 2618 1730 1626 1194 681 216 231 557 173 120 61 19 2 4 0 0 0 0 0 0 0 0 0 0 0 0 0 0 0 0 
1394 3041 2503 1568 2548 943 670 538 203 1079 206 144 1 8 4 6 0 0 0 0 0 0 0 0 0 0 0 0 0 0 0 0 
3692 6684 6530 4191 2439 2479 1121 1042 583 258 1216 835 231 120 8 1 0 0 0 0 0 0 0 0 0 0 0 0 0 0 0 0 
2261 4649 4822 3767 1993 1745 1208 445 545 230 905 430 153 156 3 1 32 0 0 0 0 0 0 0 0 0 0 0 0 0 0 0 
6586 7226 8837 5872 3371 3627 2401 1528 1336 473 1556 766 232 117 4 4 0 0 0 0 0 0 0 0 0 0 0 0 0 0 0 0 
4037 6085 6788 4540 3182 3394 1506 1586 550 665 924 604 138 77 22 1 5 0 0 0 0 0 0 0 0 0 0 0 0 0 0 0 
3167 4378 4374 3041 2490 1689 1037 547 507 907 236 123 72 55 74 0 8 0 0 0 0 0 0 0 0 0 0 0 0 0 0 0 
4783 6535 8247 5251 3839 2957 2299 1220 905 832 663 201 76 113 59 41 1 0 0 0 0 0 0 0 0 0 0 0 0 0 0 0 
2251 3880 3810 1929 1492 1484 844 760 551 421 424 16 15 40 53 1 4 0 0 0 0 0 0 0 0 0 0 0 0 0 0 0 
2080 6751 5086 3615 2255 2650 1416 2158 799 442 484 152 73 64 60 2 3 0 0 0 0 0 0 0 0 0 0 0 0 0 0 0 
1442 2212 2591 1337 1440 1486 736 238 335 181 381 116 59 354 4 0 0 0 0 0 0 0 0 0 0 0 0 0 0 0 0 0 
2424 5426 4035 2290 1777 1533 798 492 271 106 546 835 213 126 0 0 0 0 0 0 0 0 0 0 0 0 0 0 0 0 0 0 
3588 5189 5932 3174 2596 2547 1515 1203 278 225 1216 1415 233 55 14 17 0 0 0 0 0 0 0 0 0 0 0 0 0 0 0 0 
1315 2152 2704 2212 1130 1779 492 473 350 85 458 122 49 39 50 0 5 0 0 0 0 0 0 0 0 0 0 0 0 0 0 0 
5162 7001 7638 5065 3282 3238 1663 1753 517 471 948 922 318 91 55 30 18 0 0 0 0 0 0 0 0 0 0 0 0 0 0 0 
5123 7407 7723 4939 3255 3444 1913 1114 402 192 1136 950 167 48 24 19 8 0 0 0 0 0 0 0 0 0 0 0 0 0 0 0 
5772 8824 6298 3621 2125 2609 1791 1237 1565 423 1101 784 361 680 221 78 0 0 0 0 0 0 0 0 0 0 0 0 0 0 0 0 
5328 6311 7574 4580 2820 3539 1432 1259 755 467 1358 857 330 65 52 14 3 0 0 0 0 0 0 0 0 0 0 0 0 0 0 0 
1109 2344 2421 1988 1004 2029 642 857 724 424 614 539 97 149 3 0 0 0 0 0 0 0 0 0 0 0 0 0 0 0 0 0 
2528 4423 5050 3417 2348 2184 1248 1051 542 262 817 661 163 50 22 35 0 0 0 0 0 0 0 0 0 0 0 0 0 0 0 0 
3458 3560 3329 2244 1401 1284 832 720 701 481 666 146 127 11 23 3 11 87 0 0 0 0 0 0 0 0 0 0 0 0 0 0 
1332 1923 1332 2031 794 788 675 1674 606 313 111 39 25 9 11 1 18 0 0 0 0 0 0 0 0 0 0 0 0 0 0 0 
5501 6961 7629 4390 2837 3348 1343 973 523 484 1345 1064 155 74 35 2 5 0 0 0 0 0 0 0 0 0 0 0 0 0 0 0 
2357 2936 3168 2138 1053 1353 1112 508 103 152 979 640 121 89 14 13 36 96 0 0 0 0 0 0 0 0 0 0 0 0 0 0 
2991 6487 4238 2444 2334 1434 1373 739 364 243 718 458 120 77 3 5 0 0 0 0 0 0 0 0 0 0 0 0 0 0 0 0 
3961 8269 6248 3732 2701 2415 1295 1099 1505 448 619 347 427 208 20 1 10 9 0 0 0 0 0 0 0 0 0 0 0 0 0 0 
7091 8656 8449 5179 3092 3690 1753 1753 464 407 1282 1005 477 129 66 81 106 0 0 0 0 0 0 0 0 0 0 0 0 0 0 0 
1216 3493 2613 1354 1395 1250 896 311 125 249 183 146 91 107 27 1 0 0 0 0 0 0 0 0 0 0 0 0 0 0 0 0 
4431 7632 6029 4451 2602 3207 1185 1045 1195 557 633 806 287 423 56 2 0 0 0 0 0 0 0 0 0 0 0 0 0 0 0 0 
2643 3739 4639 2460 1585 1743 874 735 514 194 872 940 201 56 58 1 0 0 0 0 0 0 0 0 0 0 0 0 0 0 0 0 
3775 4375 4452 2692 1485 2748 1158 937 928 350 696 669 216 78 12 0 7 8 0 0 0 0 0 0 0 0 0 0 0 0 0 0 
5374 8261 6955 4037 2160 2791 1378 907 1403 672 1196 1566 361 434 30 1 0 0 0 0 0 0 0 0 0 0 0 0 0 0 0 0 
4731 5897 5831 4007 2531 2761 1423 1158 644 295 966 520 221 125 28 45 52 98 0 0 0 0 0 0 0 0 0 0 0 0 0 0 
5438 8889 5206 2857 2037 2220 810 704 642 144 580 893 390 208 6 0 0 0 0 0 0 0 0 0 0 0 0 0 0 0 0 0 
2373 3221 2555 2593 1646 1605 1159 1477 883 760 375 186 78 336 13 5 13 0 0 0 0 0 0 0 0 0 0 0 0 0 0 0 
1185 1405 1929 1128 742 962 520 239 354 396 353 135 92 317 28 0 0 0 0 0 0 0 0 0 0 0 0 0 0 0 0 0 
939 1529 1684 1378 621 599 679 184 518 280 153 253 32 61 1 0 6 0 0 0 0 0 0 0 0 0 0 0 0 0 0 0 
846 2091 1555 1016 1247 606 945 1019 358 511 157 18 27 72 2 0 2 0 0 0 0 0 0 0 0 0 0 0 0 0 0 0 
3785 6359 5309 3132 2080 2183 1142 1090 1018 359 890 918 308 414 102 83 110 0 0 0 0 0 0 0 0 0 0 0 0 0 0 0 
239 949 744 409 653 462 97 39 35 132 58 16 2 0 7 0 0 0 0 0 0 0 0 0 0 0 0 0 0 0 0 0 
2263 4395 4245 2756 2039 1556 819 1291 355 153 565 430 120 14 53 23 28 18 0 0 0 0 0 0 0 0 0 0 0 0 0 0 
1872 3391 3368 2308 1482 1583 629 680 292 240 557 464 230 12 7 1 0 0 0 0 0 0 0 0 0 0 0 0 0 0 0 0 
748 1767 1886 1317 823 687 503 592 498 178 206 26 24 55 0 0 0 0 0 0 0 0 0 0 0 0 0 0 0 0 0 0 
1103 1870 1892 1244 571 836 702 560 277 90 337 265 54 8 0 0 0 0 0 0 0 0 0 0 0 0 0 0 0 0 0 0 
4887 6474 5047 3493 2098 2436 1437 804 1405 390 681 773 286 158 43 16 2 1 0 0 0 0 0 0 0 0 0 0 0 0 0 0 
2190 3363 3248 1949 1026 1200 915 558 1618 543 418 408 169 340 23 0 3 0 0 0 0 0 0 0 0 0 0 0 0 0 0 0 
4275 5268 5725 3439 1557 1802 1002 1257 249 1012 1686 2448 563 55 108 16 2 3 0 0 0 0 0 0 0 0 0 0 0 0 0 0 
1012 2035 1142 468 779 355 557 225 144 265 75 56 18 1 0 0 5 0 0 0 0 0 0 0 0 0 0 0 0 0 0 0 
6398 8871 6397 3318 2678 2449 1321 625 952 776 628 703 355 300 8 0 0 0 0 0 0 0 0 0 0 0 0 0 0 0 0 0 
3821 4766 4961 2864 2303 3444 1311 846 567 581 677 362 64 116 39 0 4 0 0 0 0 0 0 0 0 0 0 0 0 0 0 0 
1129 2397 2014 1709 907 688 399 257 118 415 135 30 26 38 43 0 0 0 0 0 0 0 0 0 0 0 0 0 0 0 0 0 
2969 4467 4578 3258 2576 2324 1068 1275 977 568 907 443 133 279 13 13 1 0 0 0 0 0 0 0 0 0 0 0 0 0 0 0 
983 1362 1714 1387 800 783 484 228 117 176 268 300 35 38 46 2 0 0 0 0 0 0 0 0 0 0 0 0 0 0 0 0 
5096 5965 6989 4384 2804 3001 1999 652 451 853 767 474 81 61 224 88 1 0 0 0 0 0 0 0 0 0 0 0 0 0 0 0 
5804 6936 6654 4460 3407 2461 1628 1634 2096 1118 531 416 187 686 5 7 0 1 0 0 0 0 0 0 0 0 0 0 0 0 0 0 
1361 3021 2151 1744 1289 852 708 605 557 205 512 236 37 4 2 0 5 0 0 0 0 0 0 0 0 0 0 0 0 0 0 0 
3867 6478 6293 3857 2694 2584 1598 1155 1366 675 1088 385 246 320 6 10 39 0 0 0 0 0 0 0 0 0 0 0 0 0 0 0 
1966 2369 2504 1687 861 875 716 488 382 41 126 137 23 8 1 0 5 0 0 0 0 0 0 0 0 0 0 0 0 0 0 0 
4163 4970 5256 3202 2350 1483 993 597 578 327 400 29 56 23 32 0 0 0 0 0 0 0 0 0 0 0 0 0 0 0 0 0 
221 567 525 471 479 91 35 23 73 44 11 4 198 2 52 0 0 0 0 0 0 0 0 0 0 0 0 0 0 0 0 0 
2196 2763 3142 2284 1522 1404 1260 559 431 72 489 36 20 56 12 4 0 0 0 0 0 0 0 0 0 0 0 0 0 0 0 0 
2239 2382 3454 2134 865 968 835 586 344 379 1675 1954 383 103 8 5 8 46 0 0 0 0 0 0 0 0 0 0 0 0 0 0 
755 1364 1274 778 508 608 291 414 238 93 99 74 43 136 47 0 0 4 0 0 0 0 0 0 0 0 0 0 0 0 0 0 
3852 3744 4336 3160 1623 1851 1000 647 859 932 485 249 105 377 29 1 0 0 0 0 0 0 0 0 0 0 0 0 0 0 0 0 
2905 3090 4109 2669 1546 1355 1136 917 655 120 441 139 60 52 17 9 0 0 0 0 0 0 0 0 0 0 0 0 0 0 0 0 
2162 3412 3149 1580 1057 1109 898 530 1182 246 487 222 53 400 40 0 0 3 0 0 0 0 0 0 0 0 0 0 0 0 0 0 
1872 3826 2056 1174 920 937 463 320 553 418 199 35 97 90 1 3 0 0 0 0 0 0 0 0 0 0 0 0 0 0 0 0 
872 980 979 850 458 408 426 669 102 175 87 21 3 41 171 47 0 0 0 0 0 0 0 0 0 0 0 0 0 0 0 0 
6086 8112 5841 3684 2737 2827 1486 983 1823 648 759 482 518 539 100 2 4 46 0 0 0 0 0 0 0 0 0 0 0 0 0 0 
1176 2703 1064 440 364 214 377 166 393 51 108 41 315 134 0 1 0 0 0 0 0 0 0 0 0 0 0 0 0 0 0 0 
696 630 690 748 448 389 346 470 91 39 18 9 4 0 14 0 1 0 0 0 0 0 0 0 0 0 0 0 0 0 0 0 
1817 1915 2398 1842 1034 1343 417 237 185 86 349 293 9 4 4 0 0 0 0 0 0 0 0 0 0 0 0 0 0 0 0 0 
492 1082 835 694 286 355 422 471 79 39 54 13 47 55 3 1 0 8 0 0 0 0 0 0 0 0 0 0 0 0 0 0 
1203 2163 2706 1805 944 1246 1095 558 120 94 186 142 45 66 0 0 0 0 0 0 0 0 0 0 0 0 0 0 0 0 0 0 
512 801 869 621 430 544 285 336 244 66 117 10 18 5 0 0 0 0 0 0 0 0 0 0 0 0 0 0 0 0 0 0 
992 1735 1577 1217 1218 986 462 556 460 512 21 51 14 289 33 0 0 0 0 0 0 0 0 0 0 0 0 0 0 0 0 0 
315 849 867 780 418 219 197 45 152 235 106 17 11 55 0 0 0 0 0 0 0 0 0 0 0 0 0 0 0 0 0 0 
2079 2233 3194 2368 1505 1986 967 1087 840 232 469 811 136 50 69 0 2 0 0 0 0 0 0 0 0 0 0 0 0 0 0 0 
1854 5263 1534 545 483 327 338 309 442 50 133 96 356 197 5 0 0 0 0 0 0 0 0 0 0 0 0 0 0 0 0 0 
1021 2074 1672 1534 626 947 445 302 627 277 168 149 101 100 10 0 0 0 0 0 0 0 0 0 0 0 0 0 0 0 0 0 
2369 3625 3641 2789 1707 2166 970 512 1031 462 309 137 63 333 32 0 4 0 0 0 0 0 0 0 0 0 0 0 0 0 0 0 
2567 3592 3573 2661 1865 1322 1457 1000 824 211 173 31 101 116 20 1 1 0 0 0 0 0 0 0 0 0 0 0 0 0 0 0 
437 571 935 404 255 255 235 68 181 261 17 12 7 1 3 0 0 0 0 0 0 0 0 0 0 0 0 0 0 0 0 0 
2503 4199 2592 1653 1266 915 486 507 426 476 468 571 148 107 3 0 0 0 0 0 0 0 0 0 0 0 0 0 0 0 0 0 
2425 4979 3208 2133 1300 1121 1066 491 526 373 620 485 51 323 49 0 5 0 0 0 0 0 0 0 0 0 0 0 0 0 0 0 
4063 6705 5393 3523 3124 1826 1549 1012 1293 712 662 84 157 338 12 15 1 0 0 0 0 0 0 0 0 0 0 0 0 0 0 0 
2276 4118 3517 2182 2364 1425 984 728 594 405 286 72 35 42 6 9 37 1 0 0 0 0 0 0 0 0 0 0 0 0 0 0 
681 1269 1470 1128 648 776 225 128 42 73 188 208 5 0 0 0 0 0 0 0 0 0 0 0 0 0 0 0 0 0 0 0 
3269 4760 4582 3697 2699 2456 1139 786 738 314 438 690 252 83 83 3 2 0 0 0 0 0 0 0 0 0 0 0 0 0 0 0 
2033 2967 4587 2546 1807 1521 1264 930 539 184 712 489 95 38 6 14 0 0 0 0 0 0 0 0 0 0 0 0 0 0 0 0 
6971 5401 5982 4736 1998 2766 1480 1300 1901 945 1567 1615 485 412 68 0 24 1 0 0 0 0 0 0 0 0 0 0 0 0 0 0 
950 1430 1716 1134 1171 794 743 96 486 175 58 103 20 323 12 0 0 0 0 0 0 0 0 0 0 0 0 0 0 0 0 0 
2196 2453 2036 1383 1141 1203 734 316 603 311 158 477 68 324 98 0 0 0 0 0 0 0 0 0 0 0 0 0 0 0 0 0 
76 674 415 325 362 582 99 564 13 11 9 3 1 0 7 0 6 0 0 0 0 0 0 0 0 0 0 0 0 0 0 0 
1375 2947 1881 1504 591 794 509 957 807 359 139 72 46 63 10 9 36 3 0 0 0 0 0 0 0 0 0 0 0 0 0 0 
1191 1726 2351 1301 778 1018 205 140 68 129 579 555 5 0 1 0 1 0 0 0 0 0 0 0 0 0 0 0 0 0 0 0 
480 1431 756 508 336 252 230 74 94 54 52 146 16 1 0 0 2 0 0 0 0 0 0 0 0 0 0 0 0 0 0 0 
4463 3328 3771 2846 1581 2132 878 688 696 264 521 527 202 83 5 0 0 1 0 0 0 0 0 0 0 0 0 0 0 0 0 0 
1469 2934 2444 1693 782 1228 535 425 331 83 292 396 103 11 13 0 0 0 0 0 0 0 0 0 0 0 0 0 0 0 0 0 
853 737 833 378 298 292 180 555 546 23 137 1 6 38 1 1 0 0 0 0 0 0 0 0 0 0 0 0 0 0 0 0 
1402 1932 1563 1791 1113 837 593 892 676 764 86 186 39 363 14 0 6 0 0 0 0 0 0 0 0 0 0 0 0 0 0 0 
642 2287 2087 1554 1567 1183 406 207 559 377 147 47 48 657 1 0 0 0 0 0 0 0 0 0 0 0 0 0 0 0 0 0 
873 2217 1996 1216 1763 853 497 235 154 765 43 164 49 342 22 0 4 0 0 0 0 0 0 0 0 0 0 0 0 0 0 0 
1660 2554 1750 835 1760 1359 425 239 146 611 89 210 36 313 8 0 0 0 0 0 0 0 0 0 0 0 0 0 0 0 0 0 
2384 3333 3249 2200 2642 1750 847 552 139 378 37 94 8 11 55 0 69 5 0 0 0 0 0 0 0 0 0 0 0 0 0 0 
1185 2186 1958 934 1853 1018 713 389 29 184 65 171 11 64 111 0 4 0 0 0 0 0 0 0 0 0 0 0 0 0 0 0 
3530 3363 3496 2216 2566 1737 934 850 424 781 515 68 46 377 83 15 1 20 0 0 0 0 0 0 0 0 0 0 0 0 0 0 
2813 4280 4454 3985 2743 2408 1419 661 375 552 276 211 43 67 4 0 0 9 0 0 0 0 0 0 0 0 0 0 0 0 0 0 
3224 3991 3376 2459 1886 1766 1593 934 1080 806 222 224 100 180 80 0 19 0 0 0 0 0 0 0 0 0 0 0 0 0 0 0 
845 1336 1394 1371 1035 982 1010 474 109 144 44 67 35 36 21 19 0 0 0 0 0 0 0 0 0 0 0 0 0 0 0 0 
341 651 657 318 331 267 333 328 35 131 15 7 8 32 7 15 0 0 0 0 0 0 0 0 0 0 0 0 0 0 0 0 
2031 3395 3052 2242 2707 1553 1136 380 210 246 273 451 69 61 4 9 36 0 0 0 0 0 0 0 0 0 0 0 0 0 0 0 
439 1068 976 761 1481 793 283 381 11 26 125 70 2 25 1 0 3 0 0 0 0 0 0 0 0 0 0 0 0 0 0 0 
4702 5051 5083 3624 3214 2460 1451 905 1190 1390 558 398 283 393 200 0 1 0 0 0 0 0 0 0 0 0 0 0 0 0 0 0 
2360 2736 2561 1746 2243 1105 658 205 355 465 113 389 27 623 128 9 50 0 0 0 0 0 0 0 0 0 0 0 0 0 0 0 
3479 3475 3764 2959 2581 2341 1268 443 1343 324 189 398 99 638 125 0 1 7 0 0 0 0 0 0 0 0 0 0 0 0 0 0 
4990 6018 4358 3162 2215 1895 1344 1581 1338 776 853 136 61 347 15 0 4 0 0 0 0 0 0 0 0 0 0 0 0 0 0 0 
3084 2333 2853 1952 1728 1068 709 572 421 497 230 212 262 303 38 2 5 3 0 0 0 0 0 0 0 0 0 0 0 0 0 0 
771 1774 2115 1293 1081 987 477 283 93 351 215 151 15 22 6 0 0 0 0 0 0 0 0 0 0 0 0 0 0 0 0 0 
3761 3605 3219 1920 1935 1293 893 581 158 1047 188 138 234 165 73 0 0 0 0 0 0 0 0 0 0 0 0 0 0 0 0 0 
1128 1275 1109 567 683 806 325 243 15 944 20 7 1 81 81 0 0 0 0 0 0 0 0 0 0 0 0 0 0 0 0 0 
803 1183 1365 611 844 745 130 129 65 297 175 20 4 0 4 0 0 0 0 0 0 0 0 0 0 0 0 0 0 0 0 0 
2636 3326 3386 2150 2204 1578 1331 944 340 417 460 755 77 112 174 18 23 0 0 0 0 0 0 0 0 0 0 0 0 0 0 0 
40 331 266 135 791 68 55 35 5 215 4 0 0 0 0 0 0 0 0 0 0 0 0 0 0 0 0 0 0 0 0 0 
610 894 653 367 945 557 416 288 76 12 23 7 0 23 8 0 0 0 0 0 0 0 0 0 0 0 0 0 0 0 0 0 
955 757 959 701 557 206 104 39 107 222 26 5 2 5 9 0 0 0 0 0 0 0 0 0 0 0 0 0 0 0 0 0 
11 394 171 237 167 2 2 16 135 1 2 8 55 86 0 0 0 0 0 0 0 0 0 0 0 0 0 0 0 0 0 0 
497 714 231 457 11 4 4 21 116 3 4 6 459 234 0 0 0 0 0 0 0 0 0 0 0 0 0 0 0 0 0 0 
19 602 139 256 0 2 2 27 93 4 11 14 123 67 0 0 0 0 0 0 0 0 0 0 0 0 0 0 0 0 0 0 
188 809 341 709 0 4 4 40 240 8 19 26 144 123 0 0 0 0 0 0 0 0 0 0 0 0 0 0 0 0 0 0 
273 575 166 278 5 3 4 34 327 5 12 14 246 160 0 0 0 0 0 0 0 0 0 0 0 0 0 0 0 0 0 0 
461 1270 556 465 18 9 7 70 551 3 75 10 276 57 0 0 0 0 0 0 0 0 0 0 0 0 0 0 0 0 0 0 
271 409 134 234 5 1 2 23 256 1 2 3 254 140 10 0 0 0 0 0 0 0 0 0 0 0 0 0 0 0 0 0 
311 450 171 273 20 12 14 34 262 15 30 52 271 116 3 0 0 0 0 0 0 0 0 0 0 0 0 0 0 0 0 0 
84 126 4 24 8 4 4 8 16 4 4 4 20 134 0 0 0 0 0 0 0 0 0 0 0 0 0 0 0 0 0 0 
