6 53 58 168 0 74 8 0 0 75 48 0 0 0 0 0 0 0 0 0 0 0 0 0 0 0 0 0 0 0 0 0 
25 10 11 55 34 0 44 52 50 5 44 20 0 0 0 0 0 0 0 0 0 0 0 0 0 0 0 0 0 0 0 0 
83 7 10 16 0 10 7 24 1 13 5 0 0 0 0 0 0 0 0 0 0 0 0 0 0 0 0 0 0 0 0 0 
98 114 32 34 32 128 13 78 125 7 20 0 0 0 0 0 0 0 0 0 0 0 0 0 0 0 0 0 0 0 0 0 
36 5 18 28 59 19 55 25 0 6 21 0 0 0 0 0 0 0 0 0 0 0 0 0 0 0 0 0 0 0 0 0 
6 0 12 10 2 20 11 0 14 0 5 0 0 0 0 0 0 0 0 0 0 0 0 0 0 0 0 0 0 0 0 0 
5 9 12 8 13 9 22 9 6 64 0 16 0 0 0 0 0 0 0 0 0 0 0 0 0 0 0 0 0 0 0 0 
28 0 0 9 75 5 37 77 40 91 56 16 0 0 0 0 0 0 0 0 0 0 0 0 0 0 0 0 0 0 0 0 
125 22 54 16 64 56 63 42 53 109 70 11 0 0 0 0 0 0 0 0 0 0 0 0 0 0 0 0 0 0 0 0 
140 61 234 112 205 133 96 26 33 113 101 0 0 0 0 0 0 0 0 0 0 0 0 0 0 0 0 0 0 0 0 0 
8 29 56 26 33 26 0 36 0 34 38 0 0 0 0 0 0 0 0 0 0 0 0 0 0 0 0 0 0 0 0 0 
11 102 35 211 86 102 45 69 51 42 45 0 0 0 0 0 0 0 0 0 0 0 0 0 0 0 0 0 0 0 0 0 
22 61 136 37 22 34 35 98 74 19 0 0 0 0 0 0 0 0 0 0 0 0 0 0 0 0 0 0 0 0 0 0 
152 149 80 23 43 56 19 5 101 0 47 17 0 0 0 0 0 0 0 0 0 0 0 0 0 0 0 0 0 0 0 0 
88 0 17 8 19 0 56 6 0 15 12 7 0 0 0 0 0 0 0 0 0 0 0 0 0 0 0 0 0 0 0 0 
100 32 101 47 19 14 124 0 28 21 67 28 0 0 0 0 0 0 0 0 0 0 0 0 0 0 0 0 0 0 0 0 
0 89 0 42 64 75 17 42 0 107 113 36 0 0 0 0 0 0 0 0 0 0 0 0 0 0 0 0 0 0 0 0 
4 0 0 8 0 0 48 2 19 14 0 5 0 0 0 0 0 0 0 0 0 0 0 0 0 0 0 0 0 0 0 0 
62 127 0 43 37 5 25 69 39 100 25 0 0 0 0 0 0 0 0 0 0 0 0 0 0 0 0 0 0 0 0 0 
7 46 0 80 54 0 4 32 8 0 38 0 0 0 0 0 0 0 0 0 0 0 0 0 0 0 0 0 0 0 0 0 
22 62 122 33 51 59 29 39 34 152 36 0 0 0 0 0 0 0 0 0 0 0 0 0 0 0 0 0 0 0 0 0 
39 54 22 58 9 31 18 2 18 34 37 13 0 0 0 0 0 0 0 0 0 0 0 0 0 0 0 0 0 0 0 0 
21 44 3 5 0 0 0 16 0 45 31 15 0 0 0 0 0 0 0 0 0 0 0 0 0 0 0 0 0 0 0 0 
7 22 0 0 10 4 1 9 3 0 6 0 0 0 0 0 0 0 0 0 0 0 0 0 0 0 0 0 0 0 0 0 
41 0 63 22 12 102 111 136 4 44 138 0 0 0 0 0 0 0 0 0 0 0 0 0 0 0 0 0 0 0 0 0 
94 180 24 84 66 27 0 46 56 38 139 33 0 0 0 0 0 0 0 0 0 0 0 0 0 0 0 0 0 0 0 0 
23 40 8 9 44 102 159 0 55 54 13 0 0 0 0 0 0 0 0 0 0 0 0 0 0 0 0 0 0 0 0 0 
22 23 18 31 0 19 1 26 35 21 33 0 0 0 0 0 0 0 0 0 0 0 0 0 0 0 0 0 0 0 0 0 
11 0 18 25 27 12 35 38 77 44 52 0 0 0 0 0 0 0 0 0 0 0 0 0 0 0 0 0 0 0 0 0 
175 67 58 81 115 109 99 112 126 27 145 0 0 0 0 0 0 0 0 0 0 0 0 0 0 0 0 0 0 0 0 0 
125 305 244 94 357 209 214 284 361 245 323 46 0 0 0 0 0 0 0 0 0 0 0 0 0 0 0 0 0 0 0 0 
86 42 58 52 43 45 18 103 107 169 57 80 0 0 0 0 0 0 0 0 0 0 0 0 0 0 0 0 0 0 0 0 
0 0 0 65 3 5 6 1 9 0 3 0 0 0 0 0 0 0 0 0 0 0 0 0 0 0 0 0 0 0 0 0 
121 4 8 0 0 41 0 0 54 53 62 4 0 0 0 0 0 0 0 0 0 0 0 0 0 0 0 0 0 0 0 0 
54 34 35 21 68 68 16 70 64 109 11 0 0 0 0 0 0 0 0 0 0 0 0 0 0 0 0 0 0 0 0 0 
5 12 10 0 9 55 2 0 32 11 0 0 0 0 0 0 0 0 0 0 0 0 0 0 0 0 0 0 0 0 0 0 
5 18 6 65 7 6 52 10 6 42 0 0 0 0 0 0 0 0 0 0 0 0 0 0 0 0 0 0 0 0 0 0 
17 30 27 74 28 0 0 5 47 0 43 0 0 0 0 0 0 0 0 0 0 0 0 0 0 0 0 0 0 0 0 0 
37 21 8 12 14 16 12 65 41 9 3 0 0 0 0 0 0 0 0 0 0 0 0 0 0 0 0 0 0 0 0 0 
81 71 107 49 56 223 69 185 104 121 45 36 0 0 0 0 0 0 0 0 0 0 0 0 0 0 0 0 0 0 0 0 
0 87 0 0 14 7 27 17 0 11 2 0 0 0 0 0 0 0 0 0 0 0 0 0 0 0 0 0 0 0 0 0 
46 6 17 28 31 0 27 5 0 1 0 0 0 0 0 0 0 0 0 0 0 0 0 0 0 0 0 0 0 0 0 0 
87 70 107 147 123 162 16 23 60 181 39 19 0 0 0 0 0 0 0 0 0 0 0 0 0 0 0 0 0 0 0 0 
10 27 16 14 0 0 0 11 6 13 0 0 0 0 0 0 0 0 0 0 0 0 0 0 0 0 0 0 0 0 0 0 
2 0 3 3 16 38 4 0 5 2 0 3 0 0 0 0 0 0 0 0 0 0 0 0 0 0 0 0 0 0 0 0 
105 129 114 100 252 320 116 152 114 146 77 33 0 0 0 0 0 0 0 0 0 0 0 0 0 0 0 0 0 0 0 0 
8 0 24 15 0 15 12 7 0 45 0 0 0 0 0 0 0 0 0 0 0 0 0 0 0 0 0 0 0 0 0 0 
0 25 39 10 25 22 71 8 16 2 18 0 0 0 0 0 0 0 0 0 0 0 0 0 0 0 0 0 0 0 0 0 
21 16 100 25 80 49 9 0 75 0 37 0 0 0 0 0 0 0 0 0 0 0 0 0 0 0 0 0 0 0 0 0 
17 0 59 43 39 52 134 20 60 35 77 18 0 0 0 0 0 0 0 0 0 0 0 0 0 0 0 0 0 0 0 0 
120 61 104 45 39 54 10 50 99 32 16 0 0 0 0 0 0 0 0 0 0 0 0 0 0 0 0 0 0 0 0 0 
14 61 52 45 15 10 30 51 86 61 9 0 0 0 0 0 0 0 0 0 0 0 0 0 0 0 0 0 0 0 0 0 
14 21 9 5 23 7 31 17 5 0 30 0 0 0 0 0 0 0 0 0 0 0 0 0 0 0 0 0 0 0 0 0 
4 2 0 55 2 84 27 78 19 7 0 0 0 0 0 0 0 0 0 0 0 0 0 0 0 0 0 0 0 0 0 0 
34 31 25 32 57 127 58 104 26 0 0 3 0 0 0 0 0 0 0 0 0 0 0 0 0 0 0 0 0 0 0 0 
62 87 462 380 260 363 772 211 228 399 280 76 0 0 0 0 0 0 0 0 0 0 0 0 0 0 0 0 0 0 0 0 
17 0 13 0 0 18 1 12 46 0 24 0 0 0 0 0 0 0 0 0 0 0 0 0 0 0 0 0 0 0 0 0 
40 14 10 8 37 8 39 52 23 36 9 0 0 0 0 0 0 0 0 0 0 0 0 0 0 0 0 0 0 0 0 0 
0 119 47 35 127 67 54 16 91 82 53 0 0 0 0 0 0 0 0 0 0 0 0 0 0 0 0 0 0 0 0 0 
7 0 4 9 36 19 0 17 10 0 19 0 0 0 0 0 0 0 0 0 0 0 0 0 0 0 0 0 0 0 0 0 
3 2 3 10 3 5 0 31 4 0 28 6 0 0 0 0 0 0 0 0 0 0 0 0 0 0 0 0 0 0 0 0 
23 29 5 29 0 9 21 0 0 42 25 0 0 0 0 0 0 0 0 0 0 0 0 0 0 0 0 0 0 0 0 0 
82 0 103 100 66 111 20 29 70 9 40 15 0 0 0 0 0 0 0 0 0 0 0 0 0 0 0 0 0 0 0 0 
8 140 94 5 38 0 27 10 22 14 11 0 0 0 0 0 0 0 0 0 0 0 0 0 0 0 0 0 0 0 0 0 
35 3 0 3 69 0 9 18 20 17 31 0 0 0 0 0 0 0 0 0 0 0 0 0 0 0 0 0 0 0 0 0 
244 73 47 104 86 259 87 64 153 127 84 4 0 0 0 0 0 0 0 0 0 0 0 0 0 0 0 0 0 0 0 0 
0 22 10 9 15 3 3 38 28 0 10 0 0 0 0 0 0 0 0 0 0 0 0 0 0 0 0 0 0 0 0 0 
49 54 74 19 25 33 59 48 55 49 67 49 0 0 0 0 0 0 0 0 0 0 0 0 0 0 0 0 0 0 0 0 
44 118 44 54 0 43 138 29 50 20 65 0 0 0 0 0 0 0 0 0 0 0 0 0 0 0 0 0 0 0 0 0 
9 100 5 0 0 4 10 0 7 5 0 0 0 0 0 0 0 0 0 0 0 0 0 0 0 0 0 0 0 0 0 0 
215 21 3 3 80 0 13 27 107 81 94 0 0 0 0 0 0 0 0 0 0 0 0 0 0 0 0 0 0 0 0 0 
0 12 15 10 0 37 4 8 34 0 7 0 0 0 0 0 0 0 0 0 0 0 0 0 0 0 0 0 0 0 0 0 
19 71 26 0 0 54 9 0 0 28 31 8 0 0 0 0 0 0 0 0 0 0 0 0 0 0 0 0 0 0 0 0 
10 19 44 0 0 0 129 128 14 67 45 0 0 0 0 0 0 0 0 0 0 0 0 0 0 0 0 0 0 0 0 0 
18 143 27 45 35 6 51 16 70 4 112 0 0 0 0 0 0 0 0 0 0 0 0 0 0 0 0 0 0 0 0 0 
6 26 12 19 12 0 150 21 8 14 5 0 0 0 0 0 0 0 0 0 0 0 0 0 0 0 0 0 0 0 0 0 
284 80 111 159 74 65 82 44 40 60 47 3 0 0 0 0 0 0 0 0 0 0 0 0 0 0 0 0 0 0 0 0 
32 80 3 0 4 28 31 25 8 45 0 3 0 0 0 0 0 0 0 0 0 0 0 0 0 0 0 0 0 0 0 0 
14 23 7 10 0 7 7 21 0 20 0 0 0 0 0 0 0 0 0 0 0 0 0 0 0 0 0 0 0 0 0 0 
39 58 37 74 121 35 76 23 40 6 28 0 0 0 0 0 0 0 0 0 0 0 0 0 0 0 0 0 0 0 0 0 
19 65 25 2 73 71 17 5 23 26 25 42 0 0 0 0 0 0 0 0 0 0 0 0 0 0 0 0 0 0 0 0 
0 5 4 1 4 0 4 0 0 4 2 0 0 0 0 0 0 0 0 0 0 0 0 0 0 0 0 0 0 0 0 0 
38 54 22 116 44 46 59 21 71 17 74 7 0 0 0 0 0 0 0 0 0 0 0 0 0 0 0 0 0 0 0 0 
5 14 47 135 31 49 70 22 75 32 59 0 0 0 0 0 0 0 0 0 0 0 0 0 0 0 0 0 0 0 0 0 
58 15 78 128 2 27 0 42 23 21 33 0 0 0 0 0 0 0 0 0 0 0 0 0 0 0 0 0 0 0 0 0 
79 31 65 47 43 147 35 66 20 38 31 0 0 0 0 0 0 0 0 0 0 0 0 0 0 0 0 0 0 0 0 0 
4 0 0 8 6 9 56 21 115 0 0 0 0 0 0 0 0 0 0 0 0 0 0 0 0 0 0 0 0 0 0 0 
13 15 0 45 0 40 0 7 29 6 0 0 0 0 0 0 0 0 0 0 0 0 0 0 0 0 0 0 0 0 0 0 
68 26 184 128 40 42 200 125 213 46 34 0 0 0 0 0 0 0 0 0 0 0 0 0 0 0 0 0 0 0 0 0 
187 194 139 76 239 66 39 65 109 27 111 3 0 0 0 0 0 0 0 0 0 0 0 0 0 0 0 0 0 0 0 0 
58 22 46 6 27 38 32 60 61 20 5 0 0 0 0 0 0 0 0 0 0 0 0 0 0 0 0 0 0 0 0 0 
221 76 137 71 81 130 104 47 69 15 33 10 0 0 0 0 0 0 0 0 0 0 0 0 0 0 0 0 0 0 0 0 
16 66 34 65 0 25 119 18 152 66 27 38 0 0 0 0 0 0 0 0 0 0 0 0 0 0 0 0 0 0 0 0 
130 107 68 14 30 132 57 52 26 133 74 0 0 0 0 0 0 0 0 0 0 0 0 0 0 0 0 0 0 0 0 0 
80 0 20 35 2 0 23 11 0 16 0 0 0 0 0 0 0 0 0 0 0 0 0 0 0 0 0 0 0 0 0 0 
32 110 52 200 63 86 183 90 145 58 35 5 0 0 0 0 0 0 0 0 0 0 0 0 0 0 0 0 0 0 0 0 
141 67 53 58 68 39 24 9 26 51 43 5 0 0 0 0 0 0 0 0 0 0 0 0 0 0 0 0 0 0 0 0 
8 5 31 11 6 11 25 6 0 11 17 0 0 0 0 0 0 0 0 0 0 0 0 0 0 0 0 0 0 0 0 0 
110 44 144 96 35 5 58 19 39 57 0 15 0 0 0 0 0 0 0 0 0 0 0 0 0 0 0 0 0 0 0 0 
3 29 0 20 43 4 10 11 0 18 13 0 0 0 0 0 0 0 0 0 0 0 0 0 0 0 0 0 0 0 0 0 
224 90 63 168 86 155 234 113 64 98 127 22 0 0 0 0 0 0 0 0 0 0 0 0 0 0 0 0 0 0 0 0 
0 24 26 13 0 8 0 10 29 0 2 0 0 0 0 0 0 0 0 0 0 0 0 0 0 0 0 0 0 0 0 0 
57 8 39 201 0 43 45 30 74 4 69 35 0 0 0 0 0 0 0 0 0 0 0 0 0 0 0 0 0 0 0 0 
2 22 119 125 0 36 95 118 122 23 34 0 0 0 0 0 0 0 0 0 0 0 0 0 0 0 0 0 0 0 0 0 
0 22 8 0 4 91 23 8 9 0 25 0 0 0 0 0 0 0 0 0 0 0 0 0 0 0 0 0 0 0 0 0 
86 103 41 143 48 187 30 29 78 126 40 0 0 0 0 0 0 0 0 0 0 0 0 0 0 0 0 0 0 0 0 0 
90 131 86 195 160 136 160 166 123 206 190 0 0 0 0 0 0 0 0 0 0 0 0 0 0 0 0 0 0 0 0 0 
67 78 147 21 57 53 14 37 29 76 19 7 0 0 0 0 0 0 0 0 0 0 0 0 0 0 0 0 0 0 0 0 
10 21 3 53 20 94 91 0 103 88 13 0 0 0 0 0 0 0 0 0 0 0 0 0 0 0 0 0 0 0 0 0 
13 8 95 13 117 20 145 110 0 48 35 0 0 0 0 0 0 0 0 0 0 0 0 0 0 0 0 0 0 0 0 0 
61 133 98 99 32 29 39 79 41 35 0 28 0 0 0 0 0 0 0 0 0 0 0 0 0 0 0 0 0 0 0 0 
11 0 0 12 27 41 77 11 49 9 31 57 0 0 0 0 0 0 0 0 0 0 0 0 0 0 0 0 0 0 0 0 
154 304 341 256 132 118 198 144 133 121 132 23 0 0 0 0 0 0 0 0 0 0 0 0 0 0 0 0 0 0 0 0 
0 77 30 49 66 79 23 10 66 140 164 0 0 0 0 0 0 0 0 0 0 0 0 0 0 0 0 0 0 0 0 0 
6 0 46 0 1 0 7 50 59 7 0 0 0 0 0 0 0 0 0 0 0 0 0 0 0 0 0 0 0 0 0 0 
27 27 24 5 76 49 6 9 12 8 45 0 0 0 0 0 0 0 0 0 0 0 0 0 0 0 0 0 0 0 0 0 
3 4 141 50 0 64 16 30 5 50 43 0 0 0 0 0 0 0 0 0 0 0 0 0 0 0 0 0 0 0 0 0 
15 42 9 2 2 0 3 12 45 10 78 0 0 0 0 0 0 0 0 0 0 0 0 0 0 0 0 0 0 0 0 0 
29 103 23 31 8 29 55 37 18 10 8 0 0 0 0 0 0 0 0 0 0 0 0 0 0 0 0 0 0 0 0 0 
0 118 13 110 73 0 0 10 31 3 0 0 0 0 0 0 0 0 0 0 0 0 0 0 0 0 0 0 0 0 0 0 
95 210 72 178 234 198 71 121 143 139 232 57 0 0 0 0 0 0 0 0 0 0 0 0 0 0 0 0 0 0 0 0 
37 63 157 163 67 100 131 41 50 12 40 30 0 0 0 0 0 0 0 0 0 0 0 0 0 0 0 0 0 0 0 0 
26 34 12 5 24 8 51 20 0 0 0 16 0 0 0 0 0 0 0 0 0 0 0 0 0 0 0 0 0 0 0 0 
14 296 38 202 16 131 38 134 7 12 73 125 0 0 0 0 0 0 0 0 0 0 0 0 0 0 0 0 0 0 0 0 
6 33 20 8 6 0 25 26 6 18 0 0 0 0 0 0 0 0 0 0 0 0 0 0 0 0 0 0 0 0 0 0 
73 4 24 0 22 0 15 4 29 4 36 0 0 0 0 0 0 0 0 0 0 0 0 0 0 0 0 0 0 0 0 0 
152 140 165 214 397 308 273 146 62 380 214 36 0 0 0 0 0 0 0 0 0 0 0 0 0 0 0 0 0 0 0 0 
55 21 54 72 9 112 67 50 41 89 67 0 0 0 0 0 0 0 0 0 0 0 0 0 0 0 0 0 0 0 0 0 
47 96 31 52 45 103 41 31 65 4 23 0 0 0 0 0 0 0 0 0 0 0 0 0 0 0 0 0 0 0 0 0 
216 91 108 116 135 26 142 74 100 114 106 96 0 0 0 0 0 0 0 0 0 0 0 0 0 0 0 0 0 0 0 0 
95 96 31 99 33 26 88 110 35 9 62 0 0 0 0 0 0 0 0 0 0 0 0 0 0 0 0 0 0 0 0 0 
29 53 13 87 22 8 61 0 38 7 32 0 0 0 0 0 0 0 0 0 0 0 0 0 0 0 0 0 0 0 0 0 
8 34 22 4 46 24 57 0 28 22 0 0 0 0 0 0 0 0 0 0 0 0 0 0 0 0 0 0 0 0 0 0 
16 82 91 115 176 48 0 74 4 181 4 35 0 0 0 0 0 0 0 0 0 0 0 0 0 0 0 0 0 0 0 0 
92 95 13 83 43 85 222 166 185 154 24 0 0 0 0 0 0 0 0 0 0 0 0 0 0 0 0 0 0 0 0 0 
45 6 0 0 53 3 10 27 5 146 5 6 0 0 0 0 0 0 0 0 0 0 0 0 0 0 0 0 0 0 0 0 
44 29 55 0 23 15 47 133 30 51 19 14 0 0 0 0 0 0 0 0 0 0 0 0 0 0 0 0 0 0 0 0 
73 7 66 10 25 2 29 30 45 46 51 0 0 0 0 0 0 0 0 0 0 0 0 0 0 0 0 0 0 0 0 0 
36 95 30 39 120 8 4 57 21 34 19 83 0 0 0 0 0 0 0 0 0 0 0 0 0 0 0 0 0 0 0 0 
0 9 22 2 0 0 11 36 10 3 4 6 0 0 0 0 0 0 0 0 0 0 0 0 0 0 0 0 0 0 0 0 
108 18 133 126 282 195 280 143 215 240 238 78 0 0 0 0 0 0 0 0 0 0 0 0 0 0 0 0 0 0 0 0 
1 13 73 136 26 18 124 4 172 28 46 0 0 0 0 0 0 0 0 0 0 0 0 0 0 0 0 0 0 0 0 0 
129 39 102 62 37 125 0 61 8 55 11 33 0 0 0 0 0 0 0 0 0 0 0 0 0 0 0 0 0 0 0 0 
0 5 63 4 0 36 26 36 36 45 67 5 0 0 0 0 0 0 0 0 0 0 0 0 0 0 0 0 0 0 0 0 
13 75 0 0 79 8 13 31 0 17 0 32 0 0 0 0 0 0 0 0 0 0 0 0 0 0 0 0 0 0 0 0 
16 0 20 2 31 10 0 76 16 14 4 3 0 0 0 0 0 0 0 0 0 0 0 0 0 0 0 0 0 0 0 0 
44 52 88 123 145 30 9 19 24 12 108 39 0 0 0 0 0 0 0 0 0 0 0 0 0 0 0 0 0 0 0 0 
0 6 6 11 6 0 25 9 19 10 24 0 0 0 0 0 0 0 0 0 0 0 0 0 0 0 0 0 0 0 0 0 
17 8 0 4 0 35 65 22 31 4 0 13 0 0 0 0 0 0 0 0 0 0 0 0 0 0 0 0 0 0 0 0 
20 112 2 193 117 11 88 127 38 117 172 45 0 0 0 0 0 0 0 0 0 0 0 0 0 0 0 0 0 0 0 0 
35 90 89 8 276 86 181 116 36 140 161 0 0 0 0 0 0 0 0 0 0 0 0 0 0 0 0 0 0 0 0 0 
23 0 15 4 23 29 23 85 61 48 5 0 0 0 0 0 0 0 0 0 0 0 0 0 0 0 0 0 0 0 0 0 
43 0 2 31 42 3 5 16 15 143 38 19 0 0 0 0 0 0 0 0 0 0 0 0 0 0 0 0 0 0 0 0 
8 33 26 0 13 66 0 20 34 53 7 0 0 0 0 0 0 0 0 0 0 0 0 0 0 0 0 0 0 0 0 0 
107 0 30 0 3 0 33 20 83 12 6 0 0 0 0 0 0 0 0 0 0 0 0 0 0 0 0 0 0 0 0 0 
0 7 95 25 0 0 7 11 0 76 24 21 0 0 0 0 0 0 0 0 0 0 0 0 0 0 0 0 0 0 0 0 
7 0 6 0 0 18 27 81 68 55 27 0 0 0 0 0 0 0 0 0 0 0 0 0 0 0 0 0 0 0 0 0 
102 40 41 12 30 90 48 88 0 5 6 0 0 0 0 0 0 0 0 0 0 0 0 0 0 0 0 0 0 0 0 0 
3 1 0 43 0 0 0 0 17 7 0 11 0 0 0 0 0 0 0 0 0 0 0 0 0 0 0 0 0 0 0 0 
36 22 152 114 177 11 58 71 0 128 79 39 0 0 0 0 0 0 0 0 0 0 0 0 0 0 0 0 0 0 0 0 
26 145 12 40 28 112 47 7 71 36 123 0 0 0 0 0 0 0 0 0 0 0 0 0 0 0 0 0 0 0 0 0 
29 42 164 40 0 93 21 113 77 30 8 4 0 0 0 0 0 0 0 0 0 0 0 0 0 0 0 0 0 0 0 0 
30 41 41 31 40 22 41 35 30 37 21 0 0 0 0 0 0 0 0 0 0 0 0 0 0 0 0 0 0 0 0 0 
32 86 48 88 37 16 26 21 64 8 5 15 0 0 0 0 0 0 0 0 0 0 0 0 0 0 0 0 0 0 0 0 
17 56 29 114 31 127 54 34 55 53 29 0 0 0 0 0 0 0 0 0 0 0 0 0 0 0 0 0 0 0 0 0 
2 34 0 19 0 30 2 35 33 0 0 0 0 0 0 0 0 0 0 0 0 0 0 0 0 0 0 0 0 0 0 0 
126 30 31 4 0 52 24 110 23 77 8 2 0 0 0 0 0 0 0 0 0 0 0 0 0 0 0 0 0 0 0 0 
35 31 0 77 14 38 0 24 0 16 25 25 0 0 0 0 0 0 0 0 0 0 0 0 0 0 0 0 0 0 0 0 
27 110 92 144 56 119 42 63 84 57 45 0 0 0 0 0 0 0 0 0 0 0 0 0 0 0 0 0 0 0 0 0 
31 11 25 10 29 30 9 53 25 26 0 21 0 0 0 0 0 0 0 0 0 0 0 0 0 0 0 0 0 0 0 0 
1 26 83 158 68 14 128 8 6 0 218 51 0 0 0 0 0 0 0 0 0 0 0 0 0 0 0 0 0 0 0 0 
104 21 71 22 6 3 86 52 6 10 7 10 0 0 0 0 0 0 0 0 0 0 0 0 0 0 0 0 0 0 0 0 
4 68 37 26 13 22 38 0 7 41 66 0 0 0 0 0 0 0 0 0 0 0 0 0 0 0 0 0 0 0 0 0 
58 0 32 8 74 60 32 48 13 68 32 0 0 0 0 0 0 0 0 0 0 0 0 0 0 0 0 0 0 0 0 0 
77 65 63 49 24 43 67 53 33 50 34 0 0 0 0 0 0 0 0 0 0 0 0 0 0 0 0 0 0 0 0 0 
62 151 58 233 282 247 360 27 118 375 112 68 0 0 0 0 0 0 0 0 0 0 0 0 0 0 0 0 0 0 0 0 
31 90 12 44 20 4 27 27 34 73 0 4 0 0 0 0 0 0 0 0 0 0 0 0 0 0 0 0 0 0 0 0 
43 2 34 45 29 9 0 0 30 0 0 0 0 0 0 0 0 0 0 0 0 0 0 0 0 0 0 0 0 0 0 0 
0 0 0 3 0 5 11 21 0 32 9 84 0 0 0 0 0 0 0 0 0 0 0 0 0 0 0 0 0 0 0 0 
101 27 144 7 50 52 32 12 122 17 26 28 0 0 0 0 0 0 0 0 0 0 0 0 0 0 0 0 0 0 0 0 
0 13 23 43 0 0 15 0 15 6 0 0 0 0 0 0 0 0 0 0 0 0 0 0 0 0 0 0 0 0 0 0 
99 68 60 179 70 44 94 14 26 78 8 66 0 0 0 0 0 0 0 0 0 0 0 0 0 0 0 0 0 0 0 0 
42 35 71 85 96 5 15 78 104 9 74 81 0 0 0 0 0 0 0 0 0 0 0 0 0 0 0 0 0 0 0 0 
21 38 25 58 24 94 146 71 111 152 48 5 0 0 0 0 0 0 0 0 0 0 0 0 0 0 0 0 0 0 0 0 
0 36 26 69 34 14 85 44 2 24 36 52 0 0 0 0 0 0 0 0 0 0 0 0 0 0 0 0 0 0 0 0 
34 38 12 50 34 35 10 8 92 7 16 0 0 0 0 0 0 0 0 0 0 0 0 0 0 0 0 0 0 0 0 0 
19 34 60 19 0 56 54 53 16 0 20 0 0 0 0 0 0 0 0 0 0 0 0 0 0 0 0 0 0 0 0 0 
0 0 11 44 54 0 42 6 6 7 7 0 0 0 0 0 0 0 0 0 0 0 0 0 0 0 0 0 0 0 0 0 
5 10 51 8 2 0 0 7 8 0 31 0 0 0 0 0 0 0 0 0 0 0 0 0 0 0 0 0 0 0 0 0 
13 0 0 7 50 67 2 4 0 49 0 15 0 0 0 0 0 0 0 0 0 0 0 0 0 0 0 0 0 0 0 0 
6 48 0 44 111 124 74 33 111 0 229 27 0 0 0 0 0 0 0 0 0 0 0 0 0 0 0 0 0 0 0 0 
159 0 50 94 2 105 54 6 68 93 0 0 0 0 0 0 0 0 0 0 0 0 0 0 0 0 0 0 0 0 0 0 
4 0 30 29 10 18 11 22 0 44 39 0 0 0 0 0 0 0 0 0 0 0 0 0 0 0 0 0 0 0 0 0 
37 58 124 127 59 62 128 114 22 260 261 11 0 0 0 0 0 0 0 0 0 0 0 0 0 0 0 0 0 0 0 0 
0 4 38 9 38 3 39 0 24 69 0 0 0 0 0 0 0 0 0 0 0 0 0 0 0 0 0 0 0 0 0 0 
4 82 12 7 96 0 6 63 92 37 12 31 0 0 0 0 0 0 0 0 0 0 0 0 0 0 0 0 0 0 0 0 
38 73 120 123 32 51 25 8 88 23 17 47 0 0 0 0 0 0 0 0 0 0 0 0 0 0 0 0 0 0 0 0 
6 21 44 70 22 225 0 36 65 27 17 0 0 0 0 0 0 0 0 0 0 0 0 0 0 0 0 0 0 0 0 0 
0 19 48 48 84 51 72 102 0 0 87 0 0 0 0 0 0 0 0 0 0 0 0 0 0 0 0 0 0 0 0 0 
2 35 3 11 0 19 12 3 22 32 3 22 0 0 0 0 0 0 0 0 0 0 0 0 0 0 0 0 0 0 0 0 
44 8 30 8 26 0 16 41 17 34 18 8 0 0 0 0 0 0 0 0 0 0 0 0 0 0 0 0 0 0 0 0 
13 152 36 36 67 107 38 18 0 95 85 13 0 0 0 0 0 0 0 0 0 0 0 0 0 0 0 0 0 0 0 0 
37 4 24 28 3 17 40 37 0 0 0 0 0 0 0 0 0 0 0 0 0 0 0 0 0 0 0 0 0 0 0 0 
19 0 24 184 31 101 33 9 46 2 62 0 0 0 0 0 0 0 0 0 0 0 0 0 0 0 0 0 0 0 0 0 
65 38 88 88 134 22 89 21 33 0 36 0 0 0 0 0 0 0 0 0 0 0 0 0 0 0 0 0 0 0 0 0 
71 25 88 6 62 21 13 88 0 1 38 15 0 0 0 0 0 0 0 0 0 0 0 0 0 0 0 0 0 0 0 0 
69 61 61 68 9 20 15 22 86 101 35 27 0 0 0 0 0 0 0 0 0 0 0 0 0 0 0 0 0 0 0 0 
90 16 46 9 59 29 38 53 58 0 9 0 0 0 0 0 0 0 0 0 0 0 0 0 0 0 0 0 0 0 0 0 
120 71 54 96 96 47 80 104 54 72 60 66 0 0 0 0 0 0 0 0 0 0 0 0 0 0 0 0 0 0 0 0 
24 21 129 0 15 23 0 25 14 11 26 0 0 0 0 0 0 0 0 0 0 0 0 0 0 0 0 0 0 0 0 0 
48 121 71 65 60 19 1 152 17 47 134 12 0 0 0 0 0 0 0 0 0 0 0 0 0 0 0 0 0 0 0 0 
56 27 50 105 28 51 52 60 101 58 176 0 0 0 0 0 0 0 0 0 0 0 0 0 0 0 0 0 0 0 0 0 
93 34 108 61 0 24 37 56 64 0 20 0 0 0 0 0 0 0 0 0 0 0 0 0 0 0 0 0 0 0 0 0 
14 9 49 25 8 72 0 20 30 14 5 0 0 0 0 0 0 0 0 0 0 0 0 0 0 0 0 0 0 0 0 0 
17 0 0 16 26 47 29 14 28 10 8 21 0 0 0 0 0 0 0 0 0 0 0 0 0 0 0 0 0 0 0 0 
11 32 38 93 54 137 102 126 126 52 41 47 0 0 0 0 0 0 0 0 0 0 0 0 0 0 0 0 0 0 0 0 
88 0 27 134 0 7 11 29 45 79 20 34 0 0 0 0 0 0 0 0 0 0 0 0 0 0 0 0 0 0 0 0 
143 148 196 178 78 208 67 60 109 133 112 39 0 0 0 0 0 0 0 0 0 0 0 0 0 0 0 0 0 0 0 0 
107 10 32 62 86 31 25 65 9 4 20 8 0 0 0 0 0 0 0 0 0 0 0 0 0 0 0 0 0 0 0 0 
27 0 136 6 54 93 40 1 32 109 0 41 0 0 0 0 0 0 0 0 0 0 0 0 0 0 0 0 0 0 0 0 
0 0 24 20 0 6 14 5 0 17 19 0 0 0 0 0 0 0 0 0 0 0 0 0 0 0 0 0 0 0 0 0 
40 143 100 183 60 58 71 139 57 27 64 33 0 0 0 0 0 0 0 0 0 0 0 0 0 0 0 0 0 0 0 0 
10 9 28 67 25 14 25 7 0 5 0 0 0 0 0 0 0 0 0 0 0 0 0 0 0 0 0 0 0 0 0 0 
100 97 0 0 10 67 0 147 82 32 129 36 0 0 0 0 0 0 0 0 0 0 0 0 0 0 0 0 0 0 0 0 
16 14 41 14 41 31 112 27 104 14 79 7 0 0 0 0 0 0 0 0 0 0 0 0 0 0 0 0 0 0 0 0 
4 2 29 11 38 15 21 0 82 18 2 0 0 0 0 0 0 0 0 0 0 0 0 0 0 0 0 0 0 0 0 0 
77 35 18 53 171 84 68 0 16 77 132 0 0 0 0 0 0 0 0 0 0 0 0 0 0 0 0 0 0 0 0 0 
5 47 21 12 10 14 28 2 6 17 11 0 0 0 0 0 0 0 0 0 0 0 0 0 0 0 0 0 0 0 0 0 
18 0 1 117 48 88 66 46 21 9 4 0 0 0 0 0 0 0 0 0 0 0 0 0 0 0 0 0 0 0 0 0 
24 8 3 74 19 32 24 31 0 4 9 0 0 0 0 0 0 0 0 0 0 0 0 0 0 0 0 0 0 0 0 0 
67 292 82 194 143 126 29 78 138 89 24 0 0 0 0 0 0 0 0 0 0 0 0 0 0 0 0 0 0 0 0 0 
0 17 37 1 13 38 12 16 37 45 109 7 0 0 0 0 0 0 0 0 0 0 0 0 0 0 0 0 0 0 0 0 
79 86 7 7 47 42 0 0 17 45 48 7 0 0 0 0 0 0 0 0 0 0 0 0 0 0 0 0 0 0 0 0 
26 13 34 18 57 41 0 14 27 22 13 3 0 0 0 0 0 0 0 0 0 0 0 0 0 0 0 0 0 0 0 0 
8 30 29 30 4 47 61 52 68 13 36 6 0 0 0 0 0 0 0 0 0 0 0 0 0 0 0 0 0 0 0 0 
21 44 129 5 34 0 45 26 42 25 11 16 0 0 0 0 0 0 0 0 0 0 0 0 0 0 0 0 0 0 0 0 
0 0 75 207 67 29 95 11 18 20 11 0 0 0 0 0 0 0 0 0 0 0 0 0 0 0 0 0 0 0 0 0 
3 0 21 0 3 18 11 6 0 0 6 0 0 0 0 0 0 0 0 0 0 0 0 0 0 0 0 0 0 0 0 0 
5 26 26 22 14 4 14 74 25 26 8 0 0 0 0 0 0 0 0 0 0 0 0 0 0 0 0 0 0 0 0 0 
82 0 22 21 69 82 47 47 57 62 44 15 0 0 0 0 0 0 0 0 0 0 0 0 0 0 0 0 0 0 0 0 
33 0 46 14 18 16 0 41 9 6 26 0 0 0 0 0 0 0 0 0 0 0 0 0 0 0 0 0 0 0 0 0 
26 41 79 65 40 20 48 91 45 47 88 0 0 0 0 0 0 0 0 0 0 0 0 0 0 0 0 0 0 0 0 0 
19 250 30 152 50 170 83 119 45 155 11 0 0 0 0 0 0 0 0 0 0 0 0 0 0 0 0 0 0 0 0 0 
27 91 87 24 0 30 70 56 28 44 27 75 0 0 0 0 0 0 0 0 0 0 0 0 0 0 0 0 0 0 0 0 
0 0 0 25 7 29 0 16 44 7 2 0 0 0 0 0 0 0 0 0 0 0 0 0 0 0 0 0 0 0 0 0 
54 30 8 94 33 0 0 22 44 140 12 0 0 0 0 0 0 0 0 0 0 0 0 0 0 0 0 0 0 0 0 0 
6 14 0 3 0 0 0 0 40 0 0 0 0 0 0 0 0 0 0 0 0 0 0 0 0 0 0 0 0 0 0 0 
1 5 0 28 0 2 10 9 0 5 34 5 0 0 0 0 0 0 0 0 0 0 0 0 0 0 0 0 0 0 0 0 
35 28 11 0 13 6 65 9 8 0 3 15 0 0 0 0 0 0 0 0 0 0 0 0 0 0 0 0 0 0 0 0 
38 32 37 0 22 22 92 36 14 0 92 14 0 0 0 0 0 0 0 0 0 0 0 0 0 0 0 0 0 0 0 0 
