2224 424 265 10 0 0 0 0 0 0 2122 396 438 304 466 398 962 272 34 102 38 104 134 4 206 20 0 0 0 0 0 0 
2134 605 121 9 0 0 0 0 0 0 1884 358 778 530 340 520 800 130 18 186 0 82 26 10 68 26 2 0 0 0 0 0 
1873 236 450 105 0 0 0 0 0 0 1820 134 412 350 22 662 998 88 62 278 6 324 8 56 8 140 12 0 0 0 0 0 
1991 445 283 18 0 0 0 0 0 0 1252 382 792 386 494 760 428 402 42 222 8 252 14 10 152 42 2 0 0 0 0 0 
1886 567 133 97 0 0 0 0 0 0 1258 1280 678 168 320 590 448 52 340 106 80 120 14 0 148 0 2 0 0 0 0 0 
1914 367 126 135 0 0 0 0 0 0 1240 1704 562 184 172 352 344 14 382 130 52 146 68 0 38 0 0 0 0 0 0 0 
2022 523 72 111 0 0 0 0 0 0 938 2070 488 480 312 432 214 14 234 166 156 168 10 4 28 0 14 0 0 0 0 0 
1611 619 197 145 57 0 0 0 0 0 1012 864 396 272 512 226 262 154 302 88 370 252 136 116 88 14 12 0 20 2 0 0 
1533 1369 139 32 6 2 0 0 0 0 1268 198 704 1112 800 140 274 132 128 230 410 132 14 52 4 4 22 14 92 6 0 0 
1708 797 332 89 4 6 0 0 0 0 1614 152 72 1518 102 152 220 288 252 176 424 170 94 76 4 2 6 22 22 20 0 0 
1455 874 681 424 15 2 0 0 0 0 1042 142 264 1012 234 850 62 142 932 48 142 626 76 0 0 32 118 24 2 4 0 0 
1755 1116 367 115 0 0 0 0 0 0 1814 54 186 1468 494 100 172 276 684 238 180 330 22 0 0 0 0 0 0 0 0 0 
1569 811 508 285 0 0 0 0 0 0 1650 0 4 770 572 68 194 464 1024 28 310 258 116 30 2 4 0 0 0 0 0 0 
1515 642 762 459 0 0 0 0 0 0 1498 10 0 708 302 406 152 456 1434 8 418 230 248 50 0 6 0 0 0 0 0 0 
1659 769 543 130 0 0 0 0 0 0 1402 142 646 628 168 558 750 298 438 248 96 156 14 70 0 72 12 0 0 0 0 0 
1582 666 735 85 0 0 0 0 0 0 1442 94 592 142 68 818 1114 478 68 620 40 124 42 30 12 64 4 0 4 4 0 0 
1876 605 605 26 4 1 0 0 0 0 1408 22 814 730 40 986 518 340 268 206 272 146 70 4 30 24 6 4 0 8 0 0 
1714 906 568 86 34 7 0 0 0 0 1056 10 986 1240 6 404 36 696 196 258 366 318 240 36 2 0 44 68 4 24 0 0 
1589 511 418 176 111 61 0 0 0 0 1464 310 142 460 198 212 30 976 166 62 402 88 98 140 10 12 138 126 0 212 0 0 
1886 380 236 129 47 1 0 0 0 0 2022 316 56 500 342 94 32 526 22 104 388 280 132 186 30 26 88 20 2 0 0 0 
1252 479 554 364 61 3 0 0 0 0 734 581 180 358 0 380 46 458 84 412 538 572 176 210 50 112 42 126 4 54 0 0 
1689 323 145 56 40 26 0 0 0 0 1478 810 146 132 440 24 38 672 116 14 376 128 160 120 12 0 82 66 12 6 0 0 
1180 725 460 233 316 118 0 0 0 0 998 120 230 334 408 14 248 674 6 48 356 182 274 550 248 104 230 294 142 16 0 0 
1789 1042 308 82 18 3 0 0 0 0 1446 234 698 738 732 114 314 752 30 116 364 268 178 40 4 24 4 10 60 18 0 0 
1998 250 504 293 21 6 0 0 0 0 1776 542 120 248 200 696 448 272 122 236 190 276 342 94 180 6 118 34 88 60 0 0 
1476 430 553 393 2 0 0 0 0 0 1288 362 172 236 84 430 306 220 296 1100 32 142 164 44 36 4 6 16 18 12 0 0 
1816 438 265 95 17 1 0 0 0 0 2156 148 222 660 426 178 142 304 18 374 144 34 82 118 220 6 28 2 16 4 0 0 
1755 469 244 274 185 30 0 0 0 0 1734 40 358 660 448 104 338 238 30 286 96 190 56 282 46 166 108 260 74 0 0 0 
1620 228 218 555 306 79 0 0 0 0 1670 108 92 120 316 10 68 220 116 238 236 476 12 528 2 298 266 608 152 4 0 0 
1715 227 174 243 216 79 0 0 0 0 2166 50 128 8 472 0 0 286 2 50 240 294 144 526 86 2 332 134 56 76 0 0 
1459 193 44 142 62 44 0 0 0 0 1672 276 8 256 150 20 10 298 2 192 276 80 56 266 66 2 388 26 10 2 0 0 
1750 824 209 171 4 3 0 0 0 0 1242 518 550 870 186 368 150 276 336 226 190 488 66 14 0 0 0 62 0 0 0 0 
1833 769 141 194 0 0 0 0 0 0 1858 302 286 944 542 468 80 62 210 346 200 156 68 0 0 0 0 4 0 0 0 0 
1999 600 208 82 0 0 0 0 0 0 1922 766 376 736 330 536 272 34 220 118 36 126 36 0 2 0 0 32 0 0 0 0 
2063 626 302 103 0 0 0 0 0 0 2028 384 502 748 432 822 154 298 316 190 230 66 26 0 0 0 0 0 0 0 0 0 
2008 177 508 185 58 12 0 0 0 0 1758 508 124 170 294 950 304 294 186 194 196 248 112 26 58 142 72 78 88 76 0 0 
1297 285 263 335 216 21 0 0 0 0 1420 0 166 242 38 18 74 280 186 148 288 434 212 268 24 320 176 302 14 10 0 0 
1285 6 147 558 807 219 0 0 0 0 1226 0 80 0 22 40 2 16 28 190 138 366 54 1132 136 450 328 624 356 262 0 0 
1514 340 182 500 785 92 0 0 0 0 1456 68 122 108 386 4 0 370 68 326 154 432 14 728 18 832 118 442 260 154 0 0 
1809 643 83 125 14 22 0 0 0 0 2152 4 412 198 1082 4 0 214 92 86 296 338 12 52 4 56 44 8 52 42 0 0 
1343 369 150 324 166 84 0 0 0 0 1542 0 112 72 624 0 0 202 54 94 334 360 116 392 88 18 190 202 182 104 0 0 
1554 427 28 50 0 0 0 0 0 0 1680 254 28 404 626 30 60 246 242 230 54 412 0 54 0 0 0 0 0 0 0 0 
1573 404 267 179 10 0 0 0 0 0 1480 106 6 794 212 2 390 50 602 202 144 518 2 140 54 14 0 14 0 0 0 0 
1150 208 705 267 11 3 0 0 0 0 906 104 25 210 426 760 262 8 412 42 350 354 100 122 130 192 42 0 124 122 0 0 
1098 184 217 515 51 57 0 0 0 0 890 146 6 176 138 218 116 24 376 0 430 122 258 64 156 306 28 22 480 126 0 0 
1592 963 546 118 2 7 0 0 0 0 1332 162 212 1222 280 202 1126 362 516 52 20 94 130 48 0 20 0 20 4 14 0 0 
1318 983 723 161 7 3 0 0 0 0 1054 160 232 770 684 274 896 534 438 112 78 280 60 6 24 20 0 12 20 4 0 0 
1631 1109 296 281 0 0 0 0 0 0 968 610 530 308 1414 408 136 16 594 136 432 332 20 14 2 34 2 2 84 0 0 0 
1990 923 153 72 0 0 0 0 0 0 1080 1232 1056 140 922 566 124 38 470 10 300 100 8 12 0 0 0 0 36 0 0 0 
1416 418 80 442 129 0 0 0 0 0 1476 174 158 18 504 114 18 10 232 228 326 92 224 392 92 238 190 22 64 18 0 0 
1435 224 280 228 40 2 0 0 0 0 1772 0 2 0 381 360 42 4 186 202 198 76 46 452 150 256 100 42 28 12 0 0 
1754 17 140 193 84 23 0 0 0 0 1807 660 16 0 10 286 34 38 286 72 26 276 166 12 176 424 36 38 364 252 0 0 
1874 40 42 393 203 96 0 0 0 0 2123 570 43 0 0 100 2 74 24 158 12 419 10 74 296 120 140 22 636 278 0 0 
1587 10 246 399 151 82 0 0 0 0 1501 526 10 0 2 298 66 170 258 66 184 170 102 12 136 410 112 130 608 242 0 0 
1993 381 72 107 12 8 0 0 0 0 2096 852 428 78 334 142 116 200 64 62 236 334 76 6 82 66 2 18 48 30 0 0 
1482 415 568 390 0 7 0 0 0 0 1136 418 274 110 448 102 374 12 448 46 342 994 432 6 0 6 0 118 16 0 0 0 
1681 645 152 359 0 20 0 0 0 0 1532 456 730 48 262 48 38 60 514 34 654 748 302 16 0 12 2 60 50 0 0 0 
1440 525 208 522 82 16 0 0 0 0 762 646 566 30 532 174 42 114 266 240 850 390 120 10 26 312 94 140 4 2 0 0 
1013 490 140 725 666 135 0 0 0 0 736 0 58 294 228 92 60 6 68 120 196 98 580 592 142 560 546 422 294 376 0 0 
1441 817 254 422 1 0 0 0 0 0 1468 8 24 182 1014 326 194 18 488 542 208 246 314 0 0 16 0 0 0 0 0 0 
1512 805 17 487 38 0 0 0 0 0 1398 180 36 602 646 22 162 68 94 852 164 502 270 0 0 202 0 0 0 0 0 0 
1901 626 28 55 1 0 0 0 0 0 1716 1084 656 344 348 18 162 118 136 216 62 134 46 0 0 18 0 2 0 0 0 0 
1847 622 141 422 80 76 0 0 0 0 1860 355 372 308 390 54 100 314 414 402 214 315 96 74 102 26 86 26 286 170 0 0 
1449 45 220 409 108 126 0 0 0 0 1516 502 64 0 0 62 66 376 4 132 145 424 54 208 52 98 206 50 382 224 0 0 
1388 196 157 277 140 69 0 0 0 0 1410 504 82 14 90 50 62 428 156 54 231 486 82 98 162 156 116 82 254 42 0 0 
1285 159 344 360 952 421 0 0 0 0 1128 18 0 136 136 34 466 228 142 296 60 64 20 496 780 264 462 584 676 304 0 0 
1587 473 663 144 41 34 0 0 0 0 1702 54 4 432 308 52 676 982 230 164 212 144 14 234 2 134 34 100 92 0 0 0 
1621 387 259 79 0 1 0 0 0 0 2054 264 20 252 282 40 564 288 64 70 148 260 2 252 2 124 0 4 2 0 0 0 
1821 859 323 56 1 8 0 0 0 0 1694 714 182 422 752 464 234 480 298 46 284 358 0 42 0 54 10 24 6 0 0 0 
1943 515 391 68 0 0 0 0 0 0 1882 360 238 296 654 1012 248 280 146 10 306 208 54 14 0 0 28 0 0 0 0 0 
1827 414 180 150 19 0 0 0 0 0 1996 322 158 442 494 140 120 360 274 52 302 314 136 36 48 6 34 32 2 0 0 0 
1756 274 564 99 0 0 0 0 0 0 1522 576 12 168 300 316 74 1016 294 258 328 246 164 0 0 12 42 0 0 0 0 0 
2114 188 193 29 2 0 0 0 0 0 1894 1274 532 38 60 124 724 218 124 176 16 6 12 88 16 6 92 0 0 0 0 0 
1875 92 581 106 96 7 0 0 0 0 1476 1194 118 6 24 166 270 498 612 278 6 10 34 386 208 54 136 0 28 2 0 0 
2066 158 507 38 244 8 0 0 0 0 1450 1440 214 20 136 104 408 608 202 174 22 64 14 414 414 110 76 4 74 0 0 0 
1803 413 289 32 1 0 0 0 0 0 1500 772 494 208 272 218 260 320 156 322 140 98 42 208 8 2 42 0 0 0 0 0 
1774 518 132 54 9 0 0 0 0 0 1752 294 430 674 546 326 244 252 304 94 170 62 2 20 22 4 10 12 0 0 0 0 
1709 832 70 155 49 0 0 0 0 0 1672 232 488 1066 370 26 94 124 796 216 126 148 16 22 120 12 2 72 2 0 0 0 
1476 240 154 611 170 21 0 0 0 0 1474 120 20 190 98 2 22 192 760 184 530 670 60 122 408 124 36 112 96 14 0 0 
1191 651 424 503 64 25 0 0 0 0 896 82 68 18 970 114 206 278 142 604 700 356 140 88 242 10 64 88 132 2 0 0 
1493 618 157 98 1 0 0 0 0 0 1466 142 98 4 1442 80 134 324 300 374 128 28 10 2 0 0 0 0 0 0 0 0 
1365 498 448 102 2 0 0 0 0 0 1102 510 14 24 786 90 354 726 240 474 98 38 46 12 0 0 0 0 0 0 0 0 
1794 482 641 90 0 0 0 0 0 0 1318 462 172 246 451 638 844 452 178 250 298 144 78 0 316 48 0 0 0 0 0 0 
1468 159 344 6 0 0 0 0 0 0 1278 264 546 222 152 666 638 132 186 32 50 48 46 0 108 2 0 0 0 0 0 0 
1334 665 377 75 0 0 0 0 0 0 1348 34 50 462 650 168 502 492 356 22 36 302 14 2 126 2 30 0 4 0 0 0 
1133 1210 347 137 0 0 0 0 0 0 1022 0 124 1178 646 24 592 542 350 44 62 430 34 14 20 4 12 2 16 0 0 0 
1320 434 1058 201 0 14 0 0 0 0 1002 128 12 140 728 120 1090 824 504 94 152 342 54 92 2 26 0 52 58 16 0 0 
1270 489 507 221 2 28 0 0 0 0 928 350 390 352 328 486 448 352 92 134 228 234 86 112 18 38 24 88 58 36 0 0 
2121 708 137 93 5 0 0 0 0 0 1476 586 490 702 974 518 436 452 20 126 120 16 126 6 66 76 26 6 4 4 0 0 
1604 755 385 197 0 0 0 0 0 0 1168 146 448 482 518 932 114 254 92 98 612 232 172 2 0 16 126 0 0 70 0 0 
1996 638 148 63 0 0 0 0 0 0 2072 226 198 670 976 612 102 88 124 20 294 54 12 0 16 16 0 0 0 16 0 0 
1832 678 57 106 5 0 0 0 0 0 1754 650 284 946 450 192 94 22 408 44 286 132 102 4 64 38 0 6 2 0 0 0 
1367 690 245 217 96 28 0 0 0 0 1192 24 484 456 842 490 44 280 108 412 216 14 32 2 86 44 28 164 40 10 0 0 
1586 602 270 244 17 2 0 0 0 0 1202 224 282 734 252 302 82 246 512 370 600 164 214 2 26 10 6 28 6 0 0 0 
1421 92 108 737 286 19 0 0 0 0 1158 222 102 70 118 30 28 116 764 322 230 30 282 484 298 66 552 112 132 64 0 0 
1275 246 67 76 0 0 0 0 0 0 1082 254 332 70 356 14 36 160 196 324 292 102 220 0 0 0 0 0 0 0 0 0 
1528 148 104 455 493 16 0 0 0 0 1142 174 486 0 266 10 10 280 318 290 226 182 288 358 814 80 256 118 118 12 0 0 
1518 468 157 132 0 0 0 0 0 0 1144 12 716 42 746 4 14 286 234 286 426 404 148 0 0 0 0 0 0 0 0 0 
1248 786 191 298 88 6 0 0 0 0 1148 52 538 378 440 0 188 304 446 256 254 174 336 60 76 2 140 76 98 2 0 0 
1550 1099 205 186 0 0 0 0 0 0 1206 268 1004 934 478 2 224 314 456 136 364 230 184 0 0 0 0 0 0 0 0 0 
1929 750 55 27 0 0 0 0 0 0 1314 1136 1330 372 270 72 290 116 136 36 176 166 74 2 0 0 0 0 0 0 0 0 
1462 906 47 143 4 0 0 0 0 0 1280 464 578 474 784 124 74 244 158 600 56 82 96 0 0 4 72 4 0 0 0 0 
1696 615 164 250 33 0 0 0 0 0 1166 1058 216 392 634 20 12 358 240 704 282 54 116 6 0 26 188 36 0 18 0 0 
1415 49 137 484 350 1 0 0 0 0 1040 802 2 8 102 18 110 144 84 410 146 114 824 124 134 316 290 54 0 112 0 0 
1288 682 15 1012 141 0 0 0 0 0 1020 0 268 380 292 12 0 20 1600 60 882 382 38 362 160 4 10 40 30 44 0 0 
1102 312 312 957 268 0 0 0 0 0 792 2 20 82 176 350 2 102 1040 400 678 302 74 476 292 28 18 150 96 164 0 0 
1233 287 761 232 110 0 0 0 0 0 1138 48 124 76 474 816 64 184 250 586 224 364 192 80 190 62 4 28 18 58 0 0 
1304 324 613 601 258 88 0 0 0 0 958 92 66 8 446 396 112 70 374 442 72 292 106 364 66 32 378 948 354 10 0 0 
1643 183 823 80 1 0 0 0 0 0 1344 432 158 14 382 1012 10 328 210 534 216 406 156 30 2 0 0 0 0 0 0 0 
1343 126 461 731 597 107 0 0 0 0 1070 110 74 8 50 168 158 94 364 202 82 384 742 230 354 220 196 736 446 22 0 0 
1493 215 545 343 187 31 0 0 0 0 1348 88 110 4 538 402 8 196 340 248 62 302 190 118 248 40 146 394 190 4 0 0 
1523 134 714 476 489 34 0 0 0 0 1468 60 24 12 146 112 170 538 748 110 98 22 804 510 86 136 84 212 280 132 0 0 
1133 562 936 653 302 18 0 0 0 0 852 4 138 60 304 190 298 680 886 196 332 212 148 250 88 64 440 360 334 98 0 0 
1545 214 439 804 375 62 0 0 0 0 820 562 240 54 168 228 26 302 294 654 104 268 268 32 86 188 526 792 106 218 0 0 
1797 240 480 407 219 14 0 0 0 0 1316 946 154 126 78 2 134 360 440 196 20 92 202 486 136 134 10 414 486 172 0 0 
1485 217 306 149 166 48 0 0 0 0 1172 572 136 324 142 144 172 62 202 402 0 188 180 128 20 140 140 334 192 8 0 0 
1399 147 244 404 755 206 0 0 0 0 1210 36 28 226 146 0 36 168 18 246 0 72 308 468 122 378 590 808 640 28 0 0 
1477 384 417 275 69 3 0 0 0 0 1238 264 36 492 588 156 258 52 176 190 0 82 238 16 232 516 292 146 38 2 0 0 
1686 497 93 36 43 0 0 0 0 0 1336 852 6 880 344 36 124 12 52 500 0 80 116 46 68 300 156 62 4 2 0 0 
1892 537 200 114 27 0 0 0 0 0 1456 452 486 518 918 260 274 90 142 118 24 76 146 42 50 204 180 84 46 2 0 0 
1808 704 26 73 0 0 0 0 0 0 1378 488 898 710 320 460 124 470 6 82 0 88 44 0 16 0 4 226 36 0 0 0 
1158 230 100 312 1240 20 0 0 0 0 866 2 218 324 172 32 30 154 14 28 112 42 510 376 1446 178 232 60 574 98 0 0 
1498 823 216 41 1 0 0 0 0 0 1162 148 446 670 530 584 448 316 80 106 52 290 86 22 54 2 20 26 30 0 0 0 
1735 405 214 173 3 0 0 0 0 0 1144 1270 260 146 416 280 272 402 144 366 78 198 178 62 106 6 10 4 0 0 0 0 
1700 482 575 51 56 1 0 0 0 0 1140 968 118 194 352 714 536 636 152 240 218 130 20 80 90 10 40 66 116 0 0 0 
