652 28 192 196 144 32 72 76 224 84 128 44 252 48 108 272 116 24 400 324 556 152 1244 236 80 28 20 20 44 76 208 0 
1012 145 530 382 487 463 258 159 390 261 214 340 275 715 670 937 348 975 1204 1338 1785 1725 1535 1264 518 141 107 166 107 214 21 0 
1427 81 117 334 130 130 85 170 338 101 124 202 120 713 520 534 201 162 1630 732 941 1137 2937 885 143 136 31 144 232 60 25 0 
4733 742 585 558 1127 1717 528 764 1695 1475 1127 938 654 1811 2674 2316 1637 3191 7434 5086 5431 6459 12642 5399 1460 756 225 932 992 590 382 0 
1405 502 345 602 909 1354 675 503 1390 666 492 1386 938 3233 3686 1084 1055 2671 2090 3515 2507 2595 8831 3168 1152 1149 657 1521 1175 1031 181 0 
4657 2426 2509 3519 4080 8482 2867 2729 3526 3915 3438 1704 2440 7137 7311 10191 5815 5404 10935 18096 19522 24109 17668 21385 7446 1936 1285 5399 3591 1858 1700 0 
2826 868 935 1532 1630 3082 1264 1448 1637 2239 1364 817 698 1391 2431 4388 3461 2381 5329 8566 8462 8375 11536 7672 3106 982 427 2108 2972 1792 2019 0 
798 218 169 136 193 1545 403 180 141 449 122 289 123 484 280 339 209 487 294 365 568 584 2336 1717 481 82 24 727 550 845 236 0 
558 34 161 71 50 419 43 12 1 3 0 84 18 29 44 175 96 34 76 78 217 93 1036 537 341 1 11 243 21 2 3 0 
235 146 73 45 87 196 36 120 122 245 29 47 20 95 88 182 219 109 701 415 469 266 3333 1114 323 136 3 107 75 22 623 0 
54 181 81 22 130 72 54 184 263 440 78 76 24 127 132 170 256 156 1046 678 607 361 4482 1488 338 223 6 24 122 41 1001 0 
0 192 48 16 112 64 32 176 192 384 32 32 16 112 112 160 240 128 1040 608 592 320 4384 1424 304 208 0 16 96 32 992 0 
414 347 190 209 362 407 280 413 460 552 600 188 220 810 680 830 868 2084 1697 1682 1557 1425 8559 2317 654 383 132 244 258 292 1739 0 
5179 2154 1843 3110 3713 9449 3122 3036 3110 3094 2889 1677 2283 4647 7249 10237 5687 6919 12494 16616 17800 19921 30389 23567 8106 2201 789 2713 4168 1722 1298 0 
9296 752 416 2560 1888 608 2848 1312 1760 816 1392 240 352 512 2384 4224 2528 896 5456 2912 4192 5216 17712 6384 2816 1712 432 512 1696 480 240 0 
10876 1336 1129 4172 3544 3386 3841 2168 2825 2487 2430 819 1397 2691 5178 8302 5053 3070 9665 8628 9528 11124 26960 12596 5042 2435 796 2003 3240 1257 650 0 
12085 5099 3729 6439 6899 10736 7422 5864 8143 6926 5823 4164 3958 11393 12945 18098 12229 16568 20674 27382 27982 30557 58588 33100 15728 6196 3460 7564 6812 3993 1728 0 
6154 1016 1374 1822 2586 2161 1297 1532 976 2586 1373 648 803 2066 3035 5758 3203 1956 7619 9220 7637 10023 23078 9281 5169 1294 603 3019 3980 722 841 0 
10780 3629 3259 5548 7015 11885 4255 3784 4781 7470 5485 2865 3219 8682 10316 17010 10344 7046 21120 30274 29347 36438 50567 35850 15430 4162 2185 6751 8866 3368 2213 0 
572 253 11 22 99 44 176 11 0 22 22 0 44 11 55 275 44 66 55 176 363 209 2684 99 22 11 11 11 0 33 176 0 
840 320 78 174 217 81 651 211 107 71 109 31 77 87 170 445 122 86 382 390 643 413 3629 235 232 58 53 41 267 114 276 0 
183 41 22 65 86 84 1693 29 32 24 110 30 13 18 42 74 49 9 46 73 228 36 677 181 511 27 12 27 13 22 10 0 
298 48 69 128 133 65 2013 145 35 87 230 58 58 121 90 201 86 53 77 83 211 146 502 35 647 25 91 65 62 75 32 0 
389 45 61 56 303 89 3579 63 81 85 300 68 37 50 46 198 107 40 30 52 137 32 377 75 230 120 104 57 18 59 18 0 
1346 77 32 18 22 18 271 76 5 619 421 30 0 30 3 18 53 4 51 46 169 55 161 48 153 22 36 31 46 18 4 0 
88 37 6 199 40 460 53 20 16 3205 916 47 8 109 75 21 90 61 14 51 44 54 396 73 56 494 34 130 99 753 145 0 
614 127 134 116 173 439 95 89 79 1071 2144 120 132 485 363 189 209 697 261 405 459 613 740 610 162 1943 149 771 649 783 233 0 
1033 22 16 32 99 82 113 0 0 1972 947 2 16 3 341 99 53 1 534 137 38 50 682 105 5 99 66 434 2 568 68 0 
1188 363 246 362 455 1093 296 587 287 2241 1080 192 398 1426 954 1123 1092 450 1814 2023 1967 2250 2907 2374 741 327 153 615 203 688 206 0 
1016 141 188 151 93 229 67 165 92 2592 1922 51 66 232 103 137 72 60 34 406 111 64 376 101 59 285 65 318 166 700 246 0 
397 136 55 92 77 40 17 21 46 1200 857 30 83 123 48 31 30 13 20 144 153 26 291 60 25 79 12 122 63 474 90 0 
1168 368 16 208 144 0 32 48 64 2496 1520 64 256 192 32 80 80 16 48 176 496 32 736 128 48 112 0 128 16 96 208 0 
1105 428 66 271 456 226 231 141 272 1995 2190 214 224 223 595 468 315 125 251 987 1145 695 1906 628 227 220 30 263 117 433 190 0 
353 32 56 126 46 149 175 21 63 242 13 5 40 44 255 61 30 26 48 151 62 73 299 86 47 26 1 14 51 25 4 0 
2098 186 450 1000 420 2462 517 73 793 218 60 231 201 369 584 1156 329 145 575 619 308 738 2210 2684 345 202 33 1032 263 75 101 0 
2620 446 731 1441 1329 3631 999 452 994 670 358 747 740 1195 1499 2855 1126 1023 1633 2037 1762 2709 7268 3642 1001 1065 510 1672 628 782 389 0 
3257 432 448 600 828 3721 1387 537 628 981 2268 534 1240 3631 2420 1292 685 637 1882 2337 2242 2668 8247 5985 954 371 434 1348 562 710 243 0 
678 218 298 330 580 372 103 198 114 711 287 745 171 123 459 274 348 513 1044 298 152 147 798 94 156 302 369 2156 914 398 1362 0 
948 314 404 512 676 500 312 224 364 897 299 662 236 627 587 934 603 470 962 1180 1029 928 3038 988 416 322 398 2594 1387 376 1264 0 
88 26 22 23 39 26 8 26 27 211 148 12 62 33 65 59 122 695 101 142 139 245 489 119 86 41 8 24 64 22 39 0 
2034 864 675 625 607 1797 605 610 767 2154 2980 533 978 6138 3003 1867 3471 16551 2112 2454 3850 4812 13160 3497 2881 2322 547 1357 1069 2384 455 0 
235 17 122 38 13 24 3 42 6 447 231 1 6 16 10 13 15 4 29 18 13 5 65 18 4 39 3 29 29 86 223 0 
190 21 0 12 25 8 7 5 1 332 778 2 1 7 16 8 11 2 123 42 11 10 104 26 3 57 7 12 16 75 146 0 
1115 309 463 229 342 1157 260 159 269 476 707 309 393 1043 915 591 559 2043 1651 1223 1711 2305 786 2236 626 381 246 792 267 363 113 0 
851 313 228 448 497 1034 484 273 334 1143 1805 255 275 771 1211 1871 1150 411 1184 1911 2287 1674 3442 2346 603 704 204 609 632 600 736 0 
217 118 37 105 99 500 146 37 106 1523 350 102 119 449 279 158 87 107 164 296 318 385 223 1011 159 163 39 93 77 275 181 0 
1233 779 268 394 592 3898 787 267 780 1169 886 548 940 3681 2395 1069 433 677 1291 1976 2322 2996 767 7871 1198 961 202 607 364 1320 232 0 
1375 254 622 1203 895 591 540 408 523 638 543 812 243 1573 1022 861 440 283 1516 2537 2347 1303 7703 1352 823 293 236 358 371 433 210 0 
4691 1717 2296 5699 2775 8939 2721 2229 3583 2817 2395 2227 2612 11699 8356 7101 3873 5730 7450 11381 13121 14254 19025 14954 6096 1443 801 2740 2117 3169 950 0 
24510 4501 4946 7770 7179 19188 7523 8290 7214 6679 8087 7116 7036 21340 16474 24848 12874 16997 25472 39347 44388 44396 101074 51286 20316 4662 2906 6374 7553 5548 2638 0 
23074 2948 3229 5962 4623 10390 4882 5987 4442 4160 5786 5320 5233 16151 10750 18229 8635 10826 16850 28467 32215 28913 79148 32778 10905 3215 1121 4399 5261 4081 2075 0 
4499 1239 1665 2248 2357 3237 1991 2684 1475 1849 1860 1830 1531 3262 3322 5416 3576 2974 6034 8786 9281 8719 22439 9789 4703 988 516 1349 1604 1071 833 0 
27 8 2 48 5 2 1 1 1 339 289 5 3 15 41 9 15 0 13 20 12 0 44 21 4 49 15 36 5 34 80 0 
138 15 7 18 13 7 128 7 8 813 1034 22 2 7 145 33 52 3 39 101 49 32 230 91 13 55 11 78 11 85 139 0 
435 85 146 54 107 84 46 70 24 494 785 19 39 43 114 181 144 53 175 269 244 252 915 182 387 74 25 572 462 259 166 0 
324 32 279 29 62 30 0 22 63 449 1930 15 8 55 77 36 125 22 43 83 160 62 915 148 107 125 15 88 37 120 288 0 
1398 218 444 334 292 1452 294 175 212 4561 2465 186 224 794 644 370 401 1151 531 970 916 1208 1947 1238 465 733 388 1664 249 1836 579 0 
61 16 26 90 166 24 69 53 77 1281 472 39 2 16 51 37 70 16 50 61 30 33 311 41 48 66 16 83 29 68 148 0 
183 59 97 145 65 63 25 88 74 2377 1497 177 6 15 83 106 173 34 119 173 79 91 889 80 172 165 46 140 82 147 343 0 
3267 489 549 707 669 2007 1876 993 4974 3333 1054 2835 1737 5982 4506 1425 1841 1632 1006 2004 2118 2181 4574 2387 1180 1350 1802 3832 1181 2506 392 0 
294 206 211 138 124 649 238 85 218 957 423 258 91 591 525 498 667 312 379 1055 566 604 1648 922 366 93 57 206 184 230 221 0 
109 27 67 50 79 66 51 25 46 468 439 41 27 38 43 41 28 28 23 83 18 53 288 71 38 122 10 61 39 101 95 0 
