28013 4730 1601 589 87 0 0 0 0 0 10402 4058 2814 1432 1565 2139 2584 558 758 696 301 903 272 104 536 136 0 0 0 0 0 0 
21924 9295 4731 2027 0 0 0 0 0 0 10230 175 1609 4558 1528 1680 1711 1242 2679 951 1066 1254 498 125 0 76 34 0 37 0 0 0 
23959 6634 4190 1385 710 200 0 0 0 0 9744 1393 1784 2421 1182 1323 542 3363 470 666 2070 1514 723 696 180 154 370 319 126 108 0 0 
23570 3798 2969 2715 892 355 0 0 0 0 11534 906 800 1815 1182 993 904 1212 458 1563 846 1064 506 1290 334 220 798 729 184 41 0 0 
24443 4409 2276 2403 2876 338 0 0 0 0 10995 950 1334 1963 1602 1785 589 937 832 479 965 1492 244 1336 132 1168 520 791 367 237 0 0 
20718 6134 3737 2250 227 212 0 0 0 0 9229 822 620 2237 2667 1128 1821 667 1651 459 940 1410 440 634 280 468 124 160 662 262 0 0 
24911 2853 1990 2762 505 178 0 0 0 0 10972 2444 1317 34 1563 1068 296 245 1117 460 833 1393 736 548 557 990 360 264 1042 396 0 0 
22863 5809 1202 3772 1330 544 0 0 0 0 10293 1664 1294 1090 1990 410 450 636 1024 1271 1837 1516 976 496 102 580 618 478 591 638 0 0 
23256 4412 3646 1352 1724 603 0 0 0 0 10686 1598 252 1080 1823 1187 1599 2729 914 475 1137 1535 260 640 672 372 308 248 738 194 0 0 
25124 4190 2835 1848 687 45 0 0 0 0 9861 3021 1382 1243 1618 492 1346 1186 2109 1342 1288 710 128 817 822 160 269 156 174 0 0 0 
20284 6097 4897 842 0 44 0 0 0 0 8937 899 724 1578 3161 1427 3115 2364 1008 760 668 655 142 190 358 42 24 72 79 42 0 0 
23439 5759 1460 2357 397 49 0 0 0 0 9471 1544 1222 2499 2849 2026 519 883 1165 1045 1860 429 636 324 290 178 450 166 38 74 0 0 
22561 6782 1066 2326 1220 0 0 0 0 0 8790 2294 3219 1737 2403 106 533 969 1166 1832 949 729 1215 138 784 242 646 152 118 38 0 0 
20063 2576 5376 6082 2700 284 0 0 0 0 9334 397 295 300 1141 1892 234 875 3399 1554 1250 1417 1216 1249 679 173 482 1576 866 351 0 0 
22305 3294 4498 3907 2243 381 0 0 0 0 9248 1866 660 1680 1576 512 880 1111 1253 1536 248 583 901 962 337 996 1349 1938 1219 244 0 0 
