122 56 72 76 56 68 76 62 72 54 97 29 0 0 0 0 0 0 0 0 0 0 0 0 0 0 0 0 0 0 0 0 
116 45 86 82 108 71 60 71 67 76 52 23 0 0 0 0 0 0 0 0 0 0 0 0 0 0 0 0 0 0 0 0 
50 33 33 33 35 36 20 23 20 25 29 15 0 0 0 0 0 0 0 0 0 0 0 0 0 0 0 0 0 0 0 0 
84 19 32 39 83 35 67 47 46 73 49 33 0 0 0 0 0 0 0 0 0 0 0 0 0 0 0 0 0 0 0 0 
200 116 180 139 198 164 143 129 129 130 176 37 0 0 0 0 0 0 0 0 0 0 0 0 0 0 0 0 0 0 0 0 
115 73 66 95 119 86 81 95 76 129 124 26 0 0 0 0 0 0 0 0 0 0 0 0 0 0 0 0 0 0 0 0 
163 115 103 65 95 100 97 109 86 75 76 33 0 0 0 0 0 0 0 0 0 0 0 0 0 0 0 0 0 0 0 0 
101 79 78 68 66 66 67 65 78 59 55 27 0 0 0 0 0 0 0 0 0 0 0 0 0 0 0 0 0 0 0 0 
77 54 50 96 62 51 47 43 49 49 76 31 0 0 0 0 0 0 0 0 0 0 0 0 0 0 0 0 0 0 0 0 
115 77 70 66 71 49 79 55 61 72 73 13 0 0 0 0 0 0 0 0 0 0 0 0 0 0 0 0 0 0 0 0 
119 131 62 81 86 74 107 70 82 59 84 19 0 0 0 0 0 0 0 0 0 0 0 0 0 0 0 0 0 0 0 0 
46 17 20 21 20 17 20 34 16 15 13 3 0 0 0 0 0 0 0 0 0 0 0 0 0 0 0 0 0 0 0 0 
169 117 123 130 99 87 111 118 105 135 112 42 0 0 0 0 0 0 0 0 0 0 0 0 0 0 0 0 0 0 0 0 
92 49 64 57 58 49 65 57 83 80 75 7 0 0 0 0 0 0 0 0 0 0 0 0 0 0 0 0 0 0 0 0 
166 71 126 123 118 109 161 104 150 67 124 22 0 0 0 0 0 0 0 0 0 0 0 0 0 0 0 0 0 0 0 0 
358 352 254 271 257 284 298 229 290 250 278 95 0 0 0 0 0 0 0 0 0 0 0 0 0 0 0 0 0 0 0 0 
79 34 31 36 38 45 45 29 17 42 29 14 0 0 0 0 0 0 0 0 0 0 0 0 0 0 0 0 0 0 0 0 
91 52 53 67 65 75 55 37 61 52 63 15 0 0 0 0 0 0 0 0 0 0 0 0 0 0 0 0 0 0 0 0 
81 34 32 41 23 30 43 38 65 41 53 7 0 0 0 0 0 0 0 0 0 0 0 0 0 0 0 0 0 0 0 0 
171 122 118 131 127 123 130 122 113 97 101 30 0 0 0 0 0 0 0 0 0 0 0 0 0 0 0 0 0 0 0 0 
60 34 32 21 22 30 30 29 24 19 20 5 0 0 0 0 0 0 0 0 0 0 0 0 0 0 0 0 0 0 0 0 
120 73 85 123 110 102 76 67 78 62 96 33 0 0 0 0 0 0 0 0 0 0 0 0 0 0 0 0 0 0 0 0 
183 157 125 136 223 180 133 135 119 151 135 57 0 0 0 0 0 0 0 0 0 0 0 0 0 0 0 0 0 0 0 0 
50 24 29 19 26 19 47 56 38 24 27 3 0 0 0 0 0 0 0 0 0 0 0 0 0 0 0 0 0 0 0 0 
135 87 90 100 95 56 89 74 80 76 65 19 0 0 0 0 0 0 0 0 0 0 0 0 0 0 0 0 0 0 0 0 
159 89 104 86 129 88 80 77 65 87 87 13 0 0 0 0 0 0 0 0 0 0 0 0 0 0 0 0 0 0 0 0 
61 43 38 42 40 30 40 27 35 41 29 14 0 0 0 0 0 0 0 0 0 0 0 0 0 0 0 0 0 0 0 0 
367 283 337 382 425 345 441 319 329 327 341 75 0 0 0 0 0 0 0 0 0 0 0 0 0 0 0 0 0 0 0 0 
66 18 32 25 34 31 45 46 34 29 29 18 0 0 0 0 0 0 0 0 0 0 0 0 0 0 0 0 0 0 0 0 
91 68 77 69 70 107 73 56 53 67 73 8 0 0 0 0 0 0 0 0 0 0 0 0 0 0 0 0 0 0 0 0 
44 20 20 24 22 20 32 15 14 23 33 11 0 0 0 0 0 0 0 0 0 0 0 0 0 0 0 0 0 0 0 0 
144 61 81 90 77 69 65 84 84 50 72 24 0 0 0 0 0 0 0 0 0 0 0 0 0 0 0 0 0 0 0 0 
209 143 117 107 162 140 119 121 133 116 135 35 0 0 0 0 0 0 0 0 0 0 0 0 0 0 0 0 0 0 0 0 
115 55 51 63 54 57 68 78 58 53 50 17 0 0 0 0 0 0 0 0 0 0 0 0 0 0 0 0 0 0 0 0 
100 60 73 80 48 75 51 57 84 40 64 13 0 0 0 0 0 0 0 0 0 0 0 0 0 0 0 0 0 0 0 0 
114 59 77 46 72 57 59 81 76 54 61 15 0 0 0 0 0 0 0 0 0 0 0 0 0 0 0 0 0 0 0 0 
105 72 65 68 56 51 46 38 41 60 70 30 0 0 0 0 0 0 0 0 0 0 0 0 0 0 0 0 0 0 0 0 
107 81 60 85 60 61 65 68 78 52 61 22 0 0 0 0 0 0 0 0 0 0 0 0 0 0 0 0 0 0 0 0 
180 114 111 121 92 115 123 109 107 114 89 33 0 0 0 0 0 0 0 0 0 0 0 0 0 0 0 0 0 0 0 0 
94 82 57 57 45 68 63 47 43 35 41 14 0 0 0 0 0 0 0 0 0 0 0 0 0 0 0 0 0 0 0 0 
68 29 32 25 45 36 34 34 30 34 35 15 0 0 0 0 0 0 0 0 0 0 0 0 0 0 0 0 0 0 0 0 
164 101 67 118 102 80 125 64 95 79 94 19 0 0 0 0 0 0 0 0 0 0 0 0 0 0 0 0 0 0 0 0 
187 85 70 70 65 89 91 91 88 79 103 11 0 0 0 0 0 0 0 0 0 0 0 0 0 0 0 0 0 0 0 0 
70 26 34 37 22 41 23 31 23 24 37 6 0 0 0 0 0 0 0 0 0 0 0 0 0 0 0 0 0 0 0 0 
246 153 187 143 239 186 190 165 166 135 192 52 0 0 0 0 0 0 0 0 0 0 0 0 0 0 0 0 0 0 0 0 
183 135 122 99 80 108 125 105 131 97 73 23 0 0 0 0 0 0 0 0 0 0 0 0 0 0 0 0 0 0 0 0 
162 128 111 93 103 114 96 94 85 100 88 43 0 0 0 0 0 0 0 0 0 0 0 0 0 0 0 0 0 0 0 0 
166 140 90 117 86 98 119 123 118 76 93 20 0 0 0 0 0 0 0 0 0 0 0 0 0 0 0 0 0 0 0 0 
103 52 55 62 83 53 60 47 51 67 59 23 0 0 0 0 0 0 0 0 0 0 0 0 0 0 0 0 0 0 0 0 
88 51 60 82 50 48 64 58 42 48 51 18 0 0 0 0 0 0 0 0 0 0 0 0 0 0 0 0 0 0 0 0 
230 136 117 145 124 132 125 129 115 145 115 43 0 0 0 0 0 0 0 0 0 0 0 0 0 0 0 0 0 0 0 0 
145 98 91 83 62 82 114 103 86 92 100 26 0 0 0 0 0 0 0 0 0 0 0 0 0 0 0 0 0 0 0 0 
158 79 75 92 106 58 57 89 92 107 66 12 0 0 0 0 0 0 0 0 0 0 0 0 0 0 0 0 0 0 0 0 
273 136 143 175 206 125 189 137 175 178 146 33 0 0 0 0 0 0 0 0 0 0 0 0 0 0 0 0 0 0 0 0 
134 72 106 93 97 88 104 102 67 77 131 29 0 0 0 0 0 0 0 0 0 0 0 0 0 0 0 0 0 0 0 0 
136 60 55 86 92 91 92 82 85 87 73 60 0 0 0 0 0 0 0 0 0 0 0 0 0 0 0 0 0 0 0 0 
272 211 231 253 275 199 253 193 252 182 247 73 0 0 0 0 0 0 0 0 0 0 0 0 0 0 0 0 0 0 0 0 
65 29 35 45 36 37 43 34 52 35 33 20 0 0 0 0 0 0 0 0 0 0 0 0 0 0 0 0 0 0 0 0 
88 37 41 45 30 29 45 47 32 45 62 10 0 0 0 0 0 0 0 0 0 0 0 0 0 0 0 0 0 0 0 0 
123 60 75 50 42 58 64 62 60 54 45 16 0 0 0 0 0 0 0 0 0 0 0 0 0 0 0 0 0 0 0 0 
296 243 214 222 224 234 205 225 213 184 206 62 0 0 0 0 0 0 0 0 0 0 0 0 0 0 0 0 0 0 0 0 
133 118 103 107 110 91 97 109 70 86 106 39 0 0 0 0 0 0 0 0 0 0 0 0 0 0 0 0 0 0 0 0 
56 26 29 11 47 27 40 35 28 31 23 6 0 0 0 0 0 0 0 0 0 0 0 0 0 0 0 0 0 0 0 0 
395 244 269 217 315 245 281 222 209 289 266 62 0 0 0 0 0 0 0 0 0 0 0 0 0 0 0 0 0 0 0 0 
252 169 162 170 172 145 135 149 158 149 150 51 0 0 0 0 0 0 0 0 0 0 0 0 0 0 0 0 0 0 0 0 
134 104 77 131 81 90 76 84 100 56 88 13 0 0 0 0 0 0 0 0 0 0 0 0 0 0 0 0 0 0 0 0 
110 68 68 71 106 104 91 72 77 103 65 39 0 0 0 0 0 0 0 0 0 0 0 0 0 0 0 0 0 0 0 0 
178 137 115 82 82 123 145 109 136 123 98 30 0 0 0 0 0 0 0 0 0 0 0 0 0 0 0 0 0 0 0 0 
105 68 71 73 58 88 80 68 79 72 66 16 0 0 0 0 0 0 0 0 0 0 0 0 0 0 0 0 0 0 0 0 
95 61 45 36 66 49 46 57 53 43 64 34 0 0 0 0 0 0 0 0 0 0 0 0 0 0 0 0 0 0 0 0 
319 182 232 225 240 269 229 235 203 241 235 87 0 0 0 0 0 0 0 0 0 0 0 0 0 0 0 0 0 0 0 0 
129 87 69 66 73 75 69 85 71 72 71 21 0 0 0 0 0 0 0 0 0 0 0 0 0 0 0 0 0 0 0 0 
67 38 31 24 61 42 32 39 37 34 36 19 0 0 0 0 0 0 0 0 0 0 0 0 0 0 0 0 0 0 0 0 
96 56 97 65 93 64 72 64 66 45 75 16 0 0 0 0 0 0 0 0 0 0 0 0 0 0 0 0 0 0 0 0 
162 64 63 112 144 92 131 102 69 138 119 45 0 0 0 0 0 0 0 0 0 0 0 0 0 0 0 0 0 0 0 0 
196 39 94 106 177 122 191 140 73 175 187 34 0 0 0 0 0 0 0 0 0 0 0 0 0 0 0 0 0 0 0 0 
95 32 35 46 36 40 28 55 35 61 35 9 0 0 0 0 0 0 0 0 0 0 0 0 0 0 0 0 0 0 0 0 
76 46 55 47 40 36 34 56 51 50 56 13 0 0 0 0 0 0 0 0 0 0 0 0 0 0 0 0 0 0 0 0 
96 66 78 59 73 77 55 71 61 51 49 15 0 0 0 0 0 0 0 0 0 0 0 0 0 0 0 0 0 0 0 0 
116 53 55 86 128 56 110 86 48 103 90 38 0 0 0 0 0 0 0 0 0 0 0 0 0 0 0 0 0 0 0 0 
172 101 97 78 101 98 92 96 104 90 109 17 0 0 0 0 0 0 0 0 0 0 0 0 0 0 0 0 0 0 0 0 
96 71 94 65 60 66 69 73 68 69 64 20 0 0 0 0 0 0 0 0 0 0 0 0 0 0 0 0 0 0 0 0 
102 78 77 91 45 56 81 55 55 58 53 3 0 0 0 0 0 0 0 0 0 0 0 0 0 0 0 0 0 0 0 0 
102 86 70 44 59 83 70 49 63 57 66 23 0 0 0 0 0 0 0 0 0 0 0 0 0 0 0 0 0 0 0 0 
146 151 66 87 87 84 99 88 108 106 67 20 0 0 0 0 0 0 0 0 0 0 0 0 0 0 0 0 0 0 0 0 
110 62 86 84 126 104 127 97 43 65 102 41 0 0 0 0 0 0 0 0 0 0 0 0 0 0 0 0 0 0 0 0 
105 36 61 47 91 63 68 63 43 72 81 17 0 0 0 0 0 0 0 0 0 0 0 0 0 0 0 0 0 0 0 0 
239 160 247 195 249 228 216 182 167 260 206 93 0 0 0 0 0 0 0 0 0 0 0 0 0 0 0 0 0 0 0 0 
95 38 56 44 52 55 43 35 53 42 30 15 0 0 0 0 0 0 0 0 0 0 0 0 0 0 0 0 0 0 0 0 
71 46 60 55 34 61 53 41 39 38 53 13 0 0 0 0 0 0 0 0 0 0 0 0 0 0 0 0 0 0 0 0 
128 68 82 82 59 66 88 75 94 75 81 23 0 0 0 0 0 0 0 0 0 0 0 0 0 0 0 0 0 0 0 0 
196 129 142 141 104 99 143 129 134 130 93 48 0 0 0 0 0 0 0 0 0 0 0 0 0 0 0 0 0 0 0 0 
90 65 72 68 55 72 70 49 56 81 50 30 0 0 0 0 0 0 0 0 0 0 0 0 0 0 0 0 0 0 0 0 
61 63 54 50 32 44 54 42 36 37 27 8 0 0 0 0 0 0 0 0 0 0 0 0 0 0 0 0 0 0 0 0 
40 15 17 34 42 23 39 41 18 29 23 8 0 0 0 0 0 0 0 0 0 0 0 0 0 0 0 0 0 0 0 0 
196 90 91 115 144 130 146 90 97 103 81 43 0 0 0 0 0 0 0 0 0 0 0 0 0 0 0 0 0 0 0 0 
162 74 97 124 122 96 69 85 91 103 80 32 0 0 0 0 0 0 0 0 0 0 0 0 0 0 0 0 0 0 0 0 
81 50 59 70 82 38 56 36 68 48 59 19 0 0 0 0 0 0 0 0 0 0 0 0 0 0 0 0 0 0 0 0 
141 92 110 109 108 88 119 95 101 72 99 44 0 0 0 0 0 0 0 0 0 0 0 0 0 0 0 0 0 0 0 0 
72 39 69 56 63 48 62 76 58 34 87 11 0 0 0 0 0 0 0 0 0 0 0 0 0 0 0 0 0 0 0 0 
116 80 59 69 91 58 82 76 57 109 89 24 0 0 0 0 0 0 0 0 0 0 0 0 0 0 0 0 0 0 0 0 
95 59 54 40 73 48 79 74 57 52 59 11 0 0 0 0 0 0 0 0 0 0 0 0 0 0 0 0 0 0 0 0 
122 68 106 100 132 89 81 66 80 66 106 26 0 0 0 0 0 0 0 0 0 0 0 0 0 0 0 0 0 0 0 0 
116 89 104 74 68 101 94 64 95 65 66 45 0 0 0 0 0 0 0 0 0 0 0 0 0 0 0 0 0 0 0 0 
138 92 100 101 85 96 85 99 99 91 71 38 0 0 0 0 0 0 0 0 0 0 0 0 0 0 0 0 0 0 0 0 
221 134 123 146 85 105 87 117 118 106 127 30 0 0 0 0 0 0 0 0 0 0 0 0 0 0 0 0 0 0 0 0 
111 47 47 85 67 36 64 67 89 51 57 22 0 0 0 0 0 0 0 0 0 0 0 0 0 0 0 0 0 0 0 0 
147 68 63 90 94 78 90 81 64 74 82 22 0 0 0 0 0 0 0 0 0 0 0 0 0 0 0 0 0 0 0 0 
259 119 145 128 162 173 142 144 145 124 134 45 0 0 0 0 0 0 0 0 0 0 0 0 0 0 0 0 0 0 0 0 
154 59 84 66 97 65 60 46 61 90 63 40 0 0 0 0 0 0 0 0 0 0 0 0 0 0 0 0 0 0 0 0 
121 88 127 85 113 92 92 80 77 95 77 33 0 0 0 0 0 0 0 0 0 0 0 0 0 0 0 0 0 0 0 0 
113 77 47 66 64 53 60 73 82 56 57 22 0 0 0 0 0 0 0 0 0 0 0 0 0 0 0 0 0 0 0 0 
106 42 77 60 47 61 62 65 51 66 54 31 0 0 0 0 0 0 0 0 0 0 0 0 0 0 0 0 0 0 0 0 
107 48 65 61 102 84 103 57 60 87 106 24 0 0 0 0 0 0 0 0 0 0 0 0 0 0 0 0 0 0 0 0 
88 55 47 54 42 48 57 54 66 56 62 17 0 0 0 0 0 0 0 0 0 0 0 0 0 0 0 0 0 0 0 0 
131 172 113 158 160 158 87 119 149 130 69 39 0 0 0 0 0 0 0 0 0 0 0 0 0 0 0 0 0 0 0 0 
112 73 48 61 64 57 28 56 39 47 41 27 0 0 0 0 0 0 0 0 0 0 0 0 0 0 0 0 0 0 0 0 
94 63 56 64 51 50 59 53 59 67 54 24 0 0 0 0 0 0 0 0 0 0 0 0 0 0 0 0 0 0 0 0 
75 47 55 55 48 60 60 43 34 44 68 12 0 0 0 0 0 0 0 0 0 0 0 0 0 0 0 0 0 0 0 0 
105 58 58 79 93 45 70 56 80 65 71 12 0 0 0 0 0 0 0 0 0 0 0 0 0 0 0 0 0 0 0 0 
89 56 90 75 75 69 55 77 59 76 63 15 0 0 0 0 0 0 0 0 0 0 0 0 0 0 0 0 0 0 0 0 
189 130 122 135 143 124 141 139 137 122 127 21 0 0 0 0 0 0 0 0 0 0 0 0 0 0 0 0 0 0 0 0 
66 35 34 45 31 47 27 51 49 32 35 5 0 0 0 0 0 0 0 0 0 0 0 0 0 0 0 0 0 0 0 0 
35 16 13 11 6 9 16 19 11 15 10 1 0 0 0 0 0 0 0 0 0 0 0 0 0 0 0 0 0 0 0 0 
96 61 51 26 39 38 62 66 31 28 71 23 0 0 0 0 0 0 0 0 0 0 0 0 0 0 0 0 0 0 0 0 
