114 0 0 0 0 0 0 0 0 0 42 0 9 28 22 6 0 0 20 104 0 0 0 9 2 15 6 0 0 4 0 9 
87 0 0 34 0 0 6 0 0 0 51 0 30 6 6 7 3 0 9 85 6 1 0 16 14 2 2 5 0 6 5 3 
65 0 2 24 0 0 3 0 19 0 60 5 9 0 4 0 0 2 9 70 6 0 2 26 8 2 0 0 0 10 0 6 
78 0 0 0 0 0 0 0 36 0 12 0 17 28 26 2 0 0 19 83 0 0 9 6 3 9 7 0 0 0 6 10 
66 4 6 0 0 0 0 31 0 0 0 0 15 38 8 6 15 0 16 70 0 0 11 0 2 17 9 2 0 0 9 8 
64 0 8 0 0 0 0 22 0 41 0 0 6 31 14 6 0 0 9 68 0 0 3 20 2 16 6 0 0 2 6 5 
65 0 0 0 0 20 0 0 0 8 0 28 12 8 20 5 13 0 21 72 0 5 2 1 12 10 4 6 0 0 12 6 
69 0 0 0 0 1 0 17 0 2 0 11 0 9 12 26 6 12 17 62 0 0 6 1 0 10 10 0 3 0 9 7 
62 0 0 0 0 24 4 0 0 4 0 4 0 1 30 14 4 4 15 72 0 8 2 2 0 5 14 0 3 0 6 9 
66 0 23 0 0 2 57 0 0 0 0 2 0 14 6 16 0 16 1 71 0 20 0 0 6 2 13 0 13 0 2 1 
66 0 15 0 0 0 5 30 0 34 9 0 0 5 0 20 0 11 0 66 0 2 11 22 0 4 14 0 9 0 0 0 
65 4 54 4 0 0 0 0 0 0 12 0 0 0 0 25 37 0 13 65 17 0 0 2 0 0 10 22 0 0 3 10 
66 8 13 7 0 0 7 0 4 0 0 9 30 16 0 26 0 0 13 69 3 2 2 2 18 9 9 0 0 0 8 7 
66 4 0 0 0 0 34 14 0 25 14 0 0 9 9 0 0 21 3 68 0 8 21 8 0 5 2 0 7 3 0 6 
66 0 0 0 0 0 23 0 0 44 0 0 0 0 5 42 8 4 5 69 0 4 19 0 0 2 21 4 0 1 0 11 
69 0 0 0 0 0 0 32 0 2 0 0 6 25 0 23 15 16 9 61 0 0 7 0 2 9 10 12 8 0 6 2 
111 0 0 0 0 0 40 0 0 8 0 0 32 0 34 22 0 17 21 99 0 6 2 0 11 10 6 0 8 0 2 9 
88 0 0 2 5 0 4 23 8 0 5 0 65 2 25 25 4 0 14 93 0 0 6 2 14 5 16 0 0 0 7 8 
70 0 0 0 27 0 0 0 13 0 5 20 52 5 0 3 3 9 4 68 6 0 2 0 31 2 1 3 0 3 11 1 
66 4 0 0 30 0 0 9 0 0 0 37 0 0 38 12 5 0 13 68 7 0 0 0 13 17 7 0 0 0 6 10 
68 0 0 0 21 0 0 45 0 0 0 10 0 0 23 13 5 6 9 66 10 6 12 4 0 11 7 2 2 0 2 6 
66 0 0 2 46 1 0 68 0 0 0 9 2 0 0 3 0 1 0 66 13 30 8 4 2 0 0 2 1 0 2 0 
70 0 0 0 18 49 0 21 0 9 0 0 0 14 3 10 8 1 3 68 4 24 4 0 2 4 8 1 0 0 4 9 
70 0 0 0 0 6 0 30 0 0 0 0 0 37 18 3 13 8 5 62 0 4 5 0 6 6 13 2 0 0 3 9 
69 0 0 0 0 46 0 0 0 0 0 0 23 0 31 12 0 0 12 68 0 15 0 0 6 0 28 0 0 0 3 8 
66 0 0 2 3 39 0 4 0 4 0 0 28 0 3 53 4 2 5 66 1 9 2 0 14 0 24 2 0 0 0 10 
64 0 0 10 0 2 0 8 0 0 0 31 9 58 3 16 0 0 13 64 0 1 0 12 24 10 6 0 0 0 9 2 
64 0 0 8 0 0 0 11 0 0 0 16 0 48 32 0 0 0 0 64 0 0 0 2 16 35 6 0 0 0 4 1 
64 0 0 4 0 0 0 0 4 0 41 0 7 45 16 4 0 0 2 66 0 0 2 15 2 38 2 0 0 0 1 2 
66 3 0 4 0 0 0 0 2 0 59 0 0 4 20 24 0 0 32 69 1 0 0 21 0 10 8 0 0 13 0 8 
65 0 0 11 0 0 9 0 0 2 15 37 23 0 6 2 0 0 17 67 3 0 0 6 34 1 2 0 0 10 2 3 
