7824 996 1424 1470 1888 2342 943 1169 2647 1921 1593 1524 1301 3287 3972 4059 2302 4352 10668 7480 8713 9473 18358 7784 2201 1061 383 1262 1375 940 636 0 
9686 4014 3958 5789 6812 14463 5209 4860 6694 7269 5416 4196 4199 12245 13708 16002 10540 10943 18648 30542 31059 35663 40371 33942 12185 4149 2393 9755 8288 5526 4136 0 
847 553 363 154 379 751 165 492 578 1072 139 239 78 363 376 687 811 427 2863 1779 1885 1040 13235 4563 1306 568 20 390 314 97 2619 0 
25765 4589 3578 10051 9507 13850 10091 6929 8155 6949 7311 2924 4252 8660 15491 23593 14136 12969 29312 29838 33077 37686 83620 44864 16618 6731 2149 5472 9362 3751 3927 0 
29591 9997 8373 13831 16599 24826 13150 11191 13900 17004 12703 7677 8024 22152 26351 41141 25820 25636 49468 67052 65329 77227 134917 78330 36349 11663 6259 17345 19658 8116 4958 0 
1710 454 230 423 739 319 7936 448 255 267 749 187 185 276 348 918 364 188 535 598 1219 627 5185 526 1620 230 260 190 360 270 336 0 
3081 263 188 365 334 999 532 185 100 6867 4428 199 156 627 782 327 405 763 860 639 710 772 1979 836 376 2558 285 1366 796 2122 450 0 
3769 1008 505 813 769 1362 412 821 489 8529 5379 337 803 1973 1137 1371 1274 539 1916 2749 2727 2372 4310 2663 873 803 230 1183 448 1958 750 0 
6176 1092 1303 2838 2251 6468 1922 687 2122 3125 2621 1197 1205 1831 2933 4540 1800 1319 2507 3794 3277 4215 11683 7040 1620 1513 574 2981 1059 1315 684 0 
4971 990 1172 1465 2123 4619 1810 985 1133 2800 3002 1953 1709 4414 3531 2559 1758 2315 3989 3957 3562 3988 12572 7186 1612 1036 1209 6122 2927 1506 2908 0 
3574 1211 1260 904 987 2986 875 816 1043 3409 4696 845 1378 7204 3944 2479 4056 18600 3915 3737 5585 7132 14115 5777 3514 2799 803 2190 1381 2908 937 0 
3676 1464 1155 2150 2083 6023 1957 985 1743 4473 3584 1717 1577 6474 4907 3959 2110 1478 4155 6720 7274 6358 12135 12580 2783 2121 681 1667 1444 2628 1359 0 
56774 10405 12136 21679 16934 41754 17117 19190 16714 15505 18128 16493 16412 52452 38902 55594 28958 36527 55806 87981 99005 96282 221686 108807 42020 10308 5344 14862 16535 13869 6496 0 
924 140 434 149 187 123 175 100 96 2095 4038 61 52 120 377 259 336 78 270 473 465 346 2104 442 511 303 66 774 515 498 673 0 
4909 782 1116 1276 1192 3546 2264 1309 5337 11552 5488 3237 1969 6807 5284 1938 2485 2833 1706 3208 3143 3513 7721 3746 1865 2314 2252 5719 1541 4557 1462 0 
