63 20 17 26 15 17 13 17 18 7 14 10 11 9 11 10 8 11 4 11 9 7 4 8 2 9 4 7 8 8 5 0 
40 3 2 5 2 5 1 3 4 0 3 1 2 3 4 0 1 1 0 2 5 4 1 2 4 3 0 1 1 1 3 0 
18 6 2 6 5 6 8 3 3 3 3 2 3 4 3 6 4 0 0 2 4 1 2 0 2 3 5 2 2 2 3 0 
11 4 4 5 2 4 5 2 5 3 9 15 4 0 0 1 4 0 4 1 1 1 3 5 4 2 7 0 1 4 2 0 
52 33 8 22 22 6 5 10 16 17 11 10 4 6 13 2 7 0 4 5 9 6 3 6 5 8 6 12 6 4 1 0 
62 33 8 16 12 6 10 9 9 14 7 3 8 10 7 6 2 1 3 4 10 5 7 4 7 2 8 7 8 11 5 0 
66 23 24 22 22 26 7 11 17 13 17 15 9 15 15 13 13 15 13 13 11 7 10 15 9 9 15 17 16 14 10 0 
0 0 0 2 0 0 0 0 1 0 0 0 2 0 0 0 0 0 0 0 0 0 0 0 0 0 0 0 0 0 0 0 
20 5 4 4 3 0 0 3 3 0 2 4 3 1 1 1 0 3 0 0 2 1 0 2 3 1 1 1 1 1 3 0 
20 21 3 11 8 8 2 2 10 6 4 5 8 8 2 6 4 3 1 5 5 4 6 2 6 2 3 2 4 4 2 0 
12 9 7 10 4 6 3 2 5 2 0 0 4 1 5 1 2 3 1 0 4 1 0 0 4 1 1 2 1 1 2 0 
12 2 0 2 0 1 2 2 2 2 1 2 5 0 1 4 1 0 0 1 0 0 1 1 0 0 0 0 0 1 0 0 
66 14 9 17 11 8 9 8 10 2 3 7 6 7 4 3 5 7 4 4 10 5 5 6 4 11 5 8 4 9 4 0 
34 4 11 5 7 7 8 3 3 4 2 5 4 8 2 5 4 4 6 1 3 4 5 3 2 6 8 7 6 7 0 0 
97 36 29 27 23 19 18 23 20 18 12 19 13 12 17 9 11 11 6 7 8 9 8 8 3 7 9 14 15 18 5 0 
31 2 2 2 4 2 3 5 3 4 5 3 9 3 4 3 4 3 1 2 1 2 6 3 1 3 2 2 2 3 3 0 
31 21 6 5 8 3 3 9 2 4 4 6 7 5 7 8 5 5 5 4 9 3 2 9 4 7 5 0 4 1 1 0 
28 12 4 10 11 6 5 6 3 4 7 3 8 6 3 3 2 2 2 3 2 4 2 1 5 2 2 1 5 2 1 0 
38 8 11 2 1 7 4 5 9 5 4 6 6 1 0 3 4 4 5 3 4 3 0 7 3 1 3 3 0 4 0 0 
64 17 22 13 13 12 5 14 18 14 15 19 14 9 7 8 12 8 10 3 7 4 2 8 6 7 7 3 5 6 0 0 
9 5 1 5 5 5 2 2 2 3 5 6 1 2 1 3 1 1 0 0 1 0 3 1 2 1 2 2 1 1 0 0 
38 3 9 9 6 3 9 6 3 6 6 4 9 4 4 1 5 6 5 1 3 2 3 2 3 4 8 5 1 7 5 0 
19 22 5 3 2 7 5 3 8 6 4 3 8 6 2 3 6 4 3 4 1 2 4 2 6 2 4 3 2 4 1 0 
16 17 11 5 5 8 6 7 4 3 1 4 2 8 4 4 7 4 1 2 5 0 3 1 2 1 2 2 2 0 1 0 
54 16 11 19 12 17 2 15 15 13 10 12 9 4 14 4 7 8 1 3 4 8 8 4 1 6 6 7 6 3 5 0 
0 7 4 1 0 0 0 2 0 1 1 2 0 0 0 0 3 1 1 1 1 1 0 1 1 0 0 0 0 1 2 0 
16 9 5 3 4 7 3 3 4 6 5 4 3 6 4 2 1 3 1 1 3 1 3 3 3 2 1 5 2 2 0 0 
11 4 0 1 1 1 0 0 4 1 1 1 0 0 0 0 1 2 2 0 1 0 0 0 1 1 2 1 0 0 1 0 
23 7 3 9 6 6 3 1 2 2 3 0 1 1 3 0 5 1 1 0 4 0 4 0 1 2 0 2 2 1 0 0 
69 13 24 24 11 12 12 5 10 8 8 8 9 7 14 5 5 5 7 8 5 6 2 9 4 8 3 6 2 11 2 0 
21 7 6 8 2 3 3 1 5 3 4 1 3 2 6 0 2 4 2 2 1 0 4 2 3 1 2 1 1 4 1 0 
22 4 3 2 3 1 1 3 1 7 0 2 3 0 5 4 5 6 1 1 4 2 6 0 2 1 1 1 0 3 2 0 
25 13 8 8 11 12 3 5 5 9 7 2 2 3 2 3 5 3 6 2 7 6 1 2 4 3 1 7 3 8 2 0 
11 9 5 1 5 1 5 2 4 4 3 2 3 0 2 3 6 2 2 3 3 5 2 3 5 4 1 5 3 1 1 0 
33 5 6 8 2 4 7 5 4 4 3 2 3 3 3 1 6 2 2 3 5 1 3 5 5 4 2 0 2 1 0 0 
42 26 10 10 18 16 9 8 14 11 6 16 24 14 14 11 3 9 3 15 9 6 9 8 8 9 10 2 15 9 2 0 
13 21 14 11 14 15 7 10 3 13 4 7 7 3 3 8 1 6 4 4 5 4 9 9 4 7 6 11 5 4 1 0 
60 25 13 5 13 6 4 7 4 9 12 8 10 9 9 7 5 14 5 6 7 8 2 8 7 9 7 7 5 3 1 0 
9 7 3 9 1 12 2 2 4 2 2 3 1 5 2 4 4 5 1 1 2 1 0 1 4 1 4 0 1 5 1 0 
19 2 3 0 0 0 1 1 1 1 3 6 1 1 0 1 0 1 2 1 1 0 1 2 1 2 0 1 0 0 0 0 
31 16 17 9 17 13 2 9 8 3 4 5 7 4 3 2 4 8 2 3 3 3 9 3 3 4 7 7 6 8 4 0 
29 13 9 9 9 7 9 4 14 12 6 3 5 6 11 4 6 2 5 4 11 5 2 5 8 3 9 1 4 4 2 0 
74 14 15 9 11 17 6 7 27 11 10 5 16 4 12 13 8 13 8 15 6 15 12 11 11 7 14 11 13 10 6 0 
20 5 1 2 4 2 2 5 2 4 2 4 4 2 4 2 4 1 1 0 1 1 0 2 0 2 0 1 2 2 2 0 
43 12 8 18 14 8 2 10 7 4 8 11 6 5 8 3 5 3 3 2 4 5 2 4 3 7 5 5 4 3 2 0 
10 3 1 1 3 3 2 2 3 4 3 2 4 3 0 3 3 0 2 2 3 3 2 1 3 2 0 2 1 1 4 0 
15 6 7 1 3 5 1 5 2 1 1 3 2 0 2 3 1 2 3 2 0 4 1 2 2 4 2 2 1 1 1 0 
18 17 13 8 10 11 11 8 7 10 6 5 4 8 2 3 2 10 1 3 6 7 3 2 3 4 4 7 7 2 2 0 
30 2 9 5 9 7 1 21 6 2 3 3 4 2 2 8 3 5 3 7 6 4 4 5 7 3 3 9 3 4 2 0 
14 15 17 5 10 9 3 7 9 10 7 6 4 2 7 3 4 2 3 3 6 3 2 2 4 1 3 4 3 6 4 0 
64 28 21 13 19 29 21 18 14 13 12 8 16 13 8 20 7 9 7 7 9 9 11 5 10 5 9 8 9 16 7 0 
91 21 15 20 6 16 15 8 10 15 12 13 13 9 9 5 9 9 10 11 7 11 7 15 8 8 14 17 14 18 6 0 
42 15 8 10 16 12 15 5 9 19 10 8 7 6 14 9 6 8 2 4 13 5 3 5 12 4 7 8 11 7 5 0 
25 11 16 12 16 11 5 27 16 6 10 8 6 14 6 5 6 3 10 10 3 6 1 11 9 6 2 7 13 3 3 0 
29 7 1 4 5 3 7 7 6 1 5 11 1 3 8 4 3 7 4 6 4 5 6 4 4 2 3 5 4 5 6 0 
74 17 6 15 15 10 11 16 7 12 5 10 8 10 7 10 2 7 6 6 6 8 3 3 2 4 8 6 11 6 5 0 
27 5 4 9 4 6 2 3 4 4 5 10 5 4 3 2 6 4 5 8 5 4 3 5 1 3 2 4 6 5 2 0 
19 4 2 3 4 1 5 3 5 8 6 6 5 4 2 5 6 5 5 7 4 1 4 4 4 3 2 5 2 3 1 0 
21 11 5 6 7 8 4 7 6 10 4 6 5 0 5 5 3 6 5 3 4 3 1 4 2 4 3 3 2 7 0 0 
60 31 22 19 17 20 10 20 11 14 15 18 12 10 15 20 10 17 9 9 14 7 17 6 15 10 15 13 12 10 8 0 
98 15 19 23 23 11 7 12 18 16 12 9 11 9 6 11 9 15 10 14 6 10 10 18 11 8 5 13 6 10 7 0 
72 14 9 16 9 16 15 8 11 16 14 2 15 7 10 18 6 9 9 8 8 4 9 5 20 5 11 10 9 15 11 0 
