622 543 600 530 515 506 453 300 547 503 481 513 476 565 542 545 529 588 515 502 557 495 572 488 486 476 580 517 563 557 539 378 
1525 1501 1509 1430 1443 1319 1285 1362 1410 1560 1455 1444 1428 1336 1379 1405 1392 1470 1498 1314 1505 1371 1504 1293 1377 1428 1421 1404 1340 1330 1431 1245 
1024 950 1081 950 1031 941 969 996 1069 1000 976 1063 993 1042 776 906 764 1039 1086 773 999 1004 1036 1003 953 890 964 913 898 1038 933 963 
532 504 510 496 476 451 403 509 525 472 516 540 518 535 350 460 524 493 570 527 554 487 484 463 427 380 469 478 547 540 611 463 
785 701 756 668 703 645 605 660 851 748 782 712 683 709 729 677 699 698 797 779 580 653 680 710 726 728 716 751 798 733 689 647 
472 349 348 412 344 355 341 344 323 423 398 362 368 378 336 400 342 420 375 372 408 394 382 368 344 274 235 329 316 418 401 372 
628 584 548 604 594 628 581 566 639 643 641 506 608 529 587 574 610 593 558 560 592 599 602 530 513 600 604 581 387 562 646 566 
704 368 621 580 622 590 649 627 568 571 618 638 613 690 654 560 541 571 537 570 558 566 635 578 615 613 632 644 626 524 618 478 
964 842 889 948 888 790 1003 800 800 880 876 863 846 835 765 819 851 880 904 852 849 872 681 741 843 911 913 847 673 836 811 774 
617 421 514 457 484 507 541 323 361 405 490 385 457 529 512 456 455 517 403 574 515 470 429 505 451 492 396 477 437 477 459 446 
448 411 457 387 340 323 370 399 428 395 411 380 431 270 381 429 363 425 380 412 399 434 405 257 391 357 402 386 403 398 468 352 
807 788 774 764 689 738 604 752 665 703 695 714 852 529 713 552 640 742 722 723 601 660 726 733 753 646 756 767 610 733 663 639 
1113 1020 955 1023 976 1102 786 865 1079 990 1039 994 923 999 976 909 718 1022 1017 907 1017 1032 1028 1031 874 954 983 952 878 978 947 952 
654 530 526 515 531 504 394 519 492 501 504 468 522 506 376 489 520 532 549 549 450 490 497 428 509 485 537 449 502 533 563 518 
735 766 738 760 714 628 601 593 567 659 725 704 602 764 662 680 708 762 795 816 665 711 647 682 748 738 726 664 590 638 699 636 
737 618 594 625 654 540 666 724 591 623 642 587 550 620 629 590 495 539 596 585 601 473 676 659 639 503 566 549 671 546 543 596 
310 378 368 345 349 375 365 366 392 383 428 373 342 353 368 285 353 369 359 216 405 347 331 393 350 390 360 369 353 347 332 353 
442 299 323 372 363 458 439 333 360 365 336 389 364 332 349 265 256 363 369 338 389 362 333 400 340 326 343 358 401 362 351 322 
724 592 627 592 620 628 616 616 551 624 577 388 634 622 628 572 617 608 587 589 619 614 619 595 657 618 653 666 620 699 710 495 
712 643 674 699 679 626 549 648 665 637 706 724 603 665 523 647 678 631 770 692 643 678 540 579 531 642 665 619 682 725 731 573 
967 724 883 869 890 861 925 671 810 832 865 846 810 787 833 807 786 842 856 648 837 858 923 833 881 872 826 890 763 945 945 737 
803 800 847 915 794 763 854 860 825 901 825 835 782 869 810 794 920 862 780 877 809 827 789 771 941 614 799 722 865 787 819 954 
467 502 457 438 473 404 378 441 450 442 411 311 449 483 409 430 298 372 462 365 409 422 423 404 445 385 400 444 439 455 434 384 
827 662 759 682 663 618 699 774 685 780 642 624 674 505 685 695 656 744 687 607 691 680 765 670 752 606 639 657 681 679 681 625 
1043 975 825 821 912 815 871 1031 849 927 787 991 950 953 819 905 848 1071 882 868 921 835 849 834 830 943 871 825 712 812 963 810 
479 433 406 431 437 428 417 441 441 451 456 449 470 449 207 459 458 474 448 467 388 446 446 410 398 343 457 403 425 470 497 440 
847 572 677 749 718 729 618 754 751 728 704 710 708 743 767 673 772 671 717 757 741 624 850 760 743 745 669 704 718 638 763 696 
857 848 863 858 898 804 874 909 802 909 801 840 831 907 769 858 969 863 870 894 864 676 694 810 917 690 812 861 735 808 909 941 
422 512 541 494 532 547 350 431 510 490 516 527 537 490 425 485 387 522 501 449 528 494 475 476 479 506 500 450 504 442 498 451 
342 292 349 301 330 323 341 279 287 284 285 312 327 348 293 323 283 350 279 280 297 315 351 307 281 232 309 327 325 345 329 147 
765 585 701 594 640 609 617 522 600 648 533 607 619 536 572 567 603 654 627 575 612 562 639 529 566 595 645 624 608 563 545 559 
216 271 236 234 263 235 230 118 268 248 251 242 240 211 252 235 271 241 250 220 292 235 297 209 237 243 261 223 255 246 237 218 
524 408 387 507 492 450 475 441 481 493 477 462 406 472 432 462 367 464 492 336 432 430 459 448 436 504 413 485 455 422 433 423 
730 470 579 607 604 592 677 600 572 604 643 664 561 641 627 564 593 556 585 602 538 565 580 567 506 652 623 582 493 562 608 636 
689 599 566 560 622 641 631 511 577 618 647 586 537 617 540 608 506 608 610 445 553 611 619 627 562 644 543 622 580 605 630 556 
823 492 761 729 753 754 601 717 725 696 730 675 732 680 759 644 714 723 705 710 684 705 780 684 674 656 763 697 662 710 716 593 
408 337 342 335 347 351 329 306 306 343 318 376 344 245 298 298 274 291 258 328 354 499 275 164 295 424 305 304 279 385 430 296 
785 585 735 651 800 718 731 512 774 759 687 720 670 578 714 751 735 673 817 567 723 726 613 630 689 671 707 770 662 696 749 604 
735 620 702 642 602 532 602 501 583 673 540 597 591 505 592 620 714 558 603 592 564 645 616 589 468 502 668 595 616 491 614 503 
735 662 571 571 649 648 698 579 621 682 713 633 634 474 647 684 712 687 649 640 564 530 715 654 589 608 581 594 649 622 591 476 
482 441 443 423 431 442 418 338 433 459 429 417 483 477 444 445 357 421 423 397 423 383 353 418 310 435 430 444 461 453 401 375 
806 739 714 727 718 808 443 793 858 818 799 817 802 850 758 773 847 748 796 821 837 678 734 847 743 780 599 818 752 612 916 665 
825 646 737 706 773 743 492 591 716 769 615 637 709 586 675 717 682 687 765 671 644 744 723 659 757 676 619 688 631 735 721 626 
184 124 128 102 86 131 118 115 81 124 147 126 115 122 124 137 100 139 108 136 101 120 132 129 108 118 126 140 146 121 137 145 
700 577 685 623 630 579 494 593 629 689 600 660 606 622 599 648 554 624 627 475 487 600 633 601 642 637 621 603 618 669 546 636 
1006 880 865 850 879 857 758 748 875 865 820 757 864 900 836 839 858 874 897 829 873 810 918 879 855 681 866 845 845 757 807 804 
654 580 545 628 590 591 428 518 599 488 577 633 571 553 316 600 593 582 662 606 637 583 607 557 561 582 601 585 602 646 575 550 
227 193 196 191 204 206 182 177 194 215 224 211 123 243 175 225 191 207 173 180 142 178 212 196 205 184 226 186 235 183 235 174 
999 629 833 864 905 919 887 950 895 885 857 949 918 736 938 651 896 845 857 897 831 746 885 838 896 1010 872 918 837 894 965 895 
384 352 369 328 315 362 356 360 353 379 370 323 303 315 324 357 376 361 370 239 314 350 347 274 315 391 362 356 288 330 366 306 
631 413 488 591 584 572 540 565 576 558 559 524 523 618 597 553 384 533 660 573 547 574 517 597 550 549 569 606 593 595 613 517 
567 561 506 406 418 479 373 495 410 531 509 485 569 508 503 394 442 511 450 570 459 457 444 439 400 430 477 434 410 440 475 387 
328 254 209 278 201 212 242 247 251 195 231 276 228 186 257 127 189 244 196 247 241 244 242 104 264 227 218 197 223 245 219 218 
1052 876 966 844 887 853 930 845 913 764 901 873 849 849 794 805 808 966 912 886 750 782 849 844 905 854 931 883 927 836 839 879 
994 964 969 895 846 984 774 935 916 1023 1033 803 869 813 927 940 888 1049 942 698 857 1018 1035 972 885 954 958 992 851 915 976 851 
873 652 825 763 768 774 871 783 780 727 742 750 660 803 810 640 734 740 752 741 845 600 793 684 748 801 758 836 647 796 783 636 
521 527 496 526 493 510 532 456 490 446 528 466 532 542 498 479 516 498 565 519 511 535 482 495 472 460 353 479 335 470 516 407 
351 209 358 312 320 336 306 372 334 308 352 334 288 277 305 294 331 315 315 310 366 334 331 322 349 329 312 304 271 326 288 229 
1280 1112 1255 1165 1216 1158 1035 1217 1157 1215 1202 1267 1126 1138 931 1220 1029 1175 1279 1050 1199 1160 1228 1138 1130 1235 1119 1162 1183 1221 1301 1118 
425 344 364 345 339 318 202 411 349 428 404 399 405 237 364 380 374 347 387 337 315 379 404 400 397 321 352 349 349 393 418 313 
909 715 701 736 724 798 687 680 687 726 758 748 860 765 783 722 532 791 771 817 769 688 693 777 703 683 792 763 610 755 727 685 
410 366 309 283 300 332 189 268 287 277 319 306 302 280 320 281 260 281 347 322 320 311 295 322 289 305 293 301 309 251 316 146 
