652 28 192 196 144 32 72 76 224 84 128 44 252 48 108 272 116 24 400 324 556 152 1244 236 80 28 20 20 44 76 208 0 
1012 145 530 382 487 463 258 159 390 261 214 340 275 715 670 937 348 975 1204 1338 1785 1725 1535 1264 518 141 107 166 107 214 21 0 
1427 81 117 334 130 130 85 170 338 101 124 202 120 713 520 534 201 162 1630 732 941 1137 2937 885 143 136 31 144 232 60 25 0 
4733 742 585 558 1127 1717 528 764 1695 1475 1127 938 654 1811 2674 2316 1637 3191 7434 5086 5431 6459 12643 5399 1460 756 225 932 992 590 382 0 
1405 502 345 602 909 1354 675 503 1390 666 492 1386 938 3233 3686 1084 1055 2671 2090 3515 2507 2595 8831 3168 1152 1149 657 1521 1175 1031 181 0 
4814 2511 2648 3680 4273 8730 2976 2926 3640 4023 3599 1844 2581 7361 7714 10548 6175 5700 11496 18824 20760 25531 17669 22186 7691 1997 1365 5587 3666 1935 1752 0 
2826 868 935 1532 1630 3082 1264 1448 1637 2239 1364 817 698 1391 2431 4388 3461 2381 5329 8566 8462 8375 11536 7672 3106 982 427 2108 2972 1792 2019 0 
798 218 169 136 193 1545 403 180 141 449 122 289 123 484 280 339 209 487 294 365 568 584 2336 1717 481 82 24 727 550 845 236 0 
558 34 161 71 50 419 43 12 1 3 0 84 18 29 44 175 96 34 76 78 217 93 1036 537 341 1 11 243 21 2 3 0 
235 146 73 45 87 196 36 120 122 245 29 47 20 95 88 182 219 109 701 415 469 266 3333 1114 323 136 3 107 75 22 623 0 
54 181 81 22 130 72 54 184 263 440 78 76 24 127 132 170 256 156 1046 678 607 361 4482 1488 338 223 6 24 122 41 1001 0 
0 192 48 16 112 64 32 176 192 384 32 32 16 112 112 160 240 128 1040 608 592 320 4384 1424 304 208 0 16 96 32 992 0 
428 358 202 255 379 502 299 424 466 560 615 197 228 832 715 872 896 2206 1745 1754 1650 1558 8564 2404 696 390 139 256 262 311 1743 0 
5294 2244 1970 3219 3851 9854 3273 3149 3193 3202 2973 1749 2384 4870 7570 10915 6079 8028 13325 17392 19062 21385 30450 24886 8650 2290 818 2945 4255 1855 1364 0 
9296 752 416 2560 1888 608 2848 1312 1760 816 1392 240 352 512 2384 4224 2528 896 5456 2912 4192 5216 17712 6384 2816 1712 432 512 1696 480 240 0 
10954 1370 1224 4285 3600 3529 3992 2201 2874 2525 2487 836 1443 2724 5281 8794 5268 3201 9951 8855 9901 11420 27551 12785 5426 2458 837 3074 3252 1299 697 0 
12179 5146 3765 6516 6962 10899 7509 5931 8236 7053 5900 4339 4187 12490 13229 18466 12534 16980 21094 27834 28439 31006 60960 33556 16152 6424 4032 7721 6871 4283 1741 0 
6154 1016 1374 1822 2586 2161 1297 1532 976 2586 1373 648 803 2066 3035 5758 3203 1958 7619 9220 7637 10023 23078 9281 5169 1294 603 3019 3980 722 841 0 
10899 3716 3367 5703 7179 12298 4370 3931 5016 7586 5643 2965 3285 8893 10590 17521 10661 7260 21779 31371 30378 37827 50591 37262 16245 4246 2214 6903 9044 3422 2383 0 
572 253 11 22 99 44 176 11 0 22 22 0 44 11 55 275 44 66 55 176 363 209 2684 99 22 11 11 11 0 33 176 0 
840 320 78 174 217 81 651 211 107 71 109 31 77 87 170 445 122 86 382 390 643 413 3629 235 232 58 53 41 267 114 276 0 
183 41 22 65 86 84 1693 29 32 24 110 30 13 18 42 74 49 9 46 73 228 36 677 181 511 27 12 27 13 22 10 0 
298 48 69 128 133 65 2013 145 35 87 230 58 58 121 90 201 86 53 77 83 211 146 502 35 647 25 91 65 62 75 32 0 
389 45 61 56 303 89 3579 63 81 85 300 68 37 50 46 198 107 40 30 52 137 32 377 75 230 120 104 57 18 59 18 0 
1346 77 32 18 22 18 271 76 5 619 421 30 0 30 3 18 53 4 51 46 169 55 161 48 153 22 36 31 46 18 4 0 
88 37 6 199 40 460 53 20 16 3205 916 47 8 109 75 21 90 61 14 51 44 54 396 73 56 494 34 130 99 753 145 0 
614 127 134 116 173 439 95 89 79 1071 2144 120 132 485 363 189 209 697 261 405 459 613 740 610 162 1943 149 772 649 783 233 0 
1033 22 16 32 99 82 113 0 0 1972 947 2 16 3 341 99 53 1 534 137 38 50 682 105 5 99 66 434 2 568 68 0 
1198 373 267 372 473 1279 314 600 298 2254 1089 200 407 1477 1007 1198 1126 486 1863 2112 2153 2513 2907 2533 765 390 163 635 260 705 210 0 
1016 141 188 151 93 229 67 165 92 2592 1922 51 66 232 103 137 72 60 34 406 111 64 376 101 59 285 65 318 166 700 246 0 
397 136 55 92 77 40 17 21 46 1200 857 30 83 123 48 31 30 13 20 144 153 26 291 60 25 79 12 122 63 474 90 0 
1168 368 16 208 144 0 32 48 64 2496 1520 64 256 192 32 80 80 16 48 176 496 32 736 128 48 112 0 128 16 96 208 0 
1105 428 66 271 456 226 231 141 272 1995 2190 214 224 223 595 468 315 125 251 987 1145 695 1906 628 227 220 30 263 117 433 190 0 
353 32 56 126 46 149 175 21 63 242 13 5 40 44 255 61 30 26 48 151 62 73 299 86 47 26 1 14 51 25 4 0 
2098 186 450 1000 420 2462 517 73 793 218 60 231 201 369 584 1156 329 145 575 619 308 738 2210 2684 345 202 33 1032 263 75 101 0 
2624 449 756 1447 1340 3712 1014 486 1006 734 368 757 744 1211 1517 2886 1174 1195 1660 2144 1821 2865 7276 3701 1015 1066 514 1678 646 787 400 0 
3257 432 448 600 828 3721 1387 537 628 981 2268 534 1240 3631 2420 1292 685 637 1882 2337 2242 2668 8253 5985 954 371 434 1349 562 710 243 0 
678 218 298 330 580 372 103 198 114 711 287 745 171 123 459 274 348 513 1044 298 152 147 798 94 156 302 369 2156 914 398 1362 0 
948 314 404 512 676 500 312 224 364 897 299 662 236 627 587 934 603 471 962 1180 1029 928 3038 988 416 322 398 2594 1387 376 1264 0 
88 26 22 23 39 26 8 26 27 211 148 12 62 33 65 59 122 695 101 142 139 245 489 119 86 41 8 24 64 22 39 0 
2049 882 690 647 640 1869 625 633 822 2177 3091 581 1007 6395 3301 1945 3694 16999 2264 2575 4003 5004 13967 3685 3039 2351 623 1829 1097 2452 469 0 
235 17 122 38 13 24 3 42 6 447 231 1 6 16 10 13 15 4 29 18 13 5 65 18 4 39 3 29 29 86 223 0 
190 21 0 12 25 8 7 5 1 332 778 2 1 7 16 8 11 2 123 42 11 10 104 26 3 57 7 12 16 75 146 0 
1115 309 463 229 342 1157 260 159 269 476 707 309 393 1043 915 591 559 2043 1651 1223 1711 2305 786 2236 626 381 246 796 267 363 113 0 
851 313 228 448 497 1034 484 273 334 1143 1805 255 275 771 1211 1871 1150 411 1184 1911 2287 1674 3445 2346 603 704 204 609 632 600 736 0 
217 118 37 105 99 500 146 37 106 1523 350 102 119 449 279 158 87 107 164 296 318 385 223 1011 159 163 39 93 77 275 181 0 
1233 779 268 394 592 3898 787 267 780 1169 886 548 940 3681 2395 1069 433 677 1291 1976 2322 2996 767 7871 1198 961 202 607 364 1320 232 0 
1375 254 622 1203 895 591 540 408 523 638 543 812 243 1573 1022 861 440 283 1516 2537 2347 1303 7703 1352 823 293 236 358 371 433 210 0 
4729 1745 2332 5757 2878 9333 2811 2290 3672 2853 2490 2384 2830 13753 8439 7226 5195 6481 7757 12007 13389 14526 20218 15315 6277 1542 966 2903 2160 3281 972 0 
24623 4597 5050 7895 7324 19485 7664 8440 7510 6815 8241 7200 7141 21565 16809 25271 13224 17218 26046 40154 45501 45709 102468 52339 20836 4740 2970 6538 7714 5633 2707 0 
23087 2956 3250 5980 4642 10461 4901 6008 4450 4189 5802 5328 5248 16210 10817 18302 8708 11351 16909 28598 32374 29193 79203 33025 10967 3231 1127 4431 5264 4092 2080 0 
4642 1319 1730 2388 2461 3399 2065 2797 1547 1928 1949 1928 1601 3428 3535 5666 3808 3191 6534 9362 10269 9877 22450 10417 5040 1034 564 1450 1730 1135 855 0 
27 8 2 48 5 2 1 1 1 339 289 5 3 15 41 9 15 0 13 20 12 0 44 21 4 49 15 36 5 34 80 0 
138 15 7 18 13 7 128 7 8 813 1034 22 2 7 145 33 52 3 39 101 49 32 230 91 13 55 11 78 11 85 139 0 
435 85 146 54 107 84 46 70 24 494 785 19 39 43 114 181 144 53 175 269 244 252 915 182 387 74 25 572 462 259 166 0 
324 32 279 29 62 30 0 22 63 449 1930 15 8 55 77 36 125 22 43 83 160 62 915 148 107 125 15 88 37 120 288 0 
1398 218 444 334 292 1452 294 175 212 4561 2465 186 224 794 644 370 401 1151 531 970 916 1208 1947 1238 465 733 388 1666 249 1836 579 0 
61 16 26 90 166 24 69 53 77 1281 472 39 2 16 51 37 70 16 50 61 30 33 311 41 48 66 16 83 29 68 148 0 
183 59 97 145 65 63 25 88 74 2377 1497 177 6 15 83 106 173 34 119 173 79 91 889 80 172 165 46 140 82 147 343 0 
3267 489 549 707 669 2007 1876 993 4974 3333 1054 2835 1737 5982 4506 1425 1841 1633 1006 2004 2118 2181 4574 2387 1180 1350 1802 3832 1181 2506 392 0 
294 206 211 138 124 649 238 85 218 957 423 258 91 591 525 498 667 312 379 1055 566 604 1648 922 366 93 57 206 184 230 221 0 
109 27 67 50 79 66 51 25 46 468 439 41 27 38 43 41 28 28 23 83 18 53 288 71 38 122 10 61 39 101 95 0 
