878 666 627 542 586 466 515 585 570 654 549 566 518 658 512 560 695 598 706 589 660 567 596 530 506 560 528 600 623 556 614 571 
767 332 344 436 328 426 354 421 372 441 430 383 389 415 390 348 402 404 360 376 361 361 386 321 480 402 410 424 405 438 419 437 
989 671 744 724 635 561 746 630 559 527 604 500 736 644 624 543 502 712 611 615 657 688 501 561 682 616 646 612 607 607 662 517 
825 601 558 623 583 581 604 530 536 547 588 487 507 559 417 532 499 642 595 608 554 558 509 569 507 540 598 435 546 559 544 532 
711 379 435 417 463 458 379 426 448 401 389 455 396 355 411 458 436 459 515 465 421 382 297 393 408 387 403 376 434 468 497 312 
555 353 295 349 278 258 218 268 268 311 259 265 282 272 293 253 208 299 302 338 285 288 339 279 347 225 303 304 283 305 325 271 
694 439 328 327 419 344 357 393 317 438 306 360 362 441 343 452 373 440 438 353 403 333 360 387 386 344 374 328 389 329 400 339 
507 304 397 281 345 330 231 296 270 304 295 352 362 338 232 255 323 367 294 272 348 311 411 310 282 349 329 304 359 301 373 262 
740 334 307 395 390 384 366 394 319 338 422 371 307 346 361 368 401 367 343 435 276 321 365 323 395 394 343 372 319 369 377 318 
924 564 652 527 715 591 631 533 562 687 572 637 580 456 591 658 675 537 657 566 579 750 636 490 541 614 574 614 515 622 700 479 
595 347 302 339 299 366 259 381 393 403 348 336 354 401 350 371 334 371 352 296 330 352 323 303 323 312 357 350 306 292 401 352 
552 281 241 295 279 308 261 283 303 318 278 294 253 325 238 315 256 271 260 282 337 269 296 259 270 248 349 331 414 329 252 311 
660 378 411 329 358 473 364 348 349 450 464 347 392 352 468 366 388 364 418 453 346 356 307 408 390 427 380 383 376 353 405 350 
773 477 462 482 380 466 494 510 486 300 418 453 371 361 457 346 350 527 467 455 468 421 501 337 447 443 486 435 487 504 437 524 
468 320 385 299 280 317 246 329 275 354 341 350 308 308 281 335 307 239 379 352 306 350 287 306 290 280 313 287 357 355 415 232 
