28 0 4 4 0 0 12 0 0 4 0 4 0 0 0 0 0 4 0 0 0 0 0 0 0 0 0 0 4 0 0 0 
152 20 12 32 88 16 20 52 64 48 128 24 252 48 100 136 108 12 96 252 116 112 500 172 40 12 4 4 40 20 208 0 
236 4 88 80 28 8 20 12 80 16 0 8 0 0 4 68 4 4 152 36 220 20 372 32 20 8 8 8 0 28 0 0 
236 4 88 80 28 8 20 12 80 16 0 8 0 0 4 68 4 4 152 36 220 20 372 32 20 8 8 8 0 28 0 0 
236 4 88 80 28 8 20 12 80 16 0 8 0 0 4 68 4 4 152 36 220 20 372 32 20 8 8 8 0 28 0 0 
273 4 254 85 37 8 58 14 80 16 0 10 4 0 5 97 43 6 154 39 238 22 377 39 21 28 8 9 1 29 0 0 
351 121 180 201 374 419 168 125 218 225 170 130 255 555 581 744 297 957 690 1203 1215 1491 578 1005 429 105 91 137 94 153 21 0 
152 16 8 16 48 28 12 8 12 4 44 192 16 160 80 28 4 8 208 60 112 192 208 188 48 0 0 12 12 4 0 0 
110 7 2 64 12 10 3 5 9 1 11 51 4 40 20 7 1 2 100 18 40 81 58 53 12 0 0 15 39 1 0 0 
96 4 0 80 0 4 0 4 8 0 0 4 0 0 0 0 0 0 64 4 16 44 8 8 0 0 0 16 48 0 0 0 
96 4 0 80 0 4 0 4 8 0 0 4 0 0 0 0 0 0 64 4 16 44 8 8 0 0 0 16 48 0 0 0 
1125 66 115 110 118 112 82 157 313 100 113 143 116 673 500 527 200 160 1402 706 869 968 2863 816 131 136 31 97 97 59 25 0 
1030 41 42 52 60 28 19 31 257 29 91 155 32 184 328 127 41 46 898 408 448 511 1582 401 44 40 12 35 69 37 4 0 
994 40 43 31 67 24 19 42 261 525 391 112 29 148 312 173 50 64 850 399 434 462 1569 359 50 64 12 63 60 50 34 0 
968 36 40 28 48 20 16 28 256 28 80 108 28 144 308 120 40 44 840 392 420 456 1532 356 32 40 12 28 56 36 4 0 
1741 625 460 447 952 1645 474 663 921 893 565 563 565 1335 1726 1896 1506 3037 4846 3887 4129 5030 7960 4283 1334 612 189 806 807 467 340 0 
989 242 231 476 466 1187 553 390 536 561 384 849 753 2356 3225 775 690 2462 1596 2777 1743 1806 3489 2429 893 1073 555 1062 524 888 137 0 
236 200 50 89 313 128 105 45 808 67 56 315 101 833 335 152 210 123 250 309 287 366 2557 346 153 34 59 448 259 131 25 0 
80 28 28 12 60 12 4 32 20 16 24 108 36 12 48 68 64 16 92 184 180 144 1356 108 32 16 20 0 192 4 8 0 
100 32 36 25 70 27 13 36 26 22 28 114 48 32 78 89 91 70 152 245 297 279 1429 285 74 26 23 11 200 8 11 0 
2322 1316 1256 1699 2137 4363 1448 1369 1879 1915 1810 869 1451 4373 4115 5233 2864 2952 5579 8839 10427 12888 7349 11255 4047 988 606 1865 2064 858 463 0 
1955 1147 1323 1851 1999 4396 1453 1444 1483 1954 1757 907 1152 3000 3286 5192 2932 2954 5607 9410 9616 12481 8012 10900 3573 939 724 3481 1397 791 720 0 
32 8 24 8 8 20 0 8 4 16 4 4 4 12 268 12 16 8 4 88 8 28 564 32 12 0 16 104 0 16 8 0 
520 56 56 148 148 60 96 124 284 148 80 72 24 16 124 204 432 44 384 636 924 420 1744 264 156 116 24 156 364 288 568 0 
520 56 56 148 148 60 96 124 284 148 80 72 24 16 124 204 432 44 384 636 924 420 1744 264 156 116 24 156 364 288 568 0 
520 56 56 148 148 60 96 124 284 148 80 72 24 16 124 204 432 44 384 636 924 420 1744 264 156 116 24 156 364 288 568 0 
1545 686 785 1205 1309 2924 1051 1097 1041 1438 1142 547 636 1295 2143 3937 2561 2260 4493 7228 6575 7435 7740 7084 2763 717 375 1311 1936 677 803 0 
241 70 38 31 25 38 21 103 28 505 62 126 14 64 40 43 36 33 68 66 39 100 308 60 31 33 4 485 308 539 80 0 
232 64 33 37 30 85 13 110 28 366 55 127 22 219 52 9 14 24 36 23 26 48 119 44 15 27 8 359 388 472 126 0 
294 138 88 75 147 1252 374 70 113 83 67 130 93 257 212 250 155 447 234 310 454 496 1753 1417 298 55 16 248 154 373 110 0 
136 8 24 12 8 104 8 0 0 0 0 16 4 4 8 40 20 8 12 16 44 20 232 128 84 0 0 60 4 0 0 0 
136 8 24 12 8 104 8 0 0 0 0 16 4 4 8 40 20 8 12 16 44 20 232 128 84 0 0 60 4 0 0 0 
136 8 24 12 8 104 8 0 0 0 0 16 4 4 8 40 20 8 12 16 44 20 232 128 84 0 0 60 4 0 0 0 
136 8 24 12 8 104 8 0 0 0 0 16 4 4 8 40 20 8 12 16 44 20 232 128 84 0 0 60 4 0 0 0 
150 10 89 35 26 107 19 12 1 3 0 36 6 17 20 55 36 10 40 30 85 33 340 153 89 1 11 63 9 2 3 0 
136 8 24 12 8 104 8 0 0 0 0 16 4 4 8 40 20 8 12 16 44 20 232 128 84 0 0 60 4 0 0 0 
136 8 24 12 8 104 8 0 0 0 0 16 4 4 8 40 20 8 12 16 44 20 232 128 84 0 0 60 4 0 0 0 
99 42 25 25 23 60 12 32 26 53 13 15 8 35 24 62 79 37 169 95 129 86 909 274 87 32 3 39 23 6 127 0 
0 48 12 4 28 16 8 44 48 96 8 8 4 28 28 40 60 32 260 152 148 80 1096 356 76 52 0 4 24 8 248 0 
0 48 12 4 28 16 8 44 48 96 8 8 4 28 28 40 60 32 260 152 148 80 1096 356 76 52 0 4 24 8 248 0 
0 48 12 4 28 16 8 44 48 96 8 8 4 28 28 40 60 32 260 152 148 80 1096 356 76 52 0 4 24 8 248 0 
0 48 12 4 28 16 8 44 48 96 8 8 4 28 28 40 60 32 260 152 148 80 1096 356 76 52 0 4 24 8 248 0 
0 48 12 4 28 16 8 44 48 96 8 8 4 28 28 40 60 32 260 152 148 80 1096 356 76 52 0 4 24 8 248 0 
54 37 45 10 46 24 30 52 119 152 54 52 12 43 48 50 76 60 266 222 163 121 1194 420 110 67 6 12 50 17 257 0 
0 48 12 4 28 16 8 44 48 96 8 8 4 28 28 40 60 32 260 152 148 80 1096 356 76 52 0 4 24 8 248 0 
0 48 12 4 28 16 8 44 48 96 8 8 4 28 28 40 60 32 260 152 148 80 1096 356 76 52 0 4 24 8 248 0 
0 48 12 4 28 16 8 44 48 96 8 8 4 28 28 40 60 32 260 152 148 80 1096 356 76 52 0 4 24 8 248 0 
0 48 12 4 28 16 8 44 48 96 8 8 4 28 28 40 60 32 260 152 148 80 1096 356 76 52 0 4 24 8 248 0 
349 188 142 181 266 419 246 250 306 206 528 163 209 734 585 669 645 2096 887 1184 968 1267 4812 1273 431 202 119 222 158 260 507 0 
0 48 12 4 28 16 8 44 48 96 8 8 4 28 28 40 60 32 260 152 148 80 1096 356 76 52 0 4 24 8 248 0 
0 48 12 4 28 16 8 44 48 96 8 8 4 28 28 40 60 32 260 152 148 80 1096 356 76 52 0 4 24 8 248 0 
79 74 36 66 57 51 37 86 64 162 71 18 11 42 74 123 131 46 338 266 386 131 1563 419 113 84 20 26 56 35 740 0 
107 92 36 6 38 24 20 86 59 161 343 16 16 35 36 49 62 38 265 165 160 83 1115 393 102 69 6 19 95 72 284 0 
3797 1978 1804 2714 3408 9484 2783 2866 2601 2815 2399 1648 2115 4547 6854 9576 5721 10193 11688 16544 17703 20339 25689 23097 7911 1980 759 2705 3942 1728 1035 0 
47 7 3 7 14 6 10 4 4 10 4 2 2 4 24 22 4 2 72 33 12 35 268 111 19 16 3 5 22 6 0 0 
1390 224 163 583 459 566 553 273 583 359 281 119 312 591 1025 1551 649 383 1545 1048 1741 1496 3420 1752 955 309 97 317 418 150 72 0 
2324 188 104 640 472 152 712 328 440 204 348 60 88 128 596 1056 632 224 1364 728 1048 1304 4428 1596 704 428 108 128 424 120 60 0 
2324 188 104 640 472 152 712 328 440 204 348 60 88 128 596 1056 632 224 1364 728 1048 1304 4428 1596 704 428 108 128 424 120 60 0 
2324 188 104 640 472 152 712 328 440 204 348 60 88 128 596 1056 632 224 1364 728 1048 1304 4428 1596 704 428 108 128 424 120 60 0 
2324 188 104 640 472 152 712 328 440 204 348 60 88 128 596 1056 632 224 1364 728 1048 1304 4428 1596 704 428 108 128 424 120 60 0 
2449 238 165 847 708 478 806 372 513 809 469 108 128 282 810 1665 746 291 1946 1070 1694 1777 5437 2177 938 480 134 196 561 172 82 0 
2324 188 104 640 472 152 712 328 440 204 348 60 88 128 596 1056 632 224 1364 728 1048 1304 4428 1596 704 428 108 128 424 120 60 0 
2568 204 180 740 544 173 833 552 455 228 422 71 106 173 663 1209 814 254 1595 896 1198 1465 4919 1687 765 470 172 224 852 209 92 0 
3635 769 861 2081 1898 2958 1666 974 1478 1320 1268 647 1146 2217 3275 4931 3155 3087 5132 6279 6072 7088 12768 7619 3131 1096 433 2552 1438 812 469 0 
4087 1143 1062 2221 2343 3355 2237 1696 2008 2420 2118 1369 1629 5846 5075 5212 4705 11060 6595 8151 8630 10070 22949 10885 5126 3257 2674 3190 1944 2570 583 0 
3267 2070 1011 1464 1846 2805 1493 1251 3959 1628 1297 1632 996 2925 2754 4240 2772 1704 4611 6735 6775 7567 14799 7978 4001 1639 772 1496 2098 651 444 0 
4259 1914 1585 2730 2652 4900 3707 2772 2229 2993 2524 1372 1620 3796 5352 8661 4831 4475 9405 12575 12839 13315 20990 15124 6900 1525 1077 2410 2713 1298 698 0 
606 64 136 173 204 84 148 260 76 77 56 48 24 52 214 522 360 132 660 660 552 633 2297 332 320 152 156 673 328 60 32 0 
643 66 142 174 204 77 155 260 79 76 56 52 24 54 216 521 360 134 661 661 554 633 2306 352 316 152 156 672 328 60 33 0 
1267 306 617 645 768 414 373 590 258 495 295 164 198 273 928 1689 989 703 1882 2241 1693 2193 6440 1683 965 314 248 1474 1382 208 227 0 
2008 255 255 451 687 640 295 269 264 870 389 174 243 695 823 1408 823 358 2159 2816 2208 3088 6429 3037 1595 362 71 443 1094 160 277 0 
2236 389 360 552 927 1030 474 413 375 1145 633 258 338 1044 1068 2140 1031 763 2917 3502 3182 4109 7903 4209 2293 466 128 430 1176 294 304 0 
2105 403 362 506 719 956 457 341 385 835 520 229 320 847 1005 1651 1144 807 2667 3451 2658 3583 8225 3402 1702 531 196 338 1200 342 276 0 
2259 387 409 692 903 905 538 473 606 917 572 284 347 1038 1239 2222 1221 527 2943 4006 3119 4135 10173 4281 2210 501 174 559 1371 335 291 0 
4183 1812 1372 2765 3347 5776 1925 1816 2160 3716 2750 1455 1726 3961 5217 8842 5450 4216 9944 14559 15392 19482 22355 18530 6638 2246 1183 3129 4493 1963 1158 0 
2352 1114 1224 1740 2210 4661 1450 1301 1865 2118 1801 997 892 3047 3129 4806 2846 1710 6225 9355 9209 10627 9838 11049 5695 968 661 2877 1980 782 658 0 
0 0 0 0 0 0 0 0 0 0 0 0 0 0 0 0 0 0 0 0 0 0 0 0 0 0 0 0 0 0 0 0 
156 69 3 6 27 12 48 3 0 6 6 0 12 3 15 75 12 18 15 48 99 57 732 27 6 3 3 3 0 9 48 0 
208 92 4 8 36 16 64 4 0 8 8 0 16 4 20 100 16 24 20 64 132 76 976 36 8 4 4 4 0 12 64 0 
208 92 4 8 36 16 64 4 0 8 8 0 16 4 20 100 16 24 20 64 132 76 976 36 8 4 4 4 0 12 64 0 
404 132 67 152 138 46 478 197 101 40 87 22 44 57 119 233 90 35 330 258 363 257 1662 159 143 44 32 17 54 21 84 0 
228 96 7 10 39 19 93 10 2 23 10 9 17 26 31 112 16 27 32 68 148 80 991 40 33 10 17 20 213 81 128 0 
208 92 4 8 36 16 64 4 0 8 8 0 16 4 20 100 16 24 20 64 132 76 976 36 8 4 4 4 0 12 64 0 
0 0 0 4 4 0 16 0 4 0 4 0 0 0 0 0 0 0 0 0 0 0 0 0 48 0 0 0 0 0 0 0 
69 5 13 53 50 3 739 14 32 6 86 21 4 9 6 11 13 9 10 10 39 27 164 10 403 9 9 18 4 4 10 0 
26 4 1 4 4 9 154 7 0 2 8 1 1 1 4 7 4 0 4 7 21 1 57 19 36 2 3 1 1 2 0 0 
44 16 4 4 16 36 400 4 0 8 8 4 4 4 16 28 16 0 16 28 84 4 228 76 36 8 0 4 4 8 0 0 
44 16 4 4 16 36 400 4 0 8 8 4 4 4 16 28 16 0 16 28 84 4 228 76 36 8 0 4 4 8 0 0 
23 9 38 2 7 17 106 4 2 18 13 10 34 73 33 165 26 19 10 48 55 60 166 26 19 8 66 29 41 50 13 0 
56 6 2 4 34 4 202 38 8 16 16 4 6 16 12 6 8 0 10 8 26 30 100 0 186 2 4 10 0 0 2 0 
123 10 8 10 42 4 594 46 8 24 85 10 6 16 12 10 23 8 14 14 28 36 116 0 322 3 12 12 4 0 7 0 
96 23 21 112 50 40 1111 57 17 29 116 34 12 16 33 20 29 26 43 13 102 20 120 9 120 12 9 14 17 25 10 0 
182 13 27 19 117 20 1974 13 69 24 215 20 25 13 19 20 59 23 9 14 17 7 171 13 141 73 68 35 5 38 12 0 
102 19 23 21 184 61 1584 34 10 14 49 38 3 13 17 21 35 15 12 11 94 16 165 48 77 37 26 11 6 18 6 0 
1 0 0 0 0 0 1 0 0 4 4 0 1 0 0 0 0 0 0 2 0 0 2 2 0 2 2 0 0 0 0 0 
104 13 11 16 2 8 20 16 2 43 32 10 8 24 10 157 13 2 9 25 26 9 39 12 12 8 8 11 7 3 0 0 
356 20 8 4 4 4 72 20 0 144 72 8 0 8 0 4 12 0 12 8 44 12 32 12 40 4 8 4 12 4 0 0 
356 20 8 4 4 4 72 20 0 144 72 8 0 8 0 4 12 0 12 8 44 12 32 12 40 4 8 4 12 4 0 0 
356 20 8 4 4 4 72 20 0 144 72 8 0 8 0 4 12 0 12 8 44 12 32 12 40 4 8 4 12 4 0 0 
278 17 8 6 10 6 55 16 5 187 205 6 0 6 3 6 17 4 15 22 37 19 65 12 33 10 12 19 10 6 4 0 
34 18 6 42 18 85 16 16 16 604 399 34 5 69 42 16 45 28 6 15 24 36 170 20 17 141 14 49 73 293 75 0 
16 6 0 52 5 124 12 3 0 853 119 4 1 8 8 1 15 8 5 11 4 5 89 27 14 65 6 12 8 141 24 0 
38 9 0 53 13 127 13 1 0 896 282 5 2 24 17 4 18 21 3 17 12 9 85 14 13 224 10 57 10 179 30 0 
0 4 0 52 4 124 12 0 0 852 116 4 0 8 8 0 12 4 0 8 4 4 52 12 12 64 4 12 8 140 16 0 
230 77 134 106 83 409 85 77 79 621 474 90 112 325 273 149 149 528 231 315 379 563 410 588 152 343 89 322 629 393 91 0 
152 20 0 4 36 12 4 4 0 180 668 4 8 64 36 16 24 68 12 36 32 20 132 8 4 640 24 180 8 156 56 0 
152 20 0 4 36 12 4 4 0 180 668 4 8 64 36 16 24 68 12 36 32 20 132 8 4 640 24 180 8 156 56 0 
80 10 0 2 18 6 2 4 0 90 334 22 4 32 18 8 12 34 6 18 16 10 66 6 2 320 12 90 4 78 30 0 
256 7 4 7 24 14 73 0 0 486 218 1 4 0 85 24 14 0 138 36 11 13 177 26 3 24 17 108 0 141 22 0 
256 4 4 4 24 12 12 0 0 400 204 0 4 0 84 24 12 0 132 32 8 12 164 24 0 20 16 104 0 136 12 0 
265 7 4 17 27 44 16 0 0 686 321 1 4 3 88 27 15 1 132 37 11 13 177 31 2 35 17 118 2 155 22 0 
256 4 4 4 24 12 12 0 0 400 204 0 4 0 84 24 12 0 132 32 8 12 164 24 0 20 16 104 0 136 12 0 
256 4 4 4 24 12 12 0 0 400 204 0 4 0 84 24 12 0 132 32 8 12 164 24 0 20 16 104 0 136 12 0 
256 4 4 4 24 12 12 0 0 400 204 0 4 0 84 24 12 0 132 32 8 12 164 24 0 20 16 104 0 136 12 0 
422 196 106 137 147 63 58 49 58 498 270 28 101 285 255 426 385 48 675 479 344 205 1236 487 109 98 37 150 49 198 43 0 
264 169 153 227 278 1192 232 551 240 956 411 172 298 1192 584 724 717 438 924 1569 1793 2284 1343 1998 656 252 94 277 211 235 143 0 
387 116 170 70 84 124 24 25 87 1799 1515 44 62 213 96 89 48 51 32 298 102 51 306 74 43 184 39 273 150 555 132 0 
242 11 13 29 5 38 16 47 2 300 194 3 4 10 5 43 9 5 2 47 5 4 34 12 9 71 20 28 9 64 48 0 
215 9 3 26 2 34 16 47 2 254 126 2 0 5 1 4 8 2 0 34 2 6 20 8 4 16 4 11 4 44 35 0 
172 5 2 26 2 33 11 46 1 239 87 2 0 4 1 1 7 2 0 27 2 3 16 7 3 14 2 6 3 37 31 0 
0 1 0 0 4 0 0 0 0 25 12 0 0 0 5 0 0 0 0 2 0 0 3 3 0 3 0 5 0 1 3 0 
0 4 0 0 4 0 0 1 1 65 10 1 0 0 0 0 0 0 1 2 1 1 3 4 0 1 0 0 0 5 1 0 
103 39 51 40 33 40 9 10 29 486 455 13 19 75 35 11 10 9 7 96 28 17 101 21 13 47 12 85 59 444 34 0 
294 92 4 52 36 0 8 10 16 624 380 16 64 48 8 20 20 4 12 44 124 8 184 32 12 28 0 32 4 24 52 0 
292 92 4 52 36 0 8 12 16 624 380 16 64 48 8 20 20 4 12 44 124 8 184 32 12 28 0 32 4 24 52 0 
292 92 4 52 36 0 8 12 16 624 380 16 64 48 8 20 20 4 12 44 124 8 184 32 12 28 0 32 4 24 52 0 
292 92 4 52 36 0 8 12 16 624 380 16 64 48 8 20 20 4 12 44 124 8 184 32 12 28 0 32 4 24 52 0 
292 92 4 52 36 0 8 12 16 624 380 16 64 48 8 20 20 4 12 44 124 8 184 32 12 28 0 32 4 24 52 0 
292 92 4 52 36 0 8 12 16 624 380 16 64 48 8 20 20 4 12 44 124 8 184 32 12 28 0 32 4 24 52 0 
468 291 54 161 402 211 197 118 226 939 1508 176 137 160 247 400 271 117 211 875 959 656 1466 565 174 166 28 212 79 364 89 0 
325 29 6 48 14 9 22 7 16 430 302 20 19 15 16 36 8 2 14 42 44 13 174 19 15 26 2 17 32 43 45 0 
20 16 2 10 4 6 4 4 14 2 0 2 4 0 324 12 16 2 14 26 18 18 82 12 26 0 0 2 2 2 4 0 
65 32 44 54 46 29 55 21 39 50 13 5 28 44 255 37 18 26 48 139 62 49 227 50 47 26 1 14 15 25 4 0 
96 0 4 24 0 40 40 0 8 64 0 0 4 0 0 8 4 0 0 4 0 8 24 12 0 0 0 0 12 0 0 0 
96 0 4 24 0 40 40 0 8 64 0 0 4 0 0 8 4 0 0 4 0 8 24 12 0 0 0 0 12 0 0 0 
96 0 4 24 0 40 40 0 8 64 0 0 4 0 0 8 4 0 0 4 0 8 24 12 0 0 0 0 12 0 0 0 
334 33 62 155 62 346 82 8 102 56 4 27 26 34 277 147 48 16 57 230 59 105 216 157 44 31 3 144 28 5 14 0 
532 28 112 260 92 604 88 8 160 36 8 52 36 36 52 236 52 16 96 44 16 120 304 96 20 48 4 280 36 0 24 0 
675 86 145 317 154 893 238 40 357 79 40 99 86 128 171 528 152 82 246 283 213 378 1288 2321 220 68 20 315 160 63 39 0 
557 39 131 268 112 619 109 17 174 47 8 53 53 171 84 245 77 31 176 62 20 135 402 110 61 55 6 293 39 7 24 0 
532 28 112 260 92 604 88 8 160 36 8 52 36 36 52 236 52 16 96 44 16 120 304 96 20 48 4 280 36 0 24 0 
556 28 113 264 92 612 98 8 160 50 8 52 37 36 52 236 53 16 96 45 16 122 310 99 20 48 4 280 39 0 24 0 
544 28 112 248 92 604 88 8 160 36 8 52 36 36 52 236 52 16 96 44 16 120 304 96 20 48 4 280 36 0 24 0 
992 365 419 675 1064 1892 740 462 526 612 344 601 635 1103 1361 2178 1017 1147 1372 2011 1773 2503 6358 3410 955 922 502 838 535 787 328 0 
1085 312 370 513 572 3263 1246 301 412 449 719 376 430 838 1028 1199 570 503 1666 2044 2075 2500 7388 5462 812 196 189 654 416 343 142 0 
720 16 8 4 0 92 8 40 0 168 464 16 32 72 44 4 4 4 16 28 4 0 8 100 0 12 40 152 4 28 24 0 
728 16 8 4 0 92 8 44 2 168 464 16 38 89 48 4 5 5 16 28 5 1 10 100 9 12 40 152 17 28 24 0 
724 88 62 79 256 274 125 152 214 196 621 126 740 2632 1300 85 106 125 184 237 158 167 850 323 133 151 165 391 125 311 53 0 
9 1 1 0 1 1 0 0 1 10 13 23 4 5 2 1 0 8 0 21 3 2 10 14 2 33 35 21 1 6 0 0 
158 51 53 83 121 80 23 70 18 386 110 105 44 38 258 86 75 106 235 76 65 51 243 34 48 65 15 920 128 110 286 0 
221 82 96 97 232 149 33 68 40 90 76 258 59 38 102 92 137 190 447 102 37 45 263 16 46 86 85 541 306 135 551 0 
290 84 148 150 226 142 47 60 55 225 88 359 64 42 97 95 136 209 362 99 47 49 282 30 60 118 234 674 479 147 525 0 
79 8 17 9 57 73 3 17 38 22 21 171 7 47 17 35 36 57 36 26 27 72 163 26 22 67 219 381 90 14 119 0 
534 222 248 357 374 352 245 172 267 568 193 290 168 514 505 841 483 291 738 1030 945 822 2595 917 302 180 127 1484 627 251 678 0 
266 62 109 128 172 65 48 30 54 272 70 135 51 45 49 41 66 91 136 94 36 24 194 35 57 69 49 585 510 92 337 0 
69 22 30 18 73 10 16 5 5 35 15 66 10 21 16 17 18 32 52 30 21 10 86 10 35 6 3 144 160 19 130 0 
3 1 0 0 11 0 0 0 0 20 78 0 0 3 0 1 0 1 5 2 2 0 11 4 7 5 0 1 0 0 1 0 
36 3 0 0 0 0 0 0 3 32 42 0 3 4 0 0 3 0 1 0 0 0 3 1 2 13 0 0 3 3 21 0 
12 1 0 0 1 0 0 2 3 41 11 2 1 1 0 0 1 0 2 5 2 2 8 0 0 7 0 0 1 3 10 0 
37 21 22 23 27 26 8 24 21 118 17 10 58 25 65 58 118 694 93 135 135 243 467 114 77 16 8 23 60 16 7 0 
487 471 426 460 375 1396 342 360 323 711 637 294 475 2335 1658 1270 2989 13929 1489 1544 2446 3613 9900 2490 1023 545 342 1032 627 582 142 0 
513 291 293 194 210 695 267 199 428 611 478 282 394 3635 1274 704 755 4126 910 1048 1671 1733 3214 1647 2004 295 149 431 363 579 101 0 
588 106 92 21 53 172 32 65 53 491 1039 52 92 294 257 54 55 132 24 126 60 48 463 77 112 712 83 224 104 647 122 0 
505 72 51 18 46 70 34 59 42 436 977 53 96 283 238 51 53 125 13 93 48 38 390 59 124 831 69 194 49 672 116 0 
33 7 23 2 2 2 2 4 6 40 124 1 4 15 2 3 6 1 5 5 12 2 19 7 0 20 1 9 5 19 34 0 
64 4 0 0 0 0 0 4 0 56 12 0 0 0 0 0 4 0 0 0 0 0 12 0 0 4 0 4 16 36 104 0 
118 4 51 32 6 12 0 34 0 321 61 0 2 0 2 9 5 3 2 4 1 1 18 6 2 7 1 9 8 25 64 0 
20 2 48 4 5 10 1 0 0 30 34 0 0 1 6 1 0 0 22 9 0 2 16 5 2 8 1 7 0 6 21 0 
0 8 0 8 14 0 4 0 0 110 165 0 0 4 13 6 4 0 90 25 0 8 62 17 0 35 4 7 4 51 74 0 
18 2 0 2 6 3 1 0 0 49 25 0 0 1 3 1 0 0 25 9 0 2 19 4 0 10 1 0 0 8 27 0 
150 7 0 1 5 4 1 2 0 68 471 1 1 2 0 1 5 2 8 5 10 0 12 3 0 7 1 1 2 10 22 0 
22 4 0 1 0 1 1 3 1 105 117 1 0 0 0 0 2 0 0 3 1 0 11 2 3 5 1 4 10 6 23 0 
0 1 0 24 2 1 1 0 1 65 60 0 0 0 0 0 0 0 1 2 2 1 5 3 0 7 0 1 1 2 5 0 
471 60 39 33 124 16 15 27 12 59 159 45 9 19 43 147 39 39 946 153 277 184 9 161 186 50 18 27 6 13 12 0 
532 248 424 172 212 1136 244 132 256 176 416 264 376 1016 864 428 504 2004 704 1064 1424 2112 692 2068 440 324 224 756 256 340 40 0 
112 0 0 0 4 4 0 0 0 176 72 0 8 8 8 16 16 4 0 4 8 8 80 4 0 0 4 12 4 8 56 0 
112 0 0 0 4 4 0 0 0 176 72 0 8 8 8 16 16 4 0 4 8 8 80 4 0 0 4 12 4 8 56 0 
383 247 185 419 327 896 455 229 246 480 301 190 234 565 1041 1752 1041 297 1144 1763 2133 1578 2837 2284 526 145 158 379 563 149 372 0 
238 46 35 23 136 112 29 36 82 295 1084 49 25 182 152 79 79 100 32 128 108 78 448 46 39 523 32 172 59 399 232 0 
118 20 8 6 30 22 0 8 6 192 348 16 8 16 10 24 14 10 8 16 38 10 80 12 38 36 10 46 6 44 76 0 
0 4 0 0 0 0 0 4 0 44 44 8 0 0 0 20 8 0 0 8 4 4 72 4 0 4 4 0 0 4 8 0 
0 4 0 39 3 0 6 1 0 80 23 5 0 0 0 5 14 3 0 8 1 1 24 1 0 4 4 0 0 31 80 0 
41 7 1 15 11 5 23 0 1 768 72 13 4 4 1 0 8 12 2 19 13 1 23 14 6 21 4 11 18 45 48 0 
176 103 36 51 85 495 117 32 105 631 211 76 115 445 278 133 57 92 162 261 300 379 104 992 153 134 27 82 59 195 45 0 
567 384 132 196 292 1936 392 128 384 528 372 268 444 1752 1108 524 212 332 640 980 1156 1492 332 3925 584 468 96 292 176 652 108 0 
564 384 132 196 292 1936 392 128 384 528 372 268 444 1752 1108 524 212 332 640 980 1156 1492 332 3928 584 468 96 292 176 652 108 0 
44 2 2 0 2 8 0 2 2 50 38 0 0 26 18 2 0 2 2 2 0 0 24 6 2 12 4 8 4 6 6 0 
58 9 2 2 6 18 3 9 10 63 104 12 52 151 161 19 9 11 9 14 10 12 79 12 28 13 6 15 8 10 10 0 
417 132 161 118 220 362 258 202 170 325 300 368 110 567 570 574 207 127 727 934 1623 825 3645 933 565 116 147 187 136 248 63 0 
209 20 36 42 160 52 40 33 30 87 55 136 24 307 107 49 33 35 185 458 207 114 1098 121 66 49 7 11 67 27 42 0 
248 24 40 32 204 24 52 20 36 116 72 64 32 384 128 60 44 44 244 604 272 152 1448 144 84 52 8 12 84 16 56 0 
501 78 385 1011 311 153 190 153 287 110 116 244 77 315 217 178 156 77 360 541 245 212 1512 154 108 76 74 148 84 142 49 0 
751 181 759 2372 463 753 434 302 766 406 270 554 1038 7956 3517 426 1533 644 242 258 259 413 1769 406 232 366 274 521 239 1109 80 0 
383 56 248 1015 240 799 250 325 479 137 79 324 59 174 98 115 23 59 92 59 109 181 312 75 103 89 70 462 223 649 51 0 
453 217 192 182 376 2496 340 166 586 331 235 264 282 839 750 698 329 445 732 1033 1429 1394 2785 1962 842 119 75 212 173 306 135 0 
3142 1291 1133 2188 1799 5285 1787 1497 1841 1979 1906 1242 1451 4784 4074 5987 3310 5334 6691 10657 11592 12538 15353 12872 5100 968 547 1708 1525 1217 706 0 
7793 2599 2838 4019 4293 9952 4146 4447 4314 4285 4170 3358 3584 9562 9395 13133 7461 10020 15048 21458 23943 26533 38109 28201 11414 2521 2233 4076 4144 2648 1283 0 
5894 828 941 1445 1176 5525 1547 1458 1292 1033 1658 1519 1332 4520 2884 4574 2361 3044 4234 6853 7956 7498 28894 10163 4838 901 326 1044 1445 1232 538 0 
5444 584 636 1212 896 2020 988 1280 940 780 1188 1156 1104 3660 2180 3788 1712 2016 3348 5904 6736 5764 17520 6876 2272 656 212 704 1064 872 444 0 
5512 625 658 1243 992 2134 1033 1316 976 838 1252 1183 1150 3887 2417 3907 1836 2403 3555 6128 7076 6158 17970 7292 2374 683 218 751 1122 949 463 0 
5726 636 724 1284 1000 2054 1042 1382 966 830 1282 1276 1220 3684 2284 3884 1860 2130 3580 6144 6970 5966 18760 7048 2322 670 224 724 1098 886 472 0 
5477 620 642 1227 908 2023 993 1297 961 785 1204 1160 1106 3664 2224 3817 1749 2023 3414 5940 6775 5801 17916 6899 2285 660 215 709 1069 882 447 0 
5566 638 694 1321 1009 2271 1080 1374 1063 995 1352 1240 1239 3904 2381 4086 1883 2090 3702 6665 7276 6371 19449 7648 2481 726 246 803 1228 986 496 0 
6340 1091 1276 2171 1747 4345 1811 1980 1472 1615 1984 1702 1708 5034 3991 6582 3295 5763 6299 9967 11464 11269 23100 11724 3991 1191 452 2221 1892 1352 671 0 
2190 426 591 983 843 1098 950 1282 510 841 792 669 607 1523 1331 2361 1509 1298 2520 4055 3847 3388 10019 4067 1810 493 214 636 668 507 444 0 
1565 726 867 1162 1277 2152 912 1169 923 900 848 858 614 1761 1820 2909 1815 1521 3201 4495 5555 5721 8057 5559 3036 471 306 741 933 524 308 0 
564 104 176 144 216 76 108 220 52 100 188 264 232 48 224 224 304 228 488 504 492 412 2608 368 108 28 24 40 76 28 56 0 
323 63 96 99 125 73 95 126 62 87 121 137 148 96 160 172 180 144 325 308 375 356 1768 423 86 42 20 33 53 76 47 0 
17 0 0 20 1 2 0 1 0 30 14 0 3 15 14 4 3 0 5 5 0 0 26 7 0 23 4 4 3 4 9 0 
10 0 0 24 2 0 0 0 0 34 12 0 0 0 0 0 0 0 0 0 0 0 2 2 0 0 8 0 2 4 4 0 
0 5 2 2 2 0 1 0 1 92 72 1 0 0 2 2 4 0 8 10 6 0 12 4 4 16 3 19 0 15 39 0 
0 3 0 2 0 0 0 0 0 183 191 4 0 0 25 3 8 0 0 5 6 0 4 8 0 10 0 13 0 11 28 0 
0 4 0 4 0 0 0 0 0 296 376 8 0 0 48 4 16 0 0 8 12 0 8 12 0 16 0 24 0 20 52 0 
0 4 0 4 0 0 0 0 0 296 376 8 0 0 48 4 16 0 0 8 12 0 8 12 0 16 0 24 0 20 52 0 
24 5 6 7 11 6 6 5 6 176 219 5 2 6 46 24 15 2 22 76 25 30 185 54 7 17 10 17 6 17 31 0 
114 2 1 3 2 1 122 2 2 45 63 1 0 1 3 1 5 1 17 9 0 2 29 13 6 6 1 13 5 28 4 0 
152 4 4 0 16 8 0 0 0 240 112 0 0 0 4 4 4 0 0 16 4 4 12 0 0 16 8 132 4 108 32 0 
129 27 31 28 41 43 28 32 13 138 75 9 23 14 63 85 91 30 101 133 95 135 175 84 298 21 14 318 405 107 47 0 
28 4 0 0 4 0 0 0 0 8 4 0 4 0 0 0 4 4 0 4 0 0 8 0 28 0 0 12 20 0 8 0 
126 50 111 26 46 33 18 38 11 108 594 10 12 29 47 92 45 19 74 116 145 113 720 98 61 37 3 110 33 44 79 0 
92 16 136 4 24 8 0 4 0 168 940 4 4 24 28 4 20 4 4 20 52 24 160 32 8 52 4 44 8 60 144 0 
92 16 136 4 24 8 0 4 0 168 940 4 4 24 28 4 20 4 4 20 52 24 160 32 8 52 4 44 8 60 144 0 
80 0 4 12 8 8 0 8 36 64 28 4 0 4 12 16 48 8 20 24 32 8 340 48 52 12 4 0 12 0 0 0 
60 0 3 9 6 6 0 6 27 49 22 3 0 3 9 12 37 6 15 19 24 6 255 36 39 9 3 0 9 0 0 0 
478 115 177 120 118 596 98 82 87 1266 818 91 120 309 268 163 177 537 264 354 424 571 671 584 193 364 109 500 106 688 178 0 
248 8 52 52 24 144 24 12 4 1028 508 4 0 12 20 24 24 16 16 48 44 20 304 36 48 84 32 252 12 304 120 0 
248 8 52 52 24 144 24 12 4 1030 510 4 0 12 20 24 24 16 16 49 44 20 305 37 48 85 33 252 12 304 120 0 
424 87 163 110 126 568 148 69 117 1237 629 87 104 461 336 159 176 584 235 519 404 597 667 581 176 200 214 662 119 540 161 0 
36 4 1 16 5 6 0 22 19 245 65 14 1 2 13 2 8 3 4 5 4 8 12 4 0 9 3 10 3 13 30 0 
0 0 0 5 133 0 61 0 0 106 37 1 1 12 16 4 7 1 13 11 0 1 67 12 3 22 0 10 6 5 14 0 
25 2 1 17 15 4 2 15 48 342 34 7 0 0 1 7 15 6 3 1 3 2 11 8 0 9 3 32 6 13 15 0 
0 10 24 52 13 14 6 16 10 588 336 17 0 2 21 24 40 6 30 44 23 22 221 17 45 26 10 31 14 37 89 0 
22 20 49 73 24 33 12 33 20 1030 645 32 0 4 36 48 76 13 56 82 36 37 420 32 76 69 21 60 43 73 167 0 
0 20 48 72 24 24 12 32 20 1024 644 32 0 4 36 48 76 12 56 80 36 36 420 32 76 40 20 56 28 72 164 0 
71 8 0 0 7 2 0 8 0 134 87 47 2 2 4 4 9 2 2 4 2 10 20 9 8 23 2 12 5 1 6 0 
90 11 0 0 10 4 1 15 34 189 121 66 4 5 7 6 12 7 5 7 5 8 29 7 12 33 3 12 6 1 6 0 
590 40 22 66 104 268 360 96 700 606 148 468 96 1152 538 188 190 150 122 230 392 440 416 408 98 252 168 876 108 466 72 0 
822 101 56 123 166 417 225 150 1310 651 665 633 585 1492 1452 308 323 341 183 312 472 492 850 515 196 752 245 891 167 866 128 0 
950 118 77 112 147 571 761 204 1689 656 134 778 742 1532 1501 248 303 265 142 299 365 325 937 459 311 211 1271 1750 526 1021 91 0 
905 230 394 406 252 751 530 543 1275 1420 107 956 314 1806 1015 681 1025 877 559 1163 889 924 2371 1005 575 135 118 315 380 153 101 0 
272 78 196 114 96 292 211 71 198 411 54 204 88 556 470 460 633 289 324 941 510 533 1343 567 289 44 35 100 162 47 41 0 
0 9 4 17 11 6 4 6 10 198 160 20 0 2 17 20 10 1 40 36 17 12 208 20 38 17 5 7 10 62 150 0 
11 112 2 0 2 22 1 2 0 39 31 5 0 0 8 1 4 0 2 8 2 13 20 22 3 17 3 2 3 7 15 0 
11 7 9 7 15 329 22 6 10 309 178 29 3 33 30 17 20 22 13 70 37 46 77 313 36 15 14 97 9 114 15 0 
27 10 5 28 7 4 17 3 17 119 86 5 15 2 4 5 7 0 1 8 3 2 14 8 24 27 2 13 1 26 19 0 
10 5 0 7 2 4 1 0 4 164 66 5 0 0 4 4 4 1 0 5 3 1 7 8 0 39 0 10 4 9 29 0 
66 8 60 6 30 41 31 22 24 73 238 16 11 26 28 32 15 25 18 53 8 48 244 27 14 46 5 26 15 34 31 0 
6 4 2 9 40 17 2 0 1 112 49 15 1 10 7 0 2 2 4 17 4 2 23 28 0 10 3 12 19 32 16 0 
26 3 7 5 17 10 20 8 5 91 165 5 0 12 5 9 10 6 25 34 17 21 423 35 8 29 6 25 38 34 28 0 
0 4 0 48 4 124 12 0 0 792 100 4 0 8 4 0 8 0 0 4 4 0 20 12 4 36 4 4 0 64 12 0 
