533 802 893 1146 1180 754 240 255 65 654 401 500 199 126 243 60 29 0 0 0 0 0 0 0 0 0 0 0 0 0 0 0 
186 616 432 222 515 122 113 62 106 501 165 279 214 132 82 1 290 11 0 0 0 0 0 0 0 0 0 0 0 0 0 0 
14 154 71 23 17 18 180 8 1 10 3 52 15 0 14 0 8 0 0 0 0 0 0 0 0 0 0 0 0 0 0 0 
571 996 1335 1042 882 847 612 243 232 507 582 391 259 130 127 0 0 27 0 0 0 0 0 0 0 0 0 0 0 0 0 0 
89 225 145 87 370 128 42 29 16 293 163 2 3 22 112 1 63 0 0 0 0 0 0 0 0 0 0 0 0 0 0 0 
607 1830 1293 1082 1192 967 575 363 131 1448 717 394 153 339 377 68 152 27 0 0 0 0 0 0 0 0 0 0 0 0 0 0 
357 2600 2014 1086 1685 741 161 132 102 751 59 25 48 98 56 0 0 0 0 0 0 0 0 0 0 0 0 0 0 0 0 0 
190 3180 2732 1340 1791 840 599 225 223 584 370 208 117 143 70 0 298 31 0 0 0 0 0 0 0 0 0 0 0 0 0 0 
89 64 74 36 105 12 8 37 12 13 92 18 145 2 1 0 12 21 0 0 0 0 0 0 0 0 0 0 0 0 0 0 
6615 24664 17590 10517 8839 6359 3259 1803 1312 1544 964 1124 390 85 75 36 41 6 0 0 0 0 0 0 0 0 0 0 0 0 0 0 
2874 8454 6465 3948 3978 2435 1366 678 368 2041 283 226 159 145 190 0 22 3 0 0 0 0 0 0 0 0 0 0 0 0 0 0 
12058 14118 12791 7848 8190 6535 4024 1605 1325 2185 560 901 188 94 582 163 32 23 0 0 0 0 0 0 0 0 0 0 0 0 0 0 
1081 3314 2503 1128 1459 727 385 177 188 948 34 120 16 3 9 1 41 33 0 0 0 0 0 0 0 0 0 0 0 0 0 0 
8161 12100 8965 5057 4250 2909 2043 1142 1201 1431 570 416 447 259 206 0 9 0 0 0 0 0 0 0 0 0 0 0 0 0 0 0 
5114 7365 7024 4220 4636 1623 1068 523 697 1654 168 91 52 199 68 0 44 0 0 0 0 0 0 0 0 0 0 0 0 0 0 0 
5319 5680 5050 3174 1989 1757 995 627 392 1533 1319 1270 318 164 85 0 4 76 0 0 0 0 0 0 0 0 0 0 0 0 0 0 
6290 8432 7368 4624 3617 2553 1684 1161 1075 1292 570 432 323 152 75 2 17 42 0 0 0 0 0 0 0 0 0 0 0 0 0 0 
14816 15435 13658 8272 5741 4722 2911 1845 2363 1742 1352 1282 1107 937 75 33 93 0 0 0 0 0 0 0 0 0 0 0 0 0 0 0 
5821 10132 6685 3695 3910 2700 1709 987 1253 1211 785 398 471 296 135 5 64 75 0 0 0 0 0 0 0 0 0 0 0 0 0 0 
3074 4888 4281 2845 2658 2116 1521 580 633 366 94 106 50 18 32 0 4 0 0 0 0 0 0 0 0 0 0 0 0 0 0 0 
1857 6696 3754 1779 1409 865 662 661 465 565 287 354 205 118 91 0 0 0 0 0 0 0 0 0 0 0 0 0 0 0 0 0 
8301 14399 10674 5682 4282 4137 2518 1484 1435 849 612 346 638 297 155 5 6 0 0 0 0 0 0 0 0 0 0 0 0 0 0 0 
2745 6375 3656 2150 1947 1266 1001 555 367 534 303 325 264 100 66 1 4 2 0 0 0 0 0 0 0 0 0 0 0 0 0 0 
2766 10627 8912 6485 4414 3592 1927 1194 923 682 756 460 214 88 22 11 44 3 0 0 0 0 0 0 0 0 0 0 0 0 0 0 
13812 13927 12871 7069 5823 3935 2410 1647 1515 2473 1591 822 172 103 72 0 0 0 0 0 0 0 0 0 0 0 0 0 0 0 0 0 
2833 5753 3572 1787 1634 1167 587 451 403 483 299 140 48 20 37 0 45 0 0 0 0 0 0 0 0 0 0 0 0 0 0 0 
5071 5751 4742 3822 1773 1802 1078 876 416 571 1506 1366 315 17 31 12 4 0 0 0 0 0 0 0 0 0 0 0 0 0 0 0 
1547 1651 1785 939 631 516 550 160 109 70 103 40 8 12 139 68 36 0 0 0 0 0 0 0 0 0 0 0 0 0 0 0 
5433 10550 7165 3053 2557 2174 1135 1172 1513 426 580 244 624 312 58 4 0 0 0 0 0 0 0 0 0 0 0 0 0 0 0 0 
6956 12061 8785 5201 2297 2444 1615 1220 1516 717 707 484 465 299 129 12 9 9 0 0 0 0 0 0 0 0 0 0 0 0 0 0 
10467 15132 10805 5681 4071 3297 1872 1679 1452 2320 1180 678 618 317 173 7 4 0 0 0 0 0 0 0 0 0 0 0 0 0 0 0 
7260 9478 7532 3542 2536 2081 1213 828 1204 872 551 157 397 291 74 0 5 0 0 0 0 0 0 0 0 0 0 0 0 0 0 0 
2985 2560 2458 1695 1486 1198 817 360 792 516 145 175 77 77 79 0 9 0 0 0 0 0 0 0 0 0 0 0 0 0 0 0 
5967 7926 7252 5328 3890 3580 1849 937 2005 1546 291 257 164 197 119 1 0 0 0 0 0 0 0 0 0 0 0 0 0 0 0 0 
12534 7834 8168 5590 3859 3889 2246 1150 2827 785 690 393 268 228 200 3 29 29 0 0 0 0 0 0 0 0 0 0 0 0 0 0 
6247 7299 5861 3144 2575 1871 1360 774 615 1772 581 830 198 127 158 0 3 8 0 0 0 0 0 0 0 0 0 0 0 0 0 0 
9019 11074 7591 4517 2788 2778 1597 998 915 637 1053 605 390 313 151 44 1 2 0 0 0 0 0 0 0 0 0 0 0 0 0 0 
7016 8176 6251 3990 2535 1960 1425 802 773 780 678 816 393 227 71 2 35 5 0 0 0 0 0 0 0 0 0 0 0 0 0 0 
3653 4098 3821 2659 1755 2332 1260 447 274 300 553 720 151 14 38 46 19 7 0 0 0 0 0 0 0 0 0 0 0 0 0 0 
7898 15045 9044 5176 3496 2556 1478 1303 1025 841 710 345 372 226 60 21 3 0 0 0 0 0 0 0 0 0 0 0 0 0 0 0 
1359 4189 3053 1735 2040 1501 910 671 368 626 116 65 33 31 98 23 0 0 0 0 0 0 0 0 0 0 0 0 0 0 0 0 
1889 3298 1851 1187 1083 764 324 386 463 341 122 108 236 152 4 0 0 0 0 0 0 0 0 0 0 0 0 0 0 0 0 0 
8008 9082 7113 4270 3283 3162 2267 857 811 1557 591 511 324 174 428 173 3 0 0 0 0 0 0 0 0 0 0 0 0 0 0 0 
2862 7125 4632 2256 1870 1188 845 481 1055 273 400 137 267 144 73 0 2 36 0 0 0 0 0 0 0 0 0 0 0 0 0 0 
8634 13729 8039 4757 3061 3091 1742 1504 1709 1662 1105 609 853 471 130 2 7 30 0 0 0 0 0 0 0 0 0 0 0 0 0 0 
2976 5087 3139 2387 1641 1194 827 743 1173 300 232 219 89 129 108 0 21 25 0 0 0 0 0 0 0 0 0 0 0 0 0 0 
8943 6998 6965 4939 2413 3184 1876 921 1566 462 887 665 282 198 184 19 7 36 0 0 0 0 0 0 0 0 0 0 0 0 0 0 
8286 9984 8446 4316 3555 2504 1841 960 1736 1564 1040 750 546 385 50 18 76 0 0 0 0 0 0 0 0 0 0 0 0 0 0 0 
5023 5997 5819 3655 2961 2322 1819 700 1063 1765 587 720 200 249 280 20 2 14 0 0 0 0 0 0 0 0 0 0 0 0 0 0 
3246 5381 3316 1809 930 784 591 579 315 801 1136 1497 271 123 24 0 8 2 0 0 0 0 0 0 0 0 0 0 0 0 0 0 
9113 11535 10593 7041 4165 4797 2531 1624 2396 780 639 516 293 252 173 5 5 16 0 0 0 0 0 0 0 0 0 0 0 0 0 0 
2010 2577 1566 607 1012 807 573 123 81 293 38 242 5 16 119 0 0 0 0 0 0 0 0 0 0 0 0 0 0 0 0 0 
9214 15871 11642 7746 5533 5611 3017 1519 2416 1349 999 914 591 556 163 7 11 15 0 0 0 0 0 0 0 0 0 0 0 0 0 0 
4167 8252 6245 3562 2153 1595 1168 811 1466 591 589 161 226 257 60 16 0 0 0 0 0 0 0 0 0 0 0 0 0 0 0 0 
1133 3058 1313 637 315 533 196 212 361 28 106 113 341 274 0 0 0 0 0 0 0 0 0 0 0 0 0 0 0 0 0 0 
10070 13864 12159 9036 3754 4792 2454 2176 1985 1282 2562 2908 772 334 195 19 17 0 0 0 0 0 0 0 0 0 0 0 0 0 0 0 
9597 12670 11247 7912 5280 5188 2975 1671 2652 1026 1049 700 433 86 49 18 47 0 0 0 0 0 0 0 0 0 0 0 0 0 0 0 
9225 8880 7981 5613 2988 3665 3268 1053 546 792 1016 846 263 90 527 276 0 0 0 0 0 0 0 0 0 0 0 0 0 0 0 0 
5086 8157 6871 4640 2940 2667 1291 1033 703 1310 1046 715 232 128 12 7 0 0 0 0 0 0 0 0 0 0 0 0 0 0 0 0 
8847 10175 10511 8473 4111 4183 2673 1338 1734 642 1613 666 385 251 7 5 32 0 0 0 0 0 0 0 0 0 0 0 0 0 0 0 
7204 8633 8290 6170 3658 3897 1765 1285 1002 1544 708 593 210 110 96 1 13 0 0 0 0 0 0 0 0 0 0 0 0 0 0 0 
7034 8967 9740 6071 3730 3535 2139 1188 1403 1234 784 81 91 109 112 42 5 0 0 0 0 0 0 0 0 0 0 0 0 0 0 0 
3522 7588 5397 4056 2502 2868 1519 1060 1036 596 464 254 129 133 64 2 3 0 0 0 0 0 0 0 0 0 0 0 0 0 0 0 
6012 8602 6436 4235 2639 2976 1177 1064 506 265 1257 1274 446 137 14 17 0 0 0 0 0 0 0 0 0 0 0 0 0 0 0 0 
6477 7546 7552 6100 2883 3583 1525 1130 795 525 1141 841 204 86 105 30 23 0 0 0 0 0 0 0 0 0 0 0 0 0 0 0 
10895 14154 10876 7196 3376 4757 2472 1770 1814 571 1844 1190 525 421 245 97 8 0 0 0 0 0 0 0 0 0 0 0 0 0 0 0 
6437 7081 7323 5387 2546 3794 1343 1065 1322 863 1488 1116 427 214 55 14 3 0 0 0 0 0 0 0 0 0 0 0 0 0 0 0 
5986 6944 6304 4937 2611 2980 1438 1196 1160 716 1103 541 290 39 45 38 11 87 0 0 0 0 0 0 0 0 0 0 0 0 0 0 
6833 7347 6290 5297 2729 2799 1423 1263 1084 749 975 543 180 83 46 3 23 0 0 0 0 0 0 0 0 0 0 0 0 0 0 0 
5348 7878 5363 3541 2069 1896 1314 843 392 346 1044 696 241 100 17 18 36 96 0 0 0 0 0 0 0 0 0 0 0 0 0 0 
11052 14428 11342 7671 4393 4384 2051 1765 1829 810 1495 903 741 315 86 82 116 9 0 0 0 0 0 0 0 0 0 0 0 0 0 0 
5647 9491 6504 4718 2533 2743 1418 1009 1248 780 642 670 375 201 83 3 0 0 0 0 0 0 0 0 0 0 0 0 0 0 0 0 
6418 6738 5939 4172 2118 3111 1533 1056 1302 491 1051 817 417 134 70 1 7 8 0 0 0 0 0 0 0 0 0 0 0 0 0 0 
10105 12335 9675 6980 3421 4530 2101 1454 1901 893 1475 1266 579 296 58 46 52 98 0 0 0 0 0 0 0 0 0 0 0 0 0 0 
7811 10449 6163 4504 2452 2758 1647 1340 1402 868 647 669 465 259 19 5 13 0 0 0 0 0 0 0 0 0 0 0 0 0 0 0 
2124 2369 2484 2106 1127 1220 788 384 807 647 211 244 121 115 29 0 6 0 0 0 0 0 0 0 0 0 0 0 0 0 0 0 
4631 6953 4925 3212 1928 1991 1144 1004 1303 836 844 510 332 201 104 83 112 0 0 0 0 0 0 0 0 0 0 0 0 0 0 0 
2502 4209 3346 2514 1364 1437 616 579 339 275 481 314 122 14 60 23 28 18 0 0 0 0 0 0 0 0 0 0 0 0 0 0 
2620 4281 3860 2925 1365 1586 808 705 710 389 523 307 91 67 7 1 0 0 0 0 0 0 0 0 0 0 0 0 0 0 0 0 
5990 7465 5867 4206 1982 2601 1692 1037 1613 458 832 640 340 144 43 16 2 1 0 0 0 0 0 0 0 0 0 0 0 0 0 0 
6465 7255 6737 4566 1792 2401 1610 1233 1775 1489 1695 2249 566 132 131 16 5 3 0 0 0 0 0 0 0 0 0 0 0 0 0 0 
7410 9594 5869 3142 2765 2296 1346 801 1086 1027 642 477 373 279 8 0 5 0 0 0 0 0 0 0 0 0 0 0 0 0 0 0 
4950 6183 5712 3873 2533 2501 1205 779 632 977 509 256 90 110 82 0 4 0 0 0 0 0 0 0 0 0 0 0 0 0 0 0 
3952 4692 4518 3844 2388 2006 1005 915 990 701 775 333 165 32 59 15 1 0 0 0 0 0 0 0 0 0 0 0 0 0 0 0 
10900 11128 11622 7997 4780 4413 3131 1686 2442 1933 1071 600 262 199 229 95 1 1 0 0 0 0 0 0 0 0 0 0 0 0 0 0 
5228 8085 6646 4678 2940 2531 1714 1168 1777 847 1041 357 283 324 8 10 44 0 0 0 0 0 0 0 0 0 0 0 0 0 0 0 
6129 6511 6433 4469 2387 2059 1304 790 960 368 522 164 79 9 33 0 5 0 0 0 0 0 0 0 0 0 0 0 0 0 0 0 
2417 2741 2807 2058 1000 1173 806 270 481 105 278 36 218 14 64 4 0 0 0 0 0 0 0 0 0 0 0 0 0 0 0 0 
2994 2970 2922 2343 885 1330 782 637 516 410 1099 1697 263 239 55 5 8 50 0 0 0 0 0 0 0 0 0 0 0 0 0 0 
6757 6221 7178 5309 2575 2594 1831 1047 1456 1020 498 376 162 166 46 10 0 0 0 0 0 0 0 0 0 0 0 0 0 0 0 0 
4034 6315 4197 2203 1595 1593 1185 806 1678 633 374 97 147 227 41 3 0 3 0 0 0 0 0 0 0 0 0 0 0 0 0 0 
6958 8141 5862 3808 2436 2521 1454 1073 1883 805 761 357 518 295 271 49 4 46 0 0 0 0 0 0 0 0 0 0 0 0 0 0 
1872 2978 1427 972 446 409 439 341 484 90 122 48 319 112 14 1 1 0 0 0 0 0 0 0 0 0 0 0 0 0 0 0 
2309 2281 2149 1973 850 788 283 379 244 104 206 40 56 37 7 1 0 8 0 0 0 0 0 0 0 0 0 0 0 0 0 0 
1715 2303 2385 1922 898 1033 496 305 343 158 230 146 63 5 0 0 0 0 0 0 0 0 0 0 0 0 0 0 0 0 0 0 
1307 2354 2205 1897 1434 1152 616 325 579 735 66 56 22 81 33 0 0 0 0 0 0 0 0 0 0 0 0 0 0 0 0 0 
3933 6436 3518 2241 972 1362 790 835 1213 260 416 509 492 225 74 0 2 0 0 0 0 0 0 0 0 0 0 0 0 0 0 0 
3390 4820 4290 3949 1671 2434 1260 797 1583 723 294 274 161 170 42 0 4 0 0 0 0 0 0 0 0 0 0 0 0 0 0 0 
3004 3553 3604 2777 1587 1393 1166 568 984 470 125 41 108 95 23 1 1 0 0 0 0 0 0 0 0 0 0 0 0 0 0 0 
4928 8098 4469 3017 2005 1669 1057 872 836 783 478 366 196 145 52 0 5 0 0 0 0 0 0 0 0 0 0 0 0 0 0 0 
6339 9431 7439 4809 4019 2570 1934 1216 1873 1098 795 144 189 117 18 24 38 1 0 0 0 0 0 0 0 0 0 0 0 0 0 0 
3950 4966 4929 4073 2391 2451 970 639 771 381 606 766 257 83 83 3 2 0 0 0 0 0 0 0 0 0 0 0 0 0 0 0 
9004 7134 8143 6418 2781 3398 1917 1371 2362 1057 1596 1757 414 143 74 14 24 1 0 0 0 0 0 0 0 0 0 0 0 0 0 0 
3146 3309 3045 2072 1583 1465 1076 398 1044 464 155 556 82 121 110 0 0 0 0 0 0 0 0 0 0 0 0 0 0 0 0 0 
1451 3079 1819 1561 565 945 518 449 799 368 87 75 47 63 17 9 42 3 0 0 0 0 0 0 0 0 0 0 0 0 0 0 
1671 2441 1787 1241 703 802 378 149 139 145 248 289 21 1 1 0 3 0 0 0 0 0 0 0 0 0 0 0 0 0 0 0 
5932 5582 4887 3923 1717 2442 983 605 949 319 611 395 305 94 18 0 0 1 0 0 0 0 0 0 0 0 0 0 0 0 0 0 
2255 2462 2214 1988 1035 1056 694 641 1210 777 223 175 42 138 15 1 6 0 0 0 0 0 0 0 0 0 0 0 0 0 0 0 
1515 4188 3772 2602 2635 1988 855 427 677 1112 190 175 88 210 23 0 4 0 0 0 0 0 0 0 0 0 0 0 0 0 0 0 
4044 5532 4613 2661 3349 2980 1188 552 273 979 126 292 41 61 63 0 69 5 0 0 0 0 0 0 0 0 0 0 0 0 0 0 
4715 4956 4851 2900 3354 2443 1353 738 441 955 576 225 54 156 194 15 5 20 0 0 0 0 0 0 0 0 0 0 0 0 0 0 
6037 7440 6882 5923 3572 3250 2092 954 1455 1358 478 425 143 137 84 0 19 9 0 0 0 0 0 0 0 0 0 0 0 0 0 0 
1186 1813 1783 1563 944 1053 923 278 144 275 51 70 43 24 28 34 0 0 0 0 0 0 0 0 0 0 0 0 0 0 0 0 
2470 3843 3213 2493 2655 1857 930 459 191 264 309 385 71 42 5 9 39 0 0 0 0 0 0 0 0 0 0 0 0 0 0 0 
7062 7236 6973 5012 4524 3414 2006 789 1457 1795 359 700 138 227 328 9 51 0 0 0 0 0 0 0 0 0 0 0 0 0 0 0 
8469 8643 7277 5441 3987 3520 2247 1439 2603 1066 916 496 151 174 140 0 5 7 0 0 0 0 0 0 0 0 0 0 0 0 0 0 
3855 3585 4227 2729 2166 1803 675 529 492 812 247 296 111 18 44 2 5 3 0 0 0 0 0 0 0 0 0 0 0 0 0 0 
4889 4747 4152 2340 2419 2012 1064 783 165 1974 167 92 72 224 154 0 0 0 0 0 0 0 0 0 0 0 0 0 0 0 0 0 
3439 3669 3736 2338 2269 1683 1025 538 393 691 421 493 81 90 178 18 23 0 0 0 0 0 0 0 0 0 0 0 0 0 0 0 
650 1003 630 354 700 527 261 61 81 227 23 5 0 1 8 0 0 0 0 0 0 0 0 0 0 0 0 0 0 0 0 0 
966 956 937 519 559 208 106 55 242 223 28 13 57 91 9 0 0 0 0 0 0 0 0 0 0 0 0 0 0 0 0 0 
516 1064 127 110 11 6 6 48 209 7 15 20 582 301 0 0 0 0 0 0 0 0 0 0 0 0 0 0 0 0 0 0 
461 1048 183 183 5 7 8 74 567 13 31 40 390 283 0 0 0 0 0 0 0 0 0 0 0 0 0 0 0 0 0 0 
732 1337 338 96 23 10 9 93 807 4 77 13 530 197 10 0 0 0 0 0 0 0 0 0 0 0 0 0 0 0 0 0 
395 492 94 96 28 16 18 42 278 19 34 56 291 250 3 0 0 0 0 0 0 0 0 0 0 0 0 0 0 0 0 0 
