103 25 19 37 21 25 18 20 23 7 18 12 15 13 18 10 9 15 4 17 15 11 5 11 8 15 7 9 9 9 8 0 
29 10 6 11 7 10 13 5 8 6 12 17 7 4 3 7 8 0 4 3 5 2 5 5 6 5 12 2 3 6 5 0 
114 71 18 43 38 15 17 21 26 33 19 13 15 17 23 10 9 4 7 9 27 12 11 13 12 11 16 20 18 18 8 0 
66 26 27 25 23 26 8 11 20 14 17 15 11 15 16 13 14 15 13 15 11 7 10 15 10 9 16 18 17 16 11 0 
44 27 8 18 11 9 4 7 16 7 8 10 11 11 4 10 7 6 3 5 7 6 7 6 13 3 4 3 7 6 8 0 
24 13 7 18 8 10 9 4 8 4 2 3 11 2 9 5 3 6 1 5 5 1 1 2 6 4 4 3 1 2 2 0 
100 19 20 22 19 16 18 11 15 8 5 12 11 16 6 8 12 14 10 5 14 9 11 10 6 17 15 15 11 16 4 0 
128 43 31 31 29 24 22 29 28 22 22 22 26 17 23 14 17 19 9 11 12 15 14 15 4 10 13 19 20 22 10 0 
59 33 10 15 19 9 8 15 5 8 11 9 15 11 10 11 7 7 7 7 11 7 4 10 9 9 7 1 9 3 2 0 
102 25 33 15 14 19 9 19 27 19 19 25 20 10 7 11 16 12 15 6 11 7 2 15 9 8 10 6 5 10 0 0 
47 8 10 14 11 8 11 8 5 9 11 10 10 6 5 4 6 7 5 1 4 2 6 3 5 5 10 7 2 8 5 0 
35 39 16 8 7 15 11 10 12 9 5 7 10 14 6 7 13 8 4 6 6 2 7 3 8 3 6 5 4 4 2 0 
55 25 16 20 12 17 2 18 16 15 12 15 11 4 14 4 12 9 3 5 5 10 9 5 2 6 7 11 6 5 7 0 
27 13 5 4 5 8 3 3 8 7 6 5 3 6 4 2 2 5 3 1 4 1 3 3 4 3 3 6 2 2 1 0 
92 20 27 33 17 18 15 6 12 10 11 8 10 8 17 5 10 6 8 8 9 6 6 9 5 10 3 8 4 12 2 0 
43 12 9 11 6 6 4 4 6 10 4 3 7 2 13 5 7 11 3 3 9 2 10 3 5 2 3 2 3 9 4 0 
36 22 13 9 16 13 8 7 9 13 10 4 5 3 4 6 11 5 8 5 10 11 3 5 9 7 2 12 6 9 3 0 
75 31 16 18 20 20 16 13 18 15 9 18 27 17 17 12 9 11 5 18 14 7 12 13 13 13 12 2 17 10 2 0 
73 46 27 16 27 21 11 17 7 22 16 15 17 12 12 15 6 20 9 10 12 12 11 17 11 16 13 18 10 7 2 0 
28 9 6 9 1 12 3 3 5 3 5 9 2 6 2 5 4 6 3 2 3 1 1 3 5 3 4 1 1 5 1 0 
60 31 26 19 28 23 12 13 24 17 10 8 14 11 16 7 13 14 7 7 19 8 12 10 11 7 18 8 13 14 7 0 
94 19 16 11 15 19 8 12 29 15 12 9 20 6 16 15 12 14 9 15 7 16 12 13 11 9 14 12 15 12 8 0 
53 15 9 19 17 11 4 12 10 8 11 13 10 8 8 6 8 3 5 4 7 8 4 5 6 9 5 7 5 4 6 0 
33 23 20 9 13 16 12 13 9 11 7 8 6 8 4 6 3 12 4 5 6 11 4 4 5 8 6 9 8 3 3 0 
46 17 28 10 21 17 4 28 15 13 11 10 8 6 10 11 7 7 6 10 14 7 7 7 11 7 7 13 6 14 7 0 
159 50 36 33 25 45 38 27 25 28 25 21 29 23 18 28 17 18 17 18 16 20 19 21 20 13 23 25 23 34 16 0 
67 26 24 22 32 23 20 32 25 25 20 16 13 20 20 14 12 11 12 14 16 11 4 16 21 10 9 15 24 10 8 0 
103 26 7 22 23 14 20 23 13 13 10 21 10 13 17 14 5 15 10 14 11 13 9 8 8 6 12 12 15 11 11 0 
46 9 6 12 8 7 7 6 9 12 11 16 10 8 5 7 12 9 10 15 9 5 7 9 5 6 4 9 8 8 3 0 
81 42 27 25 24 28 14 27 17 24 19 24 17 10 20 25 13 23 14 12 18 10 18 10 17 14 18 16 14 17 8 0 
171 30 29 41 34 28 23 21 31 35 27 12 28 17 16 31 18 27 20 23 18 15 21 27 31 13 18 23 17 25 19 0 
