70 2 0 0 0 0 0 0 0 0 0 0 0 0 0 0 0 0 0 0 0 0 0 0 309 0 0 0 0 0 0 0 
56 15 0 0 0 0 0 0 0 0 0 0 0 0 0 0 0 0 0 0 0 0 0 0 248 0 0 0 0 0 0 0 
36 36 0 0 0 0 0 0 0 0 0 0 0 0 0 0 0 0 0 0 0 0 0 0 158 0 0 0 0 0 0 0 
58 38 0 0 0 0 0 0 0 0 0 0 0 0 0 0 0 0 0 0 0 0 0 0 230 0 0 0 0 0 0 0 
80 50 1 0 22 0 0 0 0 0 0 0 0 0 0 0 0 0 0 0 0 0 0 0 241 0 0 0 0 0 0 0 
168 173 12 0 31 0 0 0 0 0 0 0 0 0 0 0 0 0 0 0 0 0 0 0 191 0 0 0 0 0 0 0 
204 253 16 0 10 0 0 0 0 0 0 0 0 0 0 0 0 0 0 0 0 0 0 0 237 0 0 0 0 0 0 0 
154 166 21 1 33 0 0 0 0 0 0 0 0 0 0 0 0 0 0 0 0 0 0 0 148 0 0 0 0 0 0 0 
202 201 39 8 14 0 0 0 0 0 0 0 4 0 0 0 0 0 1 0 0 10 0 0 179 0 0 0 0 0 0 0 
250 227 41 0 0 0 0 0 0 0 0 0 0 0 0 0 0 0 13 0 0 42 0 0 145 0 0 0 0 0 0 0 
118 142 3 0 0 0 0 0 0 0 0 0 0 0 0 0 0 0 3 0 0 22 0 0 88 0 0 0 0 0 0 0 
193 251 18 0 0 0 0 0 0 0 0 0 0 0 0 0 0 0 15 0 0 57 0 0 171 0 0 0 0 0 0 0 
228 275 5 0 0 0 0 0 0 0 0 0 0 0 0 0 0 0 0 1 0 210 1 0 53 0 0 0 0 0 0 0 
179 234 53 0 0 0 0 0 0 0 0 0 0 0 0 0 0 0 12 7 0 39 28 0 100 0 0 0 0 0 0 0 
181 224 23 22 0 0 0 0 0 0 0 0 0 0 0 0 0 0 0 0 0 0 9 0 146 0 0 0 0 0 0 0 
147 203 40 3 0 0 0 0 0 0 0 0 0 0 0 0 0 0 0 0 34 2 19 0 135 0 0 0 0 0 0 0 
121 130 77 0 0 0 0 0 0 0 0 0 0 0 0 0 0 0 0 0 58 5 14 0 91 0 0 0 0 0 0 0 
175 105 175 0 0 0 0 0 0 0 0 0 0 0 0 0 0 0 0 0 145 43 16 0 89 0 0 0 0 0 0 0 
199 304 22 10 0 0 0 0 0 0 0 0 0 0 0 0 0 0 0 0 0 59 80 0 85 0 0 0 0 0 0 0 
132 200 0 1 0 0 0 0 0 0 0 0 0 0 0 0 0 0 0 0 0 102 47 0 36 0 0 0 0 0 0 0 
126 193 0 0 0 0 0 0 0 0 0 0 0 0 0 0 0 0 0 0 0 98 11 0 10 0 0 0 0 0 0 0 
128 290 0 0 0 0 0 0 0 0 0 0 0 0 0 0 0 0 0 0 0 118 27 0 10 0 0 0 0 0 0 0 
94 196 29 0 0 0 0 0 0 0 0 0 0 0 0 0 0 0 0 0 0 67 20 0 23 0 0 0 0 0 0 0 
136 173 51 1 0 0 0 0 0 0 0 0 0 0 0 0 0 0 33 0 0 60 35 0 20 0 0 0 0 0 0 0 
137 156 57 5 0 0 0 0 0 0 0 0 0 0 0 0 0 0 39 1 0 47 25 0 19 0 0 0 0 0 0 0 
226 169 189 4 0 0 0 0 0 0 0 0 0 0 0 0 0 0 158 8 8 61 12 0 6 0 0 0 0 0 0 0 
236 310 134 28 0 0 0 0 0 0 0 0 0 0 0 0 0 0 35 17 13 89 12 0 13 0 0 0 0 0 0 0 
163 191 69 30 16 0 0 0 0 0 0 0 0 0 0 0 0 0 31 0 0 116 0 0 33 0 0 0 0 0 0 0 
190 268 7 29 0 0 0 0 0 0 0 0 0 0 0 0 0 0 0 0 0 180 0 0 0 0 0 0 0 0 0 0 
143 206 46 18 1 0 0 0 0 0 0 0 0 0 0 0 0 0 0 0 0 101 14 0 11 0 0 0 0 0 0 0 
197 234 57 57 0 0 0 23 0 0 0 0 0 0 11 21 18 0 6 0 0 106 0 0 11 0 0 0 0 0 0 0 
207 237 57 32 0 0 0 12 0 0 0 0 0 0 1 4 10 0 9 0 0 137 0 0 16 0 0 0 0 0 0 0 
280 163 102 17 106 1 0 7 0 0 0 0 25 0 0 12 33 0 42 0 0 32 0 0 104 0 0 0 0 0 0 0 
156 212 63 0 1 0 0 0 0 0 0 0 0 0 0 0 0 0 26 0 0 133 0 0 14 0 0 0 0 0 0 0 
249 256 79 11 41 0 0 0 0 0 0 0 4 0 0 0 0 0 0 0 0 94 7 0 38 0 0 0 0 0 0 0 
173 220 117 0 2 0 0 0 0 0 0 0 0 0 0 0 0 0 36 3 1 45 1 0 16 0 0 0 0 0 0 0 
151 223 86 0 0 0 0 0 0 0 0 0 0 0 0 0 0 0 42 0 0 108 0 0 3 0 0 0 0 0 0 0 
188 194 129 56 0 7 0 0 0 0 22 0 0 0 0 34 0 0 21 0 0 124 0 0 14 0 0 0 0 0 0 0 
276 279 109 21 75 3 0 0 0 0 2 1 14 0 0 7 0 0 12 1 0 110 1 0 78 0 0 0 0 0 0 0 
201 234 94 80 22 35 0 0 0 0 26 19 0 0 0 18 0 0 0 0 0 73 0 0 30 0 0 0 0 0 0 0 
200 279 94 9 2 0 0 0 0 0 0 0 0 0 0 0 0 0 0 0 0 143 0 0 6 0 0 0 0 0 0 0 
273 223 122 3 75 0 0 0 0 0 0 0 0 0 0 0 0 0 0 0 0 95 0 0 71 0 0 0 0 0 0 0 
182 196 100 0 2 0 0 0 0 0 0 0 0 0 0 0 0 0 0 0 0 119 0 0 3 0 0 0 0 0 0 0 
232 226 185 10 28 0 0 0 0 0 0 0 0 0 0 0 0 0 0 0 3 160 0 0 29 0 0 0 0 0 0 0 
158 154 200 0 0 0 0 0 0 0 0 0 0 0 0 0 0 0 0 0 17 157 0 0 1 0 0 0 0 0 0 0 
281 260 205 84 0 34 0 0 0 0 34 0 0 0 0 17 0 0 0 0 27 90 0 0 0 0 0 0 0 0 0 0 
264 196 135 82 6 7 0 0 0 0 27 0 0 0 0 44 0 0 0 0 0 101 0 0 4 0 0 0 0 0 0 0 
209 87 216 18 0 0 0 0 0 0 0 0 0 0 0 0 0 0 0 0 6 144 0 0 2 0 0 0 0 0 0 0 
211 195 200 11 2 0 0 0 0 0 0 0 0 0 0 0 0 0 0 0 26 116 9 0 6 0 0 0 0 0 0 0 
230 152 260 0 0 0 0 0 0 0 0 0 0 0 0 0 0 0 0 0 92 128 6 0 1 0 0 0 0 0 0 0 
225 173 198 2 1 0 0 0 0 0 0 0 0 0 0 0 0 0 0 0 45 107 10 0 16 0 0 0 0 0 0 0 
153 220 167 0 0 0 0 0 0 0 0 0 0 0 0 0 0 0 0 5 85 46 16 0 15 0 0 0 0 0 0 0 
224 297 183 0 0 0 0 0 0 0 0 0 0 0 0 0 0 0 2 34 93 4 1 0 4 0 0 0 0 0 0 0 
103 167 86 0 0 0 0 0 0 0 0 0 0 0 0 0 0 0 0 2 54 3 0 0 9 0 0 0 0 0 0 0 
142 188 118 0 0 0 0 0 0 0 0 0 0 0 0 0 0 0 1 0 65 8 0 0 5 0 0 0 0 0 0 0 
155 200 145 0 0 0 0 0 0 0 0 0 0 0 0 0 0 0 0 0 90 2 0 0 8 0 0 0 0 0 0 0 
247 181 225 2 0 0 0 0 0 0 0 0 0 0 0 0 0 0 0 0 138 47 0 0 7 0 0 0 0 0 0 0 
156 190 162 0 0 0 0 0 0 0 0 0 0 0 0 0 0 0 0 0 106 24 0 0 12 0 0 0 0 0 0 0 
163 162 169 5 0 0 0 0 0 0 0 0 0 0 0 0 0 0 0 0 93 32 0 0 14 0 0 0 0 0 0 0 
180 213 98 30 3 0 0 0 0 0 0 0 0 0 0 0 0 0 0 0 36 10 0 0 29 0 0 0 0 0 0 0 
215 267 147 49 39 18 0 0 0 0 0 0 25 0 0 0 0 0 1 2 39 0 0 0 53 0 0 0 0 0 0 0 
201 191 175 32 31 23 0 0 0 0 0 0 26 0 0 0 0 0 0 0 74 3 0 0 41 0 0 0 0 0 0 0 
276 146 152 24 15 16 0 0 0 0 0 0 9 0 0 0 0 0 0 0 35 19 0 0 224 0 0 0 0 0 0 0 
274 107 53 21 0 0 0 0 0 0 0 0 0 0 0 0 0 0 0 0 29 2 7 0 344 0 0 0 0 0 0 0 
14 146 106 0 0 0 0 0 0 0 0 0 0 0 0 0 0 0 0 0 22 5 0 0 9 0 0 0 0 0 0 0 
144 170 209 0 0 0 0 0 0 0 0 0 0 0 0 0 0 0 0 0 107 33 0 0 3 0 0 0 0 0 0 0 
156 179 201 0 0 0 0 0 0 0 0 0 0 0 0 0 0 0 5 6 107 34 1 0 5 0 0 0 0 0 0 0 
56 105 63 0 0 0 0 0 0 0 0 0 0 0 0 0 0 0 0 0 16 23 1 0 2 0 0 0 0 0 0 0 
120 202 93 0 0 0 0 0 0 0 0 0 0 0 0 0 0 0 11 24 19 2 1 0 5 0 0 0 0 0 0 0 
204 166 246 5 0 0 0 0 0 0 0 0 0 0 0 0 0 0 0 0 111 84 0 0 0 0 0 0 0 0 0 0 
195 188 159 11 0 0 0 0 0 0 0 0 0 0 0 0 0 0 1 10 34 82 0 0 5 0 0 0 0 0 0 0 
179 204 152 5 0 0 0 0 0 0 0 0 0 0 0 0 0 0 4 10 45 49 1 0 4 0 0 0 0 0 0 0 
212 159 243 2 0 0 0 0 0 0 0 0 0 0 0 0 0 0 4 26 64 74 0 0 1 0 0 0 0 0 0 0 
182 140 199 20 0 0 0 0 0 0 0 0 0 0 0 0 0 0 2 11 15 106 0 0 3 0 0 0 0 0 0 0 
188 154 186 8 0 0 0 0 0 0 0 0 0 0 0 0 0 0 12 37 53 56 0 0 3 0 0 0 0 0 0 0 
221 297 122 39 0 0 0 0 0 0 0 0 0 0 0 0 0 0 2 0 0 44 5 0 12 0 0 0 0 0 0 0 
147 219 127 47 6 0 0 0 0 0 0 0 0 0 0 0 0 0 15 0 0 38 2 0 6 0 0 0 0 0 0 0 
255 256 143 70 0 0 0 0 0 0 0 0 0 0 0 0 0 0 4 7 1 76 7 0 2 0 0 0 0 0 0 0 
219 203 177 56 0 0 0 0 0 0 0 0 0 0 0 0 0 0 21 29 16 64 0 0 6 0 0 0 0 0 0 0 
263 242 167 74 0 0 0 0 0 0 0 0 0 0 0 4 0 0 35 32 23 70 2 0 4 0 0 0 0 0 0 0 
213 243 162 91 0 0 0 0 0 0 0 0 0 0 0 0 0 0 34 35 23 82 0 0 3 0 0 0 0 0 0 0 
182 297 94 104 0 0 0 0 0 0 0 0 0 0 0 0 0 0 0 0 0 102 13 0 19 0 0 0 0 0 0 0 
193 221 128 38 15 0 0 0 0 0 0 0 0 0 0 1 0 0 12 13 2 54 2 0 12 0 0 0 0 0 0 0 
78 135 58 18 0 0 0 0 0 0 0 0 0 0 0 1 0 0 23 0 0 21 1 0 6 0 0 0 0 0 0 0 
182 236 184 13 0 0 0 2 0 0 0 0 0 0 0 1 3 0 73 25 2 17 1 0 2 0 0 0 0 0 0 0 
215 257 120 7 20 0 0 0 0 0 0 0 0 0 0 0 0 0 17 0 0 1 2 0 9 0 0 0 0 0 0 0 
150 219 138 0 0 0 0 0 0 0 0 0 0 0 0 0 0 0 71 31 5 1 0 0 8 0 0 0 0 0 0 0 
45 194 43 0 0 0 0 0 0 0 0 0 0 0 0 0 0 0 17 6 1 0 5 0 15 0 0 0 0 0 0 0 
181 227 154 0 0 0 0 0 0 0 0 0 0 0 0 0 0 0 83 4 0 1 5 0 4 0 0 0 0 0 0 0 
162 238 111 0 0 0 0 0 0 0 0 0 0 0 0 0 0 0 66 12 0 4 4 0 1 0 0 0 0 0 0 0 
200 204 224 0 0 0 0 0 0 0 0 0 0 0 0 0 0 0 147 3 1 4 0 0 0 0 0 0 0 0 0 0 
229 238 229 0 13 0 0 0 0 0 0 0 1 0 0 0 0 0 120 4 0 2 0 0 3 0 0 0 0 0 0 0 
203 275 149 0 18 0 0 0 0 0 0 0 1 0 0 0 0 0 52 0 0 11 0 0 5 0 0 0 0 0 0 0 
108 145 90 0 1 0 0 0 0 0 0 0 0 0 0 0 0 0 41 0 0 7 1 0 1 0 0 0 0 0 0 0 
181 197 181 14 11 0 0 0 0 0 0 0 0 0 0 0 0 0 59 0 0 22 1 0 5 0 0 0 0 0 0 0 
110 87 140 41 0 0 0 0 0 0 0 0 0 0 0 0 0 0 63 0 0 42 1 0 0 0 0 0 0 0 0 0 
136 153 144 0 0 0 0 0 0 0 0 0 0 0 0 0 0 0 82 0 0 10 2 0 0 0 0 0 0 0 0 0 
242 172 227 44 0 0 0 0 0 0 0 0 0 0 0 0 0 0 103 0 0 50 1 0 1 0 0 0 0 0 0 0 
151 192 134 24 10 1 0 0 0 0 1 1 0 0 0 3 0 0 38 0 0 13 2 0 2 0 0 0 0 0 0 0 
139 221 115 2 15 0 0 0 0 0 0 0 0 0 0 0 0 0 39 0 0 4 7 0 7 0 0 0 0 0 0 0 
171 166 143 0 0 0 0 0 0 0 0 0 0 0 0 0 0 0 104 0 0 10 0 0 48 0 0 0 0 0 0 0 
222 50 127 0 0 0 0 0 0 0 0 0 0 0 0 0 0 0 93 0 0 0 0 0 223 0 0 0 0 0 0 0 
77 123 115 0 0 0 0 0 0 0 0 0 0 0 0 0 0 0 58 0 0 6 0 0 0 0 0 0 0 0 0 0 
121 165 181 2 0 0 0 0 0 0 0 0 0 0 0 0 0 0 125 0 0 7 0 0 0 0 0 0 0 0 0 0 
252 191 194 0 0 0 0 0 0 0 0 0 0 0 0 0 0 0 135 0 0 2 0 0 0 0 0 0 0 0 0 0 
195 186 165 7 0 0 0 0 0 0 0 0 0 0 0 0 0 0 125 0 0 5 0 0 0 0 0 0 0 0 0 0 
113 216 95 2 0 0 0 0 0 0 0 0 0 0 0 0 0 0 54 0 0 10 0 0 0 0 0 0 0 0 0 0 
163 222 201 7 0 0 0 0 0 0 0 0 0 0 0 0 0 0 94 0 0 6 0 0 0 0 0 0 0 0 0 0 
200 172 171 6 0 0 0 0 0 0 0 0 0 0 0 0 0 0 113 0 0 5 0 0 0 0 0 0 0 0 0 0 
164 220 179 12 0 0 0 0 0 0 0 0 0 0 0 0 0 0 96 0 0 14 0 0 0 0 0 0 0 0 0 0 
201 215 113 0 0 0 0 0 0 0 0 0 0 0 0 0 0 0 56 0 0 3 0 0 0 0 0 0 0 0 0 0 
142 259 95 21 0 0 0 0 0 0 0 0 0 0 0 0 0 0 51 0 0 17 0 0 0 0 0 0 0 0 0 0 
241 210 228 80 0 0 0 0 0 0 0 0 0 0 0 2 0 0 53 7 0 64 0 0 0 0 0 0 0 0 0 0 
271 190 262 36 0 1 0 0 0 0 0 0 0 0 0 3 0 0 135 0 0 19 0 0 0 0 0 0 0 0 0 0 
185 165 214 84 0 0 0 0 0 0 1 0 0 0 0 6 0 0 38 0 0 70 0 0 1 0 0 0 0 0 0 0 
177 172 180 71 0 0 0 0 0 0 0 0 0 0 0 0 0 0 57 0 1 70 0 0 0 0 0 0 0 0 0 0 
199 121 218 128 0 0 0 0 0 0 0 0 0 0 0 2 0 0 34 0 2 133 0 0 0 0 0 0 0 0 0 0 
165 148 194 87 0 0 0 0 0 0 0 0 0 0 0 5 0 0 44 0 0 85 0 0 1 0 0 0 0 0 0 0 
150 150 203 28 0 0 0 0 0 0 0 0 0 0 0 0 0 0 104 0 0 50 0 0 1 0 0 0 0 0 0 0 
201 209 227 1 0 0 0 0 0 0 0 0 0 0 0 0 2 0 134 0 0 11 0 0 1 0 0 0 0 0 0 0 
168 190 198 9 0 0 0 0 0 0 0 0 0 0 0 0 0 0 98 9 0 35 0 0 6 0 0 0 0 0 0 0 
151 202 156 2 0 0 0 0 0 0 0 0 0 0 0 0 1 0 74 0 0 8 0 0 0 0 0 0 0 0 0 0 
133 151 124 4 0 0 0 0 0 0 0 0 0 0 0 0 1 0 77 0 0 12 0 0 1 0 0 0 0 0 0 0 
140 183 141 16 5 0 0 0 0 0 0 0 0 0 0 0 0 0 95 0 0 21 0 0 6 0 0 0 0 0 0 0 
88 174 99 31 8 0 0 0 0 2 3 0 6 0 0 0 6 0 59 0 0 36 0 0 6 0 0 0 0 0 0 0 
