197 137 0 0 0 0 0 102 0 93 0 0 44 0 44 43 82 0 0 225 44 0 142 0 0 0 94 0 4 44 298 300 
28 46 27 1 3 0 4 2 1 0 11 0 30 0 0 0 0 66 1 0 18 2 0 225 3 19 6 5 0 0 47 0 
0 64 56 55 113 53 10 58 0 1 11 2 60 68 0 0 0 3 0 10 58 0 0 0 9 18 0 9 1 3 1 0 
0 2 0 17 1 16 0 0 16 1 16 16 2 17 1 1 1 30 1 1 0 0 1 17 0 0 17 1 17 68 16 18 
0 245 0 137 169 65 0 62 0 0 0 0 0 0 0 23 0 15 39 143 145 0 150 0 146 160 0 224 0 145 185 0 
199 0 0 349 36 155 0 105 0 103 0 0 0 0 112 0 107 149 0 76 0 20 105 42 23 120 0 15 31 0 0 0 
61 79 0 31 110 66 74 0 0 139 0 8 0 4 0 67 17 0 13 0 0 0 0 13 14 0 12 164 15 14 9 64 
0 0 0 4 16 27 18 167 0 1 108 0 0 15 0 0 0 84 5 202 0 8 2 0 82 15 16 0 19 120 5 0 
0 4 50 0 0 24 0 23 0 24 27 26 0 0 27 0 30 70 25 0 0 25 88 0 0 50 26 0 0 5 0 29 
0 13 0 0 174 15 0 0 231 43 46 195 0 0 0 44 0 46 0 106 0 32 17 221 172 0 17 0 0 16 0 0 
0 0 18 0 12 0 97 0 12 12 0 150 246 12 0 10 13 0 0 0 0 0 0 0 166 12 0 15 0 12 0 12 
0 0 0 0 0 0 16 0 0 0 0 0 14 0 0 0 0 4 0 7 0 0 0 0 0 0 10 0 3 0 0 0 
5 0 0 0 0 8 0 0 0 0 0 0 0 68 35 0 0 7 0 0 0 0 34 0 16 0 0 0 0 0 38 0 
16 16 62 0 0 0 17 16 0 0 0 18 0 16 0 0 0 16 16 0 0 0 0 0 16 0 0 28 0 0 0 0 
0 0 0 0 0 0 0 7 12 10 0 0 0 0 0 0 4 37 11 0 0 29 15 0 0 11 0 0 0 6 0 8 
0 2 0 0 0 0 0 0 0 0 9 26 7 0 0 146 0 26 0 0 0 0 26 0 0 11 0 0 25 27 30 124 
0 0 0 0 0 0 0 0 0 0 0 0 15 0 0 0 0 0 0 0 0 0 0 0 0 0 0 0 2 0 0 279 
0 0 41 0 0 38 17 51 0 0 40 0 12 31 33 0 0 0 93 0 0 218 12 14 88 0 0 0 0 12 0 178 
12 0 6 1 0 0 6 0 12 14 39 0 3 8 0 1 0 1 0 34 13 0 0 0 14 11 0 16 0 10 3 0 
0 1 32 61 32 0 0 64 1 0 0 31 2 1 54 0 30 1 105 67 258 1 15 32 62 0 31 0 261 33 111 1 
0 0 0 0 0 0 0 0 30 4 0 92 0 0 0 0 0 0 0 0 0 0 6 0 0 0 0 0 0 0 0 0 
23 43 18 121 0 36 0 26 0 50 51 41 21 24 0 32 79 0 0 0 24 19 0 28 20 0 19 54 2 114 0 84 
30 18 0 83 37 34 0 0 18 27 0 18 40 10 36 35 43 34 83 34 37 18 37 80 38 12 19 18 37 97 17 27 
0 2 213 2 183 8 3 17 4 210 1 7 0 17 0 0 2 0 0 0 1 0 0 2 0 0 0 4 0 0 0 3 
39 0 2 0 0 49 81 2 0 0 0 92 0 1 0 35 2 2 11 0 0 0 1 0 9 107 4 2 2 2 0 43 
0 0 0 0 50 20 0 0 20 0 19 51 0 0 0 0 20 25 0 0 5 32 0 106 0 36 5 0 34 26 0 20 
0 55 0 0 0 17 52 0 79 5 0 3 89 0 2 186 18 111 0 149 60 53 54 0 0 15 16 0 0 0 66 242 
34 16 34 53 0 104 1 42 28 16 48 50 44 45 0 0 0 16 45 15 28 0 0 13 33 12 0 0 6 0 32 0 
0 0 0 0 0 7 27 0 2 26 0 0 22 21 7 0 0 0 0 20 0 0 0 0 0 0 0 0 0 19 26 56 
23 0 0 8 0 0 9 0 8 0 205 0 8 14 0 0 0 0 0 14 0 0 0 0 0 0 198 0 195 198 204 612 
21 0 0 0 18 18 0 18 0 0 0 0 2 10 2 0 0 0 0 0 0 0 0 18 0 0 0 25 0 17 0 0 
0 0 36 35 8 35 19 96 0 43 23 0 0 5 0 42 15 43 72 0 0 0 36 16 158 42 0 11 0 53 11 17 
0 0 11 0 11 4 0 0 105 0 0 0 0 0 0 12 11 9 0 0 116 10 0 116 0 11 4 0 0 11 0 11 
56 0 135 0 0 60 16 0 20 110 0 17 0 0 1 0 0 56 61 22 0 0 19 0 1 0 1 18 0 74 18 56 
0 0 0 0 0 170 0 0 0 67 0 0 0 275 87 0 0 0 0 0 95 0 0 29 0 0 23 0 0 139 14 421 
0 18 0 18 18 18 41 0 18 26 26 18 34 0 0 1 17 45 0 0 0 48 0 0 67 0 51 60 26 0 0 0 
44 0 0 0 9 0 51 0 0 0 0 0 10 0 42 0 0 0 38 4 23 9 78 0 36 0 0 33 41 0 9 31 
0 0 0 0 0 14 0 9 0 12 1 100 0 9 0 0 0 31 0 0 0 1 0 11 0 0 0 143 0 0 0 159 
51 49 0 0 51 52 3 0 0 0 100 0 49 51 0 0 0 50 50 0 0 0 101 111 0 0 0 51 53 262 51 0 
68 0 59 0 0 40 12 0 0 43 7 0 0 43 7 1 7 0 0 99 84 20 0 0 43 42 43 81 44 0 0 145 
1 0 131 6 0 0 0 6 12 0 0 0 0 2 0 0 0 0 7 0 0 131 0 0 8 69 0 0 0 0 0 65 
0 1 2 0 0 0 1 5 0 1 0 1 0 0 4 5 0 5 2 0 1 0 0 0 1 0 0 0 0 0 0 0 
0 0 0 0 0 0 0 0 22 0 0 0 41 0 0 43 0 24 0 0 0 0 24 0 24 23 44 0 21 0 0 17 
91 0 1 0 1 0 84 0 0 0 0 0 14 0 0 105 0 2 0 97 0 0 0 24 1 0 0 0 0 0 0 279 
0 0 0 0 0 16 11 0 15 0 16 16 0 11 41 0 0 0 0 0 156 16 27 11 0 158 324 0 11 307 322 628 
16 0 1 1 0 0 0 25 0 1 0 20 12 0 41 0 0 1 13 0 11 4 23 0 16 1 1 1 0 21 25 0 
121 14 118 0 0 202 0 161 0 117 388 183 14 79 1 119 103 249 253 21 0 0 302 117 264 19 117 0 271 240 0 20 
0 0 0 0 0 0 0 0 0 6 0 27 159 0 1 0 0 0 0 0 0 0 0 0 0 0 0 0 0 0 0 0 
96 60 0 0 0 0 0 0 0 0 0 230 55 25 19 252 10 126 0 19 0 0 464 93 0 32 0 0 36 0 232 239 
25 16 18 0 0 6 6 0 16 0 49 0 46 2 22 0 141 0 0 27 0 0 0 32 27 83 0 0 23 27 17 0 
0 15 0 0 0 14 0 158 28 3 0 0 0 6 12 0 0 0 0 1 15 0 19 47 0 38 58 18 14 0 0 155 
0 0 208 191 0 0 0 0 0 0 0 0 0 0 0 0 3 0 0 0 0 0 127 0 20 0 108 0 0 106 62 0 
4 5 3 0 52 11 0 0 0 0 74 0 4 12 7 7 115 7 0 129 48 39 0 4 43 56 3 3 3 321 0 32 
14 11 0 0 0 0 0 8 9 0 0 0 0 1 91 0 1 0 0 9 0 0 18 0 0 0 53 0 9 9 10 14 
0 0 180 0 93 0 0 2 0 213 0 0 11 2 14 0 0 0 6 6 0 0 0 0 75 1 0 0 96 0 96 0 
46 8 8 14 52 40 8 26 14 40 13 0 0 0 8 14 0 57 0 14 26 49 0 0 0 41 40 0 0 59 22 81 
0 0 0 0 0 136 18 212 0 23 0 7 0 135 17 0 14 1 0 0 0 8 0 0 8 10 0 0 0 0 0 0 
145 0 0 0 0 0 0 1 0 0 0 0 61 0 0 0 0 0 183 0 0 0 0 0 0 0 0 35 0 0 0 0 
0 260 0 7 31 0 15 119 13 0 0 0 0 14 0 10 117 7 120 10 120 8 6 322 13 0 0 126 258 0 0 0 
0 5 36 33 17 0 9 10 0 0 0 3 0 0 173 0 5 4 0 0 2 0 0 0 0 0 0 69 0 0 2 11 
11 0 0 11 0 0 0 27 0 11 104 22 0 0 0 0 0 0 0 0 0 13 0 2 53 119 0 0 53 0 0 20 
0 0 0 0 0 0 0 0 0 0 0 0 0 0 0 0 0 0 0 10 95 0 0 0 0 0 204 64 0 0 0 0 
0 0 0 5 0 0 0 0 0 0 0 5 19 0 0 0 0 0 0 0 0 0 0 4 0 18 0 0 0 0 21 40 
0 0 0 0 0 0 0 0 0 14 22 13 15 0 0 0 13 0 0 0 0 13 24 0 0 0 0 13 13 0 0 13 
0 16 0 45 0 0 0 0 0 0 109 0 0 0 0 0 0 0 0 0 0 0 0 0 0 0 0 0 86 0 0 2 
0 103 0 0 0 0 0 0 0 0 0 37 38 38 0 0 52 0 38 0 40 0 94 0 0 39 39 15 0 0 0 20 
0 0 0 0 0 14 59 0 15 0 0 0 0 0 0 10 0 0 0 0 0 0 0 0 6 15 0 11 0 15 0 0 
0 0 0 0 0 0 0 0 0 5 0 85 0 0 0 0 0 0 0 0 1 0 0 0 0 0 0 0 0 0 34 0 
0 0 0 0 0 0 0 0 0 8 0 0 0 0 0 0 0 0 0 0 0 0 0 0 0 0 0 0 1 0 0 121 
26 0 0 11 1 11 11 0 1 27 11 217 0 0 11 0 0 29 21 0 11 0 1 80 11 31 1 17 17 31 0 99 
33 0 35 35 35 96 64 35 35 37 46 68 42 0 35 0 0 0 67 100 69 35 0 34 0 35 35 102 0 0 0 3 
49 0 0 0 0 91 0 9 53 0 0 0 17 7 0 53 0 0 0 9 0 151 0 9 8 0 0 0 0 0 17 0 
171 4 51 0 81 10 9 258 0 0 0 103 48 5 0 0 47 97 0 8 97 0 0 0 0 9 0 0 31 11 50 0 
4 0 0 13 0 7 0 0 22 7 0 0 6 0 9 0 0 0 0 0 0 6 0 0 0 5 7 0 0 0 7 276 
0 0 59 110 0 0 0 56 0 0 0 58 55 0 0 0 65 3 0 8 13 7 94 0 57 3 9 0 57 9 6 72 
10 11 23 0 0 2 14 2 18 3 0 0 0 0 0 11 0 7 9 0 0 0 0 0 0 0 2 24 167 10 14 0 
6 8 2 0 12 0 0 0 24 13 0 16 0 5 0 14 0 0 5 0 0 8 2 2 0 0 3 0 11 9 13 0 
0 2 0 39 0 2 1 0 0 42 0 53 20 19 0 42 41 41 41 0 0 0 82 1 0 0 52 0 0 97 44 0 
17 20 0 0 20 0 12 6 0 0 54 0 2 0 20 12 16 0 0 5 0 0 0 0 0 0 0 0 0 22 0 0 
0 60 16 52 51 76 0 93 0 48 125 32 90 28 0 0 0 56 0 64 79 140 54 140 71 0 60 17 53 64 50 100 
21 6 27 40 24 0 7 0 0 0 22 0 0 54 0 24 0 7 0 23 0 25 0 0 0 0 0 0 7 53 0 0 
0 0 0 0 0 0 0 36 0 101 0 21 0 20 0 0 0 49 15 0 18 13 125 0 20 40 20 20 61 62 61 46 
6 0 0 0 0 0 0 0 0 21 0 108 0 12 0 0 0 0 11 0 4 0 0 1 2 49 0 0 0 1 170 0 
0 6 0 27 1 0 0 0 0 223 8 0 0 0 0 0 0 0 6 8 0 0 8 0 0 0 8 0 115 0 0 0 
0 0 0 0 0 0 0 0 0 0 6 0 121 0 53 0 0 0 0 0 0 1 0 5 0 0 2 0 0 23 0 0 
11 13 6 21 0 0 0 8 0 35 8 0 9 13 0 12 112 21 0 8 15 8 13 0 13 119 10 13 9 8 44 30 
0 0 0 0 0 0 0 11 0 44 0 0 0 0 0 0 0 0 0 0 0 0 0 0 0 0 0 0 0 54 64 0 
0 0 0 0 0 0 0 0 89 73 14 28 87 0 78 0 0 73 74 12 0 0 10 13 0 87 10 0 74 8 15 28 
0 0 0 1 115 0 0 118 0 0 0 0 0 1 1 0 0 0 0 1 0 0 0 7 6 0 0 40 90 2 0 0 
39 0 0 8 21 8 0 0 9 8 0 20 0 0 0 0 0 0 10 3 0 139 22 0 0 0 0 0 0 0 0 9 
0 0 0 0 70 0 0 0 0 0 0 187 0 0 0 12 0 0 0 0 0 0 0 221 0 0 0 0 109 12 272 109 
0 34 0 0 0 0 0 0 0 0 0 0 0 0 0 0 0 0 0 2 0 0 0 0 0 0 8 0 0 0 0 18 
0 0 0 0 0 0 0 111 0 0 0 0 0 0 0 0 0 0 0 5 0 0 0 22 0 0 0 0 0 2 0 0 
0 0 25 119 104 1 5 1 1 0 0 104 0 0 7 0 1 16 0 101 0 109 110 0 5 0 203 1 0 0 124 104 
0 8 0 8 71 8 16 0 0 9 0 0 0 0 0 8 0 0 60 0 8 0 8 10 0 3 0 9 9 0 0 9 
50 0 0 0 0 0 2 50 52 0 52 51 0 0 0 55 16 0 0 136 65 107 0 50 9 0 25 0 0 50 59 10 
1 9 0 9 0 10 0 9 42 42 9 120 0 9 184 39 9 0 16 20 7 0 16 26 0 7 31 0 39 0 80 0 
16 361 0 76 64 104 0 0 5 0 40 17 44 17 0 166 9 0 17 79 45 133 106 190 41 17 41 8 0 60 0 239 
0 1 1 0 7 0 0 5 0 0 2 0 0 0 0 1 3 0 0 3 2 1 0 2 2 1 4 0 0 7 0 0 
18 0 0 39 0 0 1 51 26 266 0 97 57 44 0 268 159 155 236 0 315 113 137 169 0 0 50 401 40 8 1 0 
11 0 12 0 12 0 0 11 0 0 0 12 0 0 0 0 0 0 0 0 0 0 0 0 12 0 0 0 12 0 0 3 
0 0 0 0 57 12 0 0 0 0 0 0 0 62 15 73 0 0 6 6 0 7 39 0 0 0 0 0 0 0 18 0 
3 0 0 2 90 18 0 15 11 0 0 3 0 0 3 0 44 5 8 10 0 0 8 0 41 0 1 0 4 4 1 40 
0 0 0 0 0 0 0 0 0 0 6 0 0 0 0 0 0 7 0 58 0 0 0 0 0 0 0 0 0 0 69 8 
0 0 0 6 0 0 2 0 0 0 0 0 0 0 0 0 0 0 6 7 0 0 0 0 0 0 0 0 0 13 0 0 
9 0 21 0 0 0 0 0 0 0 0 0 7 0 7 0 0 0 202 0 12 0 194 25 0 14 0 12 0 8 0 0 
0 0 0 109 0 13 11 0 28 0 0 0 0 0 0 10 0 0 18 15 0 0 0 0 18 10 25 0 10 0 0 0 
8 9 0 143 9 77 14 0 0 0 2 147 74 2 0 0 76 0 5 28 15 0 9 0 6 0 0 0 13 30 5 0 
13 7 0 0 36 0 37 0 7 0 0 7 0 73 7 7 36 0 37 0 36 0 36 70 36 0 13 0 35 35 0 0 
0 1 0 1 0 0 0 0 0 0 0 189 0 0 0 0 0 0 0 4 0 132 1 0 3 2 0 1 0 6 2 0 
10 10 0 10 0 11 196 231 0 0 0 0 0 11 20 0 0 0 0 0 0 0 0 11 0 0 11 0 0 11 0 0 
0 147 60 30 0 0 11 0 12 0 6 0 0 0 31 0 31 12 104 16 0 0 0 0 0 0 36 0 0 242 0 119 
0 1 2 7 0 42 8 50 0 0 7 1 1 0 1 2 0 0 0 0 0 0 11 7 0 0 6 0 0 0 6 0 
0 0 0 0 0 17 0 0 146 0 157 0 0 0 0 0 148 0 0 148 0 0 0 0 0 0 0 0 148 0 164 0 
0 0 0 0 0 0 7 0 0 0 39 0 0 0 0 11 7 0 0 3 7 0 0 88 0 47 7 0 34 0 7 7 
0 0 45 0 0 86 0 46 0 0 0 0 0 65 0 38 0 46 0 45 44 0 88 0 0 46 0 0 43 0 113 86 
0 19 53 0 0 0 50 49 19 0 0 47 0 0 75 50 0 0 0 0 0 0 140 0 0 76 6 0 14 95 0 101 
0 0 0 0 0 0 0 0 0 0 0 0 0 9 0 5 0 0 0 0 0 0 0 0 0 0 0 0 0 19 0 269 
0 0 0 0 0 0 0 0 0 0 0 0 0 0 0 0 0 0 0 0 0 0 28 52 0 0 29 0 0 0 0 0 
0 0 14 0 0 0 0 0 0 0 0 0 0 26 0 0 0 14 0 66 0 0 20 0 14 0 6 0 0 0 0 0 
175 14 3 0 3 0 0 57 91 0 8 3 9 0 93 40 41 139 0 2 53 21 0 0 13 63 3 48 13 0 22 15 
0 27 0 0 0 0 0 0 0 0 0 0 0 0 21 27 0 27 53 0 0 0 0 0 0 0 0 0 0 0 27 0 
0 0 20 0 1 1 0 0 1 0 120 9 0 0 23 0 0 15 0 0 12 0 216 12 0 12 12 2 0 50 0 0 
0 115 0 197 27 0 0 0 0 0 0 0 5 28 0 202 0 0 0 0 0 22 8 82 21 0 14 0 7 0 14 185 
0 0 0 0 17 0 0 0 15 66 15 15 67 0 83 0 0 210 16 16 0 0 0 16 0 0 0 0 80 0 123 0 
0 48 0 0 16 5 0 15 0 0 0 0 0 0 0 1 53 9 0 4 0 4 0 8 136 25 0 120 2 1 8 0 
0 0 0 0 0 0 0 0 0 0 0 0 0 0 0 0 0 0 0 0 0 0 0 0 0 0 0 0 18 0 0 0 
13 0 14 0 14 4 0 0 0 0 0 0 14 13 0 0 0 38 2 2 0 0 14 0 0 0 0 4 0 15 0 0 
5 0 0 0 1 4 14 4 0 0 14 0 0 0 35 0 0 0 4 0 3 0 0 0 32 1 1 0 2 7 7 6 
90 0 0 90 0 9 87 7 0 101 0 92 8 16 0 0 0 44 0 91 82 97 0 44 105 0 91 91 189 0 0 8 
10 0 0 11 11 168 5 0 11 0 11 12 0 0 0 11 11 155 0 177 0 0 0 0 0 0 11 0 0 22 11 0 
0 0 0 1 30 131 0 0 0 4 2 0 0 0 0 2 15 0 15 2 0 1 1 15 2 0 34 1 16 0 1 2 
5 0 31 98 0 0 0 33 11 0 78 0 9 0 0 9 0 9 8 61 0 0 0 0 62 8 18 0 2 10 0 75 
0 45 2 0 0 4 0 0 0 0 12 0 0 15 0 0 0 0 0 0 0 13 8 0 0 0 0 6 0 54 0 0 
34 0 49 0 53 0 0 162 22 0 120 64 0 0 55 0 19 4 33 21 15 33 19 0 0 0 0 127 0 57 0 56 
64 0 0 0 5 14 66 0 0 0 0 0 0 0 4 0 11 0 0 0 10 70 53 0 6 29 0 0 69 0 0 69 
0 0 30 0 0 0 30 0 0 0 14 21 0 36 148 0 0 29 206 0 0 15 52 0 49 40 0 20 29 57 30 2 
22 42 0 0 34 0 0 38 0 0 42 0 23 34 0 22 6 41 23 11 0 0 11 24 23 24 0 34 0 33 10 42 
130 0 0 0 133 0 130 0 0 0 0 131 130 0 0 0 135 132 0 0 0 0 0 129 0 0 176 0 0 0 0 0 
99 0 0 25 0 5 0 0 0 0 5 0 0 0 1 0 164 0 38 1 10 0 0 190 0 0 6 0 5 0 5 0 
0 0 0 0 74 74 0 0 0 0 0 0 0 0 9 47 69 0 0 0 19 59 144 35 22 72 0 0 227 0 62 95 
16 0 0 23 17 32 0 0 0 0 17 0 17 0 0 0 17 14 37 31 0 0 17 0 0 0 0 0 21 16 17 53 
0 0 0 0 52 0 194 0 7 0 0 0 348 0 0 6 7 6 0 0 52 0 7 0 0 0 0 25 0 0 0 39 
0 0 0 0 220 0 0 0 0 0 0 0 0 116 0 0 18 0 0 0 0 15 116 0 10 0 17 102 0 32 0 30 
0 0 0 0 0 14 0 0 0 0 0 0 0 0 0 0 0 0 0 0 0 0 0 0 0 0 0 0 0 0 0 87 
23 0 0 0 139 343 0 45 105 213 0 99 108 275 155 0 137 0 48 450 95 86 64 59 59 122 285 297 68 276 0 474 
0 0 0 4 7 0 0 0 0 0 0 4 0 0 0 0 0 0 6 0 8 0 0 6 0 0 0 4 0 0 0 0 
0 0 0 0 0 154 0 12 0 0 178 14 0 0 0 0 0 0 0 6 0 0 0 0 0 0 7 0 0 0 9 269 
0 0 33 0 0 0 0 0 0 36 1 0 0 0 0 0 0 0 0 0 6 8 0 0 0 0 0 7 33 0 0 51 
51 0 0 0 50 5 1 2 0 0 6 97 0 1 211 2 96 132 7 3 93 0 93 126 3 58 0 4 0 100 49 25 
10 0 196 0 0 0 17 4 0 0 0 0 0 0 2 0 0 1 0 0 0 0 0 0 0 0 0 29 0 0 0 85 
3 2 2 2 8 198 11 0 2 36 0 6 136 0 2 2 3 3 8 2 4 0 5 0 8 2 5 2 7 0 21 0 
0 0 0 0 9 0 0 0 0 9 0 9 0 10 0 0 11 0 0 12 0 0 0 9 0 0 13 0 9 12 11 269 
219 0 1 0 177 0 28 3 23 32 116 99 190 0 180 224 0 164 397 0 182 95 0 1 42 0 0 439 0 0 178 189 
3 0 0 0 3 0 0 1 22 13 0 7 0 6 7 0 1 8 14 0 10 0 0 1 0 0 6 0 3 7 0 83 
0 84 0 0 78 0 17 1 0 82 19 0 0 0 0 3 0 210 0 1 286 0 85 0 0 95 0 4 1 1 0 1 
0 3 0 0 15 0 0 0 126 11 0 0 72 0 0 0 4 0 0 4 0 0 0 11 38 0 4 0 0 6 0 0 
34 0 63 29 37 0 20 8 68 0 69 1 35 22 0 15 57 10 3 7 8 25 0 0 0 75 22 53 21 34 44 0 
0 13 0 0 13 20 13 0 0 0 13 12 5 0 14 0 0 0 93 0 0 0 14 20 0 0 0 2 15 0 0 0 
0 0 223 184 0 4 0 3 0 0 17 372 0 0 0 367 42 0 0 383 0 0 9 0 0 0 0 0 141 0 24 7 
0 1 0 0 0 45 0 0 0 43 0 3 17 7 46 18 44 45 45 0 0 1 5 0 21 0 82 60 1 4 0 3 
0 0 0 0 115 0 0 0 0 0 0 0 0 0 0 0 0 0 0 8 0 0 0 0 0 2 0 0 82 0 42 0 
0 9 10 0 0 0 0 93 0 0 0 0 57 0 0 27 53 0 0 0 20 1 0 27 27 0 0 18 88 10 26 76 
25 2 0 0 0 7 0 0 0 0 0 0 0 0 0 0 0 0 0 0 0 0 0 0 0 0 130 0 0 0 0 128 
25 24 0 0 0 49 4 23 0 3 20 22 0 23 3 3 24 4 24 7 8 0 20 3 31 0 19 47 2 0 0 21 
30 12 0 0 0 0 0 174 0 31 4 0 8 0 0 0 0 0 0 0 0 16 0 0 0 0 78 0 0 0 58 30 
0 4 0 0 0 0 0 0 0 35 0 0 0 0 0 0 0 185 188 0 0 0 0 186 0 0 188 0 0 0 197 182 
4 79 0 0 0 0 82 79 0 82 0 0 0 0 81 81 0 0 0 0 0 0 81 0 96 0 0 80 0 82 0 0 
0 0 0 4 0 0 10 11 10 15 0 0 0 0 0 10 0 0 0 0 6 10 0 0 14 0 0 10 0 11 7 0 
15 0 0 15 0 0 0 0 77 0 0 0 0 68 70 0 0 71 0 25 0 0 26 0 97 96 9 158 27 0 179 58 
0 0 19 0 24 103 173 27 27 27 41 90 52 93 0 100 21 36 95 19 0 41 45 0 128 8 100 36 41 88 0 132 
34 0 0 0 0 35 0 35 0 0 0 0 0 0 35 36 48 37 0 0 0 0 0 7 0 0 101 0 0 0 35 0 
22 51 13 0 0 0 0 17 0 51 97 0 0 0 0 13 0 68 54 0 0 53 0 0 52 0 12 13 46 17 0 0 
0 0 0 0 0 0 0 0 0 0 0 0 0 0 0 0 0 0 0 0 0 0 0 0 0 0 0 0 0 0 0 0 
8 37 55 0 0 0 0 0 0 0 0 0 217 0 0 0 0 0 0 0 0 119 12 0 0 0 0 0 0 0 0 0 
0 0 141 0 0 0 0 0 0 0 0 0 0 0 0 0 0 29 21 0 0 0 0 0 5 0 0 0 0 0 0 13 
2 3 70 0 2 24 0 0 1 162 2 19 0 0 50 0 0 0 46 3 103 3 240 0 0 0 4 0 6 24 0 57 
0 0 0 0 0 0 73 0 7 14 125 0 0 0 26 4 0 0 161 0 13 0 5 11 0 0 96 0 0 14 0 0 
0 0 0 0 0 0 163 0 2 3 2 0 0 0 0 2 0 0 0 0 0 0 0 2 0 0 0 0 0 0 6 0 
0 40 0 0 0 0 0 44 0 0 0 0 203 69 0 0 41 0 0 10 0 0 0 69 39 39 0 0 67 0 205 34 
1 2 0 2 39 26 0 2 54 56 0 0 2 215 0 38 0 57 256 0 40 0 23 0 6 50 50 124 0 0 24 16 
116 0 0 2 0 0 0 0 80 0 63 63 0 0 0 0 0 60 0 0 0 0 0 0 21 3 0 19 167 62 15 63 
0 5 0 0 0 1 0 0 0 0 0 2 0 0 3 2 0 0 0 3 0 0 0 0 3 107 3 0 0 44 43 27 
9 9 129 53 120 0 58 0 8 0 7 8 0 0 0 12 191 217 63 3 182 7 0 14 9 59 56 34 3 99 0 7 
0 0 0 0 0 0 0 0 0 0 0 74 61 0 0 22 0 60 0 0 0 0 0 0 0 0 0 0 0 0 59 0 
13 15 0 14 0 0 14 0 14 0 14 0 0 15 0 0 10 0 0 0 44 0 0 12 0 12 26 14 0 26 0 40 
0 0 0 24 47 0 11 0 0 0 0 0 0 8 0 0 0 0 0 5 0 0 44 4 0 5 0 0 0 15 5 0 
0 0 0 0 0 0 0 8 23 0 0 0 0 0 0 0 0 0 0 4 0 0 0 0 0 0 0 0 0 0 0 0 
0 0 0 0 0 0 0 0 46 52 0 0 0 0 0 54 57 0 0 0 6 0 0 0 0 0 65 57 54 5 56 108 
87 0 0 0 0 171 0 87 0 0 0 0 0 0 0 0 86 0 6 2 0 175 0 0 0 0 0 0 0 16 86 0 
0 0 0 0 0 0 0 0 0 0 0 0 0 0 1 2 0 0 0 0 0 9 6 0 0 0 0 0 0 3 0 0 
0 0 0 0 0 0 0 0 0 0 0 0 0 0 0 0 0 0 0 0 0 0 99 19 0 0 0 0 0 0 0 35 
0 1 0 31 33 49 57 35 185 2 0 34 16 0 1 54 43 0 208 2 16 0 0 0 0 62 0 35 43 2 45 0 
41 73 82 28 82 0 1 0 73 18 18 0 30 8 82 1 71 17 17 0 29 34 0 144 17 102 71 27 0 20 8 73 
0 18 29 94 5 5 0 0 0 0 0 28 114 0 58 0 0 0 0 0 0 0 32 5 0 0 0 0 0 0 9 0 
0 0 0 0 0 0 0 0 0 0 0 0 0 0 0 43 0 0 0 20 0 0 0 0 0 0 0 0 0 0 0 0 
0 0 0 0 0 0 61 27 164 50 0 26 0 0 0 26 4 0 0 0 0 0 0 0 0 28 0 26 0 0 4 48 
0 0 7 0 0 7 0 7 0 0 42 0 0 0 42 74 37 0 212 0 0 0 0 1 0 0 0 0 38 0 0 0 
17 0 0 0 0 11 0 0 0 11 0 0 0 121 0 0 0 0 0 0 0 0 0 1 0 2 0 9 1 0 0 0 
0 0 0 0 0 0 0 0 0 0 2 0 0 0 0 15 0 0 38 0 0 0 0 0 0 0 0 0 2 63 0 0 
0 0 0 0 0 0 0 0 0 0 0 0 0 0 0 0 10 0 0 0 0 0 0 0 0 28 0 0 0 0 28 25 
0 0 0 0 54 8 0 74 7 79 0 0 0 14 69 0 81 0 17 53 5 5 0 50 0 0 0 8 132 8 93 0 
59 0 0 0 0 202 70 8 8 0 0 8 158 0 0 62 0 68 0 60 0 8 0 0 0 0 0 8 0 0 0 0 
15 6 13 0 0 10 2 150 4 0 83 274 10 3 24 5 2 85 86 104 0 8 0 11 38 0 0 74 10 262 0 34 
0 0 7 0 0 12 0 0 0 0 7 0 0 0 0 0 0 0 0 0 0 0 7 0 0 0 0 0 0 8 0 7 
0 0 0 0 14 0 0 14 111 29 0 136 0 0 118 0 0 0 0 27 155 28 138 26 139 0 0 129 0 161 138 0 
8 5 4 60 3 268 133 133 134 0 3 0 7 0 5 3 138 0 38 1 3 6 141 0 3 221 25 31 0 138 31 0 
0 0 0 1 0 105 0 0 0 0 0 0 6 0 2 0 132 0 0 0 0 1 5 2 65 71 0 0 1 3 0 0 
0 96 53 0 0 98 361 0 3 0 1 97 98 12 0 0 99 6 0 0 0 99 6 0 0 341 0 0 2 0 98 100 
2 8 2 0 0 0 1 0 1 115 2 0 0 6 1 183 78 2 0 103 0 1 0 0 66 0 1 7 5 3 1 100 
0 0 0 0 0 0 0 0 0 0 0 0 0 0 0 0 0 0 0 1 0 0 0 0 1 0 2 0 0 0 0 0 
27 17 0 54 0 108 0 0 26 4 0 162 4 20 18 0 0 10 0 0 10 0 0 2 18 30 10 4 0 48 10 47 
116 0 249 123 117 0 5 31 124 110 0 0 0 0 0 0 0 244 0 32 123 108 0 216 112 0 0 5 0 165 5 195 
0 0 0 0 76 0 0 60 0 86 60 0 84 0 4 0 228 0 85 0 0 60 152 2 86 0 0 84 0 96 0 0 
52 40 14 3 0 0 0 3 0 0 0 14 2 0 2 7 0 0 0 30 4 4 0 10 0 52 7 73 43 10 5 66 
0 0 0 4 0 0 27 1 5 0 319 104 0 0 4 238 0 0 0 0 0 0 0 11 0 0 226 0 291 198 306 657 
0 19 0 20 0 0 0 0 19 0 98 0 0 0 0 0 0 100 0 0 0 21 0 21 19 0 0 0 0 19 0 0 
0 13 13 15 2 0 0 14 12 13 11 15 10 10 0 0 0 2 15 23 0 10 210 24 0 15 13 6 0 15 14 0 
0 0 0 0 0 0 0 0 0 0 0 0 121 0 0 0 0 0 8 0 0 1 0 2 0 0 0 19 0 4 0 0 
0 0 0 0 0 24 0 0 0 26 34 0 26 0 0 0 78 7 0 0 0 0 4 24 23 55 1 29 0 24 0 0 
0 0 0 0 0 0 0 0 0 69 0 0 0 0 126 0 0 0 0 0 3 0 0 0 63 0 141 0 57 8 58 260 
10 0 0 39 0 9 27 0 0 0 10 0 0 0 21 0 22 0 0 0 0 0 0 0 0 0 67 10 0 15 21 216 
0 23 0 0 0 0 0 0 0 134 30 30 0 0 156 25 43 0 0 28 22 0 0 0 0 0 0 14 29 0 47 0 
0 0 0 0 10 0 0 0 0 0 221 0 0 0 0 0 0 14 0 0 0 0 15 8 0 0 0 0 6 0 0 0 
0 77 0 40 0 0 0 0 0 0 1 0 0 0 79 0 7 40 0 80 0 0 0 0 0 0 0 0 0 0 0 0 
0 0 0 0 30 0 0 0 57 0 0 0 0 0 0 0 0 0 0 0 20 0 0 0 90 0 0 0 0 18 0 112 
0 0 0 0 0 0 0 0 0 0 0 0 0 0 0 0 0 0 0 0 0 4 0 0 0 0 0 0 0 2 2 146 
10 0 0 0 0 0 0 0 0 0 0 0 0 0 0 20 15 0 0 6 0 11 0 0 11 0 15 0 0 0 0 0 
0 0 0 0 0 0 0 0 0 120 132 0 0 20 176 30 12 0 119 0 0 114 0 0 0 121 118 0 0 153 0 0 
0 0 0 0 0 0 0 0 0 0 0 0 2 0 0 0 0 0 0 0 0 0 0 0 0 0 0 0 0 0 0 0 
0 0 2 0 0 0 9 0 0 0 0 0 0 0 0 0 0 3 0 0 0 3 0 3 0 0 0 0 0 0 3 68 
0 0 52 0 0 0 0 0 0 0 0 0 0 0 0 0 0 0 0 0 0 0 0 0 0 0 0 0 0 0 0 95 
0 0 0 6 0 0 0 0 0 0 0 0 2 4 4 0 0 0 0 0 0 0 2 2 0 0 0 0 3 0 3 0 
2 0 0 0 0 0 0 51 0 0 0 19 0 0 52 0 0 0 0 0 0 50 0 0 156 0 51 52 0 12 0 0 
0 0 2 4 0 74 3 0 5 116 4 45 2 0 2 0 1 52 50 0 0 0 0 0 92 1 6 0 14 1 0 1 
0 6 99 13 0 0 0 5 0 0 9 0 0 0 0 0 0 0 0 116 0 7 39 13 0 19 5 20 52 28 64 150 
0 0 0 0 4 42 0 0 0 0 34 0 0 0 11 113 0 0 44 0 0 0 4 0 26 0 0 0 98 0 0 86 
47 0 66 4 0 0 0 0 0 0 0 0 0 0 0 1 0 0 4 0 34 0 77 57 0 50 0 0 0 36 0 0 
16 8 0 0 0 0 0 0 17 132 0 0 0 98 0 0 0 15 98 47 17 51 79 73 32 0 0 0 0 0 69 0 
3 7 0 0 4 0 0 0 81 7 0 0 0 0 0 0 0 81 1 0 0 7 8 0 0 0 7 0 0 0 4 0 
0 0 86 0 88 0 0 34 0 63 111 0 244 103 114 7 159 78 102 0 0 0 0 0 18 0 198 0 0 1 182 0 
22 0 0 0 0 3 0 0 7 0 18 146 0 0 0 13 0 0 0 13 13 0 0 0 4 6 0 8 106 0 3 4 
0 18 0 0 0 0 22 0 5 0 0 157 0 0 3 0 0 0 0 0 0 0 0 0 11 2 0 0 0 0 0 4 
25 66 0 2 0 0 25 29 60 0 0 0 3 0 63 42 0 0 112 0 0 0 7 0 0 40 0 8 0 6 48 66 
9 21 40 10 2 3 3 0 3 1 117 0 3 0 26 0 2 1 23 4 42 24 1 0 22 15 29 9 14 19 5 0 
1 4 0 3 0 0 3 3 0 11 2 0 2 0 0 0 0 5 6 4 0 0 0 0 0 5 0 238 10 8 0 46 
0 0 0 4 0 0 0 0 0 1 0 0 0 0 1 0 4 0 2 0 0 0 0 0 0 0 0 0 0 0 14 10 
3 0 0 151 0 0 0 0 0 95 105 0 0 0 2 94 2 0 0 0 0 1 0 183 0 37 0 0 0 0 148 0 
0 0 0 70 0 0 0 0 0 0 0 0 0 1 0 0 0 0 0 55 0 0 0 3 0 0 0 0 0 0 0 0 
0 0 22 14 0 0 16 0 18 117 78 182 0 0 13 14 15 0 0 31 0 31 15 0 0 15 28 0 26 15 15 0 
