0 184 149 108 133 79 77 86 66 122 81 105 72 75 122 133 95 84 147 122 117 181 159 117 187 144 164 187 0 0 0 0 
0 140 148 116 162 95 77 95 91 125 109 116 81 106 119 158 101 113 151 141 144 179 179 140 193 187 178 195 0 0 0 0 
0 157 178 157 192 132 104 123 134 177 159 130 118 131 157 188 140 126 173 163 186 233 229 177 279 244 239 246 0 0 0 0 
0 196 195 175 174 123 136 140 144 139 152 174 107 137 158 184 123 167 187 179 187 283 219 187 253 225 238 252 0 0 0 0 
0 199 223 195 223 186 201 193 174 187 196 191 142 173 176 187 257 199 175 213 229 244 231 203 241 242 210 207 0 0 0 0 
0 155 180 164 146 133 148 143 143 120 146 109 68 110 126 98 156 125 92 129 159 116 136 84 150 196 123 108 0 0 0 0 
0 132 218 193 166 163 174 184 143 179 200 149 134 125 150 172 218 168 161 150 185 200 221 213 262 247 212 184 0 0 0 0 
0 236 308 226 213 179 212 195 172 184 183 168 158 170 207 172 240 129 159 149 208 186 166 174 240 260 265 163 0 0 0 0 
0 194 304 250 189 184 154 139 176 217 197 136 158 172 178 221 208 134 205 202 196 204 263 297 298 352 301 267 0 0 0 0 
0 129 154 79 89 67 66 54 77 76 63 43 51 71 71 78 85 64 60 55 106 92 92 86 86 113 80 89 0 0 0 0 
0 63 25 30 23 18 12 22 9 24 14 30 21 24 36 13 17 8 31 16 7 37 43 10 34 12 22 145 0 0 0 0 
0 89 82 73 72 51 65 48 70 50 75 68 37 39 71 88 44 73 55 75 71 104 73 87 62 96 62 66 0 0 0 0 
0 171 165 136 152 129 163 121 140 148 137 237 164 176 192 178 282 173 179 222 234 277 224 249 276 279 221 239 0 0 0 0 
0 166 197 131 126 91 87 89 122 129 113 75 93 109 104 116 127 73 139 136 145 120 165 163 176 215 202 158 0 0 0 0 
0 175 141 71 60 78 71 74 38 89 64 64 43 80 55 51 59 35 42 61 46 50 68 19 53 37 39 67 0 0 0 0 
0 72 86 79 57 56 47 50 59 83 60 70 59 64 71 83 72 44 81 72 56 75 137 112 114 134 110 204 0 0 0 0 
0 202 194 141 147 116 116 117 137 169 148 118 103 148 154 146 175 124 169 165 204 201 198 205 182 252 208 205 0 0 0 0 
0 211 239 132 107 118 104 132 103 146 122 127 87 128 108 102 116 92 99 126 150 137 150 77 123 112 116 97 0 0 0 0 
0 100 95 50 52 47 43 53 35 57 46 50 36 54 44 38 48 29 42 40 48 52 55 24 43 41 29 89 0 0 0 0 
0 158 177 134 132 104 95 90 102 112 91 125 88 97 132 92 106 103 97 112 108 123 120 103 97 103 92 88 0 0 0 0 
0 97 180 130 118 83 108 129 99 146 126 155 89 145 142 137 150 107 102 135 149 163 167 121 140 176 168 153 0 0 0 0 
0 211 200 157 199 146 147 150 149 169 136 117 97 124 130 144 156 134 141 142 160 179 178 121 190 198 168 151 0 0 0 0 
0 161 212 200 150 129 174 164 151 157 152 149 94 166 178 112 205 148 132 150 204 191 168 117 217 204 174 153 0 0 0 0 
0 99 118 101 74 94 79 63 74 97 85 60 63 67 69 90 93 50 90 74 84 76 92 119 122 155 131 109 0 0 0 0 
0 61 73 70 39 34 39 27 30 20 14 43 16 49 45 26 18 34 27 27 30 45 35 22 24 36 47 47 0 0 0 0 
0 98 60 64 57 61 57 57 46 62 46 80 52 61 64 64 85 67 60 100 66 113 76 123 91 101 94 77 0 0 0 0 
0 135 166 143 105 97 102 102 145 164 136 141 105 135 152 183 138 109 191 171 137 150 235 231 186 250 261 344 0 0 0 0 
0 164 142 43 66 49 56 60 80 60 78 47 62 64 64 73 88 48 60 71 121 78 94 54 99 90 96 96 0 0 0 0 
0 270 231 141 158 121 101 116 96 127 99 115 61 92 88 74 89 72 62 103 88 112 102 63 80 66 79 63 0 0 0 0 
0 216 276 206 161 171 143 138 164 183 128 94 144 139 138 155 146 114 145 135 149 156 172 187 188 243 182 151 0 0 0 0 
0 85 118 101 75 67 64 66 70 80 80 82 68 108 91 105 94 66 100 88 79 95 120 143 131 170 157 141 0 0 0 0 
0 72 59 71 49 54 34 46 31 50 45 37 31 56 39 28 51 50 29 47 40 47 37 48 49 63 65 28 0 0 0 0 
0 135 133 87 95 60 77 85 80 95 119 104 109 88 95 88 93 94 82 106 100 144 84 91 113 97 83 81 0 0 0 0 
0 108 135 98 82 69 68 68 102 105 107 75 87 100 115 123 123 89 170 123 138 94 127 178 135 202 182 262 0 0 0 0 
0 150 121 125 116 66 97 82 87 86 131 124 144 92 113 122 76 116 92 81 102 222 99 103 124 107 96 86 0 0 0 0 
0 174 252 209 173 144 155 130 173 191 216 186 186 198 218 221 191 176 259 210 197 211 241 252 216 284 264 348 0 0 0 0 
0 287 251 244 219 141 198 129 165 202 288 260 327 148 206 258 113 214 219 147 209 398 196 227 185 217 181 175 0 0 0 0 
0 89 109 80 71 68 75 53 84 86 93 81 78 105 91 105 94 84 145 106 107 84 149 147 127 177 153 201 0 0 0 0 
0 122 108 113 131 79 93 67 107 82 113 104 70 105 118 118 95 123 139 100 143 168 141 113 145 137 130 159 0 0 0 0 
0 298 211 323 263 240 202 208 163 197 201 171 150 131 206 137 213 170 163 142 187 179 193 107 217 261 253 140 0 0 0 0 
0 300 386 255 260 208 204 185 141 202 194 157 143 148 226 146 203 125 141 127 173 194 168 121 157 179 216 135 0 0 0 0 
0 104 111 85 87 60 81 85 80 87 75 111 57 96 114 78 102 76 89 97 109 144 92 111 124 116 104 110 0 0 0 0 
0 139 124 119 80 57 81 57 50 72 60 62 47 99 61 50 63 50 90 71 99 106 120 107 116 133 102 147 0 0 0 0 
0 75 59 43 50 31 48 32 45 36 51 32 35 40 46 24 46 40 46 29 53 68 48 35 50 53 53 47 0 0 0 0 
0 101 115 168 157 83 124 91 95 111 113 128 74 158 119 121 137 124 198 103 155 191 143 188 185 165 187 156 0 0 0 0 
0 103 137 89 82 65 61 59 65 102 52 55 73 68 46 66 62 39 53 76 61 69 88 93 116 137 108 73 0 0 0 0 
0 87 89 55 66 48 45 47 49 62 48 68 38 76 46 61 80 51 68 90 103 96 104 78 101 88 95 96 0 0 0 0 
0 81 65 45 84 62 42 42 60 51 55 65 61 56 58 71 84 58 59 90 69 82 71 112 87 105 109 72 0 0 0 0 
0 108 121 88 80 69 67 47 86 84 89 64 70 93 95 102 96 70 136 101 105 78 120 144 99 156 128 192 0 0 0 0 
0 126 80 121 88 70 75 65 73 71 100 94 98 56 77 98 48 85 69 61 80 135 73 65 71 89 60 60 0 0 0 0 
0 56 55 32 47 33 44 48 31 47 37 61 42 54 55 44 70 48 47 56 66 65 61 54 74 79 56 59 0 0 0 0 
0 47 54 79 66 35 59 74 13 32 8 24 33 40 29 39 65 18 65 11 21 37 28 71 28 31 45 27 0 0 0 0 
0 51 63 52 42 16 52 36 34 30 20 58 33 46 26 27 38 33 43 35 46 39 36 34 42 50 30 49 0 0 0 0 
0 58 86 50 69 36 43 48 39 81 40 36 30 49 27 37 72 43 41 76 63 88 86 71 54 70 63 82 0 0 0 0 
0 71 47 39 51 40 36 25 33 45 54 59 33 41 40 44 62 45 66 67 44 61 58 66 82 86 70 73 0 0 0 0 
0 39 23 25 64 12 23 77 44 19 17 22 21 42 32 17 39 22 38 9 7 43 34 42 9 37 30 16 0 0 0 0 
0 51 72 48 56 19 52 47 26 24 12 92 23 52 19 45 41 30 54 25 30 40 39 52 25 31 39 39 0 0 0 0 
0 64 78 56 61 55 49 39 43 41 47 58 39 50 49 58 66 59 40 59 72 100 75 80 70 88 66 55 0 0 0 0 
0 48 22 24 34 4 19 50 35 12 14 29 13 31 17 30 22 12 17 7 9 28 31 12 5 23 14 7 0 0 0 0 
0 77 69 63 71 60 68 63 49 44 25 71 48 61 53 68 65 47 41 49 80 72 80 60 71 93 75 79 0 0 0 0 
0 145 170 128 139 100 107 105 108 140 111 175 123 154 160 138 195 135 147 188 182 203 193 196 208 231 190 182 0 0 0 0 
0 68 27 37 81 52 46 75 38 48 34 37 34 52 55 44 76 71 52 34 60 51 37 32 74 37 31 72 0 0 0 0 
0 67 64 48 57 30 26 20 24 16 21 36 10 13 30 17 15 20 21 29 30 36 15 8 10 17 29 19 0 0 0 0 
0 147 112 65 87 53 45 46 46 47 39 43 26 28 46 26 35 19 29 37 49 38 49 14 43 29 41 47 0 0 0 0 
0 91 87 52 76 40 24 48 58 33 39 41 26 45 36 48 26 19 44 29 33 61 51 36 43 41 39 62 0 0 0 0 
0 167 170 159 127 126 129 114 154 174 146 208 135 156 194 216 225 167 258 232 219 197 220 300 252 280 304 381 0 0 0 0 
0 275 299 208 194 147 154 139 153 203 256 218 252 167 202 252 115 218 201 174 211 333 186 232 251 222 225 195 0 0 0 0 
0 164 201 142 125 123 144 81 156 155 211 122 166 188 177 178 182 129 243 206 168 120 238 248 170 245 217 311 0 0 0 0 
0 57 53 33 40 28 26 24 32 24 29 34 32 17 45 25 16 26 28 29 42 38 41 32 54 42 50 45 0 0 0 0 
0 310 295 197 366 240 220 240 193 196 255 206 203 142 251 184 307 175 194 111 249 229 180 126 215 213 330 201 0 0 0 0 
0 179 162 140 143 89 160 106 91 90 113 116 86 118 134 95 129 92 124 95 141 176 140 115 152 162 174 165 0 0 0 0 
0 82 38 28 70 22 42 50 33 36 38 52 55 65 78 43 59 47 65 41 63 90 81 55 96 76 73 66 0 0 0 0 
0 77 47 23 49 28 26 28 42 46 38 42 29 56 20 34 47 32 62 40 53 36 64 70 60 81 77 52 0 0 0 0 
0 53 33 38 52 20 39 34 23 41 16 44 35 58 33 21 33 13 17 27 26 32 40 28 21 38 27 22 0 0 0 0 
0 18 12 2 4 5 8 2 3 15 1 7 4 11 5 4 8 12 2 7 2 12 10 7 5 9 6 10 0 0 0 0 
0 112 99 79 101 79 92 73 62 69 83 69 91 80 94 62 106 54 61 57 86 102 67 57 103 104 121 83 0 0 0 0 
0 79 61 24 59 21 20 24 31 49 47 22 20 20 19 28 57 25 55 54 62 55 41 24 63 50 61 45 0 0 0 0 
0 65 27 26 36 12 14 22 15 21 35 29 23 32 30 18 36 28 31 28 28 39 32 26 33 53 32 30 0 0 0 0 
0 35 21 33 64 24 36 54 12 35 6 31 25 35 31 32 44 13 37 16 13 54 52 77 30 56 52 32 0 0 0 0 
0 61 51 48 60 43 48 67 43 52 38 78 52 52 50 57 93 83 71 57 80 90 91 82 92 102 66 94 0 0 0 0 
0 95 59 57 39 37 37 40 24 29 32 34 19 32 45 20 33 28 25 13 64 40 29 15 48 35 34 34 0 0 0 0 
0 76 107 77 87 47 50 73 70 68 55 79 55 80 77 83 81 65 67 77 83 94 98 83 93 87 77 102 0 0 0 0 
0 167 203 132 107 94 86 85 92 136 148 128 123 114 117 144 95 121 118 125 128 164 122 140 156 146 153 147 0 0 0 0 
0 33 37 25 19 21 27 15 34 29 35 27 26 36 31 42 37 26 60 37 34 26 46 47 33 45 39 66 0 0 0 0 
0 177 172 119 162 118 137 107 75 91 117 82 106 75 141 93 131 70 102 71 117 114 90 108 108 126 211 98 0 0 0 0 
0 23 26 13 22 12 17 16 7 16 9 25 20 29 17 20 25 18 19 16 25 23 46 22 32 28 22 28 0 0 0 0 
0 14 23 27 12 6 16 25 14 17 17 12 17 18 12 10 17 10 31 9 23 19 9 25 17 21 12 19 0 0 0 0 
0 105 73 43 66 48 49 46 38 56 43 29 25 32 43 31 44 29 36 31 19 40 41 32 30 45 47 21 0 0 0 0 
0 108 123 103 144 92 85 140 113 84 98 91 60 105 82 90 116 78 99 67 92 143 101 80 112 80 122 103 0 0 0 0 
0 24 9 4 7 11 9 4 5 5 2 4 3 1 6 3 6 4 5 6 5 8 4 2 6 6 1 3 0 0 0 0 
0 16 24 25 19 10 15 15 7 28 9 6 4 17 6 9 9 7 23 11 8 22 9 18 16 22 12 11 0 0 0 0 
0 74 57 50 35 42 36 37 57 52 66 48 29 48 64 60 56 55 69 41 44 54 84 63 71 100 109 110 0 0 0 0 
0 40 76 50 31 16 36 53 49 33 18 16 17 27 32 20 33 22 22 24 36 24 16 13 31 26 18 4 0 0 0 0 
0 83 95 98 47 78 58 62 97 87 63 96 57 81 103 113 73 87 111 97 104 113 155 143 124 170 167 285 0 0 0 0 
0 272 236 160 153 122 97 77 98 126 81 94 61 92 89 85 81 44 91 91 97 84 113 91 85 107 103 112 0 0 0 0 
0 14 12 11 7 5 2 0 2 12 4 10 0 6 9 6 15 9 7 10 5 8 3 0 3 5 7 2 0 0 0 0 
0 52 49 38 33 26 32 29 42 41 41 39 31 42 54 58 53 40 77 50 50 36 67 63 56 76 82 117 0 0 0 0 
0 101 144 96 73 66 61 75 66 90 115 100 96 98 78 118 54 101 78 87 102 154 109 104 122 104 109 80 0 0 0 0 
3 187 202 195 181 163 118 141 114 160 131 109 98 108 130 139 139 127 137 123 148 167 147 127 169 202 204 165 0 0 0 0 
0 59 89 51 37 45 42 34 32 43 30 28 35 53 73 22 41 28 22 12 17 41 19 27 17 18 11 10 0 0 0 0 
0 59 38 21 32 19 14 9 20 40 13 12 21 35 14 10 29 18 19 17 34 20 28 32 45 106 55 17 0 0 0 0 
0 121 79 63 87 74 68 57 79 61 74 68 41 80 68 50 82 67 77 63 79 107 71 81 97 76 87 102 0 0 0 0 
0 140 127 48 116 82 81 68 110 95 95 125 49 225 90 78 150 179 223 73 136 153 119 197 173 109 193 162 0 0 0 0 
0 71 82 35 53 53 38 31 23 42 30 27 29 30 49 47 39 28 51 44 47 40 48 35 56 55 56 48 0 0 0 0 
0 59 38 25 61 46 16 37 30 21 25 11 21 4 16 33 24 17 9 34 13 8 25 38 19 31 67 19 0 0 0 0 
0 31 51 28 39 40 39 24 91 31 58 30 34 46 57 68 48 30 72 50 55 30 83 80 54 71 77 99 0 0 0 0 
0 22 26 12 43 23 29 39 41 12 23 43 20 30 25 24 35 14 18 12 23 25 21 36 20 25 19 19 0 0 0 0 
0 21 22 11 40 10 15 8 9 9 22 28 5 23 10 3 15 15 50 12 12 13 12 22 35 15 29 32 0 0 0 0 
0 9 19 11 61 27 49 79 4 18 3 39 32 41 18 34 70 12 45 4 7 51 37 87 24 41 50 40 0 0 0 0 
0 51 44 31 56 38 38 12 26 21 23 26 11 19 29 43 14 27 28 30 20 39 26 35 33 35 34 37 0 0 0 0 
0 72 59 30 47 17 16 24 19 14 18 29 9 23 32 18 11 16 13 26 33 27 7 7 9 11 22 15 0 0 0 0 
0 141 89 71 118 66 31 28 33 40 25 30 21 45 30 25 14 21 31 43 35 33 46 18 49 46 26 42 0 0 0 0 
0 86 71 74 62 65 45 41 48 60 71 51 74 31 60 56 58 65 40 55 54 93 52 93 78 74 83 59 0 0 0 0 
0 117 108 61 94 44 57 53 68 55 68 54 49 61 80 44 80 42 53 51 90 85 62 54 103 101 101 69 0 0 0 0 
0 114 83 43 68 38 42 57 63 73 35 44 34 78 41 38 54 62 75 58 98 65 85 89 98 92 98 80 0 0 0 0 
0 112 97 80 139 73 95 94 71 71 62 62 87 70 79 53 113 37 55 47 74 75 72 43 67 86 121 54 0 0 0 0 
0 106 42 41 33 10 29 26 14 15 23 18 32 30 11 22 29 22 9 34 10 47 21 12 22 31 24 31 0 0 0 0 
0 102 88 82 55 43 60 81 52 52 57 67 50 67 56 41 78 64 62 69 122 105 83 81 97 109 71 85 0 0 0 0 
0 42 48 53 18 33 18 11 35 28 18 10 11 43 15 39 3 29 24 39 10 13 48 27 11 46 8 36 0 0 0 0 
0 170 218 114 109 103 107 89 119 154 129 144 110 162 122 174 145 120 153 149 149 135 185 190 176 185 193 243 0 0 0 0 
0 45 32 32 25 29 5 8 21 19 22 8 30 11 18 25 22 16 39 35 25 21 49 41 17 14 27 12 0 0 0 0 
0 81 75 40 42 26 53 59 45 39 42 34 45 54 42 34 51 30 19 25 49 30 33 21 40 49 29 37 0 0 0 0 
0 100 153 136 110 97 106 126 163 155 143 158 126 141 155 202 141 139 226 163 154 131 202 245 168 247 224 396 0 0 0 0 
0 19 30 19 23 8 19 21 36 24 5 5 8 16 13 7 9 10 9 9 6 17 9 8 13 30 44 40 0 0 0 0 
0 99 79 73 85 47 33 42 37 37 17 18 29 28 20 22 24 13 15 14 21 20 31 12 21 21 17 9 0 0 0 0 
