0 0 0 0 0 0 0 0 0 0 0 0 0 0 0 0 0 0 0 0 0 0 0 0 0 0 0 0 0 0 0 0 
0 70 86 10 61 5 1 0 0 0 0 0 0 0 0 0 0 0 0 0 0 0 0 0 0 0 0 0 0 0 0 0 
0 0 0 0 0 0 0 0 0 0 0 0 0 0 0 0 0 0 0 0 0 0 0 0 0 0 0 0 0 0 0 0 
4 18 17 17 134 1 0 0 0 0 0 0 0 0 0 0 0 0 0 0 0 0 0 0 0 0 0 0 0 0 0 0 
4 37 34 26 186 45 0 0 0 0 0 0 0 0 0 0 0 0 0 0 0 0 0 0 0 0 0 0 0 0 0 0 
504 754 1367 945 426 944 399 299 76 688 628 699 362 126 243 60 29 0 0 0 0 0 0 0 0 0 0 0 0 0 0 0 
2 75 75 190 205 46 0 0 0 0 0 0 0 0 0 0 0 0 0 0 0 0 0 0 0 0 0 0 0 0 0 0 
19 174 179 272 318 298 0 0 0 0 0 0 0 0 0 0 0 0 0 0 0 0 0 0 0 0 0 0 0 0 0 0 
0 0 0 0 0 0 0 0 0 0 0 0 0 0 0 0 0 0 0 0 0 0 0 0 0 0 0 0 0 0 0 0 
186 365 209 160 344 109 99 51 53 349 159 193 214 132 60 1 290 11 0 0 0 0 0 0 0 0 0 0 0 0 0 0 
0 0 0 0 0 0 0 0 0 0 0 0 0 0 0 0 0 0 0 0 0 0 0 0 0 0 0 0 0 0 0 0 
0 14 11 6 42 0 0 0 0 0 0 0 0 0 0 0 0 0 0 0 0 0 0 0 0 0 0 0 0 0 0 0 
0 14 11 6 42 0 0 0 0 0 0 0 0 0 0 0 0 0 0 0 0 0 0 0 0 0 0 0 0 0 0 0 
0 186 68 26 70 9 11 7 2 146 2 1 0 0 22 0 0 0 0 0 0 0 0 0 0 0 0 0 0 0 0 0 
0 0 0 0 0 0 0 0 0 0 0 0 0 0 0 0 0 0 0 0 0 0 0 0 0 0 0 0 0 0 0 0 
0 37 133 24 17 4 3 4 51 6 4 85 0 0 0 0 0 0 0 0 0 0 0 0 0 0 0 0 0 0 0 0 
0 145 56 19 10 11 140 6 0 2 1 51 0 0 0 0 0 0 0 0 0 0 0 0 0 0 0 0 0 0 0 0 
0 0 0 0 0 0 0 0 0 0 0 0 0 0 0 0 0 0 0 0 0 0 0 0 0 0 0 0 0 0 0 0 
7 5 15 4 3 6 32 2 1 8 0 1 0 0 14 0 8 0 0 0 0 0 0 0 0 0 0 0 0 0 0 0 
7 4 0 0 4 1 8 0 0 0 2 0 15 0 0 0 0 0 0 0 0 0 0 0 0 0 0 0 0 0 0 0 
0 0 0 0 0 0 0 0 0 0 0 0 0 0 0 0 0 0 0 0 0 0 0 0 0 0 0 0 0 0 0 0 
0 0 0 0 0 0 0 0 0 0 0 0 0 0 0 0 0 0 0 0 0 0 0 0 0 0 0 0 0 0 0 0 
0 0 0 0 0 0 0 0 0 0 0 0 0 0 0 0 0 0 0 0 0 0 0 0 0 0 0 0 0 0 0 0 
0 0 0 0 0 0 0 0 0 0 0 0 0 0 0 0 0 0 0 0 0 0 0 0 0 0 0 0 0 0 0 0 
0 0 0 0 0 0 0 0 0 0 0 0 0 0 0 0 0 0 0 0 0 0 0 0 0 0 0 0 0 0 0 0 
0 14 11 6 42 0 0 0 0 0 0 0 0 0 0 0 0 0 0 0 0 0 0 0 0 0 0 0 0 0 0 0 
0 0 0 0 0 0 0 0 0 0 0 0 0 0 0 0 0 0 0 0 0 0 0 0 0 0 0 0 0 0 0 0 
558 1337 1833 1267 1071 1189 817 508 235 516 770 539 244 129 76 0 0 27 0 0 0 0 0 0 0 0 0 0 0 0 0 0 
0 0 0 0 0 0 0 0 0 0 0 0 0 0 0 0 0 0 0 0 0 0 0 0 0 0 0 0 0 0 0 0 
0 0 0 0 0 0 0 0 0 0 0 0 0 0 0 0 0 0 0 0 0 0 0 0 0 0 0 0 0 0 0 0 
6 0 1 0 0 1 3 0 0 8 0 0 0 1 51 0 0 0 0 0 0 0 0 0 0 0 0 0 0 0 0 0 
7 4 0 0 4 1 8 0 0 0 2 0 15 0 0 0 0 0 0 0 0 0 0 0 0 0 0 0 0 0 0 0 
6 0 1 0 0 1 3 0 0 8 0 0 0 1 51 0 0 0 0 0 0 0 0 0 0 0 0 0 0 0 0 0 
0 0 0 0 0 0 0 0 0 0 0 0 0 0 0 0 0 0 0 0 0 0 0 0 0 0 0 0 0 0 0 0 
0 0 0 0 0 0 0 0 0 0 0 0 0 0 0 0 0 0 0 0 0 0 0 0 0 0 0 0 0 0 0 0 
6 43 24 14 30 19 17 16 3 217 0 0 0 1 51 0 0 0 0 0 0 0 0 0 0 0 0 0 0 0 0 0 
0 0 0 0 0 0 0 0 0 0 0 0 0 0 0 0 0 0 0 0 0 0 0 0 0 0 0 0 0 0 0 0 
0 0 0 0 0 0 0 0 0 0 0 0 0 0 0 0 0 0 0 0 0 0 0 0 0 0 0 0 0 0 0 0 
0 0 0 0 0 0 0 0 0 0 0 0 0 0 0 0 0 0 0 0 0 0 0 0 0 0 0 0 0 0 0 0 
77 182 120 73 340 108 22 13 13 68 163 2 3 20 10 1 63 0 0 0 0 0 0 0 0 0 0 0 0 0 0 0 
0 0 0 0 0 0 0 0 0 0 0 0 0 0 0 0 0 0 0 0 0 0 0 0 0 0 0 0 0 0 0 0 
6 43 24 14 30 19 17 16 3 217 0 0 0 1 51 0 0 0 0 0 0 0 0 0 0 0 0 0 0 0 0 0 
3 49 39 27 24 81 32 5 0 1 3 1 0 0 0 0 3 12 0 0 0 0 0 0 0 0 0 0 0 0 0 0 
0 0 0 0 0 0 0 0 0 0 0 0 0 0 0 0 0 0 0 0 0 0 0 0 0 0 0 0 0 0 0 0 
34 55 34 28 143 8 5 4 2 12 101 1 2 19 10 1 59 0 0 0 0 0 0 0 0 0 0 0 0 0 0 0 
92 472 273 105 449 131 28 56 15 196 163 3 3 62 47 1 61 0 0 0 0 0 0 0 0 0 0 0 0 0 0 0 
472 1340 1167 1045 613 1030 524 567 113 1031 603 389 148 257 269 66 29 15 0 0 0 0 0 0 0 0 0 0 0 0 0 0 
0 0 0 0 0 0 0 0 0 0 0 0 0 0 0 0 0 0 0 0 0 0 0 0 0 0 0 0 0 0 0 0 
0 0 0 0 0 0 0 0 0 0 0 0 0 0 0 0 0 0 0 0 0 0 0 0 0 0 0 0 0 0 0 0 
12 70 57 43 131 46 0 0 0 0 0 0 0 0 0 0 0 0 0 0 0 0 0 0 0 0 0 0 0 0 0 0 
12 74 63 54 222 47 0 0 0 0 0 0 0 0 0 0 0 0 0 0 0 0 0 0 0 0 0 0 0 0 0 0 
41 41 71 33 81 13 34 5 17 6 11 20 43 34 2 0 0 0 0 0 0 0 0 0 0 0 0 0 0 0 0 0 
6 43 24 14 30 19 17 16 3 217 0 0 0 1 51 0 0 0 0 0 0 0 0 0 0 0 0 0 0 0 0 0 
267 1091 977 610 762 213 46 32 30 262 45 4 5 61 0 0 0 0 0 0 0 0 0 0 0 0 0 0 0 0 0 0 
0 1365 1037 750 764 355 112 311 51 260 3 1 0 2 3 0 0 0 0 0 0 0 0 0 0 0 0 0 0 0 0 0 
19 165 62 35 50 76 20 2 1 6 0 0 0 0 0 0 0 0 0 0 0 0 0 0 0 0 0 0 0 0 0 0 
4 3265 2731 1411 1560 771 511 183 186 376 41 13 29 48 6 0 0 0 0 0 0 0 0 0 0 0 0 0 0 0 0 0 
0 0 0 0 0 0 0 0 0 0 0 0 0 0 0 0 0 0 0 0 0 0 0 0 0 0 0 0 0 0 0 0 
6 0 1 0 0 1 3 0 0 8 0 0 0 1 51 0 0 0 0 0 0 0 0 0 0 0 0 0 0 0 0 0 
61 67 56 38 181 27 21 12 3 39 163 2 2 20 8 0 59 0 0 0 0 0 0 0 0 0 0 0 0 0 0 0 
37 111 108 59 111 18 24 16 10 83 144 92 41 36 4 0 211 11 0 0 0 0 0 0 0 0 0 0 0 0 0 0 
0 0 0 0 0 0 0 0 0 0 0 0 0 0 0 0 0 0 0 0 0 0 0 0 0 0 0 0 0 0 0 0 
82 87 123 64 208 23 40 14 24 78 22 101 45 38 1 0 28 20 0 0 0 0 0 0 0 0 0 0 0 0 0 0 
0 0 0 0 0 0 0 0 0 0 0 0 0 0 0 0 0 0 0 0 0 0 0 0 0 0 0 0 0 0 0 0 
0 0 0 0 0 0 0 0 0 0 0 0 0 0 0 0 0 0 0 0 0 0 0 0 0 0 0 0 0 0 0 0 
32 1 6 8 12 10 4 32 2 7 90 1 0 0 0 0 3 12 0 0 0 0 0 0 0 0 0 0 0 0 0 0 
0 0 0 0 0 0 0 0 0 0 0 0 0 0 0 0 0 0 0 0 0 0 0 0 0 0 0 0 0 0 0 0 
0 0 0 0 0 0 0 0 0 0 0 0 0 0 0 0 0 0 0 0 0 0 0 0 0 0 0 0 0 0 0 0 
0 0 0 0 0 0 0 0 0 0 0 0 0 0 0 0 0 0 0 0 0 0 0 0 0 0 0 0 0 0 0 0 
51 2 6 2 10 2 3 3 10 6 2 17 145 0 1 0 3 9 0 0 0 0 0 0 0 0 0 0 0 0 0 0 
6 0 1 5 1 0 1 2 0 0 0 0 0 2 0 0 6 0 0 0 0 0 0 0 0 0 0 0 0 0 0 0 
0 61 61 21 82 0 0 0 0 0 0 0 0 0 0 0 0 0 0 0 0 0 0 0 0 0 0 0 0 0 0 0 
3403 4211 3545 1751 1288 1439 625 537 174 103 492 537 121 23 6 17 6 0 0 0 0 0 0 0 0 0 0 0 0 0 0 0 
559 1470 1023 729 1165 635 273 390 11 289 42 202 37 2 3 0 0 0 0 0 0 0 0 0 0 0 0 0 0 0 0 0 
883 4162 2818 1554 2186 1375 467 153 173 50 85 237 2 4 0 0 4 0 0 0 0 0 0 0 0 0 0 0 0 0 0 0 
1295 2147 2194 1403 1518 1135 502 241 180 348 37 179 25 5 23 0 4 3 0 0 0 0 0 0 0 0 0 0 0 0 0 0 
0 8113 6916 3998 3364 2538 1433 1061 582 594 535 441 135 37 43 18 27 0 0 0 0 0 0 0 0 0 0 0 0 0 0 0 
0 113 150 54 140 54 154 234 0 0 0 0 0 0 0 0 0 0 0 0 0 0 0 0 0 0 0 0 0 0 0 0 
0 5203 3712 2032 1013 885 451 225 203 72 144 198 59 25 0 1 0 0 0 0 0 0 0 0 0 0 0 0 0 0 0 0 
475 1649 1034 392 364 106 56 40 54 137 59 40 11 11 0 0 0 3 0 0 0 0 0 0 0 0 0 0 0 0 0 0 
910 1700 1026 689 648 442 325 138 74 313 133 13 16 24 0 0 0 0 0 0 0 0 0 0 0 0 0 0 0 0 0 0 
503 1369 1111 424 544 142 290 114 33 173 91 149 109 4 4 0 3 3 0 0 0 0 0 0 0 0 0 0 0 0 0 0 
634 857 789 327 417 179 77 112 53 262 20 6 7 8 28 0 0 0 0 0 0 0 0 0 0 0 0 0 0 0 0 0 
0 2579 2360 1492 1736 1203 566 443 99 604 19 46 13 279 70 0 0 0 0 0 0 0 0 0 0 0 0 0 0 0 0 0 
102 256 227 244 224 67 80 22 57 118 5 10 2 12 2 0 3 0 0 0 0 0 0 0 0 0 0 0 0 0 0 0 
240 294 192 192 133 48 17 11 45 114 3 2 2 9 0 0 3 0 0 0 0 0 0 0 0 0 0 0 0 0 0 0 
300 1216 972 780 620 337 72 70 9 347 7 7 11 59 86 0 13 0 0 0 0 0 0 0 0 0 0 0 0 0 0 0 
185 725 288 327 128 61 23 7 10 120 5 5 2 13 0 0 0 0 0 0 0 0 0 0 0 0 0 0 0 0 0 0 
2077 3087 2465 1700 2163 1111 1123 493 455 723 42 75 39 20 73 0 0 0 0 0 0 0 0 0 0 0 0 0 0 0 0 0 
1447 2279 2172 1203 1453 1206 358 308 174 286 43 168 28 272 64 0 3 23 0 0 0 0 0 0 0 0 0 0 0 0 0 0 
2169 1953 1616 1093 1170 997 616 717 119 540 78 63 1 20 91 0 0 0 0 0 0 0 0 0 0 0 0 0 0 0 0 0 
695 1126 982 485 886 438 162 123 109 269 22 22 46 0 0 0 0 0 0 0 0 0 0 0 0 0 0 0 0 0 0 0 
294 811 768 347 753 466 136 63 7 40 2 5 0 2 36 0 15 0 0 0 0 0 0 0 0 0 0 0 0 0 0 0 
2482 3766 3354 1942 2091 1634 971 301 278 263 101 195 43 279 96 2 14 0 0 0 0 0 0 0 0 0 0 0 0 0 0 0 
0 232 254 65 141 33 122 7 62 9 12 79 0 0 0 0 0 0 0 0 0 0 0 0 0 0 0 0 0 0 0 0 
2894 2193 3036 1789 1495 1674 1240 374 154 81 284 452 37 49 222 161 0 0 0 0 0 0 0 0 0 0 0 0 0 0 0 0 
20 203 75 21 69 7 9 3 1 142 0 0 0 0 0 0 0 0 0 0 0 0 0 0 0 0 0 0 0 0 0 0 
137 342 495 427 320 40 205 15 3 131 3 4 0 2 3 0 0 0 0 0 0 0 0 0 0 0 0 0 0 0 0 0 
0 0 0 0 0 0 0 0 0 0 0 0 0 0 0 0 0 0 0 0 0 0 0 0 0 0 0 0 0 0 0 0 
78 253 168 31 47 11 23 6 0 110 0 0 1 0 0 0 0 0 0 0 0 0 0 0 0 0 0 0 0 0 0 0 
0 23 132 1 0 0 2 0 0 0 0 0 0 0 0 0 0 0 0 0 0 0 0 0 0 0 0 0 0 0 0 0 
315 779 726 429 433 183 40 23 137 326 13 94 2 0 5 0 4 33 0 0 0 0 0 0 0 0 0 0 0 0 0 0 
531 1941 1115 658 766 502 122 135 59 249 18 34 16 264 1 1 37 0 0 0 0 0 0 0 0 0 0 0 0 0 0 0 
0 0 0 0 0 0 0 0 0 0 0 0 0 0 0 0 0 0 0 0 0 0 0 0 0 0 0 0 0 0 0 0 
10 3 0 0 5 2 3 4 0 12 119 0 0 0 0 0 0 0 0 0 0 0 0 0 0 0 0 0 0 0 0 0 
0 0 0 0 0 0 0 0 0 0 0 0 0 0 0 0 0 0 0 0 0 0 0 0 0 0 0 0 0 0 0 0 
2261 4309 3252 1984 1478 1064 720 296 390 641 114 262 160 356 100 0 1 0 0 0 0 0 0 0 0 0 0 0 0 0 0 0 
987 1686 1543 1090 1284 620 400 148 120 252 99 50 9 20 24 0 3 0 0 0 0 0 0 0 0 0 0 0 0 0 0 0 
106 692 276 223 123 17 166 8 8 1 2 5 0 1 0 0 0 0 0 0 0 0 0 0 0 0 0 0 0 0 0 0 
2711 2927 2599 1572 1338 608 502 287 154 462 77 76 7 10 74 0 5 0 0 0 0 0 0 0 0 0 0 0 0 0 0 0 
0 85 73 44 228 79 0 0 0 0 0 0 0 0 0 0 0 0 0 0 0 0 0 0 0 0 0 0 0 0 0 0 
2086 3444 2077 693 627 553 274 408 562 75 220 35 274 135 8 0 0 0 0 0 0 0 0 0 0 0 0 0 0 0 0 0 
145 657 671 269 265 85 222 24 16 41 4 26 4 264 2 0 0 0 0 0 0 0 0 0 0 0 0 0 0 0 0 0 
109 377 236 129 205 88 30 24 62 149 8 2 6 46 0 0 0 0 0 0 0 0 0 0 0 0 0 0 0 0 0 0 
965 1420 1424 815 915 232 49 33 152 480 29 1 1 49 2 0 40 0 0 0 0 0 0 0 0 0 0 0 0 0 0 0 
733 1435 1357 597 797 224 319 121 113 405 18 19 10 48 64 0 0 0 0 0 0 0 0 0 0 0 0 0 0 0 0 0 
2195 2360 2519 1677 1718 856 494 226 257 345 49 36 24 8 0 0 4 0 0 0 0 0 0 0 0 0 0 0 0 0 0 0 
0 0 0 0 0 0 0 0 0 0 0 0 0 0 0 0 0 0 0 0 0 0 0 0 0 0 0 0 0 0 0 0 
824 1171 1116 611 1019 562 53 44 90 121 54 12 2 41 0 0 0 0 0 0 0 0 0 0 0 0 0 0 0 0 0 0 
143 482 315 551 181 34 38 56 19 123 6 7 8 6 0 0 0 0 0 0 0 0 0 0 0 0 0 0 0 0 0 0 
37 120 106 248 36 13 14 44 4 111 0 0 0 0 0 0 0 0 0 0 0 0 0 0 0 0 0 0 0 0 0 0 
28 453 321 273 37 27 30 13 13 198 0 5 0 0 0 0 0 0 0 0 0 0 0 0 0 0 0 0 0 0 0 0 
736 1095 965 487 668 536 187 66 46 470 27 7 0 11 0 0 0 0 0 0 0 0 0 0 0 0 0 0 0 0 0 0 
374 297 320 338 105 282 175 79 21 95 275 13 0 0 0 0 0 0 0 0 0 0 0 0 0 0 0 0 0 0 0 0 
0 15 11 6 42 0 0 0 0 0 0 0 0 0 0 0 0 0 0 0 0 0 0 0 0 0 0 0 0 0 0 0 
0 100 5 2 2 0 17 0 0 0 0 1 0 0 0 0 0 0 0 0 0 0 0 0 0 0 0 0 0 0 0 0 
435 363 542 140 145 55 168 15 43 13 55 28 5 39 1 0 0 0 0 0 0 0 0 0 0 0 0 0 0 0 0 0 
3709 3677 3334 1883 1436 905 443 454 276 680 1189 1415 476 114 84 0 4 76 0 0 0 0 0 0 0 0 0 0 0 0 0 0 
993 1206 1094 430 576 222 221 46 123 191 39 24 7 4 3 0 4 42 0 0 0 0 0 0 0 0 0 0 0 0 0 0 
2 28 23 9 11 4 1 43 0 0 0 0 0 0 0 0 0 0 0 0 0 0 0 0 0 0 0 0 0 0 0 0 
0 0 0 0 0 0 0 0 0 0 0 0 0 0 0 0 0 0 0 0 0 0 0 0 0 0 0 0 0 0 0 0 
517 1599 1391 1027 953 967 470 206 40 234 38 97 4 23 22 0 4 0 0 0 0 0 0 0 0 0 0 0 0 0 0 0 
243 453 461 484 231 679 114 255 13 115 47 10 69 1 0 2 0 0 0 0 0 0 0 0 0 0 0 0 0 0 0 0 
1091 1362 1237 213 440 170 63 310 241 51 95 9 103 61 0 0 2 0 0 0 0 0 0 0 0 0 0 0 0 0 0 0 
3383 4435 3955 2783 2109 1208 867 496 669 690 349 343 303 63 49 0 7 0 0 0 0 0 0 0 0 0 0 0 0 0 0 0 
61 189 131 69 69 40 34 56 18 30 100 0 0 0 1 0 0 0 0 0 0 0 0 0 0 0 0 0 0 0 0 0 
6594 7564 7662 4989 3388 2951 1745 1156 1058 368 787 708 152 97 37 23 54 0 0 0 0 0 0 0 0 0 0 0 0 0 0 0 
120 107 111 69 55 28 5 52 4 0 1 0 0 0 0 0 0 0 0 0 0 0 0 0 0 0 0 0 0 0 0 0 
0 1100 1066 359 443 101 233 51 124 250 15 24 25 5 8 0 3 0 0 0 0 0 0 0 0 0 0 0 0 0 0 0 
0 0 0 0 0 0 0 0 0 0 0 0 0 0 0 0 0 0 0 0 0 0 0 0 0 0 0 0 0 0 0 0 
7326 5711 5139 2449 1131 1243 764 676 1075 224 700 996 1090 827 0 1 0 0 0 0 0 0 0 0 0 0 0 0 0 0 0 0 
94 532 254 117 226 119 36 24 31 321 19 6 0 7 0 0 0 0 0 0 0 0 0 0 0 0 0 0 0 0 0 0 
3 0 0 0 0 0 0 0 0 0 0 0 0 0 0 0 0 0 0 0 0 0 0 0 0 0 0 0 0 0 0 0 
679 1796 1600 1177 1526 1214 506 175 132 622 83 27 3 1 30 9 36 0 0 0 0 0 0 0 0 0 0 0 0 0 0 0 
1415 2433 1735 462 545 529 263 269 501 64 128 9 97 102 6 0 0 0 0 0 0 0 0 0 0 0 0 0 0 0 0 0 
949 1534 1148 872 745 426 444 429 63 378 206 8 0 0 0 0 0 0 0 0 0 0 0 0 0 0 0 0 0 0 0 0 
1493 3460 2547 1265 1207 989 672 196 416 88 154 62 77 328 11 0 1 0 0 0 0 0 0 0 0 0 0 0 0 0 0 0 
918 2210 1130 708 858 311 103 33 78 179 29 36 10 59 48 0 2 72 0 0 0 0 0 0 0 0 0 0 0 0 0 0 
0 6 106 0 0 0 0 0 0 0 0 0 0 0 0 0 0 0 0 0 0 0 0 0 0 0 0 0 0 0 0 0 
163 460 325 120 301 155 43 60 2 20 31 69 1 2 0 0 0 0 0 0 0 0 0 0 0 0 0 0 0 0 0 0 
12 191 4 6 0 2 2 0 0 1 0 0 0 0 0 0 0 0 0 0 0 0 0 0 0 0 0 0 0 0 0 0 
871 1019 1249 927 860 646 578 808 236 519 488 277 452 68 70 5 61 3 0 0 0 0 0 0 0 0 0 0 0 0 0 0 
0 0 0 0 0 0 0 0 0 0 0 0 0 0 0 0 0 0 0 0 0 0 0 0 0 0 0 0 0 0 0 0 
49 200 34 56 82 16 4 1 4 110 3 1 0 3 0 0 0 0 0 0 0 0 0 0 0 0 0 0 0 0 0 0 
329 585 258 285 291 51 58 53 58 127 11 2 4 6 0 0 0 0 0 0 0 0 0 0 0 0 0 0 0 0 0 0 
1807 3342 3523 2364 1854 1812 1354 530 134 55 76 89 20 24 31 0 4 0 0 0 0 0 0 0 0 0 0 0 0 0 0 0 
306 723 453 195 377 266 132 96 2 42 2 8 0 2 1 0 0 0 0 0 0 0 0 0 0 0 0 0 0 0 0 0 
579 457 557 400 366 206 440 122 447 42 6 20 29 268 0 0 0 0 0 0 0 0 0 0 0 0 0 0 0 0 0 0 
0 0 0 0 0 0 0 2 0 0 0 0 0 0 0 0 0 0 0 0 0 0 0 0 0 0 0 0 0 0 0 0 
4 28 23 9 11 4 1 43 0 0 0 0 0 0 0 0 0 0 0 0 0 0 0 0 0 0 0 0 0 0 0 0 
11 354 176 36 140 16 11 5 6 56 4 2 1 0 0 0 0 0 0 0 0 0 0 0 0 0 0 0 0 0 0 0 
0 33 20 89 10 4 10 0 0 0 0 0 0 0 0 0 0 0 0 0 0 0 0 0 0 0 0 0 0 0 0 0 
0 13 19 6 6 4 4 3 1 142 0 0 0 0 0 0 0 0 0 0 0 0 0 0 0 0 0 0 0 0 0 0 
0 0 0 0 0 0 0 0 0 0 0 0 0 0 3 0 0 0 0 0 0 0 0 0 0 0 0 0 0 0 0 0 
472 2689 1494 468 290 184 168 70 68 32 64 217 24 11 16 0 0 0 0 0 0 0 0 0 0 0 0 0 0 0 0 0 
723 2438 1694 1323 819 517 434 340 171 226 122 292 106 321 65 0 0 0 0 0 0 0 0 0 0 0 0 0 0 0 0 0 
651 1756 1229 165 300 254 68 261 232 127 134 3 77 49 7 0 0 0 0 0 0 0 0 0 0 0 0 0 0 0 0 0 
0 0 0 0 0 0 0 0 0 0 0 0 0 0 0 0 0 0 0 0 0 0 0 0 0 0 0 0 0 0 0 0 
817 1818 1238 557 571 687 470 122 22 107 30 111 8 37 67 0 0 0 0 0 0 0 0 0 0 0 0 0 0 0 0 0 
131 456 376 245 291 345 281 270 4 113 8 2 0 24 29 1 0 0 0 0 0 0 0 0 0 0 0 0 0 0 0 0 
0 0 0 0 0 0 0 0 0 0 0 0 0 0 0 0 0 0 0 0 0 0 0 0 0 0 0 0 0 0 0 0 
1397 1465 1937 1123 672 665 359 231 88 105 136 48 71 0 0 0 0 0 0 0 0 0 0 0 0 0 0 0 0 0 0 0 
618 2090 1373 1026 949 632 395 116 48 195 25 57 9 25 0 0 0 0 0 0 0 0 0 0 0 0 0 0 0 0 0 0 
882 1434 1443 681 574 412 728 522 98 149 22 9 0 24 8 4 0 0 0 0 0 0 0 0 0 0 0 0 0 0 0 0 
138 1281 940 391 556 633 338 287 10 7 12 0 1 5 28 0 0 0 0 0 0 0 0 0 0 0 0 0 0 0 0 0 
4318 7254 5016 2419 2143 1783 1024 968 1195 181 472 257 549 248 23 0 6 0 0 0 0 0 0 0 0 0 0 0 0 0 0 0 
2 14 11 6 42 0 0 0 0 0 0 0 0 0 0 0 0 0 0 0 0 0 0 0 0 0 0 0 0 0 0 0 
394 1492 721 564 550 262 275 407 138 39 20 8 1 3 30 1 4 0 0 0 0 0 0 0 0 0 0 0 0 0 0 0 
382 330 291 146 312 181 79 44 7 300 4 3 1 6 34 0 0 0 0 0 0 0 0 0 0 0 0 0 0 0 0 0 
0 56 12 0 0 0 0 0 0 0 0 0 0 0 0 0 0 0 0 0 0 0 0 0 0 0 0 0 0 0 0 0 
1402 3615 2225 990 664 183 333 228 193 67 227 356 259 62 2 0 0 2 0 0 0 0 0 0 0 0 0 0 0 0 0 0 
0 56 12 0 0 0 0 0 0 0 0 0 0 0 0 0 0 0 0 0 0 0 0 0 0 0 0 0 0 0 0 0 
0 14 11 6 42 0 0 0 0 0 0 0 0 0 0 0 0 0 0 0 0 0 0 0 0 0 0 0 0 0 0 0 
565 1458 1354 869 1024 845 500 188 51 138 154 108 3 51 0 0 0 0 0 0 0 0 0 0 0 0 0 0 0 0 0 0 
1715 1834 1793 1357 1194 981 569 830 184 32 41 86 6 53 2 0 0 3 0 0 0 0 0 0 0 0 0 0 0 0 0 0 
489 801 808 546 881 385 206 58 16 157 10 127 0 2 15 0 0 0 0 0 0 0 0 0 0 0 0 0 0 0 0 0 
327 2922 2809 1946 1804 1079 751 222 162 311 281 156 38 34 1 1 8 0 0 0 0 0 0 0 0 0 0 0 0 0 0 0 
235 395 566 417 494 141 87 34 114 15 59 28 15 2 1 9 36 0 0 0 0 0 0 0 0 0 0 0 0 0 0 0 
0 6055 4488 3084 1909 1837 994 911 515 200 572 382 318 41 3 1 0 0 0 0 0 0 0 0 0 0 0 0 0 0 0 0 
0 0 0 0 0 0 0 0 0 0 0 0 0 0 0 0 0 0 0 0 0 0 0 0 0 0 0 0 0 0 0 0 
0 0 0 0 0 0 0 0 0 0 0 0 0 0 0 0 0 0 0 0 0 0 0 0 0 0 0 0 0 0 0 0 
0 20 15 2 2 31 0 0 0 0 0 0 0 0 0 0 0 0 0 0 0 0 0 0 0 0 0 0 0 0 0 0 
1318 3437 1878 383 619 220 185 410 608 59 148 9 135 48 0 0 0 0 0 0 0 0 0 0 0 0 0 0 0 0 0 0 
527 1290 1394 723 1038 405 115 385 125 541 184 72 2 4 0 0 0 0 0 0 0 0 0 0 0 0 0 0 0 0 0 0 
1612 2061 2074 1383 1196 524 443 179 109 507 94 21 7 46 22 0 0 0 0 0 0 0 0 0 0 0 0 0 0 0 0 0 
8797 6752 7562 4888 3198 2897 1762 809 527 666 1255 526 28 23 0 0 0 0 0 0 0 0 0 0 0 0 0 0 0 0 0 0 
201 270 232 145 258 83 134 15 25 17 9 77 0 1 0 0 0 0 0 0 0 0 0 0 0 0 0 0 0 0 0 0 
1013 912 983 336 504 176 141 127 108 582 62 114 0 2 0 0 0 0 0 0 0 0 0 0 0 0 0 0 0 0 0 0 
344 507 457 324 412 145 51 39 36 112 57 5 0 1 50 0 0 0 0 0 0 0 0 0 0 0 0 0 0 0 0 0 
0 0 0 0 0 0 0 0 0 0 0 0 0 0 0 0 0 0 0 0 0 0 0 0 0 0 0 0 0 0 0 0 
666 1755 893 255 203 44 45 155 181 130 16 3 16 12 0 0 44 0 0 0 0 0 0 0 0 0 0 0 0 0 0 0 
0 0 0 0 0 0 0 0 0 0 0 0 0 0 0 0 0 0 0 0 0 0 0 0 0 0 0 0 0 0 0 0 
26 50 18 8 1 1 3 3 0 0 1 0 1 0 0 0 0 0 0 0 0 0 0 0 0 0 0 0 0 0 0 0 
667 1714 612 264 192 106 80 150 102 36 155 125 20 269 1 0 0 0 0 0 0 0 0 0 0 0 0 0 0 0 0 0 
0 14 11 6 42 0 0 0 0 0 0 0 0 0 0 0 0 0 0 0 0 0 0 0 0 0 0 0 0 0 0 0 
825 1473 1545 1093 973 811 544 78 100 24 96 17 14 23 2 0 1 0 0 0 0 0 0 0 0 0 0 0 0 0 0 0 
399 969 752 320 444 354 169 70 10 3 20 7 0 1 2 0 0 0 0 0 0 0 0 0 0 0 0 0 0 0 0 0 
250 660 673 391 519 145 31 32 43 302 76 2 0 0 32 0 0 0 0 0 0 0 0 0 0 0 0 0 0 0 0 0 
0 0 0 0 0 0 0 0 0 0 0 0 0 0 0 0 0 0 0 0 0 0 0 0 0 0 0 0 0 0 0 0 
0 0 0 0 0 0 0 0 0 0 0 0 0 0 0 0 0 0 0 0 0 0 0 0 0 0 0 0 0 0 0 0 
0 0 0 0 0 0 0 0 0 0 0 0 0 0 0 0 0 0 0 0 0 0 0 0 0 0 0 0 0 0 0 0 
0 0 0 0 0 0 0 0 0 0 0 0 0 0 0 0 0 0 0 0 0 0 0 0 0 0 0 0 0 0 0 0 
34 62 357 4 11 0 1 1 0 0 0 0 0 0 0 0 1 0 0 0 0 0 0 0 0 0 0 0 0 0 0 0 
3454 3189 3318 2772 1059 1153 758 1011 143 361 1441 1670 461 13 28 0 0 0 0 0 0 0 0 0 0 0 0 0 0 0 0 0 
0 14 11 6 42 0 0 0 0 0 0 0 0 0 0 0 0 0 0 0 0 0 0 0 0 0 0 0 0 0 0 0 
1583 3216 2406 1713 1201 955 673 922 314 252 373 27 17 4 3 12 3 0 0 0 0 0 0 0 0 0 0 0 0 0 0 0 
0 0 0 0 0 0 0 0 0 0 0 0 0 0 0 0 0 0 0 0 0 0 0 0 0 0 0 0 0 0 0 0 
120 356 345 180 317 36 31 6 4 9 3 0 0 1 2 0 0 0 0 0 0 0 0 0 0 0 0 0 0 0 0 0 
453 518 646 585 321 192 366 302 20 16 55 10 4 30 126 46 0 0 0 0 0 0 0 0 0 0 0 0 0 0 0 0 
274 282 408 180 224 157 266 288 4 1 15 19 3 22 0 9 36 0 0 0 0 0 0 0 0 0 0 0 0 0 0 0 
0 25 94 6 0 0 3 3 7 0 0 0 0 0 0 0 0 0 0 0 0 0 0 0 0 0 0 0 0 0 0 0 
426 654 766 434 280 355 331 299 15 53 75 65 164 3 11 13 0 0 0 0 0 0 0 0 0 0 0 0 0 0 0 0 
0 0 0 0 0 0 0 0 0 0 0 0 0 0 0 0 0 0 0 0 0 0 0 0 0 0 0 0 0 0 0 0 
274 441 237 140 115 354 53 33 67 8 0 1 0 0 0 0 0 0 0 0 0 0 0 0 0 0 0 0 0 0 0 0 
468 1164 1315 894 1037 802 314 75 41 26 56 26 41 0 0 0 0 0 0 0 0 0 0 0 0 0 0 0 0 0 0 0 
2398 3880 2412 677 392 428 223 379 767 189 296 364 349 122 23 2 0 0 0 0 0 0 0 0 0 0 0 0 0 0 0 0 
232 257 310 194 214 119 45 30 33 98 91 119 245 0 3 0 0 0 0 0 0 0 0 0 0 0 0 0 0 0 0 0 
524 555 277 212 113 153 113 15 77 35 25 21 6 49 7 0 0 0 0 0 0 0 0 0 0 0 0 0 0 0 0 0 
408 2521 2251 968 1040 928 657 421 83 56 221 21 4 42 23 2 0 0 0 0 0 0 0 0 0 0 0 0 0 0 0 0 
1243 2642 1882 522 384 419 278 327 363 50 207 152 113 118 0 0 0 0 0 0 0 0 0 0 0 0 0 0 0 0 0 0 
160 704 838 402 381 176 267 157 172 29 169 6 29 3 2 0 0 0 0 0 0 0 0 0 0 0 0 0 0 0 0 0 
0 296 232 6 7 0 7 112 29 0 0 0 0 0 0 0 0 0 0 0 0 0 0 0 0 0 0 0 0 0 0 0 
2397 3178 3598 2331 1334 1637 888 288 216 71 363 81 20 30 7 8 3 9 0 0 0 0 0 0 0 0 0 0 0 0 0 0 
2749 4093 2566 1200 812 634 195 382 329 172 171 371 320 136 0 4 0 0 0 0 0 0 0 0 0 0 0 0 0 0 0 0 
0 3190 1711 1107 365 410 229 686 463 52 219 143 89 84 3 0 5 0 0 0 0 0 0 0 0 0 0 0 0 0 0 0 
1135 1232 1131 791 343 291 331 141 516 114 71 14 21 59 42 0 1 0 0 0 0 0 0 0 0 0 0 0 0 0 0 0 
98 264 280 131 261 139 136 4 0 2 8 0 0 0 0 0 0 0 0 0 0 0 0 0 0 0 0 0 0 0 0 0 
6 46 0 0 0 0 0 0 3 3 4 0 0 0 1 0 0 0 0 0 0 0 0 0 0 0 0 0 0 0 0 0 
0 44 82 0 0 0 0 0 0 0 0 0 0 0 0 0 0 0 0 0 0 0 0 0 0 0 0 0 0 0 0 0 
571 1144 1027 269 211 250 149 35 32 315 34 25 15 12 76 0 0 0 0 0 0 0 0 0 0 0 0 0 0 0 0 0 
1661 2899 2144 1143 946 594 433 274 65 596 112 239 20 7 61 0 4 0 0 0 0 0 0 0 0 0 0 0 0 0 0 0 
4478 5517 4398 2267 1097 1021 652 582 627 353 545 461 386 226 4 1 0 0 0 0 0 0 0 0 0 0 0 0 0 0 0 0 
69 390 47 36 53 60 23 7 0 109 2 2 0 0 4 0 0 0 0 0 0 0 0 0 0 0 0 0 0 0 0 0 
2172 3819 2636 1610 912 706 301 718 541 345 347 167 101 45 2 6 0 0 0 0 0 0 0 0 0 0 0 0 0 0 0 0 
549 1311 1151 577 599 567 248 107 38 399 132 10 1 1 1 0 0 0 0 0 0 0 0 0 0 0 0 0 0 0 0 0 
1193 1891 1732 763 900 478 267 561 220 384 271 199 110 32 45 0 0 0 0 0 0 0 0 0 0 0 0 0 0 0 0 0 
345 542 309 147 313 259 174 11 6 162 4 44 0 6 56 0 0 0 0 0 0 0 0 0 0 0 0 0 0 0 0 0 
0 0 0 0 0 0 0 0 0 0 0 0 0 0 0 0 0 0 0 0 0 0 0 0 0 0 0 0 0 0 0 0 
0 0 0 0 0 0 0 0 0 0 0 0 0 0 0 0 0 0 0 0 0 0 0 0 0 0 0 0 0 0 0 0 
0 283 138 252 80 180 70 16 7 2 1 0 0 0 0 0 5 0 0 0 0 0 0 0 0 0 0 0 0 0 0 0 
1986 2142 2331 1533 891 753 491 185 131 318 191 21 9 263 7 0 0 0 0 0 0 0 0 0 0 0 0 0 0 0 0 0 
674 1109 1073 508 375 374 195 48 22 267 47 18 0 0 6 0 0 0 0 0 0 0 0 0 0 0 0 0 0 0 0 0 
1079 1414 1264 677 699 343 218 102 58 218 59 71 10 10 58 0 0 0 0 0 0 0 0 0 0 0 0 0 0 0 0 0 
0 14 11 7 42 0 0 0 0 0 0 0 0 0 0 0 0 0 0 0 0 0 0 0 0 0 0 0 0 0 0 0 
188 709 546 94 57 51 185 67 191 17 12 2 11 83 0 0 0 0 0 0 0 0 0 0 0 0 0 0 0 0 0 0 
3333 4302 2627 850 737 501 191 415 807 60 241 57 370 198 3 0 0 0 0 0 0 0 0 0 0 0 0 0 0 0 0 0 
0 0 0 0 0 0 0 0 0 0 0 0 0 0 0 0 0 0 0 0 0 0 0 0 0 0 0 0 0 0 0 0 
26 57 71 62 40 262 3 0 0 1 6 0 0 0 0 0 0 0 0 0 0 0 0 0 0 0 0 0 0 0 0 0 
0 0 0 0 0 0 0 0 0 0 0 0 0 0 0 0 0 0 0 0 0 0 0 0 0 0 0 0 0 0 0 0 
0 14 11 6 42 0 0 0 0 0 0 0 0 0 0 0 0 0 0 0 0 0 0 0 0 0 0 0 0 0 0 0 
278 549 512 466 573 281 63 13 11 13 15 4 0 0 1 0 0 0 0 0 0 0 0 0 0 0 0 0 0 0 0 0 
1560 1333 1019 651 1137 371 392 115 116 320 25 134 22 281 54 0 9 0 0 0 0 0 0 0 0 0 0 0 0 0 0 0 
0 0 0 0 0 0 0 0 0 0 0 0 0 0 0 0 0 0 0 0 0 0 0 0 0 0 0 0 0 0 0 0 
1121 965 1633 806 436 599 401 260 691 211 252 61 61 322 24 0 0 0 0 0 0 0 0 0 0 0 0 0 0 0 0 0 
1570 1719 1865 1511 1305 988 505 217 719 480 99 64 30 347 23 0 0 0 0 0 0 0 0 0 0 0 0 0 0 0 0 0 
2035 3459 3431 2406 1114 1345 1010 648 958 203 211 75 104 344 25 1 0 0 0 0 0 0 0 0 0 0 0 0 0 0 0 0 
0 0 0 0 0 0 0 0 0 0 0 0 0 0 0 0 0 0 0 0 0 0 0 0 0 0 0 0 0 0 0 0 
610 980 476 384 544 131 70 49 42 181 29 6 10 0 0 0 0 0 0 0 0 0 0 0 0 0 0 0 0 0 0 0 
0 0 0 0 0 0 0 0 0 0 0 0 0 0 0 0 0 0 0 0 0 0 0 0 0 0 0 0 0 0 0 0 
740 1522 1442 888 968 451 172 182 58 345 48 84 5 12 36 0 0 0 0 0 0 0 0 0 0 0 0 0 0 0 0 0 
0 40 41 25 17 22 16 6 77 2 0 0 0 0 0 0 0 0 0 0 0 0 0 0 0 0 0 0 0 0 0 0 
1012 1128 1219 931 857 905 404 148 217 359 30 54 21 42 35 0 0 0 0 0 0 0 0 0 0 0 0 0 0 0 0 0 
0 68 75 149 17 22 16 6 77 2 0 0 0 0 0 0 0 0 0 0 0 0 0 0 0 0 0 0 0 0 0 0 
8449 4508 5043 3501 2456 2377 1351 667 1751 473 539 217 221 413 139 3 16 25 0 0 0 0 0 0 0 0 0 0 0 0 0 0 
3048 2126 2265 1428 1037 779 603 391 1004 232 69 165 49 334 22 0 3 4 0 0 0 0 0 0 0 0 0 0 0 0 0 0 
0 17 20 0 0 0 0 0 0 0 0 0 0 0 0 0 0 0 0 0 0 0 0 0 0 0 0 0 0 0 0 0 
0 53 87 28 211 8 4 0 0 0 0 0 0 0 0 0 4 0 0 0 0 0 0 0 0 0 0 0 0 0 0 0 
688 918 939 719 744 814 432 271 5 18 9 16 0 29 39 0 3 0 0 0 0 0 0 0 0 0 0 0 0 0 0 0 
0 0 0 0 0 0 0 0 0 0 0 0 0 0 0 0 0 0 0 0 0 0 0 0 0 0 0 0 0 0 0 0 
349 756 452 247 172 289 88 91 35 82 138 21 4 0 0 0 3 0 0 0 0 0 0 0 0 0 0 0 0 0 0 0 
441 1704 1328 621 284 336 311 238 227 387 20 21 39 345 6 0 3 8 0 0 0 0 0 0 0 0 0 0 0 0 0 0 
328 1617 1137 509 252 247 121 401 188 34 46 16 27 265 1 0 0 0 0 0 0 0 0 0 0 0 0 0 0 0 0 0 
130 54 75 55 61 20 40 15 43 33 1 60 1 20 0 0 0 0 0 0 0 0 0 0 0 0 0 0 0 0 0 0 
0 8 33 80 0 0 0 0 0 0 0 0 0 0 0 0 0 0 0 0 0 0 0 0 0 0 0 0 0 0 0 0 
770 606 1506 692 190 231 102 119 30 587 549 518 262 0 3 0 0 0 0 0 0 0 0 0 0 0 0 0 0 0 0 0 
0 0 0 0 0 0 0 0 0 0 0 0 0 0 0 0 0 0 0 0 0 0 0 0 0 0 0 0 0 0 0 0 
4237 3275 2392 1306 1657 742 769 302 160 770 198 434 201 23 148 0 0 0 0 0 0 0 0 0 0 0 0 0 0 0 0 0 
341 665 534 269 576 494 263 61 10 32 35 57 0 22 0 0 0 0 0 0 0 0 0 0 0 0 0 0 0 0 0 0 
58 155 167 124 46 133 174 52 50 8 7 12 4 42 22 0 0 0 0 0 0 0 0 0 0 0 0 0 0 0 0 0 
0 517 328 54 175 150 25 0 9 1 0 0 0 0 0 0 0 0 0 0 0 0 0 0 0 0 0 0 0 0 0 0 
0 956 749 696 362 121 272 56 24 105 5 21 12 270 62 2 1 0 0 0 0 0 0 0 0 0 0 0 0 0 0 0 
278 600 608 442 601 566 201 31 96 77 45 1 10 47 29 1 0 0 0 0 0 0 0 0 0 0 0 0 0 0 0 0 
6846 6639 5116 3115 1429 1934 835 645 450 173 811 770 284 164 38 41 0 0 0 0 0 0 0 0 0 0 0 0 0 0 0 0 
1497 2815 2068 575 508 362 159 142 318 50 215 243 83 75 0 0 0 2 0 0 0 0 0 0 0 0 0 0 0 0 0 0 
0 0 0 0 0 0 0 0 0 0 0 0 0 0 0 0 0 0 0 0 0 0 0 0 0 0 0 0 0 0 0 0 
340 476 482 247 528 377 470 405 12 257 133 2 0 22 0 0 0 0 0 0 0 0 0 0 0 0 0 0 0 0 0 0 
304 549 391 153 469 146 93 16 23 187 17 89 1 0 0 0 0 0 0 0 0 0 0 0 0 0 0 0 0 0 0 0 
118 262 310 105 246 89 22 14 26 184 4 0 0 0 4 0 0 0 0 0 0 0 0 0 0 0 0 0 0 0 0 0 
0 0 0 0 0 0 0 0 0 0 0 0 0 0 0 0 0 0 0 0 0 0 0 0 0 0 0 0 0 0 0 0 
3077 4131 2061 919 764 314 278 290 341 84 250 390 310 167 3 0 0 0 0 0 0 0 0 0 0 0 0 0 0 0 0 0 
2301 2805 3242 2432 1477 1457 826 512 288 158 397 363 40 2 3 0 0 0 0 0 0 0 0 0 0 0 0 0 0 0 0 0 
1212 1373 1230 820 641 638 434 226 129 187 108 134 45 321 61 2 35 5 0 0 0 0 0 0 0 0 0 0 0 0 0 0 
4 0 2 0 2 0 0 0 0 0 0 0 0 0 0 0 0 0 0 0 0 0 0 0 0 0 0 0 0 0 0 0 
0 0 0 0 0 0 0 0 0 0 0 0 0 0 0 0 0 0 0 0 0 0 0 0 0 0 0 0 0 0 0 0 
0 0 0 0 0 0 0 0 0 0 0 0 0 0 0 0 0 0 0 0 0 0 0 0 0 0 0 0 0 0 0 0 
174 283 263 243 109 256 90 73 19 80 52 63 165 0 11 0 0 0 0 0 0 0 0 0 0 0 0 0 0 0 0 0 
189 279 422 204 151 629 218 45 2 2 7 4 1 22 1 0 0 0 0 0 0 0 0 0 0 0 0 0 0 0 0 0 
293 750 887 514 584 815 487 292 24 7 75 13 1 24 6 13 0 0 0 0 0 0 0 0 0 0 0 0 0 0 0 0 
2594 3094 3057 1975 1593 1731 872 431 247 151 272 115 62 12 18 33 19 7 0 0 0 0 0 0 0 0 0 0 0 0 0 0 
403 528 570 464 146 214 186 169 52 108 351 643 251 263 2 0 0 0 0 0 0 0 0 0 0 0 0 0 0 0 0 0 
0 0 0 0 0 0 0 0 0 0 0 0 0 0 0 0 0 0 0 0 0 0 0 0 0 0 0 0 0 0 0 0 
0 14 11 6 42 0 0 0 0 0 0 0 0 0 0 0 0 0 0 0 0 0 0 0 0 0 0 0 0 0 0 0 
745 2225 1090 293 325 297 68 194 71 17 48 145 75 39 0 0 0 0 0 0 0 0 0 0 0 0 0 0 0 0 0 0 
808 2766 1240 859 323 284 268 228 413 135 121 48 69 333 2 0 0 0 0 0 0 0 0 0 0 0 0 0 0 0 0 0 
2820 3859 2713 1355 699 939 328 352 159 66 375 340 117 96 14 19 0 0 0 0 0 0 0 0 0 0 0 0 0 0 0 0 
1281 2910 1409 492 387 180 317 272 174 14 131 21 96 34 1 2 0 0 0 0 0 0 0 0 0 0 0 0 0 0 0 0 
414 1822 2217 1477 1020 731 368 70 80 150 150 9 5 6 6 0 3 0 0 0 0 0 0 0 0 0 0 0 0 0 0 0 
80 167 167 76 59 74 62 8 61 18 0 0 0 0 0 0 0 0 0 0 0 0 0 0 0 0 0 0 0 0 0 0 
227 696 565 304 282 199 68 145 26 21 32 0 12 1 0 0 0 0 0 0 0 0 0 0 0 0 0 0 0 0 0 0 
1523 2242 1912 965 1098 490 316 95 134 448 80 60 1 2 37 0 0 0 0 0 0 0 0 0 0 0 0 0 0 0 0 0 
601 996 635 423 423 168 150 34 28 327 10 21 4 11 0 0 0 0 0 0 0 0 0 0 0 0 0 0 0 0 0 0 
37 29 13 10 67 4 0 0 0 0 1 0 1 0 0 0 0 0 0 0 0 0 0 0 0 0 0 0 0 0 0 0 
143 349 255 151 83 130 126 442 18 6 14 6 1 2 5 1 0 0 0 0 0 0 0 0 0 0 0 0 0 0 0 0 
13 107 30 8 6 1 5 102 1 0 3 0 0 0 0 1 0 0 0 0 0 0 0 0 0 0 0 0 0 0 0 0 
564 436 285 215 198 136 120 88 140 141 27 21 22 273 3 0 0 0 0 0 0 0 0 0 0 0 0 0 0 0 0 0 
0 0 0 0 0 0 0 0 0 0 0 0 0 0 0 0 0 0 0 0 0 0 0 0 0 0 0 0 0 0 0 0 
0 2673 2765 1335 1554 1244 877 553 166 171 218 31 8 30 90 21 0 0 0 0 0 0 0 0 0 0 0 0 0 0 0 0 
1 112 60 48 28 87 10 4 29 0 0 0 0 0 0 0 0 0 0 0 0 0 0 0 0 0 0 0 0 0 0 0 
0 0 0 0 0 0 0 0 0 0 0 0 0 0 0 0 0 0 0 0 0 0 0 0 0 0 0 0 0 0 0 0 
280 227 226 119 113 94 16 113 51 14 8 4 7 0 0 0 0 0 0 0 0 0 0 0 0 0 0 0 0 0 0 0 
204 103 171 165 131 6 3 7 18 56 0 0 0 0 0 0 0 0 0 0 0 0 0 0 0 0 0 0 0 0 0 0 
131 526 448 350 634 439 188 46 76 128 8 12 0 22 0 0 0 0 0 0 0 0 0 0 0 0 0 0 0 0 0 0 
0 0 0 0 0 0 0 0 0 0 0 0 0 0 0 0 0 0 0 0 0 0 0 0 0 0 0 0 0 0 0 0 
0 50 64 57 167 0 0 0 0 0 0 0 0 0 0 0 0 0 0 0 0 0 0 0 0 0 0 0 0 0 0 0 
0 0 0 0 0 0 0 0 0 0 0 0 0 0 0 0 0 0 0 0 0 0 0 0 0 0 0 0 0 0 0 0 
1274 2772 1277 633 506 311 275 253 330 153 110 106 232 415 4 0 0 0 0 0 0 0 0 0 0 0 0 0 0 0 0 0 
1685 3477 2330 1365 940 1167 657 313 479 105 313 513 285 111 6 0 0 0 0 0 0 0 0 0 0 0 0 0 0 0 0 0 
0 0 0 0 0 0 0 0 0 0 0 0 0 0 0 0 0 0 0 0 0 0 0 0 0 0 0 0 0 0 0 0 
290 518 326 178 330 434 202 39 2 59 9 7 1 26 3 1 0 0 0 0 0 0 0 0 0 0 0 0 0 0 0 0 
88 268 354 304 193 65 36 9 5 5 4 1 7 0 22 0 0 0 0 0 0 0 0 0 0 0 0 0 0 0 0 0 
259 1527 1227 707 447 416 173 79 50 40 26 30 13 15 91 0 0 0 0 0 0 0 0 0 0 0 0 0 0 0 0 0 
299 404 409 284 242 194 209 55 44 162 23 4 0 22 0 0 0 0 0 0 0 0 0 0 0 0 0 0 0 0 0 0 
2175 1961 1786 997 1062 523 373 160 144 1130 7 4 0 22 1 0 3 0 0 0 0 0 0 0 0 0 0 0 0 0 0 0 
3212 2007 2287 1410 971 1140 1392 549 139 74 400 238 18 44 305 172 0 0 0 0 0 0 0 0 0 0 0 0 0 0 0 0 
1390 2498 1715 370 679 272 127 308 623 67 169 6 185 139 0 0 0 0 0 0 0 0 0 0 0 0 0 0 0 0 0 0 
885 2377 1955 957 1092 663 566 101 350 184 20 100 27 266 43 0 0 0 0 0 0 0 0 0 0 0 0 0 0 0 0 0 
244 1011 675 428 346 515 187 29 37 6 135 25 44 0 0 0 2 36 0 0 0 0 0 0 0 0 0 0 0 0 0 0 
157 1642 497 316 421 141 61 27 41 7 27 8 8 0 2 0 0 0 0 0 0 0 0 0 0 0 0 0 0 0 0 0 
0 149 176 105 51 53 140 10 11 7 27 134 1 0 0 0 0 0 0 0 0 0 0 0 0 0 0 0 0 0 0 0 
173 249 320 237 175 61 143 16 13 10 41 8 5 0 0 0 0 0 0 0 0 0 0 0 0 0 0 0 0 0 0 0 
13 109 230 292 27 9 10 3 1 8 1 0 0 2 28 0 0 0 0 0 0 0 0 0 0 0 0 0 0 0 0 0 
0 0 0 0 0 0 0 0 0 0 0 0 0 0 0 0 0 0 0 0 0 0 0 0 0 0 0 0 0 0 0 0 
0 0 0 0 0 0 0 0 0 0 0 0 0 0 0 0 0 0 0 0 0 0 0 0 0 0 0 0 0 0 0 0 
3933 5281 3815 2478 1138 1866 842 658 1166 374 609 681 633 222 73 2 2 30 0 0 0 0 0 0 0 0 0 0 0 0 0 0 
1035 3145 1539 639 496 486 205 224 307 79 129 234 171 75 0 0 0 0 0 0 0 0 0 0 0 0 0 0 0 0 0 0 
2152 4436 2551 1379 868 447 397 358 219 171 277 294 209 82 0 0 5 0 0 0 0 0 0 0 0 0 0 0 0 0 0 0 
0 0 0 0 0 0 0 0 0 0 0 0 0 0 0 0 0 0 0 0 0 0 0 0 0 0 0 0 0 0 0 0 
1045 1390 1406 816 952 834 415 299 52 605 315 15 3 7 0 0 0 0 0 0 0 0 0 0 0 0 0 0 0 0 0 0 
469 781 510 237 392 270 99 34 18 492 4 24 3 348 57 0 0 0 0 0 0 0 0 0 0 0 0 0 0 0 0 0 
0 0 0 0 0 0 0 0 0 0 0 0 0 0 0 0 0 0 0 0 0 0 0 0 0 0 0 0 0 0 0 0 
924 1433 1221 598 543 383 409 198 463 205 29 22 21 376 59 0 4 24 0 0 0 0 0 0 0 0 0 0 0 0 0 0 
0 0 0 0 0 0 0 0 0 0 0 0 0 0 0 0 0 0 0 0 0 0 0 0 0 0 0 0 0 0 0 0 
0 218 225 74 269 3 1 4 5 6 10 85 0 0 0 0 1 1 0 0 0 0 0 0 0 0 0 0 0 0 0 0 
0 12 16 6 12 0 0 1 0 0 0 1 0 0 0 0 0 0 0 0 0 0 0 0 0 0 0 0 0 0 0 0 
432 1560 1319 878 448 276 84 253 131 42 239 88 20 3 4 0 0 0 0 0 0 0 0 0 0 0 0 0 0 0 0 0 
0 11 15 5 5 8 0 1 2 0 0 1 0 0 0 0 0 0 0 0 0 0 0 0 0 0 0 0 0 0 0 0 
1 0 0 0 0 1 0 4 0 0 0 0 0 0 0 0 0 0 0 0 0 0 0 0 0 0 0 0 0 0 0 0 
1619 2416 1300 1000 692 602 397 585 587 74 144 182 51 13 45 0 16 0 0 0 0 0 0 0 0 0 0 0 0 0 0 0 
1010 1200 1433 872 899 1108 577 368 26 11 99 152 12 24 0 0 0 0 0 0 0 0 0 0 0 0 0 0 0 0 0 0 
28 0 8 9 12 6 2 1 2 2 57 4 0 0 0 0 0 0 0 0 0 0 0 0 0 0 0 0 0 0 0 0 
7279 5446 5490 4013 1992 2288 1645 691 1511 451 671 654 260 477 180 0 7 36 0 0 0 0 0 0 0 0 0 0 0 0 0 0 
68 185 168 86 282 181 39 4 3 2 3 1 0 1 0 0 0 0 0 0 0 0 0 0 0 0 0 0 0 0 0 0 
154 492 339 279 239 105 50 101 20 19 148 122 9 0 0 0 0 0 0 0 0 0 0 0 0 0 0 0 0 0 0 0 
121 207 187 119 182 41 20 34 34 2 14 6 2 0 0 0 0 0 0 0 0 0 0 0 0 0 0 0 0 0 0 0 
92 166 244 110 205 149 190 46 7 1 12 7 1 22 3 19 0 0 0 0 0 0 0 0 0 0 0 0 0 0 0 0 
191 314 355 112 350 109 206 258 6 0 13 17 1 3 1 0 0 0 0 0 0 0 0 0 0 0 0 0 0 0 0 0 
155 56 120 76 33 67 320 5 0 7 8 3 1 5 0 0 0 0 0 0 0 0 0 0 0 0 0 0 0 0 0 0 
250 438 696 130 131 80 183 26 39 239 14 6 0 9 38 0 0 0 0 0 0 0 0 0 0 0 0 0 0 0 0 0 
2041 3134 2774 1709 1846 1085 674 346 628 758 472 239 96 336 4 0 0 0 0 0 0 0 0 0 0 0 0 0 0 0 0 0 
515 469 366 126 259 73 32 20 24 14 21 56 10 40 0 9 38 0 0 0 0 0 0 0 0 0 0 0 0 0 0 0 
468 542 616 527 344 130 55 80 31 97 229 216 245 0 1 0 0 0 0 0 0 0 0 0 0 0 0 0 0 0 0 0 
243 445 440 254 362 293 112 15 27 5 29 15 1 2 0 9 38 0 0 0 0 0 0 0 0 0 0 0 0 0 0 0 
937 1553 1519 1003 909 392 227 78 174 401 71 84 10 11 1 0 0 0 0 0 0 0 0 0 0 0 0 0 0 0 0 0 
3677 4303 2672 1031 723 587 266 408 833 70 233 194 349 245 6 0 0 0 0 0 0 0 0 0 0 0 0 0 0 0 0 0 
422 607 674 201 379 81 82 40 50 301 7 28 5 2 36 0 0 0 0 0 0 0 0 0 0 0 0 0 0 0 0 0 
1026 1226 1174 850 970 561 375 138 54 531 19 18 21 4 20 0 1 14 0 0 0 0 0 0 0 0 0 0 0 0 0 0 
1310 1258 1267 1062 646 948 881 396 26 56 175 339 93 38 87 20 0 0 0 0 0 0 0 0 0 0 0 0 0 0 0 0 
31 95 147 106 72 287 122 1 1 1 5 0 0 0 0 0 0 0 0 0 0 0 0 0 0 0 0 0 0 0 0 0 
1341 1953 1910 1244 756 629 438 168 594 484 175 364 23 61 40 0 0 0 0 0 0 0 0 0 0 0 0 0 0 0 0 0 
82 257 126 96 46 38 71 24 41 44 14 1 5 46 0 0 0 0 0 0 0 0 0 0 0 0 0 0 0 0 0 0 
0 8 31 1 24 1 14 2 0 0 0 0 0 0 12 0 0 0 0 0 0 0 0 0 0 0 0 0 0 0 0 0 
811 1275 1709 764 675 699 365 256 332 376 335 282 56 405 85 0 1 0 0 0 0 0 0 0 0 0 0 0 0 0 0 0 
0 59 7 3 0 7 2 2 1 5 0 0 0 0 0 0 0 0 0 0 0 0 0 0 0 0 0 0 0 0 0 0 
1182 1308 2243 1319 220 548 403 319 70 507 918 1411 309 76 18 0 2 0 0 0 0 0 0 0 0 0 0 0 0 0 0 0 
0 0 0 0 0 0 0 0 0 0 0 0 0 0 0 0 0 0 0 0 0 0 0 0 0 0 0 0 0 0 0 0 
4 25 42 11 16 8 2 6 3 53 4 0 0 0 2 0 0 0 0 0 0 0 0 0 0 0 0 0 0 0 0 0 
116 54 70 43 64 42 160 32 19 9 96 11 2 37 0 0 0 0 0 0 0 0 0 0 0 0 0 0 0 0 0 0 
61 0 34 30 28 17 10 10 2 8 130 80 1 0 4 0 1 2 0 0 0 0 0 0 0 0 0 0 0 0 0 0 
1470 3181 1627 954 696 360 159 259 151 256 238 336 74 14 0 0 5 0 0 0 0 0 0 0 0 0 0 0 0 0 0 0 
413 1542 452 136 224 31 53 36 81 5 18 8 48 18 0 0 0 0 0 0 0 0 0 0 0 0 0 0 0 0 0 0 
2153 3323 3549 2598 1481 1714 850 487 336 293 472 133 40 28 2 0 2 0 0 0 0 0 0 0 0 0 0 0 0 0 0 0 
399 735 828 447 668 582 333 71 16 8 42 9 1 23 10 0 0 0 0 0 0 0 0 0 0 0 0 0 0 0 0 0 
884 1278 1301 739 530 608 336 210 407 165 29 87 13 296 43 0 0 16 0 0 0 0 0 0 0 0 0 0 0 0 0 0 
2939 2669 2765 1938 1386 1611 862 396 1029 268 114 142 73 333 37 0 3 0 0 0 0 0 0 0 0 0 0 0 0 0 0 0 
1819 1922 2777 1737 1389 1094 798 525 428 52 198 139 7 6 6 2 0 0 0 0 0 0 0 0 0 0 0 0 0 0 0 0 
43 186 304 124 246 185 21 48 32 0 0 0 0 0 0 0 0 0 0 0 0 0 0 0 0 0 0 0 0 0 0 0 
822 2783 1048 307 122 100 90 207 215 22 57 32 165 136 53 3 0 0 0 0 0 0 0 0 0 0 0 0 0 0 0 0 
54 77 85 43 32 74 10 6 1 5 10 2 0 0 22 0 0 0 0 0 0 0 0 0 0 0 0 0 0 0 0 0 
744 794 473 189 267 276 220 33 22 62 17 124 3 268 56 0 0 0 0 0 0 0 0 0 0 0 0 0 0 0 0 0 
1176 1326 948 311 682 390 328 84 11 226 17 127 0 6 63 0 0 0 0 0 0 0 0 0 0 0 0 0 0 0 0 0 
0 0 0 0 0 0 0 0 0 0 0 0 0 0 0 0 0 0 0 0 0 0 0 0 0 0 0 0 0 0 0 0 
0 46 64 53 33 252 0 0 0 0 0 0 0 0 0 0 0 0 0 0 0 0 0 0 0 0 0 0 0 0 0 0 
0 0 0 0 0 0 0 0 0 0 0 0 0 0 0 0 0 0 0 0 0 0 0 0 0 0 0 0 0 0 0 0 
0 245 193 122 63 153 32 11 56 13 4 3 5 2 0 0 0 0 0 0 0 0 0 0 0 0 0 0 0 0 0 0 
0 0 0 0 0 0 0 0 0 0 0 0 0 0 0 0 0 0 0 0 0 0 0 0 0 0 0 0 0 0 0 0 
90 393 33 19 115 4 9 0 4 2 0 0 0 3 0 0 0 0 0 0 0 0 0 0 0 0 0 0 0 0 0 0 
6649 6843 5308 3032 2008 2044 870 617 586 437 720 814 414 287 52 7 5 15 0 0 0 0 0 0 0 0 0 0 0 0 0 0 
963 1491 1357 976 975 714 343 90 159 61 35 92 11 8 1 0 0 0 0 0 0 0 0 0 0 0 0 0 0 0 0 0 
891 1844 1361 752 900 876 627 383 162 193 35 106 32 354 93 0 0 0 0 0 0 0 0 0 0 0 0 0 0 0 0 0 
163 215 181 67 55 55 36 51 49 49 89 143 0 1 0 0 0 0 0 0 0 0 0 0 0 0 0 0 0 0 0 0 
543 1777 1740 1251 1158 1231 655 189 416 271 29 105 50 326 3 0 0 0 0 0 0 0 0 0 0 0 0 0 0 0 0 0 
0 14 11 6 42 0 0 0 0 0 0 0 0 0 0 0 0 0 0 0 0 0 0 0 0 0 0 0 0 0 0 0 
5 65 35 14 23 52 1 0 0 0 0 0 0 0 0 0 0 0 0 0 0 0 0 0 0 0 0 0 0 0 0 0 
0 5037 3489 2485 1541 1584 913 503 1141 392 294 104 93 391 14 0 6 0 0 0 0 0 0 0 0 0 0 0 0 0 0 0 
127 1724 616 104 29 38 34 165 102 1 5 0 2 3 0 0 0 0 0 0 0 0 0 0 0 0 0 0 0 0 0 0 
1073 2822 1964 844 479 337 265 282 768 140 54 29 84 185 5 0 0 0 0 0 0 0 0 0 0 0 0 0 0 0 0 0 
1119 1621 2083 1325 860 1041 764 729 157 53 370 166 38 28 8 16 0 0 0 0 0 0 0 0 0 0 0 0 0 0 0 0 
124 100 241 126 157 20 23 20 6 28 87 82 83 0 0 0 0 0 0 0 0 0 0 0 0 0 0 0 0 0 0 0 
0 7 0 0 0 0 0 0 0 0 0 0 0 0 0 0 0 0 0 0 0 0 0 0 0 0 0 0 0 0 0 0 
161 505 427 334 465 119 45 7 1 3 4 4 0 0 1 0 0 0 0 0 0 0 0 0 0 0 0 0 0 0 0 0 
1563 2270 2210 1474 1182 627 399 145 441 372 93 14 19 63 46 0 0 0 0 0 0 0 0 0 0 0 0 0 0 0 0 0 
0 0 0 0 0 0 0 0 0 0 0 0 0 0 0 0 0 0 0 0 0 0 0 0 0 0 0 0 0 0 0 0 
0 14 11 6 42 0 0 0 0 0 0 0 0 0 0 0 0 0 0 0 0 0 0 0 0 0 0 0 0 0 0 0 
0 0 0 0 0 0 0 0 0 0 0 0 0 0 0 0 0 0 0 0 0 0 0 0 0 0 0 0 0 0 0 0 
42 3 0 1 2 2 27 0 0 0 0 0 0 0 0 0 0 0 0 0 0 0 0 0 0 0 0 0 0 0 0 0 
1 0 0 0 0 0 0 0 0 0 0 0 0 0 0 0 0 0 0 0 0 0 0 0 0 0 0 0 0 0 0 0 
27 492 252 240 110 148 36 2 0 1 5 10 1 0 0 0 0 0 0 0 0 0 0 0 0 0 0 0 0 0 0 0 
58 75 112 97 20 125 8 1 3 1 11 0 0 0 0 0 0 0 0 0 0 0 0 0 0 0 0 0 0 0 0 0 
946 2786 1126 566 270 206 246 206 376 26 142 76 340 274 0 0 0 0 0 0 0 0 0 0 0 0 0 0 0 0 0 0 
59 100 200 29 26 90 6 7 3 2 9 27 0 0 0 0 0 0 0 0 0 0 0 0 0 0 0 0 0 0 0 0 
164 432 766 497 114 408 148 75 39 132 62 107 10 316 50 0 8 0 0 0 0 0 0 0 0 0 0 0 0 0 0 0 
937 1669 1956 1466 1069 991 482 287 96 106 300 197 54 11 9 0 0 0 0 0 0 0 0 0 0 0 0 0 0 0 0 0 
1815 2170 2285 1628 1014 870 467 246 436 214 65 87 33 60 21 17 6 0 0 0 0 0 0 0 0 0 0 0 0 0 0 0 
2780 3762 3882 2473 696 863 553 735 118 517 1747 2450 437 6 0 0 0 0 0 0 0 0 0 0 0 0 0 0 0 0 0 0 
3609 4032 3988 3021 1357 2041 968 593 1025 343 745 393 311 169 114 2 3 0 0 0 0 0 0 0 0 0 0 0 0 0 0 0 
0 49 81 29 14 13 15 56 11 10 1 0 0 0 0 0 0 0 0 0 0 0 0 0 0 0 0 0 0 0 0 0 
748 3068 1401 821 561 542 141 534 294 19 46 19 93 57 1 0 0 0 0 0 0 0 0 0 0 0 0 0 0 0 0 0 
17 176 161 111 146 169 55 25 12 10 0 12 3 263 0 0 0 0 0 0 0 0 0 0 0 0 0 0 0 0 0 0 
2487 3496 3330 2228 2046 1260 1024 726 852 157 453 262 85 4 6 0 5 0 0 0 0 0 0 0 0 0 0 0 0 0 0 0 
1240 1795 1484 1153 1162 714 299 132 88 397 43 42 32 267 4 0 2 0 0 0 0 0 0 0 0 0 0 0 0 0 0 0 
1639 2255 1874 879 792 562 459 676 512 108 130 26 120 32 1 5 0 0 0 0 0 0 0 0 0 0 0 0 0 0 0 0 
190 517 364 390 136 270 65 49 142 27 37 3 4 0 1 0 0 0 0 0 0 0 0 0 0 0 0 0 0 0 0 0 
1816 3145 3666 2137 1510 2038 840 575 239 96 492 410 76 34 5 4 0 0 0 0 0 0 0 0 0 0 0 0 0 0 0 0 
0 0 0 0 0 0 0 0 0 0 0 0 0 0 0 0 0 0 0 0 0 0 0 0 0 0 0 0 0 0 0 0 
1686 2312 2340 1876 921 1149 869 308 857 281 391 210 117 290 29 0 4 0 0 0 0 0 0 0 0 0 0 0 0 0 0 0 
539 1081 905 316 573 433 313 70 71 16 40 39 5 29 3 9 36 0 0 0 0 0 0 0 0 0 0 0 0 0 0 0 
454 1097 1065 830 455 387 210 127 80 56 77 99 14 4 5 0 0 0 0 0 0 0 0 0 0 0 0 0 0 0 0 0 
808 582 744 458 430 551 1005 375 18 6 72 29 6 43 219 69 0 0 0 0 0 0 0 0 0 0 0 0 0 0 0 0 
6827 4561 5105 3101 1829 2167 1936 1137 259 184 859 745 182 68 301 203 0 0 0 0 0 0 0 0 0 0 0 0 0 0 0 0 
226 221 201 145 52 92 148 10 1 1 2 5 0 0 0 0 0 0 0 0 0 0 0 0 0 0 0 0 0 0 0 0 
0 0 0 0 0 0 0 0 0 0 0 0 0 0 0 0 0 0 0 0 0 0 0 0 0 0 0 0 0 0 0 0 
414 803 461 208 404 206 132 90 47 371 13 2 0 0 0 0 0 0 0 0 0 0 0 0 0 0 0 0 0 0 0 0 
463 2359 1796 1319 806 918 399 115 184 185 147 117 36 16 2 4 0 0 0 0 0 0 0 0 0 0 0 0 0 0 0 0 
33 451 361 203 416 70 150 11 0 1 13 1 25 3 0 0 0 0 0 0 0 0 0 0 0 0 0 0 0 0 0 0 
177 375 488 319 469 177 150 85 39 10 23 123 1 2 1 2 0 0 0 0 0 0 0 0 0 0 0 0 0 0 0 0 
223 988 943 518 1010 444 312 47 13 409 8 13 0 4 0 0 0 0 0 0 0 0 0 0 0 0 0 0 0 0 0 0 
593 845 656 516 485 237 179 386 127 439 175 3 0 0 3 4 0 0 0 0 0 0 0 0 0 0 0 0 0 0 0 0 
401 833 416 215 584 85 29 20 24 221 0 5 0 2 0 0 0 0 0 0 0 0 0 0 0 0 0 0 0 0 0 0 
0 4 2 2 0 0 0 0 0 0 0 0 0 0 0 0 0 0 0 0 0 0 0 0 0 0 0 0 0 0 0 0 
472 2040 887 468 342 252 86 196 250 27 100 112 89 63 2 0 0 0 0 0 0 0 0 0 0 0 0 0 0 0 0 0 
771 2298 2322 1524 1116 1083 441 336 165 86 357 330 55 9 0 0 0 0 0 0 0 0 0 0 0 0 0 0 0 0 0 0 
2449 2342 3319 2197 981 1144 594 510 168 145 759 393 87 48 6 1 0 0 0 0 0 0 0 0 0 0 0 0 0 0 0 0 
1076 1064 1393 1050 408 472 293 113 55 88 409 255 40 3 1 0 0 0 0 0 0 0 0 0 0 0 0 0 0 0 0 0 
879 2584 2671 2153 1323 931 708 270 273 98 380 163 55 10 2 1 30 0 0 0 0 0 0 0 0 0 0 0 0 0 0 0 
124 74 105 87 29 34 22 2 12 11 18 1 2 0 0 0 0 0 0 0 0 0 0 0 0 0 0 0 0 0 0 0 
182 927 653 477 233 308 185 60 205 33 98 11 56 143 0 0 2 0 0 0 0 0 0 0 0 0 0 0 0 0 0 0 
27 284 316 90 46 66 145 1 2 4 5 0 0 0 0 0 0 0 0 0 0 0 0 0 0 0 0 0 0 0 0 0 
1376 1611 1921 1472 652 697 478 146 554 68 232 164 56 91 0 4 0 0 0 0 0 0 0 0 0 0 0 0 0 0 0 0 
4238 3842 4569 3000 1939 1869 1303 882 545 180 796 378 135 25 2 0 0 0 0 0 0 0 0 0 0 0 0 0 0 0 0 0 
945 1489 2031 1310 734 995 475 499 235 221 523 224 41 1 2 0 0 0 0 0 0 0 0 0 0 0 0 0 0 0 0 0 
1770 3050 3349 2023 1314 1456 675 879 248 113 479 381 76 9 1 1 0 0 0 0 0 0 0 0 0 0 0 0 0 0 0 0 
2160 2706 3056 2161 1468 1832 660 679 293 536 425 214 62 68 21 0 5 0 0 0 0 0 0 0 0 0 0 0 0 0 0 0 
40 220 279 234 225 85 156 23 7 13 10 4 0 0 0 0 0 0 0 0 0 0 0 0 0 0 0 0 0 0 0 0 
67 109 104 122 175 21 15 5 2 3 10 5 0 0 0 0 0 0 0 0 0 0 0 0 0 0 0 0 0 0 0 0 
310 600 618 635 376 350 249 85 60 24 9 20 37 10 50 0 6 0 0 0 0 0 0 0 0 0 0 0 0 0 0 0 
592 1084 710 534 371 505 256 62 205 27 135 8 25 28 1 0 2 0 0 0 0 0 0 0 0 0 0 0 0 0 0 0 
515 626 651 340 413 171 112 119 82 479 13 2 0 15 0 0 0 0 0 0 0 0 0 0 0 0 0 0 0 0 0 0 
1750 2068 2395 1532 1330 663 420 281 160 377 79 93 10 2 23 0 0 0 0 0 0 0 0 0 0 0 0 0 0 0 0 0 
1045 1984 2775 1597 1213 1035 785 510 114 64 285 19 40 24 7 13 1 0 0 0 0 0 0 0 0 0 0 0 0 0 0 0 
1610 1824 2042 1488 792 642 674 128 466 550 112 24 13 55 22 0 0 0 0 0 0 0 0 0 0 0 0 0 0 0 0 0 
1961 2072 2495 1601 1420 716 492 267 196 202 130 11 5 10 23 0 0 0 0 0 0 0 0 0 0 0 0 0 0 0 0 0 
167 655 935 565 414 564 348 315 129 16 136 147 18 24 7 28 0 0 0 0 0 0 0 0 0 0 0 0 0 0 0 0 
1426 2025 2101 881 679 522 454 444 357 371 272 3 9 38 51 1 4 0 0 0 0 0 0 0 0 0 0 0 0 0 0 0 
629 1393 1239 816 520 826 306 276 104 17 128 11 6 2 2 0 0 0 0 0 0 0 0 0 0 0 0 0 0 0 0 0 
0 21 23 18 9 17 8 6 21 10 2 0 0 0 0 0 0 0 0 0 0 0 0 0 0 0 0 0 0 0 0 0 
196 441 447 214 284 119 76 34 69 23 22 2 0 0 0 0 0 0 0 0 0 0 0 0 0 0 0 0 0 0 0 0 
27 116 89 86 43 118 19 11 45 10 2 0 0 0 0 0 0 0 0 0 0 0 0 0 0 0 0 0 0 0 0 0 
272 909 559 576 196 297 174 428 186 36 85 16 8 3 3 1 1 0 0 0 0 0 0 0 0 0 0 0 0 0 0 0 
683 1609 1094 1052 531 717 451 786 231 153 118 34 9 53 56 0 2 0 0 0 0 0 0 0 0 0 0 0 0 0 0 0 
1098 4117 3344 1901 1485 1518 772 933 337 243 279 102 56 8 1 1 0 0 0 0 0 0 0 0 0 0 0 0 0 0 0 0 
520 644 1215 479 421 662 201 79 75 41 311 55 26 43 2 0 0 0 0 0 0 0 0 0 0 0 0 0 0 0 0 0 
179 438 166 98 53 188 22 12 40 2 10 4 10 5 0 0 0 0 0 0 0 0 0 0 0 0 0 0 0 0 0 0 
615 1038 1037 674 914 513 453 103 220 134 58 56 23 306 2 0 0 0 0 0 0 0 0 0 0 0 0 0 0 0 0 0 
128 92 173 86 52 123 60 44 0 4 2 1 0 0 0 0 0 0 0 0 0 0 0 0 0 0 0 0 0 0 0 0 
1106 2935 2295 1264 1049 716 430 218 182 46 236 182 96 45 0 0 0 0 0 0 0 0 0 0 0 0 0 0 0 0 0 0 
792 1652 685 370 345 304 110 76 64 21 93 191 85 81 0 0 0 0 0 0 0 0 0 0 0 0 0 0 0 0 0 0 
135 381 364 224 182 159 41 80 2 4 111 120 24 0 0 0 0 0 0 0 0 0 0 0 0 0 0 0 0 0 0 0 
391 458 691 432 201 354 217 118 23 35 106 342 8 0 0 0 0 0 0 0 0 0 0 0 0 0 0 0 0 0 0 0 
1282 1921 2168 1055 909 997 536 281 74 67 446 446 85 28 6 13 0 0 0 0 0 0 0 0 0 0 0 0 0 0 0 0 
621 1405 1555 943 924 767 581 402 75 49 240 301 46 24 0 4 0 0 0 0 0 0 0 0 0 0 0 0 0 0 0 0 
1288 1591 1996 1001 678 636 377 447 92 108 512 530 87 0 8 0 0 0 0 0 0 0 0 0 0 0 0 0 0 0 0 0 
397 272 213 175 85 147 21 73 37 1 18 138 15 3 0 0 0 0 0 0 0 0 0 0 0 0 0 0 0 0 0 0 
587 872 1034 961 457 723 277 360 18 16 191 12 0 23 5 0 0 0 0 0 0 0 0 0 0 0 0 0 0 0 0 0 
337 313 636 475 132 219 93 56 167 40 47 9 42 11 39 0 5 0 0 0 0 0 0 0 0 0 0 0 0 0 0 0 
0 0 0 0 0 0 0 0 0 0 0 0 0 0 0 0 0 0 0 0 0 0 0 0 0 0 0 0 0 0 0 0 
391 967 1034 776 541 837 122 57 165 29 220 101 7 5 6 0 0 0 0 0 0 0 0 0 0 0 0 0 0 0 0 0 
3887 3171 4198 2570 1615 1826 909 688 244 266 655 545 86 6 15 17 16 0 0 0 0 0 0 0 0 0 0 0 0 0 0 0 
104 386 289 357 209 84 77 399 52 102 15 7 7 8 30 0 0 0 0 0 0 0 0 0 0 0 0 0 0 0 0 0 
321 542 730 344 340 338 244 47 3 1 30 6 0 22 3 0 0 0 0 0 0 0 0 0 0 0 0 0 0 0 0 0 
850 2902 2421 1794 1118 990 433 619 218 102 248 364 225 55 7 13 2 0 0 0 0 0 0 0 0 0 0 0 0 0 0 0 
3556 5328 5128 3028 2203 2323 1247 838 351 147 607 515 112 35 17 19 2 0 0 0 0 0 0 0 0 0 0 0 0 0 0 0 
496 701 1192 538 450 464 224 115 9 17 265 144 8 4 2 0 0 0 0 0 0 0 0 0 0 0 0 0 0 0 0 0 
243 374 493 403 344 273 235 19 22 9 40 16 28 0 4 0 0 0 0 0 0 0 0 0 0 0 0 0 0 0 0 0 
828 1004 910 970 258 384 207 142 20 19 224 275 19 9 1 0 6 0 0 0 0 0 0 0 0 0 0 0 0 0 0 0 
34 393 393 305 299 221 154 23 42 9 70 2 0 0 0 0 0 0 0 0 0 0 0 0 0 0 0 0 0 0 0 0 
1907 3532 2402 814 624 665 455 412 1102 185 274 159 181 484 15 0 0 0 0 0 0 0 0 0 0 0 0 0 0 0 0 0 
3188 4098 2624 1730 820 1265 927 614 299 103 430 344 147 183 75 17 0 0 0 0 0 0 0 0 0 0 0 0 0 0 0 0 
643 801 879 772 382 458 255 188 122 126 327 279 33 13 131 61 0 0 0 0 0 0 0 0 0 0 0 0 0 0 0 0 
1564 2643 3144 1779 1336 1317 473 274 116 180 373 273 54 3 3 0 1 0 0 0 0 0 0 0 0 0 0 0 0 0 0 0 
134 231 375 240 82 235 55 22 41 5 162 27 14 0 0 0 0 0 0 0 0 0 0 0 0 0 0 0 0 0 0 0 
3244 2748 3308 1962 1048 1657 621 688 465 244 699 544 191 56 5 13 0 0 0 0 0 0 0 0 0 0 0 0 0 0 0 0 
386 689 747 599 354 330 283 275 133 38 124 13 71 6 44 1 2 0 0 0 0 0 0 0 0 0 0 0 0 0 0 0 
123 437 491 432 304 245 93 44 125 18 176 81 6 3 2 0 0 0 0 0 0 0 0 0 0 0 0 0 0 0 0 0 
896 991 1200 1017 421 1093 300 192 454 366 201 298 80 146 1 0 0 0 0 0 0 0 0 0 0 0 0 0 0 0 0 0 
35 148 171 146 74 305 30 276 35 6 85 0 0 0 0 0 0 0 0 0 0 0 0 0 0 0 0 0 0 0 0 0 
55 768 559 393 205 386 219 345 110 34 152 160 11 0 0 0 0 0 0 0 0 0 0 0 0 0 0 0 0 0 0 0 
58 823 461 415 272 215 78 355 22 97 26 0 1 0 0 0 0 0 0 0 0 0 0 0 0 0 0 0 0 0 0 0 
250 386 755 287 83 243 95 32 141 29 127 82 29 4 5 0 0 0 0 0 0 0 0 0 0 0 0 0 0 0 0 0 
668 802 1051 752 528 497 256 164 236 56 284 275 62 0 6 5 0 0 0 0 0 0 0 0 0 0 0 0 0 0 0 0 
1552 2412 2783 1963 1465 1229 819 500 143 80 380 304 71 46 11 30 0 0 0 0 0 0 0 0 0 0 0 0 0 0 0 0 
336 798 915 561 294 209 72 179 208 105 16 10 0 2 0 0 0 0 0 0 0 0 0 0 0 0 0 0 0 0 0 0 
290 204 301 271 75 108 49 45 8 47 308 90 0 0 0 0 0 0 0 0 0 0 0 0 0 0 0 0 0 0 0 0 
559 972 601 466 361 266 174 63 217 7 17 8 6 2 0 0 2 0 0 0 0 0 0 0 0 0 0 0 0 0 0 0 
2273 1586 1512 946 671 701 537 433 268 322 325 38 121 7 23 3 9 87 0 0 0 0 0 0 0 0 0 0 0 0 0 0 
299 476 280 524 150 137 156 425 209 84 54 9 6 4 6 0 6 0 0 0 0 0 0 0 0 0 0 0 0 0 0 0 
301 504 425 580 216 276 277 365 148 32 14 12 7 4 1 0 7 0 0 0 0 0 0 0 0 0 0 0 0 0 0 0 
370 399 223 402 120 133 135 397 131 30 8 4 6 1 2 1 0 0 0 0 0 0 0 0 0 0 0 0 0 0 0 0 
362 544 404 525 308 242 107 487 118 167 35 14 6 0 2 0 5 0 0 0 0 0 0 0 0 0 0 0 0 0 0 0 
221 245 403 330 95 355 33 10 9 4 35 16 6 1 0 2 0 0 0 0 0 0 0 0 0 0 0 0 0 0 0 0 
2413 3399 2430 1267 1213 722 459 272 301 319 426 288 59 64 0 0 5 0 0 0 0 0 0 0 0 0 0 0 0 0 0 0 
741 1159 2156 1180 679 1020 464 463 104 70 411 272 30 6 35 0 0 0 0 0 0 0 0 0 0 0 0 0 0 0 0 0 
2126 2158 2640 1613 850 1251 387 228 109 91 473 488 60 3 0 0 0 0 0 0 0 0 0 0 0 0 0 0 0 0 0 0 
98 395 690 371 183 311 196 61 19 33 303 135 0 0 2 0 0 0 0 0 0 0 0 0 0 0 0 0 0 0 0 0 
292 198 207 148 89 101 29 112 0 53 115 171 0 4 0 0 0 0 0 0 0 0 0 0 0 0 0 0 0 0 0 0 
1729 1723 1846 1318 648 779 491 290 69 55 515 324 116 63 12 13 36 96 0 0 0 0 0 0 0 0 0 0 0 0 0 0 
238 620 425 301 133 162 396 45 15 11 46 10 5 22 0 0 0 0 0 0 0 0 0 0 0 0 0 0 0 0 0 0 
775 1874 1729 1224 959 671 686 427 196 178 423 31 35 22 2 0 0 0 0 0 0 0 0 0 0 0 0 0 0 0 0 0 
833 1534 599 193 359 193 186 40 38 11 15 15 8 7 0 0 0 0 0 0 0 0 0 0 0 0 0 0 0 0 0 0 
860 1980 788 323 430 154 167 139 89 27 76 147 34 47 0 0 0 0 0 0 0 0 0 0 0 0 0 0 0 0 0 0 
523 1099 1122 704 586 416 334 133 41 27 204 265 43 1 1 5 0 0 0 0 0 0 0 0 0 0 0 0 0 0 0 0 
653 1055 934 912 476 759 211 489 248 52 179 13 24 34 4 1 5 3 0 0 0 0 0 0 0 0 0 0 0 0 0 0 
841 1323 991 174 236 269 45 116 318 17 104 16 110 75 0 0 0 0 0 0 0 0 0 0 0 0 0 0 0 0 0 0 
1393 3002 2686 1660 1321 739 685 364 773 327 154 110 126 10 7 0 5 0 0 0 0 0 0 0 0 0 0 0 0 0 0 0 
1074 2889 1637 986 668 648 354 130 166 52 182 208 167 89 9 0 0 6 0 0 0 0 0 0 0 0 0 0 0 0 0 0 
1410 2155 2535 1558 826 834 332 240 70 66 368 298 10 6 1 0 2 0 0 0 0 0 0 0 0 0 0 0 0 0 0 0 
1052 2698 1678 1001 662 637 407 468 165 131 171 38 97 36 0 0 0 0 0 0 0 0 0 0 0 0 0 0 0 0 0 0 
4563 3676 4059 2494 1527 1858 1009 1043 228 209 743 667 370 87 65 81 104 0 0 0 0 0 0 0 0 0 0 0 0 0 0 0 
66 127 177 126 77 361 5 2 1 1 0 2 0 0 0 0 0 0 0 0 0 0 0 0 0 0 0 0 0 0 0 0 
406 1992 856 527 352 305 426 138 75 20 57 131 76 62 4 0 0 0 0 0 0 0 0 0 0 0 0 0 0 0 0 0 
50 68 118 54 31 83 150 32 0 0 8 3 1 22 0 0 0 0 0 0 0 0 0 0 0 0 0 0 0 0 0 0 
760 1356 1597 748 994 832 315 139 49 229 118 12 14 23 23 1 0 0 0 0 0 0 0 0 0 0 0 0 0 0 0 0 
0 77 42 25 18 30 5 2 1 0 0 0 0 0 0 0 0 0 0 0 0 0 0 0 0 0 0 0 0 0 0 0 
873 2241 1888 1363 1038 788 305 428 239 320 52 166 30 2 26 0 0 0 0 0 0 0 0 0 0 0 0 0 0 0 0 0 
1287 1599 1648 1279 574 1098 505 256 704 161 258 299 105 321 18 0 0 0 0 0 0 0 0 0 0 0 0 0 0 0 0 0 
201 236 273 407 91 200 37 34 76 24 20 15 3 0 0 0 0 0 0 0 0 0 0 0 0 0 0 0 0 0 0 0 
2070 3556 2220 1402 899 1121 338 327 176 52 303 326 149 100 12 2 0 0 0 0 0 0 0 0 0 0 0 0 0 0 0 0 
1037 1510 1804 954 645 630 327 149 65 38 311 351 17 1 0 0 0 0 0 0 0 0 0 0 0 0 0 0 0 0 0 0 
512 1052 867 613 367 637 245 403 369 51 37 16 100 47 0 0 0 0 0 0 0 0 0 0 0 0 0 0 0 0 0 0 
456 389 886 277 207 132 112 53 20 46 337 297 15 3 5 0 0 0 0 0 0 0 0 0 0 0 0 0 0 0 0 0 
638 788 1082 616 366 344 190 130 60 59 187 276 69 5 53 1 0 0 0 0 0 0 0 0 0 0 0 0 0 0 0 0 
740 559 988 419 148 309 91 70 153 41 241 252 32 0 0 0 0 0 0 0 0 0 0 0 0 0 0 0 0 0 0 0 
2198 2681 2290 1388 755 1556 682 372 587 235 290 255 156 75 12 0 0 8 0 0 0 0 0 0 0 0 0 0 0 0 0 0 
790 1000 974 757 519 806 243 476 170 64 138 28 27 3 0 0 7 0 0 0 0 0 0 0 0 0 0 0 0 0 0 0 
47 135 200 128 63 77 142 19 18 10 27 134 1 0 0 0 0 0 0 0 0 0 0 0 0 0 0 0 0 0 0 0 
273 679 362 122 63 118 40 47 85 10 39 143 3 3 0 0 0 0 0 0 0 0 0 0 0 0 0 0 0 0 0 0 
2529 2784 2836 1995 1127 1682 797 413 962 277 347 505 198 371 29 0 0 0 0 0 0 0 0 0 0 0 0 0 0 0 0 0 
2236 4084 2880 1372 663 677 264 377 280 354 746 770 142 57 1 1 0 0 0 0 0 0 0 0 0 0 0 0 0 0 0 0 
336 714 877 548 307 314 277 70 76 31 64 148 18 3 0 0 0 0 0 0 0 0 0 0 0 0 0 0 0 0 0 0 
3650 3320 3535 2165 1212 1439 754 654 197 122 768 469 151 52 25 35 16 97 0 0 0 0 0 0 0 0 0 0 0 0 0 0 
142 805 662 385 181 333 68 42 48 27 48 7 0 65 0 0 0 0 0 0 0 0 0 0 0 0 0 0 0 0 0 0 
133 465 199 225 70 172 47 13 18 6 24 6 7 5 0 0 0 1 0 0 0 0 0 0 0 0 0 0 0 0 0 0 
806 1307 1435 1232 1068 817 554 449 381 140 126 38 63 3 3 10 36 0 0 0 0 0 0 0 0 0 0 0 0 0 0 0 
2664 3843 2090 1100 553 694 269 323 234 67 266 560 146 73 3 0 0 0 0 0 0 0 0 0 0 0 0 0 0 0 0 0 
1589 3045 1244 462 356 191 172 280 206 41 180 296 154 92 0 0 0 0 0 0 0 0 0 0 0 0 0 0 0 0 0 0 
342 900 651 544 499 318 146 41 40 4 16 16 67 37 0 0 0 0 0 0 0 0 0 0 0 0 0 0 0 0 0 0 
843 1101 1221 751 629 1017 223 60 162 32 118 21 23 6 3 0 0 0 0 0 0 0 0 0 0 0 0 0 0 0 0 0 
1781 1721 1608 1605 990 1011 544 722 668 274 180 175 67 314 10 1 6 0 0 0 0 0 0 0 0 0 0 0 0 0 0 0 
9 54 20 25 9 35 13 3 4 1 0 0 0 0 0 0 0 0 0 0 0 0 0 0 0 0 0 0 0 0 0 0 
74 84 37 162 12 46 12 5 21 1 1 1 2 0 0 0 2 0 0 0 0 0 0 0 0 0 0 0 0 0 0 0 
509 1362 890 801 635 513 590 747 190 484 194 10 9 22 3 4 5 0 0 0 0 0 0 0 0 0 0 0 0 0 0 0 
131 41 72 50 28 256 25 10 6 7 3 4 14 0 0 0 0 0 0 0 0 0 0 0 0 0 0 0 0 0 0 0 
143 41 49 40 19 43 21 9 15 3 28 6 13 0 0 0 0 0 0 0 0 0 0 0 0 0 0 0 0 0 0 0 
197 584 1110 478 254 421 303 64 82 121 307 50 38 43 0 0 0 0 0 0 0 0 0 0 0 0 0 0 0 0 0 0 
714 739 698 560 441 242 171 156 251 265 15 75 27 274 28 0 0 0 0 0 0 0 0 0 0 0 0 0 0 0 0 0 
500 1157 1123 874 440 319 381 91 454 258 90 91 30 59 0 0 0 0 0 0 0 0 0 0 0 0 0 0 0 0 0 0 
0 0 0 0 0 0 0 0 0 0 0 0 0 0 0 0 0 0 0 0 0 0 0 0 0 0 0 0 0 0 0 0 
202 289 404 275 136 216 173 36 19 13 58 146 1 0 0 0 0 0 0 0 0 0 0 0 0 0 0 0 0 0 0 0 
237 83 157 229 45 64 125 57 45 9 5 16 1 2 1 0 6 0 0 0 0 0 0 0 0 0 0 0 0 0 0 0 
100 327 455 274 348 141 354 274 7 8 23 3 0 22 0 0 1 0 0 0 0 0 0 0 0 0 0 0 0 0 0 0 
3 45 32 41 17 27 26 279 21 6 0 0 0 0 0 0 0 0 0 0 0 0 0 0 0 0 0 0 0 0 0 0 
169 633 338 195 363 127 198 316 153 233 12 2 10 50 1 0 1 0 0 0 0 0 0 0 0 0 0 0 0 0 0 0 
574 1086 730 506 519 311 367 150 177 264 122 13 17 0 1 0 0 0 0 0 0 0 0 0 0 0 0 0 0 0 0 0 
268 1047 560 337 247 190 210 114 143 26 194 132 16 50 2 0 0 0 0 0 0 0 0 0 0 0 0 0 0 0 0 0 
2130 2369 2333 1289 718 709 421 291 110 61 336 458 144 46 45 83 108 0 0 0 0 0 0 0 0 0 0 0 0 0 0 0 
893 1999 1438 761 375 597 179 622 683 74 233 113 128 308 2 0 2 0 0 0 0 0 0 0 0 0 0 0 0 0 0 0 
494 944 978 745 740 687 332 63 82 198 127 215 20 10 53 0 0 0 0 0 0 0 0 0 0 0 0 0 0 0 0 0 
206 361 462 242 323 397 40 15 10 9 47 2 2 0 5 0 0 0 0 0 0 0 0 0 0 0 0 0 0 0 0 0 
5 444 133 41 110 6 3 6 10 8 8 14 0 0 0 0 0 0 0 0 0 0 0 0 0 0 0 0 0 0 0 0 
28 144 149 126 220 59 54 18 15 115 3 0 0 0 2 0 0 0 0 0 0 0 0 0 0 0 0 0 0 0 0 0 
0 0 0 0 0 0 0 0 0 0 0 0 0 0 0 0 0 0 0 0 0 0 0 0 0 0 0 0 0 0 0 0 
1012 921 1541 754 630 538 287 307 66 27 131 42 44 4 10 13 0 0 0 0 0 0 0 0 0 0 0 0 0 0 0 0 
885 1448 1645 1108 899 660 382 508 86 61 333 371 50 2 9 10 20 17 0 0 0 0 0 0 0 0 0 0 0 0 0 0 
190 1557 670 238 250 158 30 123 64 15 91 8 20 3 0 0 0 0 0 0 0 0 0 0 0 0 0 0 0 0 0 0 
176 469 389 656 260 200 120 353 139 50 10 9 6 5 34 0 8 1 0 0 0 0 0 0 0 0 0 0 0 0 0 0 
1026 1868 2087 1155 776 736 391 296 161 76 369 343 200 4 7 0 0 0 0 0 0 0 0 0 0 0 0 0 0 0 0 0 
537 706 823 827 503 601 60 43 15 24 116 112 27 1 0 0 0 0 0 0 0 0 0 0 0 0 0 0 0 0 0 0 
56 475 201 183 69 82 21 13 54 128 69 9 0 7 0 0 0 0 0 0 0 0 0 0 0 0 0 0 0 0 0 0 
253 342 257 143 134 164 157 328 62 12 3 0 3 0 0 1 0 0 0 0 0 0 0 0 0 0 0 0 0 0 0 0 
5 186 182 158 103 83 149 25 84 20 20 6 0 0 0 0 0 0 0 0 0 0 0 0 0 0 0 0 0 0 0 0 
39 152 106 93 142 65 45 339 24 12 7 0 1 0 0 0 0 0 0 0 0 0 0 0 0 0 0 0 0 0 0 0 
70 188 192 98 104 60 31 65 5 13 11 0 1 7 0 0 0 0 0 0 0 0 0 0 0 0 0 0 0 0 0 0 
634 1241 1406 968 474 479 278 163 385 133 168 20 22 48 0 0 0 0 0 0 0 0 0 0 0 0 0 0 0 0 0 0 
486 493 739 558 210 423 406 78 75 28 63 5 9 3 0 0 0 0 0 0 0 0 0 0 0 0 0 0 0 0 0 0 
81 525 177 88 167 78 116 323 20 16 8 0 2 2 0 0 0 0 0 0 0 0 0 0 0 0 0 0 0 0 0 0 
0 68 26 15 13 7 1 9 4 0 0 0 0 0 0 0 0 0 0 0 0 0 0 0 0 0 0 0 0 0 0 0 
536 784 950 583 181 328 179 150 178 46 266 260 43 3 0 0 0 0 0 0 0 0 0 0 0 0 0 0 0 0 0 0 
284 371 498 407 144 231 199 134 11 30 153 263 28 0 6 16 0 0 0 0 0 0 0 0 0 0 0 0 0 0 0 0 
0 0 0 0 0 0 0 0 0 0 0 0 0 0 0 0 0 0 0 0 0 0 0 0 0 0 0 0 0 0 0 0 
665 2064 623 278 227 93 101 76 126 23 54 110 44 7 0 0 0 0 0 0 0 0 0 0 0 0 0 0 0 0 0 0 
3938 4039 3926 2808 1727 2112 1137 594 1268 337 474 400 214 151 37 0 2 1 0 0 0 0 0 0 0 0 0 0 0 0 0 0 
465 629 743 664 202 376 296 153 514 89 138 165 36 306 12 0 0 0 0 0 0 0 0 0 0 0 0 0 0 0 0 0 
331 564 592 697 148 335 265 152 346 161 109 139 5 10 10 0 3 0 0 0 0 0 0 0 0 0 0 0 0 0 0 0 
1394 1874 1661 501 565 443 224 219 753 84 171 104 128 24 1 0 0 0 0 0 0 0 0 0 0 0 0 0 0 0 0 0 
0 296 252 87 111 46 130 34 5 209 0 0 0 0 0 0 0 0 0 0 0 0 0 0 0 0 0 0 0 0 0 0 
235 744 613 289 317 242 81 327 18 53 29 2 38 2 7 13 0 0 0 0 0 0 0 0 0 0 0 0 0 0 0 0 
1277 2530 1927 929 847 841 467 414 116 71 202 294 57 8 6 3 0 0 0 0 0 0 0 0 0 0 0 0 0 0 0 0 
52 85 139 110 28 33 21 25 20 23 40 55 218 0 0 0 0 0 0 0 0 0 0 0 0 0 0 0 0 0 0 0 
2711 1909 3046 2111 365 686 433 491 95 865 1415 2097 250 45 95 0 2 3 0 0 0 0 0 0 0 0 0 0 0 0 0 0 
0 51 76 59 38 22 126 0 0 0 10 1 1 0 0 0 0 0 0 0 0 0 0 0 0 0 0 0 0 0 0 0 
0 51 76 59 38 22 126 0 0 0 10 1 1 0 0 0 0 0 0 0 0 0 0 0 0 0 0 0 0 0 0 0 
211 650 125 18 15 11 24 5 17 8 0 2 5 1 0 0 0 0 0 0 0 0 0 0 0 0 0 0 0 0 0 0 
801 1283 865 332 688 300 281 220 127 257 55 52 11 0 0 0 5 0 0 0 0 0 0 0 0 0 0 0 0 0 0 0 
4526 5296 3569 1950 1534 1205 652 384 637 408 388 399 304 191 3 0 0 0 0 0 0 0 0 0 0 0 0 0 0 0 0 0 
1041 2283 1766 749 603 542 536 141 122 61 163 196 20 68 5 0 0 0 0 0 0 0 0 0 0 0 0 0 0 0 0 0 
516 740 521 191 216 268 42 43 154 17 49 28 31 39 0 0 0 0 0 0 0 0 0 0 0 0 0 0 0 0 0 0 
315 552 541 428 325 434 91 57 39 290 28 80 0 2 0 0 0 0 0 0 0 0 0 0 0 0 0 0 0 0 0 0 
507 625 800 548 439 660 80 28 20 15 56 11 1 2 0 0 0 0 0 0 0 0 0 0 0 0 0 0 0 0 0 0 
144 302 400 240 184 532 26 8 3 1 9 0 0 1 0 0 0 0 0 0 0 0 0 0 0 0 0 0 0 0 0 0 
1009 1147 1695 1085 509 927 479 180 167 89 357 227 47 26 32 0 0 0 0 0 0 0 0 0 0 0 0 0 0 0 0 0 
2161 2692 2066 991 1171 1325 726 630 377 476 255 124 16 87 7 0 4 0 0 0 0 0 0 0 0 0 0 0 0 0 0 0 
106 190 172 115 70 126 3 17 2 5 10 12 3 0 0 0 0 0 0 0 0 0 0 0 0 0 0 0 0 0 0 0 
99 470 377 442 188 223 93 73 19 122 12 5 8 11 0 0 0 0 0 0 0 0 0 0 0 0 0 0 0 0 0 0 
871 1539 1282 878 561 218 236 149 75 173 109 12 10 23 42 0 0 0 0 0 0 0 0 0 0 0 0 0 0 0 0 0 
53 198 183 274 88 121 67 18 22 115 4 1 5 4 1 0 0 0 0 0 0 0 0 0 0 0 0 0 0 0 0 0 
1301 2087 2719 1649 1198 886 577 564 200 69 537 324 80 3 0 13 0 0 0 0 0 0 0 0 0 0 0 0 0 0 0 0 
84 241 231 209 120 358 78 60 269 19 0 1 3 0 2 0 0 0 0 0 0 0 0 0 0 0 0 0 0 0 0 0 
1303 1551 1090 971 692 507 343 616 416 400 286 24 36 276 11 0 1 0 0 0 0 0 0 0 0 0 0 0 0 0 0 0 
281 588 538 429 566 573 70 35 92 80 84 94 14 0 0 0 0 0 0 0 0 0 0 0 0 0 0 0 0 0 0 0 
404 479 535 683 290 231 72 106 26 45 47 12 3 8 42 0 0 0 0 0 0 0 0 0 0 0 0 0 0 0 0 0 
87 149 215 25 58 4 1 6 3 0 1 1 1 0 1 0 0 0 0 0 0 0 0 0 0 0 0 0 0 0 0 0 
492 622 819 592 409 420 391 108 79 125 187 154 30 30 3 2 0 0 0 0 0 0 0 0 0 0 0 0 0 0 0 0 
0 112 145 87 43 128 20 8 9 6 33 133 1 0 0 0 0 0 0 0 0 0 0 0 0 0 0 0 0 0 0 0 
1685 2591 2968 1917 1296 1252 892 233 138 40 430 301 43 18 143 69 1 0 0 0 0 0 0 0 0 0 0 0 0 0 0 0 
468 626 747 608 230 614 81 48 85 133 62 94 16 0 0 0 0 0 0 0 0 0 0 0 0 0 0 0 0 0 0 0 
1867 1680 1794 992 772 536 286 174 96 647 127 28 1 7 3 0 0 0 0 0 0 0 0 0 0 0 0 0 0 0 0 0 
1076 1068 1480 867 506 599 740 197 132 33 148 51 21 36 78 19 0 0 0 0 0 0 0 0 0 0 0 0 0 0 0 0 
3356 3058 3186 1979 1423 743 520 781 650 453 181 107 85 39 1 1 0 0 0 0 0 0 0 0 0 0 0 0 0 0 0 0 
1129 1765 1153 628 843 545 506 540 495 385 131 38 7 308 0 0 0 0 0 0 0 0 0 0 0 0 0 0 0 0 0 0 
1287 2016 2186 1764 957 1112 601 306 951 280 217 271 95 339 4 6 0 1 0 0 0 0 0 0 0 0 0 0 0 0 0 0 
32 97 129 89 184 61 1 7 0 0 2 0 0 0 0 0 0 0 0 0 0 0 0 0 0 0 0 0 0 0 0 0 
60 701 513 406 242 250 170 52 59 18 206 141 22 0 0 0 0 0 0 0 0 0 0 0 0 0 0 0 0 0 0 0 
1196 1929 1515 1233 1019 507 522 526 494 184 198 92 15 2 2 0 5 0 0 0 0 0 0 0 0 0 0 0 0 0 0 0 
105 391 123 105 28 95 16 27 4 3 108 3 0 2 0 0 0 0 0 0 0 0 0 0 0 0 0 0 0 0 0 0 
0 0 0 0 0 0 0 0 0 0 0 0 0 0 0 0 0 0 0 0 0 0 0 0 0 0 0 0 0 0 0 0 
1308 1486 2086 1526 913 1286 612 259 428 178 441 262 84 52 4 0 0 0 0 0 0 0 0 0 0 0 0 0 0 0 0 0 
1029 1918 1509 324 337 256 126 286 477 52 269 7 122 183 1 0 0 0 0 0 0 0 0 0 0 0 0 0 0 0 0 0 
908 1851 1567 912 670 566 590 499 254 176 282 29 21 83 1 10 39 0 0 0 0 0 0 0 0 0 0 0 0 0 0 0 
622 1223 1131 1095 774 476 270 111 207 269 96 87 19 2 0 0 0 0 0 0 0 0 0 0 0 0 0 0 0 0 0 0 
1126 1381 1983 1080 709 731 491 109 51 33 114 118 14 0 1 0 0 0 0 0 0 0 0 0 0 0 0 0 0 0 0 0 
58 70 41 167 16 24 32 318 0 0 4 0 1 0 0 0 0 0 0 0 0 0 0 0 0 0 0 0 0 0 0 0 
240 147 228 184 94 98 123 41 307 1 1 0 0 0 0 0 0 0 0 0 0 0 0 0 0 0 0 0 0 0 0 0 
542 771 252 256 42 22 70 20 24 7 7 19 8 8 0 0 5 0 0 0 0 0 0 0 0 0 0 0 0 0 0 0 
1793 2207 2048 1170 973 488 320 362 307 89 105 11 20 0 1 0 0 0 0 0 0 0 0 0 0 0 0 0 0 0 0 0 
16 226 160 27 15 26 5 3 5 1 2 0 0 0 0 0 0 0 0 0 0 0 0 0 0 0 0 0 0 0 0 0 
2276 2294 2870 1882 1150 809 608 220 247 139 288 16 0 22 0 0 0 0 0 0 0 0 0 0 0 0 0 0 0 0 0 0 
78 243 178 123 212 160 60 12 19 98 5 2 36 1 31 0 0 0 0 0 0 0 0 0 0 0 0 0 0 0 0 0 
64 94 124 64 252 1 1 0 1 41 2 0 197 2 52 0 0 0 0 0 0 0 0 0 0 0 0 0 0 0 0 0 
0 0 0 0 0 0 0 0 0 0 0 0 0 0 0 0 0 0 0 0 0 0 0 0 0 0 0 0 0 0 0 0 
0 63 80 64 27 38 22 12 71 0 3 0 0 0 0 0 0 0 0 0 0 0 0 0 0 0 0 0 0 0 0 0 
157 410 321 343 200 52 12 11 1 3 6 4 1 0 0 0 0 0 0 0 0 0 0 0 0 0 0 0 0 0 0 0 
1716 2192 2293 1630 1151 1085 1007 477 353 36 230 22 4 34 12 4 0 0 0 0 0 0 0 0 0 0 0 0 0 0 0 0 
0 42 21 18 12 7 9 3 8 1 5 0 0 0 0 0 0 0 0 0 0 0 0 0 0 0 0 0 0 0 0 0 
0 42 21 18 12 7 9 3 8 1 5 0 0 0 0 0 0 0 0 0 0 0 0 0 0 0 0 0 0 0 0 0 
480 487 807 618 347 305 235 76 62 34 249 14 16 22 0 0 0 0 0 0 0 0 0 0 0 0 0 0 0 0 0 0 
721 796 1307 672 460 423 350 185 191 69 479 355 84 33 6 5 8 46 0 0 0 0 0 0 0 0 0 0 0 0 0 0 
226 227 164 153 50 69 21 81 3 11 13 131 32 0 0 0 0 0 0 0 0 0 0 0 0 0 0 0 0 0 0 0 
83 282 386 215 129 103 191 32 36 17 215 4 6 0 0 0 0 0 0 0 0 0 0 0 0 0 0 0 0 0 0 0 
1209 1077 1597 1094 226 373 273 288 114 282 968 1464 261 70 2 0 0 0 0 0 0 0 0 0 0 0 0 0 0 0 0 0 
245 251 235 181 75 266 70 28 93 17 43 21 21 46 0 0 0 0 0 0 0 0 0 0 0 0 0 0 0 0 0 0 
209 637 368 195 189 79 111 32 73 17 34 30 21 83 1 0 0 0 0 0 0 0 0 0 0 0 0 0 0 0 0 0 
13 143 413 40 14 53 4 8 5 6 16 13 1 0 0 0 0 0 0 0 0 0 0 0 0 0 0 0 0 0 0 0 
288 333 258 362 230 210 106 346 67 53 6 10 0 7 46 0 0 4 0 0 0 0 0 0 0 0 0 0 0 0 0 0 
1039 850 1099 971 433 786 365 190 673 141 184 231 97 364 7 0 0 0 0 0 0 0 0 0 0 0 0 0 0 0 0 0 
20 76 147 66 53 77 16 66 11 10 1 0 0 0 0 0 0 0 0 0 0 0 0 0 0 0 0 0 0 0 0 0 
2031 1765 1744 1069 648 470 292 187 85 714 69 13 3 12 0 0 0 0 0 0 0 0 0 0 0 0 0 0 0 0 0 0 
762 1053 1346 1054 489 518 327 204 90 67 231 5 5 1 22 1 0 0 0 0 0 0 0 0 0 0 0 0 0 0 0 0 
2213 1496 2054 1423 839 613 627 252 565 87 104 5 28 50 6 0 0 0 0 0 0 0 0 0 0 0 0 0 0 0 0 0 
0 0 0 0 0 0 0 0 0 0 0 0 0 0 0 0 0 0 0 0 0 0 0 0 0 0 0 0 0 0 0 0 
15 157 232 109 147 204 179 237 2 8 2 0 0 0 3 0 0 0 0 0 0 0 0 0 0 0 0 0 0 0 0 0 
677 1437 1823 1137 560 538 330 428 88 25 335 134 32 2 8 9 0 0 0 0 0 0 0 0 0 0 0 0 0 0 0 0 
174 106 183 113 115 64 55 38 44 6 4 4 0 3 0 0 0 0 0 0 0 0 0 0 0 0 0 0 0 0 0 0 
228 196 446 217 88 128 109 76 49 27 231 179 0 0 0 0 0 0 0 0 0 0 0 0 0 0 0 0 0 0 0 0 
0 28 12 13 7 7 5 3 8 1 5 0 0 0 0 0 0 0 0 0 0 0 0 0 0 0 0 0 0 0 0 0 
1760 3082 2508 1237 847 910 729 413 1081 212 247 39 53 397 40 0 0 3 0 0 0 0 0 0 0 0 0 0 0 0 0 0 
1093 2112 1004 417 475 271 144 220 93 266 74 7 84 41 1 1 0 0 0 0 0 0 0 0 0 0 0 0 0 0 0 0 
48 2 18 11 19 6 8 5 7 3 9 11 2 37 0 0 0 0 0 0 0 0 0 0 0 0 0 0 0 0 0 0 
568 1062 525 242 212 242 252 75 378 29 9 0 0 4 0 2 0 0 0 0 0 0 0 0 0 0 0 0 0 0 0 0 
163 650 509 504 214 418 59 20 75 120 107 17 11 8 0 0 0 0 0 0 0 0 0 0 0 0 0 0 0 0 0 0 
0 12 33 19 10 10 9 1 2 2 2 0 0 0 0 0 0 0 0 0 0 0 0 0 0 0 0 0 0 0 0 0 
203 298 101 84 55 29 75 11 37 23 12 3 1 10 6 0 0 0 0 0 0 0 0 0 0 0 0 0 0 0 0 0 
586 591 799 694 371 328 313 377 49 149 72 18 2 27 162 46 0 0 0 0 0 0 0 0 0 0 0 0 0 0 0 0 
83 79 46 53 22 41 29 280 14 1 1 0 0 4 3 1 0 0 0 0 0 0 0 0 0 0 0 0 0 0 0 0 
150 266 376 302 148 376 196 21 46 18 14 18 4 263 0 0 0 0 0 0 0 0 0 0 0 0 0 0 0 0 0 0 
80 254 281 267 252 169 23 10 50 3 22 0 1 0 0 0 0 0 0 0 0 0 0 0 0 0 0 0 0 0 0 0 
5274 5787 4675 2944 2089 2251 1220 905 1627 621 696 451 338 262 100 2 4 46 0 0 0 0 0 0 0 0 0 0 0 0 0 0 
582 1805 509 171 248 31 47 47 100 6 27 13 175 14 0 0 0 0 0 0 0 0 0 0 0 0 0 0 0 0 0 0 
956 2148 617 220 242 45 59 96 368 9 57 21 314 111 0 1 0 0 0 0 0 0 0 0 0 0 0 0 0 0 0 0 
168 214 270 139 70 55 148 15 13 22 19 4 1 0 0 0 0 0 0 0 0 0 0 0 0 0 0 0 0 0 0 0 
0 59 44 13 9 13 7 7 1 8 10 3 0 0 0 0 0 0 0 0 0 0 0 0 0 0 0 0 0 0 0 0 
52 282 133 68 43 101 163 48 11 12 22 13 0 23 0 0 0 0 0 0 0 0 0 0 0 0 0 0 0 0 0 0 
90 85 51 37 15 22 34 8 0 1 2 0 0 0 0 0 0 0 0 0 0 0 0 0 0 0 0 0 0 0 0 0 
279 199 269 336 89 172 150 87 58 25 6 6 3 0 11 0 1 0 0 0 0 0 0 0 0 0 0 0 0 0 0 0 
282 179 172 255 60 79 72 374 33 13 9 3 1 0 1 0 0 0 0 0 0 0 0 0 0 0 0 0 0 0 0 0 
45 167 198 120 284 116 90 1 0 0 1 0 0 0 2 0 0 0 0 0 0 0 0 0 0 0 0 0 0 0 0 0 
473 845 989 664 510 533 172 74 42 30 82 153 0 1 0 0 0 0 0 0 0 0 0 0 0 0 0 0 0 0 0 0 
1182 796 1159 782 376 681 106 149 118 49 243 137 8 0 0 0 0 0 0 0 0 0 0 0 0 0 0 0 0 0 0 0 
34 92 71 176 80 65 3 3 9 1 0 0 0 0 0 0 0 0 0 0 0 0 0 0 0 0 0 0 0 0 0 0 
128 182 179 220 68 64 136 11 16 6 24 3 1 3 4 0 0 0 0 0 0 0 0 0 0 0 0 0 0 0 0 0 
0 30 16 12 12 8 7 2 0 0 0 0 0 0 0 0 0 0 0 0 0 0 0 0 0 0 0 0 0 0 0 0 
202 690 561 329 135 238 323 61 40 18 35 11 43 55 0 0 0 0 0 0 0 0 0 0 0 0 0 0 0 0 0 0 
0 25 18 9 53 0 0 0 0 0 0 0 0 0 0 0 0 0 0 0 0 0 0 0 0 0 0 0 0 0 0 0 
290 337 240 344 86 109 92 408 39 21 19 2 4 0 3 1 0 8 0 0 0 0 0 0 0 0 0 0 0 0 0 0 
593 726 1231 717 523 406 244 178 48 18 90 131 19 0 0 0 0 0 0 0 0 0 0 0 0 0 0 0 0 0 0 0 
241 711 816 468 260 565 455 291 6 8 33 5 26 22 0 0 0 0 0 0 0 0 0 0 0 0 0 0 0 0 0 0 
278 489 467 558 126 196 247 57 65 62 55 3 0 22 0 0 0 0 0 0 0 0 0 0 0 0 0 0 0 0 0 0 
91 237 192 62 35 79 149 32 1 6 8 3 0 22 0 0 0 0 0 0 0 0 0 0 0 0 0 0 0 0 0 0 
161 287 289 229 236 79 186 27 143 28 27 2 5 0 0 0 0 0 0 0 0 0 0 0 0 0 0 0 0 0 0 0 
18 50 41 44 15 31 27 268 2 6 2 0 0 0 0 0 0 0 0 0 0 0 0 0 0 0 0 0 0 0 0 0 
313 374 452 292 147 377 58 36 91 26 82 8 13 5 0 0 0 0 0 0 0 0 0 0 0 0 0 0 0 0 0 0 
20 90 87 56 32 57 14 5 8 6 6 0 0 0 0 0 0 0 0 0 0 0 0 0 0 0 0 0 0 0 0 0 
276 248 137 140 88 84 103 403 37 119 10 2 3 0 0 0 0 0 0 0 0 0 0 0 0 0 0 0 0 0 0 0 
0 21 23 18 9 15 8 6 21 10 2 0 0 0 0 0 0 0 0 0 0 0 0 0 0 0 0 0 0 0 0 0 
712 1388 1397 1043 1112 873 348 145 402 381 7 49 11 289 33 0 0 0 0 0 0 0 0 0 0 0 0 0 0 0 0 0 
4 78 20 16 9 14 3 2 0 2 2 0 0 0 0 0 0 0 0 0 0 0 0 0 0 0 0 0 0 0 0 0 
86 340 363 305 120 32 51 7 15 114 5 1 2 2 0 0 0 0 0 0 0 0 0 0 0 0 0 0 0 0 0 0 
0 48 43 33 20 20 8 3 2 5 4 1 0 0 0 0 0 0 0 0 0 0 0 0 0 0 0 0 0 0 0 0 
184 409 412 399 250 140 124 27 112 113 92 13 7 52 0 0 0 0 0 0 0 0 0 0 0 0 0 0 0 0 0 0 
45 52 49 43 28 27 14 8 23 3 5 2 2 1 0 0 0 0 0 0 0 0 0 0 0 0 0 0 0 0 0 0 
129 242 232 229 164 97 49 59 81 9 11 13 1 4 0 0 2 0 0 0 0 0 0 0 0 0 0 0 0 0 0 0 
458 488 776 430 500 201 345 363 22 22 64 264 22 6 28 0 0 0 0 0 0 0 0 0 0 0 0 0 0 0 0 0 
923 626 955 765 507 917 150 155 412 107 158 254 63 0 33 0 0 0 0 0 0 0 0 0 0 0 0 0 0 0 0 0 
569 877 1231 944 334 771 423 510 325 94 236 280 50 40 8 0 0 0 0 0 0 0 0 0 0 0 0 0 0 0 0 0 
936 2237 816 309 174 168 273 204 137 23 59 37 118 104 4 0 0 0 0 0 0 0 0 0 0 0 0 0 0 0 0 0 
746 1814 447 109 142 92 36 65 249 13 41 51 208 88 0 0 0 0 0 0 0 0 0 0 0 0 0 0 0 0 0 0 
122 1136 249 100 149 63 20 30 35 14 29 7 13 4 0 0 0 0 0 0 0 0 0 0 0 0 0 0 0 0 0 0 
50 76 22 27 18 4 9 10 21 0 4 1 17 1 1 0 0 0 0 0 0 0 0 0 0 0 0 0 0 0 0 0 
44 247 214 213 63 111 47 32 141 11 25 14 46 49 0 0 0 0 0 0 0 0 0 0 0 0 0 0 0 0 0 0 
0 69 15 15 14 3 6 7 9 0 2 1 19 0 0 0 0 0 0 0 0 0 0 0 0 0 0 0 0 0 0 0 
197 588 227 95 158 56 28 85 16 16 33 128 19 0 0 0 0 0 0 0 0 0 0 0 0 0 0 0 0 0 0 0 
780 1170 1216 1211 391 777 364 178 461 250 108 6 17 51 10 0 0 0 0 0 0 0 0 0 0 0 0 0 0 0 0 0 
1755 2069 2131 1663 661 1442 619 365 692 434 217 124 34 285 17 0 4 0 0 0 0 0 0 0 0 0 0 0 0 0 0 0 
71 186 90 44 115 8 9 4 0 1 7 0 0 0 0 0 0 0 0 0 0 0 0 0 0 0 0 0 0 0 0 0 
396 595 704 618 336 377 130 54 333 18 70 13 23 48 15 0 0 0 0 0 0 0 0 0 0 0 0 0 0 0 0 0 
147 775 716 464 595 339 212 89 6 9 15 0 6 0 0 0 0 0 0 0 0 0 0 0 0 0 0 0 0 0 0 0 
37 400 188 35 21 11 35 26 14 0 9 2 52 92 0 1 0 0 0 0 0 0 0 0 0 0 0 0 0 0 0 0 
342 520 353 585 227 232 154 124 173 34 68 8 26 2 15 0 1 0 0 0 0 0 0 0 0 0 0 0 0 0 0 0 
616 715 1067 719 484 239 417 331 33 48 63 0 1 0 2 0 0 0 0 0 0 0 0 0 0 0 0 0 0 0 0 0 
1572 1957 1965 1322 1133 840 851 519 604 129 33 21 22 22 3 0 0 0 0 0 0 0 0 0 0 0 0 0 0 0 0 0 
161 76 163 90 77 30 34 22 164 11 3 0 1 0 0 0 0 0 0 0 0 0 0 0 0 0 0 0 0 0 0 0 
36 166 514 171 56 76 159 13 12 2 1 2 6 0 2 0 0 0 0 0 0 0 0 0 0 0 0 0 0 0 0 0 
0 25 14 5 3 4 0 7 0 0 0 0 0 0 0 0 0 0 0 0 0 0 0 0 0 0 0 0 0 0 0 0 
240 304 244 138 119 145 42 26 5 248 13 10 0 1 1 0 0 0 0 0 0 0 0 0 0 0 0 0 0 0 0 0 
543 870 772 461 533 429 173 163 118 361 126 49 42 44 1 0 0 0 0 0 0 0 0 0 0 0 0 0 0 0 0 0 
39 228 257 166 105 96 108 28 202 16 3 0 0 0 0 0 0 0 0 0 0 0 0 0 0 0 0 0 0 0 0 0 
1708 2968 1268 874 557 286 157 270 79 63 156 386 106 58 0 0 0 0 0 0 0 0 0 0 0 0 0 0 0 0 0 0 
213 133 295 152 71 104 48 46 27 36 183 136 0 5 2 0 0 0 0 0 0 0 0 0 0 0 0 0 0 0 0 0 
608 1888 1077 760 475 382 280 195 257 201 297 186 25 280 49 0 5 0 0 0 0 0 0 0 0 0 0 0 0 0 0 0 
1179 2234 895 510 470 163 144 161 132 110 137 18 11 13 0 0 0 0 0 0 0 0 0 0 0 0 0 0 0 0 0 0 
385 599 861 642 242 350 455 92 78 26 137 144 3 26 0 0 0 0 0 0 0 0 0 0 0 0 0 0 0 0 0 0 
253 258 375 221 113 226 187 43 59 36 49 137 12 4 0 0 0 0 0 0 0 0 0 0 0 0 0 0 0 0 0 0 
30 405 339 255 277 207 68 3 0 1 1 2 2 5 0 0 0 0 0 0 0 0 0 0 0 0 0 0 0 0 0 0 
317 233 241 115 61 59 14 29 193 1 8 1 9 0 0 0 0 0 0 0 0 0 0 0 0 0 0 0 0 0 0 0 
3044 4500 3814 2374 2197 1191 985 866 586 559 612 46 115 9 10 15 1 0 0 0 0 0 0 0 0 0 0 0 0 0 0 0 
672 1567 999 779 589 369 482 114 514 151 41 35 31 324 2 0 0 0 0 0 0 0 0 0 0 0 0 0 0 0 0 0 
1778 3072 2048 1170 1357 921 561 627 538 382 229 50 22 41 2 0 1 1 0 0 0 0 0 0 0 0 0 0 0 0 0 0 
318 576 893 571 495 187 240 27 28 15 39 14 3 0 2 9 36 0 0 0 0 0 0 0 0 0 0 0 0 0 0 0 
0 67 45 24 169 21 0 0 0 0 0 0 0 0 0 0 0 0 0 0 0 0 0 0 0 0 0 0 0 0 0 0 
180 403 531 417 343 296 183 74 28 8 18 8 10 1 2 0 0 0 0 0 0 0 0 0 0 0 0 0 0 0 0 0 
646 925 1085 964 398 414 212 118 42 48 184 208 4 0 0 0 0 0 0 0 0 0 0 0 0 0 0 0 0 0 0 0 
0 0 0 0 0 0 0 0 0 0 0 0 0 0 0 0 0 0 0 0 0 0 0 0 0 0 0 0 0 0 0 0 
0 0 0 0 0 0 0 0 0 0 0 0 0 0 0 0 0 0 0 0 0 0 0 0 0 0 0 0 0 0 0 0 
35 344 385 164 250 362 13 10 0 25 4 0 1 0 0 0 0 0 0 0 0 0 0 0 0 0 0 0 0 0 0 0 
463 1078 445 233 255 63 71 84 7 8 45 139 36 11 0 2 0 0 0 0 0 0 0 0 0 0 0 0 0 0 0 0 
173 601 729 728 453 467 359 353 48 19 72 42 31 50 3 1 0 0 0 0 0 0 0 0 0 0 0 0 0 0 0 0 
87 483 621 562 516 274 35 14 4 105 4 3 0 2 2 0 0 0 0 0 0 0 0 0 0 0 0 0 0 0 0 0 
2546 2598 2787 2174 1475 1652 674 335 679 182 317 506 185 20 78 0 2 0 0 0 0 0 0 0 0 0 0 0 0 0 0 0 
1125 1188 2096 1040 661 537 555 418 306 59 285 82 2 2 5 13 0 0 0 0 0 0 0 0 0 0 0 0 0 0 0 0 
154 623 950 471 588 225 302 26 21 67 29 1 6 0 0 0 0 0 0 0 0 0 0 0 0 0 0 0 0 0 0 0 
158 613 868 557 293 397 272 367 49 17 289 131 23 22 1 1 0 0 0 0 0 0 0 0 0 0 0 0 0 0 0 0 
596 543 673 478 265 362 135 119 163 41 109 275 64 14 0 0 0 0 0 0 0 0 0 0 0 0 0 0 0 0 0 0 
373 478 562 544 202 264 314 358 117 23 111 83 27 24 30 0 0 1 0 0 0 0 0 0 0 0 0 0 0 0 0 0 
24 85 84 73 32 42 9 10 25 3 19 24 14 1 0 0 0 0 0 0 0 0 0 0 0 0 0 0 0 0 0 0 
1510 1625 2645 1515 437 709 344 270 108 518 1037 1223 304 1 4 0 0 0 0 0 0 0 0 0 0 0 0 0 0 0 0 0 
5064 3213 2691 2604 1327 1751 813 662 1651 401 400 285 140 386 34 0 24 0 0 0 0 0 0 0 0 0 0 0 0 0 0 0 
950 1112 1325 801 845 617 362 88 486 174 25 98 17 323 12 0 0 0 0 0 0 0 0 0 0 0 0 0 0 0 0 0 
0 216 239 215 250 133 129 8 0 1 13 3 1 0 0 0 0 0 0 0 0 0 0 0 0 0 0 0 0 0 0 0 
0 51 76 59 38 22 126 0 0 0 10 1 1 0 0 0 0 0 0 0 0 0 0 0 0 0 0 0 0 0 0 0 
0 51 76 59 38 22 126 0 0 0 10 1 1 0 0 0 0 0 0 0 0 0 0 0 0 0 0 0 0 0 0 0 
986 1000 670 266 539 279 318 47 21 134 16 156 14 7 76 0 0 0 0 0 0 0 0 0 0 0 0 0 0 0 0 0 
346 703 314 231 244 173 116 82 26 107 6 143 18 4 21 0 0 0 0 0 0 0 0 0 0 0 0 0 0 0 0 0 
864 702 1028 877 353 745 297 180 556 66 129 178 36 313 1 0 0 0 0 0 0 0 0 0 0 0 0 0 0 0 0 0 
0 48 24 9 5 6 3 7 0 4 7 0 0 0 0 0 0 0 0 0 0 0 0 0 0 0 0 0 0 0 0 0 
0 25 1 2 0 0 0 0 0 0 0 1 0 0 0 0 0 0 0 0 0 0 0 0 0 0 0 0 0 0 0 0 
29 485 263 228 289 386 40 284 10 2 5 0 1 0 6 0 6 0 0 0 0 0 0 0 0 0 0 0 0 0 0 0 
11 72 59 45 26 34 29 276 1 4 2 1 0 0 0 0 0 0 0 0 0 0 0 0 0 0 0 0 0 0 0 0 
36 92 92 50 47 162 30 4 2 5 2 1 0 0 1 0 0 0 0 0 0 0 0 0 0 0 0 0 0 0 0 0 
426 955 588 221 210 70 33 46 194 15 28 11 0 0 2 0 0 0 0 0 0 0 0 0 0 0 0 0 0 0 0 0 
284 373 155 354 83 116 107 408 98 54 5 7 4 4 3 0 0 0 0 0 0 0 0 0 0 0 0 0 0 0 0 0 
252 829 241 285 77 190 95 365 28 226 12 36 12 1 0 9 36 0 0 0 0 0 0 0 0 0 0 0 0 0 0 0 
413 790 897 644 221 418 274 138 487 64 94 18 30 58 5 0 0 3 0 0 0 0 0 0 0 0 0 0 0 0 0 0 
0 64 127 56 27 47 19 11 10 22 24 132 0 0 0 0 0 0 0 0 0 0 0 0 0 0 0 0 0 0 0 0 
49 201 198 124 44 55 23 29 4 22 207 83 0 0 0 0 0 0 0 0 0 0 0 0 0 0 0 0 0 0 0 0 
1142 1461 2026 1121 707 916 163 100 54 85 348 340 5 0 1 0 1 0 0 0 0 0 0 0 0 0 0 0 0 0 0 0 
0 0 0 0 0 0 0 0 0 0 0 0 0 0 0 0 0 0 0 0 0 0 0 0 0 0 0 0 0 0 0 0 
0 45 64 21 18 15 9 7 0 2 5 0 0 0 0 0 0 0 0 0 0 0 0 0 0 0 0 0 0 0 0 0 
480 1336 593 441 294 196 201 49 65 24 25 13 16 1 0 0 2 0 0 0 0 0 0 0 0 0 0 0 0 0 0 0 
0 9 4 6 5 2 4 5 20 6 0 0 0 0 0 0 0 0 0 0 0 0 0 0 0 0 0 0 0 0 0 0 
0 41 95 40 19 39 16 13 9 22 22 133 0 0 0 0 0 0 0 0 0 0 0 0 0 0 0 0 0 0 0 0 
0 41 95 40 19 39 16 13 9 22 22 133 0 0 0 0 0 0 0 0 0 0 0 0 0 0 0 0 0 0 0 0 
0 0 0 0 0 0 0 0 0 0 0 0 0 0 0 0 0 0 0 0 0 0 0 0 0 0 0 0 0 0 0 0 
5 104 149 106 62 304 1 8 0 1 2 0 1 0 0 0 0 0 0 0 0 0 0 0 0 0 0 0 0 0 0 0 
4458 3183 3527 2700 1500 1789 861 667 687 241 497 394 201 83 5 0 0 1 0 0 0 0 0 0 0 0 0 0 0 0 0 0 
1006 1918 1301 881 526 937 332 333 311 58 243 261 102 8 12 0 0 0 0 0 0 0 0 0 0 0 0 0 0 0 0 0 
457 950 1016 726 237 250 183 76 9 18 17 3 1 3 1 0 0 0 0 0 0 0 0 0 0 0 0 0 0 0 0 0 
0 66 127 85 19 41 20 16 11 7 30 132 0 0 0 0 0 0 0 0 0 0 0 0 0 0 0 0 0 0 0 0 
6 0 0 1 0 0 0 0 0 0 2 0 0 0 0 0 0 0 0 0 0 0 0 0 0 0 0 0 0 0 0 0 
0 25 14 5 3 4 0 7 0 0 0 0 0 0 0 0 0 0 0 0 0 0 0 0 0 0 0 0 0 0 0 0 
0 25 14 5 3 4 0 7 0 0 0 0 0 0 0 0 0 0 0 0 0 0 0 0 0 0 0 0 0 0 0 0 
1 26 48 20 7 9 1 3 1 0 4 0 0 0 0 0 0 0 0 0 0 0 0 0 0 0 0 0 0 0 0 0 
852 661 757 348 285 275 179 538 545 23 133 1 6 38 1 1 0 0 0 0 0 0 0 0 0 0 0 0 0 0 0 0 
227 453 406 426 304 213 98 392 43 167 54 36 15 43 0 0 0 0 0 0 0 0 0 0 0 0 0 0 0 0 0 0 
632 591 318 564 141 170 115 396 279 20 14 6 16 4 12 0 6 0 0 0 0 0 0 0 0 0 0 0 0 0 0 0 
131 183 226 147 260 135 105 5 39 7 7 76 0 0 0 0 0 0 0 0 0 0 0 0 0 0 0 0 0 0 0 0 
412 705 613 654 408 319 275 99 315 570 11 68 8 316 2 0 0 0 0 0 0 0 0 0 0 0 0 0 0 0 0 0 
160 269 266 314 141 328 66 30 32 47 3 0 0 1 0 0 0 0 0 0 0 0 0 0 0 0 0 0 0 0 0 0 
345 1042 1022 434 545 231 65 123 293 31 140 4 41 105 0 0 0 0 0 0 0 0 0 0 0 0 0 0 0 0 0 0 
121 757 591 668 790 510 172 17 20 203 1 26 4 287 1 0 0 0 0 0 0 0 0 0 0 0 0 0 0 0 0 0 
16 219 208 138 91 114 103 37 214 96 3 17 3 264 0 0 0 0 0 0 0 0 0 0 0 0 0 0 0 0 0 0 
0 39 30 23 136 8 7 1 4 4 4 3 1 9 0 0 0 0 0 0 0 0 0 0 0 0 0 0 0 0 0 0 
505 777 576 277 514 392 246 37 61 292 18 86 28 279 22 0 0 0 0 0 0 0 0 0 0 0 0 0 0 0 0 0 
24 566 432 468 354 26 170 19 3 375 5 5 2 49 0 0 0 0 0 0 0 0 0 0 0 0 0 0 0 0 0 0 
344 835 958 448 759 427 74 178 86 94 16 70 18 5 0 0 4 0 0 0 0 0 0 0 0 0 0 0 0 0 0 0 
70 341 150 59 192 125 24 15 5 160 2 20 2 20 0 0 0 0 0 0 0 0 0 0 0 0 0 0 0 0 0 0 
431 683 430 194 370 338 176 30 18 46 11 83 3 263 0 0 0 0 0 0 0 0 0 0 0 0 0 0 0 0 0 0 
348 689 480 241 486 427 97 50 14 307 3 0 4 3 8 0 0 0 0 0 0 0 0 0 0 0 0 0 0 0 0 0 
811 841 690 341 712 469 128 144 109 98 73 107 27 27 0 0 0 0 0 0 0 0 0 0 0 0 0 0 0 0 0 0 
798 880 678 363 695 280 153 128 43 226 14 13 0 6 6 0 0 5 0 0 0 0 0 0 0 0 0 0 0 0 0 0 
0 86 79 37 190 64 0 0 0 0 0 0 0 0 0 0 0 0 0 0 0 0 0 0 0 0 0 0 0 0 0 0 
1239 1632 1555 1108 1024 744 307 175 92 147 19 80 8 5 48 0 66 0 0 0 0 0 0 0 0 0 0 0 0 0 0 0 
347 735 937 692 733 662 387 249 4 5 4 1 0 0 1 0 3 0 0 0 0 0 0 0 0 0 0 0 0 0 0 0 
759 893 760 248 518 282 271 71 14 37 21 113 4 17 56 0 0 0 0 0 0 0 0 0 0 0 0 0 0 0 0 0 
36 257 180 57 102 5 9 6 0 4 4 0 7 47 55 0 0 0 0 0 0 0 0 0 0 0 0 0 0 0 0 0 
306 683 684 317 676 405 407 301 9 72 39 6 0 0 0 0 4 0 0 0 0 0 0 0 0 0 0 0 0 0 0 0 
84 353 334 312 557 326 26 11 6 71 1 52 0 0 0 0 0 0 0 0 0 0 0 0 0 0 0 0 0 0 0 0 
1626 1764 1411 895 1159 685 401 326 87 461 408 21 11 39 2 0 0 0 0 0 0 0 0 0 0 0 0 0 0 0 0 0 
567 603 858 464 481 526 336 313 15 44 51 13 2 27 59 15 0 0 0 0 0 0 0 0 0 0 0 0 0 0 0 0 
9 43 88 26 33 123 0 0 0 0 0 0 0 0 0 0 0 0 0 0 0 0 0 0 0 0 0 0 0 0 0 0 
1328 953 1139 831 893 403 197 211 322 276 56 34 33 311 22 0 1 20 0 0 0 0 0 0 0 0 0 0 0 0 0 0 
180 415 364 474 358 278 229 18 9 23 5 15 18 0 0 0 0 0 0 0 0 0 0 0 0 0 0 0 0 0 0 0 
1526 2362 2547 1938 1529 1291 682 495 288 230 112 180 10 22 3 0 0 3 0 0 0 0 0 0 0 0 0 0 0 0 0 0 
649 926 848 856 471 531 209 80 49 152 137 7 13 22 1 0 0 3 0 0 0 0 0 0 0 0 0 0 0 0 0 0 
458 577 695 717 385 308 299 68 29 147 22 9 2 23 0 0 0 3 0 0 0 0 0 0 0 0 0 0 0 0 0 0 
424 1082 798 552 581 475 427 455 23 268 144 3 27 23 2 0 0 0 0 0 0 0 0 0 0 0 0 0 0 0 0 0 
2427 2234 2104 1593 900 858 881 419 872 417 69 202 73 131 77 0 19 0 0 0 0 0 0 0 0 0 0 0 0 0 0 0 
72 382 229 133 122 289 208 44 178 2 6 2 0 23 0 0 0 0 0 0 0 0 0 0 0 0 0 0 0 0 0 0 
301 293 245 181 283 144 77 16 7 119 3 17 0 3 1 0 0 0 0 0 0 0 0 0 0 0 0 0 0 0 0 0 
249 309 358 475 162 248 382 20 15 19 7 4 19 9 0 0 0 0 0 0 0 0 0 0 0 0 0 0 0 0 0 0 
288 440 452 543 309 145 117 35 84 54 20 3 15 0 3 0 0 0 0 0 0 0 0 0 0 0 0 0 0 0 0 0 
229 337 350 241 352 252 485 327 4 4 16 59 1 27 18 19 0 0 0 0 0 0 0 0 0 0 0 0 0 0 0 0 
79 250 234 112 212 337 26 92 6 67 1 1 0 0 0 0 0 0 0 0 0 0 0 0 0 0 0 0 0 0 0 0 
99 126 182 75 80 149 262 288 1 3 7 2 2 30 7 15 0 0 0 0 0 0 0 0 0 0 0 0 0 0 0 0 
90 417 273 158 206 55 40 20 4 117 0 0 1 0 0 0 0 0 0 0 0 0 0 0 0 0 0 0 0 0 0 0 
0 11 43 0 0 0 0 0 0 0 0 0 0 0 0 0 0 0 0 0 0 0 0 0 0 0 0 0 0 0 0 0 
152 97 159 85 45 63 31 20 30 11 8 5 5 2 0 0 0 0 0 0 0 0 0 0 0 0 0 0 0 0 0 0 
1174 1083 1057 527 1037 363 335 97 100 201 13 84 0 2 3 0 0 0 0 0 0 0 0 0 0 0 0 0 0 0 0 0 
232 338 335 340 377 308 195 57 6 16 1 15 0 3 1 0 0 0 0 0 0 0 0 0 0 0 0 0 0 0 0 0 
131 586 622 449 565 502 274 91 51 8 24 90 2 22 0 9 36 0 0 0 0 0 0 0 0 0 0 0 0 0 0 0 
494 1388 1038 926 728 380 332 135 53 21 235 262 67 34 0 0 0 0 0 0 0 0 0 0 0 0 0 0 0 0 0 0 
0 23 15 9 7 36 0 0 0 0 0 0 0 0 0 0 0 0 0 0 0 0 0 0 0 0 0 0 0 0 0 0 
43 191 216 116 312 269 220 268 1 0 6 4 0 25 1 0 0 0 0 0 0 0 0 0 0 0 0 0 0 0 0 0 
396 822 707 616 987 443 63 112 10 26 119 66 2 0 0 0 3 0 0 0 0 0 0 0 0 0 0 0 0 0 0 0 
0 32 38 20 175 45 0 1 0 0 0 0 0 0 0 0 0 0 0 0 0 0 0 0 0 0 0 0 0 0 0 0 
0 32 38 20 175 45 0 1 0 0 0 0 0 0 0 0 0 0 0 0 0 0 0 0 0 0 0 0 0 0 0 0 
1935 1546 1872 1294 1118 1070 537 505 410 365 311 141 42 13 85 0 1 0 0 0 0 0 0 0 0 0 0 0 0 0 0 0 
201 509 564 381 642 230 88 35 89 211 62 112 163 0 2 0 0 0 0 0 0 0 0 0 0 0 0 0 0 0 0 0 
2566 2964 2609 1929 1279 1115 826 364 691 814 185 145 78 380 113 0 0 0 0 0 0 0 0 0 0 0 0 0 0 0 0 0 
3 90 58 51 24 43 33 15 28 128 0 13 9 267 18 0 0 0 0 0 0 0 0 0 0 0 0 0 0 0 0 0 
540 785 905 726 608 382 168 50 195 51 27 90 10 37 5 9 36 0 0 0 0 0 0 0 0 0 0 0 0 0 0 0 
1234 997 956 434 758 300 265 72 110 138 70 228 2 43 52 0 0 0 0 0 0 0 0 0 0 0 0 0 0 0 0 0 
583 864 642 535 853 380 192 68 22 148 16 58 6 276 53 0 14 0 0 0 0 0 0 0 0 0 0 0 0 0 0 0 
1447 1422 1561 1298 1193 762 630 232 582 80 35 156 42 317 48 0 1 7 0 0 0 0 0 0 0 0 0 0 0 0 0 0 
0 169 152 99 361 83 0 0 0 0 0 0 0 0 0 0 0 0 0 0 0 0 0 0 0 0 0 0 0 0 0 0 
992 968 867 505 523 446 299 62 67 150 26 129 1 3 74 0 0 0 0 0 0 0 0 0 0 0 0 0 0 0 0 0 
1040 916 1184 1057 504 1050 339 149 694 94 128 113 56 318 3 0 0 0 0 0 0 0 0 0 0 0 0 0 0 0 0 0 
2297 2358 2032 1719 778 891 616 634 810 276 362 102 46 320 8 0 0 0 0 0 0 0 0 0 0 0 0 0 0 0 0 0 
2395 3443 2118 1288 1187 862 685 888 403 495 344 26 10 27 7 0 4 0 0 0 0 0 0 0 0 0 0 0 0 0 0 0 
0 71 57 60 68 30 4 11 1 2 103 2 1 0 0 0 0 0 0 0 0 0 0 0 0 0 0 0 0 0 0 0 
298 146 151 95 182 112 39 48 124 3 44 6 4 0 0 0 0 0 0 0 0 0 0 0 0 0 0 0 0 0 0 0 
239 335 436 404 414 77 74 79 101 130 6 18 14 276 2 0 0 3 0 0 0 0 0 0 0 0 0 0 0 0 0 0 
2409 1545 1800 1125 1098 521 260 148 161 327 48 19 3 2 25 0 5 0 0 0 0 0 0 0 0 0 0 0 0 0 0 0 
322 373 417 309 180 406 289 98 153 31 81 99 245 25 3 2 0 0 0 0 0 0 0 0 0 0 0 0 0 0 0 0 
114 80 200 114 36 64 86 247 6 9 95 76 0 0 8 0 0 0 0 0 0 0 0 0 0 0 0 0 0 0 0 0 
161 214 418 176 130 252 81 102 19 196 156 124 1 0 6 0 0 0 0 0 0 0 0 0 0 0 0 0 0 0 0 0 
85 450 445 363 514 373 200 51 0 127 5 2 0 22 0 0 0 0 0 0 0 0 0 0 0 0 0 0 0 0 0 0 
525 1091 1232 735 419 362 196 130 74 28 54 24 14 0 0 0 0 0 0 0 0 0 0 0 0 0 0 0 0 0 0 0 
0 19 20 19 18 0 0 0 0 0 0 1 0 0 0 0 0 0 0 0 0 0 0 0 0 0 0 0 0 0 0 0 
482 633 470 557 405 96 238 90 23 184 7 20 2 41 1 0 0 0 0 0 0 0 0 0 0 0 0 0 0 0 0 0 
450 541 720 470 561 485 293 184 59 24 22 4 64 28 2 0 0 0 0 0 0 0 0 0 0 0 0 0 0 0 0 0 
0 43 39 28 33 125 15 0 0 0 0 0 0 0 0 0 0 0 0 0 0 0 0 0 0 0 0 0 0 0 0 0 
2829 2388 1990 865 936 587 347 307 76 839 159 114 168 96 70 0 0 0 0 0 0 0 0 0 0 0 0 0 0 0 0 0 
803 582 478 183 301 98 121 69 3 592 8 3 1 81 81 0 0 0 0 0 0 0 0 0 0 0 0 0 0 0 0 0 
0 62 50 29 36 87 0 0 0 0 0 0 0 0 0 0 0 0 0 0 0 0 0 0 0 0 0 0 0 0 0 0 
0 62 50 29 36 87 0 0 0 0 0 0 0 0 0 0 0 0 0 0 0 0 0 0 0 0 0 0 0 0 0 0 
325 569 531 326 310 534 204 174 12 352 12 4 0 0 0 0 0 0 0 0 0 0 0 0 0 0 0 0 0 0 0 0 
0 21 21 21 147 19 0 0 0 0 0 0 0 0 0 0 0 0 0 0 0 0 0 0 0 0 0 0 0 0 0 0 
296 272 332 125 283 140 56 61 18 161 67 6 2 0 4 0 0 0 0 0 0 0 0 0 0 0 0 0 0 0 0 0 
507 868 993 451 329 586 74 68 47 136 108 14 2 0 0 0 0 0 0 0 0 0 0 0 0 0 0 0 0 0 0 0 
0 22 19 14 85 0 0 0 0 0 0 0 0 0 0 0 0 0 0 0 0 0 0 0 0 0 0 0 0 0 0 0 
1025 1601 1720 1263 955 769 633 260 200 102 418 652 22 9 80 1 19 0 0 0 0 0 0 0 0 0 0 0 0 0 0 0 
930 1260 979 456 880 505 336 357 109 134 27 26 24 39 10 4 4 0 0 0 0 0 0 0 0 0 0 0 0 0 0 0 
378 179 308 237 51 44 34 25 25 168 4 7 29 13 49 0 0 0 0 0 0 0 0 0 0 0 0 0 0 0 0 0 
303 286 379 194 318 260 328 302 6 13 11 70 2 51 35 13 0 0 0 0 0 0 0 0 0 0 0 0 0 0 0 0 
40 172 119 54 239 53 34 35 5 215 4 0 0 0 0 0 0 0 0 0 0 0 0 0 0 0 0 0 0 0 0 0 
0 53 49 27 184 5 7 0 0 0 0 0 0 0 0 0 0 0 0 0 0 0 0 0 0 0 0 0 0 0 0 0 
0 53 49 27 184 5 7 0 0 0 0 0 0 0 0 0 0 0 0 0 0 0 0 0 0 0 0 0 0 0 0 0 
0 53 49 27 184 5 7 0 0 0 0 0 0 0 0 0 0 0 0 0 0 0 0 0 0 0 0 0 0 0 0 0 
0 53 49 27 184 5 7 0 0 0 0 0 0 0 0 0 0 0 0 0 0 0 0 0 0 0 0 0 0 0 0 0 
0 27 34 18 16 71 13 0 0 0 0 0 0 0 0 0 0 0 0 0 0 0 0 0 0 0 0 0 0 0 0 0 
403 424 382 242 450 462 387 282 10 4 18 7 0 23 8 0 0 0 0 0 0 0 0 0 0 0 0 0 0 0 0 0 
207 390 188 80 295 19 9 6 66 8 5 0 0 0 0 0 0 0 0 0 0 0 0 0 0 0 0 0 0 0 0 0 
955 729 937 689 473 206 104 39 107 222 26 5 2 5 9 0 0 0 0 0 0 0 0 0 0 0 0 0 0 0 0 0 
0 14 11 6 42 0 0 0 0 0 0 0 0 0 0 0 0 0 0 0 0 0 0 0 0 0 0 0 0 0 0 0 
0 14 11 6 42 0 0 0 0 0 0 0 0 0 0 0 0 0 0 0 0 0 0 0 0 0 0 0 0 0 0 0 
0 0 0 0 0 0 0 0 0 0 0 0 0 0 0 0 0 0 0 0 0 0 0 0 0 0 0 0 0 0 0 0 
0 0 0 0 0 0 0 0 0 0 0 0 0 0 0 0 0 0 0 0 0 0 0 0 0 0 0 0 0 0 0 0 
0 27 31 17 165 0 0 0 0 0 0 0 0 0 0 0 0 0 0 0 0 0 0 0 0 0 0 0 0 0 0 0 
11 9 40 0 0 1 1 0 0 0 0 5 0 0 0 0 0 0 0 0 0 0 0 0 0 0 0 0 0 0 0 0 
0 358 100 220 2 1 1 16 135 1 2 3 55 86 0 0 0 0 0 0 0 0 0 0 0 0 0 0 0 0 0 0 
0 35 2 3 0 0 0 0 3 0 0 0 11 26 0 0 0 0 0 0 0 0 0 0 0 0 0 0 0 0 0 0 
295 343 123 228 6 3 2 11 66 2 2 3 237 97 0 0 0 0 0 0 0 0 0 0 0 0 0 0 0 0 0 0 
55 144 86 208 0 0 0 2 9 0 0 0 29 49 0 0 0 0 0 0 0 0 0 0 0 0 0 0 0 0 0 0 
147 192 20 18 5 1 2 8 38 1 2 3 182 62 0 0 0 0 0 0 0 0 0 0 0 0 0 0 0 0 0 0 
0 289 117 243 0 2 2 10 32 4 9 11 48 21 0 0 0 0 0 0 0 0 0 0 0 0 0 0 0 0 0 0 
19 162 12 7 0 0 0 8 31 0 1 2 40 26 0 0 0 0 0 0 0 0 0 0 0 0 0 0 0 0 0 0 
0 142 10 6 0 0 0 7 29 0 1 1 32 17 0 0 0 0 0 0 0 0 0 0 0 0 0 0 0 0 0 0 
0 9 0 0 0 0 0 2 1 0 0 0 3 3 0 0 0 0 0 0 0 0 0 0 0 0 0 0 0 0 0 0 
19 13 2 1 0 0 0 3 2 0 0 1 7 10 0 0 0 0 0 0 0 0 0 0 0 0 0 0 0 0 0 0 
158 360 133 259 0 2 2 17 130 4 9 13 78 88 0 0 0 0 0 0 0 0 0 0 0 0 0 0 0 0 0 0 
0 214 112 240 0 2 2 8 11 4 9 11 31 11 0 0 0 0 0 0 0 0 0 0 0 0 0 0 0 0 0 0 
11 222 94 209 0 0 0 12 97 0 1 1 28 14 0 0 0 0 0 0 0 0 0 0 0 0 0 0 0 0 0 0 
0 0 0 0 0 0 0 0 0 0 0 0 0 0 0 0 0 0 0 0 0 0 0 0 0 0 0 0 0 0 0 0 
9 86 11 8 0 0 0 6 99 0 0 0 20 35 0 0 0 0 0 0 0 0 0 0 0 0 0 0 0 0 0 0 
195 336 139 260 5 3 4 17 135 5 11 12 190 82 0 0 0 0 0 0 0 0 0 0 0 0 0 0 0 0 0 0 
69 153 16 10 0 0 0 11 93 0 1 2 36 43 0 0 0 0 0 0 0 0 0 0 0 0 0 0 0 0 0 0 
359 1066 447 244 18 9 7 58 355 3 75 6 235 46 0 0 0 0 0 0 0 0 0 0 0 0 0 0 0 0 0 0 
102 174 102 219 0 0 0 6 111 0 0 4 41 11 0 0 0 0 0 0 0 0 0 0 0 0 0 0 0 0 0 0 
0 30 7 2 0 0 0 6 85 0 0 0 0 0 0 0 0 0 0 0 0 0 0 0 0 0 0 0 0 0 0 0 
0 0 0 0 0 0 0 0 0 0 0 0 0 0 0 0 0 0 0 0 0 0 0 0 0 0 0 0 0 0 0 0 
7 36 8 2 0 0 0 7 94 0 0 0 5 1 0 0 0 0 0 0 0 0 0 0 0 0 0 0 0 0 0 0 
186 256 103 216 5 1 2 8 47 1 2 2 198 94 10 0 0 0 0 0 0 0 0 0 0 0 0 0 0 0 0 0 
13 44 3 5 0 0 0 2 5 0 0 0 17 34 0 0 0 0 0 0 0 0 0 0 0 0 0 0 0 0 0 0 
65 73 20 11 0 0 0 6 110 0 0 1 34 11 0 0 0 0 0 0 0 0 0 0 0 0 0 0 0 0 0 0 
106 69 50 50 12 8 8 11 120 13 26 47 105 17 3 0 0 0 0 0 0 0 0 0 0 0 0 0 0 0 0 0 
0 40 7 3 0 0 0 6 100 0 0 1 3 0 0 0 0 0 0 0 0 0 0 0 0 0 0 0 0 0 0 0 
32 43 10 2 0 0 0 4 11 0 0 0 12 26 0 0 0 0 0 0 0 0 0 0 0 0 0 0 0 0 0 0 
173 298 104 218 8 4 6 13 31 2 4 4 151 73 0 0 0 0 0 0 0 0 0 0 0 0 0 0 0 0 0 0 
12 30 1 6 2 1 1 2 1 1 1 1 5 35 0 0 0 0 0 0 0 0 0 0 0 0 0 0 0 0 0 0 
24 32 1 6 2 1 1 2 5 1 1 1 5 33 0 0 0 0 0 0 0 0 0 0 0 0 0 0 0 0 0 0 
24 32 1 6 2 1 1 2 5 1 1 1 5 33 0 0 0 0 0 0 0 0 0 0 0 0 0 0 0 0 0 0 
24 32 1 6 2 1 1 2 5 1 1 1 5 33 0 0 0 0 0 0 0 0 0 0 0 0 0 0 0 0 0 0 
