103 26 19 37 22 25 18 20 25 7 19 12 17 15 19 10 10 15 5 20 18 13 5 11 10 17 9 9 9 9 9 0 
29 10 6 11 7 10 13 5 8 6 12 17 7 4 3 7 8 0 4 3 5 2 5 5 6 5 12 2 3 6 5 0 
114 74 18 43 40 15 17 21 27 33 20 16 16 17 23 11 9 4 8 9 28 13 14 13 13 14 18 23 18 18 8 0 
66 28 29 25 24 26 9 14 23 15 17 18 11 16 18 15 15 16 14 16 12 11 13 17 11 11 17 18 17 16 11 0 
44 27 8 18 11 9 4 7 16 7 8 10 11 11 4 10 7 6 3 5 7 6 7 6 13 3 4 3 7 6 8 0 
24 13 7 18 8 10 9 4 8 4 2 3 11 2 9 5 3 6 1 5 5 1 1 2 6 4 4 3 1 2 2 0 
100 19 20 22 19 16 18 11 15 8 5 12 11 16 6 8 12 14 10 5 14 9 11 10 6 17 15 15 11 16 4 0 
129 45 31 31 31 25 22 30 28 23 22 25 27 19 25 15 18 20 10 11 12 15 15 15 5 13 15 20 20 23 10 0 
59 33 10 15 19 9 8 15 5 8 11 9 15 11 10 11 7 7 7 7 11 7 4 10 9 9 7 1 9 3 2 0 
104 26 36 15 16 19 9 20 29 20 21 26 22 15 10 11 18 13 16 11 14 10 2 15 12 13 13 6 6 10 1 0 
48 9 10 16 13 9 12 8 5 9 12 10 14 6 5 7 7 7 6 1 5 2 8 4 8 6 10 7 2 9 6 0 
35 43 18 12 10 16 14 11 15 10 7 12 10 16 6 8 14 9 5 7 9 3 10 4 10 6 7 7 7 5 3 0 
55 25 16 20 12 17 2 18 16 15 12 15 11 4 14 4 12 9 3 5 5 10 9 5 2 6 7 11 6 5 7 0 
27 13 5 4 5 8 3 3 8 7 6 5 3 6 4 2 2 5 3 1 4 1 3 3 4 3 3 6 2 2 1 0 
92 28 33 41 22 19 20 7 15 13 13 13 10 13 17 5 10 7 11 9 15 8 7 14 7 11 3 10 10 15 5 0 
43 12 9 11 6 6 4 4 6 10 4 3 7 2 13 5 7 11 3 3 9 2 10 3 5 2 3 2 3 9 4 0 
36 22 13 9 16 13 8 7 9 13 10 4 5 3 4 6 11 5 8 5 10 11 3 5 9 7 2 12 6 9 3 0 
75 34 16 20 23 20 18 13 22 15 12 22 29 20 18 13 11 11 6 21 18 10 14 13 17 17 15 4 18 10 3 0 
77 47 33 20 29 33 13 19 7 27 18 19 19 13 13 16 8 23 9 12 12 14 15 20 12 18 16 21 14 12 2 0 
28 9 7 9 4 12 4 3 5 6 5 9 4 7 3 5 4 8 3 3 5 1 1 5 6 5 5 3 3 6 1 0 
60 32 30 21 29 28 12 13 24 18 10 9 15 11 16 8 13 15 7 7 19 10 14 10 11 7 19 8 14 15 7 0 
94 19 16 11 15 19 8 12 29 15 12 9 20 6 16 15 12 14 9 15 7 16 12 13 11 9 14 12 15 12 8 0 
53 15 9 19 17 11 4 12 10 8 11 13 10 8 8 6 8 3 5 4 7 8 4 5 6 9 5 7 5 4 6 0 
33 23 20 9 13 16 12 13 9 11 7 8 6 8 4 6 3 12 4 5 6 11 4 4 5 8 6 9 8 3 3 0 
46 17 28 10 21 17 4 28 15 13 11 10 8 6 10 11 7 7 6 10 14 7 7 7 11 7 7 13 6 14 7 0 
159 51 38 34 27 46 38 27 27 29 27 21 29 23 18 29 18 18 18 23 16 22 19 21 21 13 25 26 24 34 17 0 
67 26 24 22 32 23 20 32 25 25 20 16 13 20 20 14 12 11 12 14 16 11 4 16 21 10 9 15 24 10 8 0 
103 26 7 22 23 14 20 23 13 13 10 21 10 13 17 14 5 15 10 14 11 13 9 8 8 6 12 12 15 11 11 0 
46 9 6 12 8 7 7 6 9 12 11 16 10 8 5 7 12 9 10 15 9 5 7 9 5 6 4 9 8 8 3 0 
81 43 31 27 25 33 14 27 17 25 19 25 18 10 20 26 13 24 14 12 18 12 20 10 17 14 19 16 15 18 8 0 
171 30 29 41 34 28 23 21 31 35 27 12 28 17 16 31 18 27 20 23 18 15 21 27 31 13 18 23 17 25 19 0 
