12 0 0 0 0 0 52 0 0 0 0 0 0 0 0 0 0 0 0 0 0 0 0 0 0 0 0 0 0 0 0 0 
60 0 0 0 1336 0 0 0 44 0 0 0 0 0 0 0 0 0 0 0 0 0 636 812 0 0 0 0 0 0 0 0 
380 0 100 988 0 0 0 0 96 0 0 0 0 0 0 0 0 0 0 0 0 0 0 0 0 0 0 0 0 0 0 0 
380 0 100 988 0 0 0 0 96 0 0 0 0 0 0 0 0 0 0 0 0 0 0 0 0 0 0 0 0 0 0 0 
380 0 100 988 0 0 0 0 96 0 0 0 0 0 0 0 0 0 0 0 0 0 0 0 0 0 0 0 0 0 0 0 
376 0 110 988 141 0 0 0 96 0 0 0 0 0 0 0 0 0 0 0 0 0 0 248 0 0 0 0 0 0 0 0 
290 11 144 741 0 0 0 12 72 28 0 15 0 0 0 0 0 211 216 0 147 226 10997 0 0 0 0 117 0 56 0 0 
168 0 0 0 0 0 0 0 0 0 0 60 0 0 0 0 0 0 864 0 588 200 0 0 0 0 0 0 0 0 0 0 
153 0 0 0 0 0 0 0 0 0 0 15 0 0 0 0 0 0 360 0 147 50 0 0 0 0 0 0 51 0 0 0 
148 0 0 0 0 0 0 0 0 0 0 0 0 0 0 0 0 0 192 0 0 0 0 0 0 0 0 0 68 0 0 0 
148 0 0 0 0 0 0 0 0 0 0 0 0 0 0 0 0 0 192 0 0 0 0 0 0 0 0 0 68 0 0 0 
2152 0 403 46 135 0 0 0 344 125 0 0 91 125 755 376 0 96 964 1007 960 1031 3160 985 0 33 0 142 0 0 0 0 
2265 0 0 0 0 0 0 0 344 0 0 15 0 0 0 0 0 0 1016 0 623 890 1120 792 0 0 0 0 17 0 0 0 
2204 0 0 0 25 0 0 0 344 353 801 0 0 0 0 0 0 0 752 0 476 840 1120 792 24 0 0 0 0 0 0 0 
2220 0 0 0 0 0 0 0 344 0 0 0 0 0 0 0 0 0 752 0 476 840 1120 792 0 0 0 0 0 0 0 0 
3042 209 0 0 743 0 0 0 538 98 385 292 0 707 0 47 42 3700 2428 1279 934 2475 34451 1921 438 974 0 0 0 0 0 0 
2316 63 186 0 0 0 0 183 198 0 44 897 0 6204 573 149 2041 0 817 202 791 1012 17204 490 0 21 428 1258 895 125 0 0 
2537 0 186 0 0 506 0 0 253 0 0 3417 0 0 61 0 68 0 502 540 485 130 277 0 0 0 428 0 0 0 0 0 
2464 0 0 0 0 0 0 0 0 0 0 0 0 0 0 0 0 0 0 540 0 0 0 0 0 0 0 0 0 0 0 0 
2458 0 0 0 0 0 0 0 0 0 0 0 17 0 0 0 0 0 0 690 0 0 812 0 0 0 0 0 0 0 0 0 
2574 81 184 0 361 151 0 166 0 578 212 80 26 1895 3084 1318 371 0 42 1911 1286 391 85908 1095 428 0 520 0 248 278 77 0 
1138 612 287 419 0 235 0 109 0 84 166 0 0 0 1394 1626 478 0 954 2264 3153 1751 81777 728 192 0 0 0 6342 0 90 0 
732 0 0 0 0 604 0 0 0 0 0 0 0 0 0 0 0 0 0 0 0 0 0 0 0 0 0 0 0 0 0 0 
1504 0 0 0 508 0 0 0 0 0 0 0 0 0 0 0 0 0 0 552 0 732 0 0 1488 3896 0 0 0 0 0 0 
1504 0 0 0 508 0 0 0 0 0 0 0 0 0 0 0 0 0 0 552 0 732 0 0 1488 3896 0 0 0 0 0 0 
1504 0 0 0 508 0 0 0 0 0 0 0 0 0 0 0 0 0 0 552 0 732 0 0 1488 3896 0 0 0 0 0 0 
1895 200 0 503 1204 0 174 92 0 274 0 59 0 0 583 604 636 316 268 4193 376 1646 53639 2075 1983 3896 335 370 1418 0 0 0 
569 189 0 0 0 0 9 141 0 0 0 0 0 0 0 0 0 0 0 0 41 0 169 28 0 0 0 153 2253 87 0 0 
359 204 0 15 0 0 9 141 0 0 0 0 0 0 0 0 0 0 0 0 0 21 0 0 0 0 0 102 1657 703 0 0 
346 126 0 0 37 4085 0 0 0 0 0 0 0 0 0 0 0 0 0 0 0 114 4321 318 0 0 0 0 788 28 0 0 
364 0 0 0 0 0 0 0 0 0 0 0 0 0 0 0 0 0 0 0 0 0 0 636 0 0 0 0 0 0 0 0 
364 0 0 0 0 0 0 0 0 0 0 0 0 0 0 0 0 0 0 0 0 0 0 636 0 0 0 0 0 0 0 0 
364 0 0 0 0 0 0 0 0 0 0 0 0 0 0 0 0 0 0 0 0 0 0 636 0 0 0 0 0 0 0 0 
364 0 0 0 0 0 0 0 0 0 0 0 0 0 0 0 0 0 0 0 0 0 0 636 0 0 0 0 0 0 0 0 
351 0 80 244 21 0 0 0 0 0 0 39 0 0 0 0 38 0 49 0 0 0 0 669 0 0 0 0 0 0 0 0 
364 0 0 0 0 0 0 0 0 0 0 0 0 0 0 0 0 0 0 0 0 0 0 636 0 0 0 0 0 0 0 0 
364 0 0 0 0 0 0 0 0 0 0 0 0 0 0 0 0 0 0 0 0 0 0 636 0 0 0 0 0 0 0 0 
1663 217 0 21 0 0 0 0 0 0 0 0 0 0 0 0 260 0 41 0 43 0 0 377 0 0 0 27 0 0 0 0 
3016 0 0 0 0 0 0 0 0 0 0 0 0 0 0 0 0 0 0 0 0 0 0 0 0 0 0 0 0 0 0 0 
3016 0 0 0 0 0 0 0 0 0 0 0 0 0 0 0 0 0 0 0 0 0 0 0 0 0 0 0 0 0 0 0 
3016 0 0 0 0 0 0 0 0 0 0 0 0 0 0 0 0 0 0 0 0 0 0 0 0 0 0 0 0 0 0 0 
3016 0 0 0 0 0 0 0 0 0 0 0 0 0 0 0 0 0 0 0 0 0 0 0 0 0 0 0 0 0 0 0 
3016 0 0 0 0 0 0 0 0 0 0 0 0 0 0 0 0 0 0 0 0 0 0 0 0 0 0 0 0 0 0 0 
2994 700 15 0 96 0 0 0 64 0 0 0 0 0 0 0 0 0 0 0 0 0 0 0 0 0 0 0 0 0 0 0 
3016 0 0 0 0 0 0 0 0 0 0 0 0 0 0 0 0 0 0 0 0 0 0 0 0 0 0 0 0 0 0 0 
3016 0 0 0 0 0 0 0 0 0 0 0 0 0 0 0 0 0 0 0 0 0 0 0 0 0 0 0 0 0 0 0 
3016 0 0 0 0 0 0 0 0 0 0 0 0 0 0 0 0 0 0 0 0 0 0 0 0 0 0 0 0 0 0 0 
3016 0 0 0 0 0 0 0 0 0 0 0 0 0 0 0 0 0 0 0 0 0 0 0 0 0 0 0 0 0 0 0 
3228 0 0 0 0 124 146 350 0 0 0 0 0 1432 1899 176 382 1281 303 426 0 179 5766 0 2700 0 0 0 85 0 939 0 
3016 0 0 0 0 0 0 0 0 0 0 0 0 0 0 0 0 0 0 0 0 0 0 0 0 0 0 0 0 0 0 0 
3016 0 0 0 0 0 0 0 0 0 0 0 0 0 0 0 0 0 0 0 0 0 0 0 0 0 0 0 0 0 0 0 
2961 0 0 163 0 0 0 0 0 0 533 0 0 0 0 0 411 0 29 705 188 0 0 0 0 0 0 0 0 0 415 0 
3114 0 0 0 0 0 0 0 0 788 0 0 0 0 0 0 0 0 0 0 0 0 0 0 114 0 0 0 0 0 36 0 
5150 0 221 0 1818 433 305 287 1306 0 314 500 49 2296 1184 1425 198 4184 6527 4877 4540 4513 133945 16117 585 1112 0 523 2129 287 0 0 
622 0 0 0 0 0 0 0 0 0 0 0 0 0 156 0 0 0 0 0 0 0 0 0 0 0 0 0 0 0 0 0 
4835 163 134 0 276 17 0 0 318 66 25 0 0 871 330 397 627 91 1108 795 1115 1492 7341 321 64 120 0 0 806 215 0 0 
9092 0 0 0 552 0 0 0 0 0 0 0 0 0 624 684 0 0 1836 1016 0 2684 2324 472 0 240 0 0 1612 0 0 0 
9092 0 0 0 552 0 0 0 0 0 0 0 0 0 624 684 0 0 1836 1016 0 2684 2324 472 0 240 0 0 1612 0 0 0 
9092 0 0 0 552 0 0 0 0 0 0 0 0 0 624 684 0 0 1836 1016 0 2684 2324 472 0 240 0 0 1612 0 0 0 
9092 0 0 0 552 0 0 0 0 0 0 0 0 0 624 684 0 0 1836 1016 0 2684 2324 472 0 240 0 0 1612 0 0 0 
9085 51 222 0 613 0 0 0 0 69 76 0 0 0 624 684 0 0 1836 1301 1082 2834 6289 546 1313 240 0 0 1612 0 70 0 
9092 0 0 0 552 0 0 0 0 0 0 0 0 0 624 684 0 0 1836 1016 0 2684 2324 472 0 240 0 0 1612 0 0 0 
9492 0 0 49 747 0 334 0 0 0 0 0 0 28 789 867 0 0 1836 1476 0 2764 2814 472 47 240 0 523 1972 282 0 0 
9542 0 162 248 1010 303 0 0 97 1248 244 58 168 2148 3073 1448 1592 511 2653 2734 1557 4098 39781 4908 2722 656 511 0 1766 901 74 0 
9161 277 39 475 698 67 344 1017 570 2409 739 288 26 1101 4639 2810 3170 9491 2784 2548 881 4290 65959 2606 11780 3726 832 998 2103 125 711 0 
5977 1192 355 516 1850 1241 0 612 10263 0 1673 1342 153 944 1064 3131 1582 0 1774 4000 2000 6183 42687 2308 1564 1189 437 328 1650 0 409 0 
6338 904 0 694 1716 1019 2484 1943 855 1000 987 80 735 1714 2345 5893 2355 724 7220 2770 3126 2787 96753 6432 3585 1239 324 523 1693 40 827 0 
2070 0 0 0 0 0 0 2448 0 0 0 0 0 0 13 200 0 0 0 384 948 308 0 1204 1868 0 648 0 0 0 0 0 
2065 0 0 0 0 104 0 2448 0 0 0 0 0 0 0 200 0 0 0 384 948 308 0 1204 1868 0 648 0 0 0 0 0 
2805 333 131 896 1133 331 0 1900 0 0 0 0 0 0 45 1998 968 0 2008 2900 1742 1018 6655 1924 1401 147 486 284 2815 0 0 0 
5477 0 0 1366 23 0 0 0 0 0 135 0 0 0 148 1100 0 0 1764 5013 0 444 15921 2365 0 0 0 0 8 0 882 0 
5434 153 0 1204 308 0 0 55 0 0 350 0 0 59 756 1984 249 0 1924 5955 293 74 24033 2113 671 157 0 0 0 317 0 0 
5430 0 50 1204 109 650 0 85 46 313 139 447 0 0 37 1789 0 197 2188 6482 140 1190 18256 2619 0 786 0 0 6 0 0 0 
5420 89 264 1204 1163 0 983 195 1135 246 0 0 0 0 61 2008 840 0 1891 5778 1232 782 23518 2319 456 0 0 53 0 0 0 0 
5247 237 0 1816 0 3132 18 98 466 525 803 206 772 85 450 3501 2046 1397 3995 9094 5306 2354 121723 7635 1039 951 0 1452 2471 923 422 0 
1880 0 0 301 85 673 442 173 710 904 1082 174 0 122 706 1341 256 924 1574 4196 1599 1833 78107 1517 1057 789 0 0 3096 339 100 0 
0 0 0 0 0 0 0 0 0 0 0 0 0 0 0 0 0 0 0 0 0 0 0 0 0 0 0 0 0 0 0 0 
252 435 0 0 0 0 0 0 0 0 0 0 0 0 0 834 0 0 0 0 0 0 0 0 0 0 0 0 0 0 0 0 
336 580 0 0 0 0 0 0 0 0 0 0 0 0 0 1112 0 0 0 0 0 0 0 0 0 0 0 0 0 0 0 0 
336 580 0 0 0 0 0 0 0 0 0 0 0 0 0 1112 0 0 0 0 0 0 0 0 0 0 0 0 0 0 0 0 
313 580 65 300 0 0 231 0 0 38 0 0 0 0 0 1112 0 0 170 892 0 1474 691 0 0 0 0 0 0 0 0 0 
319 580 0 0 0 0 0 0 0 0 0 0 0 0 0 1112 0 0 0 0 0 0 0 0 0 0 0 0 0 464 161 0 
336 580 0 0 0 0 0 0 0 0 0 0 0 0 0 1112 0 0 0 0 0 0 0 0 0 0 0 0 0 0 0 0 
80 0 0 0 0 0 0 0 0 0 0 0 0 0 0 0 0 0 0 0 0 0 0 0 0 0 0 0 0 0 0 0 
87 0 0 203 67 0 138 0 72 0 58 0 0 0 0 0 0 0 0 0 0 0 0 0 1235 0 0 0 0 0 0 0 
55 0 0 0 0 0 0 0 0 0 0 0 0 0 0 0 0 0 0 0 0 0 0 0 336 0 0 0 0 0 0 0 
52 0 0 0 0 0 0 0 0 0 0 0 0 0 0 0 0 0 0 0 0 0 0 0 1056 0 0 0 0 0 0 0 
52 0 0 0 0 0 0 0 0 0 0 0 0 0 0 0 0 0 0 0 0 0 0 0 1056 0 0 0 0 0 0 0 
12 0 0 0 0 0 0 0 0 0 0 0 0 0 0 55 0 0 0 584 0 0 0 0 264 275 0 0 0 0 0 0 
38 0 0 0 128 0 210 0 0 0 0 0 0 0 0 0 0 0 0 0 0 0 0 0 440 0 0 0 0 0 0 0 
99 0 0 0 128 0 310 0 0 0 0 0 0 0 0 0 0 0 0 0 0 0 0 0 1070 0 0 0 0 0 0 0 
48 0 0 0 0 0 96 0 0 0 0 0 0 0 0 0 0 0 0 0 0 0 0 0 2212 0 0 0 0 0 0 0 
141 0 0 0 0 0 0 0 0 0 0 0 0 0 0 0 0 0 0 0 0 0 0 0 3314 0 0 0 0 0 0 0 
79 0 0 0 0 0 0 0 0 0 0 0 0 0 0 0 0 0 0 0 0 0 0 0 2691 0 0 0 0 0 0 0 
19 0 0 0 0 0 2 0 0 0 0 0 0 0 0 0 0 0 0 0 0 0 0 0 0 0 0 0 0 0 0 0 
92 0 0 0 0 0 22 0 0 93 41 0 0 22 0 39 0 0 0 0 173 0 0 0 0 0 178 0 0 0 0 0 
304 0 0 0 0 0 88 0 0 372 164 0 0 0 0 0 0 0 0 0 0 0 0 0 0 0 0 0 0 0 0 0 
304 0 0 0 0 0 88 0 0 372 164 0 0 0 0 0 0 0 0 0 0 0 0 0 0 0 0 0 0 0 0 0 
304 0 0 0 0 0 88 0 0 372 164 0 0 0 0 0 0 0 0 0 0 0 0 0 0 0 0 0 0 0 0 0 
387 0 0 0 0 0 66 0 0 343 123 0 0 0 0 0 17 0 0 0 117 0 0 0 0 0 46 0 0 0 0 0 
1079 0 0 25 0 0 0 0 0 670 0 0 0 0 0 0 0 0 0 0 0 366 0 0 0 71 0 0 0 215 0 0 
1532 0 0 0 0 0 0 0 0 0 18 0 0 0 0 0 0 0 0 0 0 0 0 0 17 79 0 0 0 0 0 0 
1780 0 0 0 0 0 0 0 0 332 74 0 0 0 0 0 0 0 0 0 0 0 0 0 0 0 0 0 0 0 0 0 
1536 0 0 0 0 0 0 0 0 0 0 0 0 0 0 0 0 0 0 0 0 0 0 0 0 0 0 0 0 0 0 0 
1149 0 0 0 0 0 0 0 0 332 92 0 0 0 269 0 0 87 0 0 0 0 4386 0 348 155 0 37 63 1546 40 0 
984 0 0 0 0 0 0 0 0 1328 296 0 0 0 0 0 0 0 0 0 0 0 0 0 0 0 0 0 0 0 0 0 
984 0 0 0 0 0 0 0 0 1328 296 0 0 0 0 0 0 0 0 0 0 0 0 0 0 0 0 0 0 0 0 0 
494 0 0 0 0 0 0 28 0 664 148 0 0 0 0 0 0 0 0 0 0 0 0 0 0 0 0 0 0 0 0 0 
1381 0 0 0 0 0 0 0 0 552 0 0 0 0 0 0 0 0 0 0 0 0 0 0 0 0 0 0 0 0 0 0 
1152 0 0 0 0 0 0 0 0 552 0 0 0 0 0 0 0 0 0 0 0 0 0 0 0 0 0 0 0 0 0 0 
1646 0 0 0 0 0 0 0 0 552 47 0 0 0 0 0 0 0 0 0 0 0 0 0 0 33 0 0 0 0 0 0 
1152 0 0 0 0 0 0 0 0 552 0 0 0 0 0 0 0 0 0 0 0 0 0 0 0 0 0 0 0 0 0 0 
1152 0 0 0 0 0 0 0 0 552 0 0 0 0 0 0 0 0 0 0 0 0 0 0 0 0 0 0 0 0 0 0 
1152 0 0 0 0 0 0 0 0 552 0 0 0 0 0 0 0 0 0 0 0 0 0 0 0 0 0 0 0 0 0 0 
1950 0 0 70 264 0 56 0 0 618 0 0 117 0 368 732 73 0 1098 664 0 105 677 369 0 416 0 0 0 0 65 0 
802 0 0 0 187 0 48 0 0 238 130 0 0 0 2238 153 372 0 0 0 0 574 14276 0 0 33 0 0 0 0 0 0 
271 328 0 0 0 0 0 0 0 4786 1003 3 0 0 0 0 0 0 0 0 0 0 0 0 0 0 0 0 0 852 0 0 
578 0 0 0 0 0 11 0 0 636 29 0 0 0 0 0 0 0 0 75 0 0 0 0 0 0 0 0 0 0 0 0 
548 0 0 0 0 0 11 0 0 335 0 0 0 0 0 0 0 0 0 50 0 0 0 0 0 0 0 0 0 0 0 0 
529 0 0 0 0 0 11 0 0 252 0 0 0 0 0 0 0 0 0 0 0 0 0 0 0 0 0 0 0 0 0 0 
67 0 0 0 0 0 0 0 0 0 0 0 0 0 0 0 0 0 0 0 0 0 0 0 0 0 0 0 0 0 0 0 
105 0 0 0 0 0 0 0 0 0 0 0 0 0 0 0 0 0 0 0 0 0 0 0 0 0 0 0 0 0 0 0 
201 66 0 0 48 0 0 0 0 1746 86 0 0 0 0 0 0 0 0 0 0 0 0 0 0 0 0 0 0 284 0 0 
1802 0 0 0 0 0 0 2 0 0 224 0 0 0 0 0 0 0 0 0 0 0 224 0 0 0 0 0 0 0 0 0 
1804 0 0 0 0 0 0 0 0 0 224 0 0 0 0 0 0 0 0 0 0 0 224 0 0 0 0 0 0 0 0 0 
1804 0 0 0 0 0 0 0 0 0 224 0 0 0 0 0 0 0 0 0 0 0 224 0 0 0 0 0 0 0 0 0 
1804 0 0 0 0 0 0 0 0 0 224 0 0 0 0 0 0 0 0 0 0 0 224 0 0 0 0 0 0 0 0 0 
1804 0 0 0 0 0 0 0 0 0 224 0 0 0 0 0 0 0 0 0 0 0 224 0 0 0 0 0 0 0 0 0 
1804 0 0 0 0 0 0 0 0 0 224 0 0 0 0 0 0 0 0 0 0 0 224 0 0 0 0 0 0 0 0 0 
1321 251 0 84 295 0 130 0 217 698 1582 137 0 0 0 207 0 0 108 408 1247 109 2752 0 1705 0 0 0 0 676 0 0 
1149 0 0 0 0 0 0 0 0 307 84 162 0 0 0 0 0 0 0 0 0 0 56 0 0 0 0 0 52 0 0 0 
56 0 0 0 0 0 0 0 0 0 0 0 0 0 76 344 0 0 0 0 0 172 0 0 0 0 0 0 0 0 0 0 
71 0 0 0 0 346 0 0 152 64 0 0 0 0 604 172 0 0 0 73 0 86 0 0 0 0 0 0 0 0 0 0 
96 0 0 0 0 0 0 0 0 256 0 0 0 0 0 0 0 0 0 0 0 0 0 0 0 0 0 0 0 0 0 0 
96 0 0 0 0 0 0 0 0 256 0 0 0 0 0 0 0 0 0 0 0 0 0 0 0 0 0 0 0 0 0 0 
96 0 0 0 0 0 0 0 0 256 0 0 0 0 0 0 0 0 0 0 0 0 0 0 0 0 0 0 0 0 0 0 
1023 26 0 308 0 126 0 0 409 128 0 0 0 0 131 156 0 0 569 36 0 0 0 0 0 0 0 0 0 0 0 0 
1880 0 0 508 0 252 0 0 544 0 0 0 0 0 0 312 0 0 0 0 0 0 0 0 0 0 0 0 0 0 0 0 
1843 0 11 508 51 2561 27 0 544 136 0 0 0 0 0 312 0 0 0 0 0 0 2802 1089 0 0 0 0 0 0 0 0 
1869 0 0 532 0 425 0 0 620 0 0 0 0 0 427 312 0 0 0 0 0 0 0 0 0 0 0 0 0 0 0 0 
1880 0 0 508 0 252 0 0 544 0 0 0 0 0 0 312 0 0 0 0 0 0 0 0 0 0 0 0 0 0 0 0 
1894 0 0 508 0 252 0 0 544 64 0 0 0 0 0 312 0 0 0 0 0 0 0 0 0 0 0 0 0 0 0 0 
1868 0 0 520 0 252 0 0 544 0 0 0 0 0 0 312 0 0 0 0 0 0 0 0 0 0 0 0 0 0 0 0 
1754 723 0 657 325 6110 355 0 544 1330 112 2346 137 1120 153 2451 1730 0 497 455 0 396 11971 1039 157 998 0 996 1032 0 0 0 
908 0 172 258 0 13085 330 0 311 271 608 61 162 649 733 78 0 433 1496 610 967 712 15217 184 507 0 293 0 0 0 18 0 
752 0 0 0 0 512 0 0 0 0 748 0 0 0 0 0 0 0 0 0 0 0 0 100 0 0 0 0 0 0 0 0 
746 0 0 0 0 512 0 8 0 0 748 0 23 0 44 0 0 0 0 0 0 0 0 100 0 0 0 0 0 0 0 0 
804 0 0 0 0 384 0 0 0 824 561 0 151 4396 3747 0 0 211 0 0 0 0 0 75 0 0 0 0 0 0 0 0 
42 0 0 0 0 0 0 186 0 0 0 0 0 0 0 0 0 0 0 0 0 0 0 0 0 0 0 0 0 0 0 0 
496 0 0 0 0 0 0 0 0 0 0 0 0 0 0 0 0 0 0 0 0 0 441 0 0 0 0 0 3204 0 0 0 
412 0 0 0 35 0 0 0 0 0 0 0 0 0 0 14 0 0 21 15 0 32 0 0 0 0 0 0 4132 0 59 0 
527 0 0 0 37 0 0 0 0 0 23 0 0 0 0 0 26 0 23 0 0 32 0 0 0 49 0 266 4539 0 101 0 
145 0 0 0 0 0 0 0 0 0 0 0 0 0 0 0 0 0 0 0 0 96 0 0 0 0 0 0 1735 0 0 0 
437 0 0 0 0 528 0 0 168 717 0 133 0 0 0 583 457 0 198 626 453 0 5814 300 0 0 0 0 6906 0 0 0 
356 0 49 0 35 0 0 0 0 250 0 0 0 0 0 0 0 0 67 0 0 0 0 0 0 0 0 2 3203 0 9 0 
131 0 49 0 70 0 0 0 0 0 0 49 0 0 0 0 0 0 63 0 47 0 81 0 0 0 0 0 654 0 40 0 
109 0 0 0 0 0 0 0 0 0 0 0 0 0 0 0 0 0 0 0 47 0 0 0 0 0 0 0 0 0 0 0 
68 0 0 0 0 0 0 0 0 24 0 0 0 0 0 0 0 0 0 0 0 0 0 0 0 0 0 0 0 0 81 0 
81 0 0 0 0 0 0 0 0 8 0 0 0 0 0 0 0 0 0 0 0 0 0 0 0 0 0 0 0 0 27 0 
439 0 0 168 0 0 0 0 0 0 0 0 0 0 0 0 521 0 49 0 0 0 1589 0 0 0 0 0 0 0 0 0 
543 76 164 168 0 0 0 0 0 0 0 0 0 0 1058 60 819 13707 182 388 144 476 31164 69 319 0 0 0 0 0 0 0 
378 76 0 0 0 0 0 0 0 1792 0 0 0 491 3604 0 263 2100 234 368 0 0 13851 0 2238 0 72 0 0 0 0 0 
478 0 0 0 0 0 0 0 0 5904 0 0 0 0 0 0 0 0 0 0 0 0 0 0 0 0 0 0 0 68 0 0 
452 0 0 0 0 0 0 0 0 5453 0 0 0 0 0 0 0 0 0 0 0 0 0 0 0 0 0 0 0 0 0 0 
92 0 0 0 0 0 0 0 0 285 0 0 0 0 0 0 0 0 0 0 0 0 0 0 0 0 0 0 0 38 0 0 
104 0 0 0 0 0 0 0 0 64 0 0 0 0 0 0 0 0 0 0 0 0 0 0 0 0 0 0 0 152 0 0 
122 0 7 0 0 0 0 0 0 128 18 0 0 0 0 0 0 0 0 16 0 0 441 0 0 0 0 0 0 76 0 0 
147 0 0 0 0 0 0 0 0 96 18 0 0 0 0 0 0 0 0 0 0 0 0 0 0 0 0 0 0 0 0 0 
713 0 0 0 0 0 0 0 0 0 0 0 0 0 0 0 0 0 0 0 0 0 0 0 0 0 0 0 0 0 0 0 
189 0 0 0 0 0 0 0 0 27 0 0 0 0 0 0 0 0 0 0 0 0 0 0 0 0 0 0 0 0 0 0 
165 0 0 0 0 0 0 0 0 637 0 0 0 0 0 0 0 0 0 0 0 0 0 0 0 0 0 0 0 0 0 0 
235 0 0 0 0 0 0 0 0 23 69 0 0 0 0 0 0 0 0 0 0 0 0 0 0 0 0 0 0 0 0 0 
185 0 0 0 0 0 0 0 0 0 0 0 0 0 0 0 0 0 0 0 0 0 0 0 0 0 0 0 0 0 0 0 
185 0 0 0 0 0 0 0 0 0 0 0 0 0 0 0 0 0 0 0 0 0 3213 0 0 0 0 0 0 0 0 0 
724 0 0 0 0 0 0 0 0 0 0 0 0 0 1076 0 0 348 0 0 0 0 17544 0 0 0 0 148 0 0 0 0 
444 0 0 0 0 0 0 0 0 0 100 0 0 0 0 0 0 0 0 0 0 0 0 0 0 0 0 0 0 0 72 0 
444 0 0 0 0 0 0 0 0 0 100 0 0 0 0 0 0 0 0 0 0 0 0 0 0 0 0 0 0 0 72 0 
404 0 0 0 0 102 0 0 0 0 100 0 383 1505 367 1150 2457 0 0 261 413 621 15069 64 0 0 0 149 199 0 72 0 
312 0 0 0 37 0 0 0 0 4245 310 0 156 0 0 0 0 0 0 0 0 0 0 0 0 0 0 0 0 0 18 0 
132 0 0 0 74 0 0 0 0 756 314 0 0 0 0 0 0 0 0 0 0 0 0 0 0 0 0 0 0 0 0 0 
244 0 0 0 0 0 0 0 0 0 0 0 0 0 0 0 0 0 0 0 0 0 0 0 0 0 0 0 0 0 0 0 
337 0 0 0 0 0 0 0 0 0 0 0 0 0 0 0 0 0 0 0 0 0 0 0 0 0 0 0 0 0 0 0 
264 0 0 0 0 0 0 0 0 128 819 0 0 0 0 0 0 0 0 0 0 0 0 0 0 0 0 0 0 0 0 0 
290 0 0 0 0 0 0 0 0 324 583 0 0 0 0 0 0 0 0 0 0 0 4812 0 0 0 0 0 0 122 0 0 
685 0 0 0 0 0 0 0 0 280 148 0 0 0 0 0 0 0 0 0 0 0 19248 3 0 0 0 0 0 488 0 0 
688 0 0 0 0 0 0 0 0 280 148 0 0 0 0 0 0 0 0 0 0 0 19248 0 0 0 0 0 0 488 0 0 
98 0 0 0 0 0 0 0 0 176 0 0 0 0 0 0 0 0 0 0 0 0 0 0 0 0 0 0 0 0 0 0 
164 0 0 0 0 205 0 0 0 176 0 0 0 283 97 0 0 0 0 0 0 0 0 0 0 0 0 0 0 0 0 0 
3084 266 0 0 549 0 0 996 0 0 0 156 0 334 0 1717 0 0 85 1176 262 0 5992 0 0 0 0 720 0 0 0 0 
231 0 0 0 0 0 0 124 0 0 768 156 0 0 0 0 0 0 2166 0 0 0 0 0 135 0 0 0 327 0 0 0 
272 0 0 0 0 0 0 0 0 0 1024 0 0 0 0 0 0 0 2888 0 0 0 0 0 180 0 0 0 436 0 0 0 
880 0 1633 0 102 0 0 0 1682 0 512 0 0 0 76 0 64 0 1999 130 35 266 344 0 90 0 233 0 218 0 0 0 
707 0 4454 0 0 0 0 0 3364 0 0 0 0 6784 9888 0 0 0 0 0 0 0 437 0 0 0 0 0 0 0 0 0 
351 0 2235 0 540 665 159 176 2221 0 0 259 0 0 0 75 0 0 0 0 0 0 450 0 0 0 0 207 0 0 0 0 
528 266 0 0 1359 0 126 0 75 0 0 0 0 334 0 217 0 0 317 0 262 317 12358 3990 0 0 0 0 229 0 0 0 
3419 266 351 0 904 295 288 195 0 0 184 1143 0 1421 1733 2267 536 1601 898 1184 1034 1700 91867 9807 3622 0 88 59 625 0 124 0 
9077 309 187 654 1188 4769 212 1774 1010 460 1125 3934 1154 1652 9192 8254 728 3592 6440 5131 9619 4135 181705 8135 6758 571 233 3380 986 1062 154 0 
11033 0 0 0 0 5956 0 780 0 274 287 865 0 0 6932 7912 535 2696 2324 3704 1988 212 44441 24174 4060 0 0 0 692 62 0 0 
11044 0 0 0 0 1180 0 780 0 0 0 772 0 0 6932 7912 0 0 2324 3156 1988 0 36648 6452 4060 0 0 0 692 0 0 0 
11021 0 0 0 0 1180 28 780 65 35 0 772 0 0 6932 7912 18 0 2324 3156 2114 571 39536 6665 4080 0 0 144 692 0 60 0 
11572 0 0 0 440 1180 0 1098 0 0 0 1024 0 0 7164 7912 96 0 2984 3778 2570 306 36784 6452 4060 0 0 0 692 0 0 0 
11079 8 0 104 0 1180 0 780 0 0 0 772 0 0 6932 7974 0 0 2324 3156 1988 260 36648 6452 4527 0 0 0 692 0 0 0 
11000 0 0 0 0 2838 124 780 185 66 402 772 0 0 6980 8005 147 0 2463 3739 2731 186 39615 6452 4296 166 0 608 692 0 0 0 
11230 0 97 526 18 1180 12 780 153 870 70 1186 161 402 7817 9002 720 77 3504 5490 3011 1646 73189 7130 4066 0 0 0 1121 963 399 0 
3223 435 0 221 1482 608 1997 633 0 617 160 412 0 0 2030 4313 868 0 2481 3279 1760 816 19596 1855 1622 1078 0 189 271 171 270 0 
1150 105 0 716 440 0 345 444 33 548 0 888 0 0 1747 439 1745 76 660 2095 1099 2809 36560 1622 3846 5 96 0 0 124 225 0 
1416 0 0 0 880 0 0 636 0 0 0 504 0 0 464 0 192 0 1320 1244 1164 612 272 0 0 0 0 0 0 0 0 0 
764 0 0 0 440 736 113 318 0 0 0 252 0 0 260 106 108 0 660 622 582 444 602 0 0 0 0 189 0 0 23 0 
192 0 0 16 0 0 0 0 0 0 0 0 0 0 0 0 0 0 0 0 0 0 0 0 0 0 6 0 0 0 0 0 
92 0 0 0 0 0 0 0 0 0 0 0 0 0 0 0 0 0 0 0 0 0 0 0 0 0 12 0 0 0 0 0 
322 0 0 0 0 0 0 0 0 0 0 0 0 0 0 0 0 0 0 0 0 0 0 0 0 0 0 0 0 0 0 0 
504 0 0 0 0 0 0 0 0 0 0 0 0 0 0 0 0 0 0 0 0 0 0 0 0 0 0 0 0 0 0 0 
908 0 0 0 0 0 0 0 0 0 0 0 0 0 0 0 0 0 0 0 0 0 0 0 0 0 0 0 0 0 0 0 
908 0 0 0 0 0 0 0 0 0 0 0 0 0 0 0 0 0 0 0 0 0 0 0 0 0 0 0 0 0 0 0 
496 0 0 0 0 0 0 4 0 0 20 0 0 0 103 0 0 0 0 0 445 0 0 0 0 0 0 0 0 0 0 0 
340 0 0 0 0 0 0 0 0 162 0 0 0 0 0 0 0 0 0 0 0 0 0 0 0 0 0 0 0 0 0 0 
688 0 0 0 0 0 0 0 0 72 124 0 0 0 0 0 0 0 0 0 0 0 0 0 0 0 0 0 0 0 0 0 
387 0 0 0 0 0 0 0 0 36 60 0 0 0 0 0 0 0 0 0 0 0 534 0 48 0 0 1081 687 0 0 0 
100 0 0 0 0 0 0 0 0 0 0 0 0 0 0 0 0 0 0 0 0 0 0 0 40 0 0 0 0 0 0 0 
349 0 0 0 0 0 0 0 0 738 46 0 0 0 310 0 0 0 0 716 0 289 371 229 0 0 0 0 0 0 0 0 
616 0 0 0 0 0 0 0 0 1476 0 0 0 0 0 0 0 0 0 0 0 0 0 0 0 0 0 0 0 0 0 0 
616 0 0 0 0 0 0 0 0 1476 0 0 0 0 0 0 0 0 0 0 0 0 0 0 0 0 0 0 0 0 0 0 
64 0 0 0 0 0 0 0 176 0 0 0 0 0 0 0 0 0 0 0 0 0 0 652 0 0 0 0 0 0 0 0 
52 0 0 0 0 0 0 0 132 0 0 0 0 0 0 0 0 0 0 0 0 0 0 489 0 0 0 0 0 0 0 0 
3437 0 0 0 0 0 0 0 0 356 663 0 0 0 269 27 0 87 0 0 70 99 4386 192 0 0 0 37 0 292 709 0 
2736 0 0 0 0 0 0 0 0 0 496 0 0 0 0 0 0 0 0 0 0 0 0 0 0 0 0 0 0 292 0 0 
2745 0 0 0 0 0 0 0 0 0 496 0 0 0 0 0 0 0 0 0 0 0 0 0 0 0 0 0 0 292 0 0 
2921 0 0 0 0 0 0 0 0 238 496 0 0 0 269 0 0 87 42 24 0 0 4386 0 0 1714 0 37 0 398 46 0 
462 0 0 0 0 0 0 67 0 0 0 0 0 0 38 0 0 0 0 0 0 0 0 0 0 0 0 0 0 0 0 0 
548 0 0 0 0 0 0 0 0 0 0 0 0 0 0 0 0 0 0 0 0 0 0 0 0 0 0 0 0 0 0 0 
471 0 0 0 108 0 0 0 0 0 0 0 0 0 0 0 0 0 0 0 0 0 0 0 0 0 0 0 0 0 68 0 
1788 0 0 0 0 0 0 0 0 0 0 0 0 0 0 0 0 0 0 0 0 0 0 0 0 0 0 0 0 0 0 0 
3241 0 0 0 0 0 0 0 0 0 13 0 0 0 0 0 0 0 0 0 0 0 0 0 0 0 0 6 0 82 0 0 
3244 0 0 0 0 0 0 0 0 0 0 0 0 0 0 0 0 0 0 0 0 0 0 0 0 0 0 0 0 0 0 0 
199 11 0 0 0 0 0 6 0 212 35 28 0 0 0 0 0 0 0 0 0 0 0 0 0 0 0 0 0 0 0 0 
292 0 0 0 0 0 0 0 31 318 33 42 0 0 0 0 0 0 0 0 0 0 0 0 0 0 0 0 0 0 0 0 
888 0 0 0 0 0 0 0 3640 1070 0 260 0 0 0 0 88 0 0 0 0 0 2016 0 0 0 922 168 120 658 0 0 
1071 0 0 0 0 0 0 0 4647 3860 0 906 0 1814 178 0 378 0 0 0 0 0 2016 0 0 0 461 168 60 329 0 0 
773 0 0 0 0 0 0 0 7363 629 0 863 0 1814 442 0 448 0 0 0 0 0 1008 0 0 0 1844 2923 60 329 0 0 
352 0 0 0 0 0 0 0 12015 47 0 130 0 0 182 196 0 227 285 892 501 1046 5293 123 0 0 0 0 0 886 0 0 
135 0 0 0 0 0 0 0 2244 0 0 0 0 0 50 196 0 0 285 892 501 414 4789 123 0 0 0 0 0 0 0 0 
1117 0 0 0 0 0 0 0 0 0 0 0 0 0 0 0 0 0 0 0 0 0 0 0 0 0 0 0 0 0 0 0 
260 0 0 0 0 0 0 0 0 0 0 0 0 0 0 0 0 0 0 0 0 0 0 0 0 0 0 0 0 0 97 0 
881 0 0 0 0 0 0 0 0 0 0 0 0 0 0 0 0 0 0 0 0 0 872 160 0 0 0 0 0 0 0 0 
347 0 0 0 0 0 0 0 162 0 0 0 0 0 0 0 0 0 0 0 0 0 0 0 0 0 0 0 0 0 0 0 
376 0 0 0 0 0 0 0 20 0 0 0 0 0 0 0 0 0 0 0 0 0 0 0 0 0 0 0 0 0 0 0 
94 0 0 0 0 0 0 0 0 1227 0 0 0 0 0 0 0 0 0 0 0 0 0 0 0 0 0 0 0 0 0 0 
306 0 0 0 0 0 0 0 0 143 0 0 0 0 0 0 0 0 0 0 0 0 0 0 0 0 0 0 0 0 0 0 
417 0 0 0 0 0 0 0 0 0 0 0 0 0 0 644 0 0 0 0 0 0 0 0 0 66 0 0 0 0 0 0 
1272 0 0 0 0 0 0 0 0 0 0 0 0 0 0 0 0 0 0 0 0 0 0 0 0 0 0 0 0 0 0 0 
