2046 11 554 4693 1477 0 52 12 500 28 0 75 0 0 0 0 0 211 1080 0 735 426 11633 1060 0 0 0 117 0 56 0 0 
12332 209 403 46 903 0 0 0 1914 576 1186 322 91 832 755 423 42 3796 6656 2286 3616 6126 40971 5282 462 1007 0 142 204 0 0 0 
15723 756 843 419 869 1496 0 458 451 662 422 4394 43 8099 5112 3093 2958 0 2315 6699 5715 4016 185978 2313 2108 3917 1376 1258 7485 403 167 0 
6905 719 0 518 2257 4085 192 374 0 274 0 59 0 0 583 604 636 316 268 5297 417 3245 58129 3693 4959 11688 335 625 6116 818 0 0 
9502 217 80 265 21 0 0 0 0 0 0 39 0 0 0 0 298 0 90 0 43 0 0 3590 0 0 0 27 0 0 0 0 
24106 700 15 0 96 0 0 0 64 0 0 0 0 0 0 0 0 0 0 0 0 0 0 0 0 0 0 0 0 0 0 0 
25942 163 355 163 2094 574 451 637 1624 854 872 500 49 4599 3569 1998 1618 5556 7967 6803 5843 6184 147052 16438 3463 1232 0 523 3020 502 1390 0 
73579 51 384 297 5130 303 334 0 97 1317 320 58 168 2176 7606 6419 1592 511 15505 10591 2639 23116 60504 8286 4082 2336 511 523 13410 1183 144 0 
39327 2859 525 5151 5728 2762 2828 10423 11688 3409 3884 1710 914 3818 9010 17316 8324 10215 17474 23954 9938 15412 252008 20156 22737 6458 3375 2133 8269 482 2829 0 
18901 1921 314 4525 1357 4455 1443 551 2357 1988 2024 827 772 207 1254 11697 3142 2518 9648 25550 8277 6159 241604 14090 2552 2526 0 1505 5573 1262 522 0 
1294 1740 65 503 67 0 369 0 72 38 58 0 0 0 0 3336 0 0 170 892 0 1474 691 0 3683 0 0 0 0 464 161 0 
528 0 0 0 256 0 640 0 0 93 41 0 0 22 0 94 0 0 0 584 173 0 0 0 9991 275 178 0 0 0 0 0 
7226 0 0 25 0 0 330 0 0 2461 707 0 0 0 0 0 17 0 0 0 117 366 0 0 17 150 46 0 0 215 0 0 
8942 0 0 0 0 0 0 28 0 5860 879 0 0 0 269 0 0 87 0 0 0 0 4386 0 348 188 0 37 63 1546 40 0 
6982 328 0 70 451 0 137 0 0 7969 1162 3 117 0 2606 885 445 0 1098 789 0 679 14953 369 0 449 0 0 0 852 65 0 
9391 66 0 0 48 0 0 2 0 1746 1206 0 0 0 0 0 0 0 0 0 0 0 1120 0 0 0 0 0 0 284 0 0 
4689 251 0 84 295 346 130 0 369 1837 1890 299 0 0 680 723 0 0 108 481 1247 367 3032 0 1705 0 0 0 52 676 0 0 
14011 749 11 4049 376 10230 382 0 4293 1658 112 2346 137 1120 711 4479 1730 0 1066 491 0 396 14773 2128 157 998 0 996 1032 0 0 0 
4687 0 172 258 72 14493 330 194 311 1095 2688 61 336 5045 4524 92 26 644 1540 625 967 776 15658 459 507 49 293 266 11875 0 178 0 
1766 0 98 168 105 528 0 0 168 999 0 182 0 0 0 583 978 0 377 626 547 96 7484 300 0 0 0 2 12498 0 157 0 
2316 152 171 168 0 0 0 0 0 13722 36 0 0 491 4662 60 1082 15807 416 772 144 476 45456 69 2557 0 72 0 0 334 0 0 
2840 0 0 0 0 0 0 0 0 687 169 0 0 0 1076 0 0 348 0 0 0 0 20757 0 0 0 0 148 0 0 72 0 
2427 0 0 0 111 102 0 0 0 5453 2226 0 539 1505 367 1150 2457 0 0 261 413 621 19881 64 0 0 0 149 199 122 162 0 
6102 266 1633 0 651 205 0 1120 1682 912 2600 312 0 617 173 1717 64 0 7138 1306 297 266 44832 3 405 0 233 720 981 976 0 0 
47180 841 7227 654 3991 14045 813 4485 6735 769 1596 7745 1154 10191 41609 34549 1817 7889 14627 16331 17005 6935 407442 59223 22580 571 321 3790 3916 1124 338 0 
51434 548 97 1567 3700 7722 2591 5469 371 2101 632 5810 161 402 33394 37751 3876 153 16396 23403 14905 7079 243266 29963 22417 1249 96 986 3468 1258 917 0 
3762 0 0 16 0 0 0 4 0 162 20 0 0 0 103 0 0 0 0 0 445 0 0 0 0 0 18 0 0 0 0 0 
2872 0 0 0 0 0 0 0 308 3798 230 0 0 0 310 0 0 0 0 716 0 289 905 1370 88 0 0 1081 687 0 0 0 
15108 0 0 0 108 0 0 67 0 594 2151 0 0 0 576 27 0 174 42 24 70 99 8772 192 0 1714 0 74 0 1274 823 0 
10060 11 0 0 0 0 0 6 27696 6136 81 2229 0 3628 802 196 914 227 285 892 501 1046 10333 123 0 0 3227 3265 240 2284 0 0 
3516 0 0 0 0 0 0 0 2426 1370 0 0 0 0 50 196 0 0 285 892 501 414 5661 283 0 0 0 0 0 0 97 0 
