43 18 13 23 13 13 11 11 11 5 12 6 8 7 9 5 8 10 2 9 6 6 3 6 0 6 2 6 6 5 3 0 
20 2 4 3 2 4 2 6 7 2 2 4 3 2 2 5 0 1 2 2 3 1 1 2 2 3 2 1 2 3 2 0 
40 3 2 5 2 5 1 3 4 0 3 1 2 3 4 0 1 1 0 2 5 4 1 2 4 3 0 1 1 1 3 0 
0 0 0 0 0 0 0 0 0 0 0 0 0 0 0 0 0 0 0 0 0 0 0 0 0 0 0 0 0 0 0 0 
11 2 0 3 1 2 4 1 0 0 1 0 1 3 1 0 2 0 0 0 2 0 1 0 1 0 1 0 1 0 0 0 
7 4 2 3 4 4 4 2 3 3 2 2 2 1 2 6 2 0 0 2 2 1 1 0 1 3 4 2 1 2 3 0 
0 1 3 0 0 1 2 0 0 1 2 3 0 0 0 1 0 0 2 0 1 1 0 1 1 0 0 0 0 0 0 0 
11 3 1 5 2 3 3 2 5 2 7 12 4 0 0 0 4 0 2 1 0 0 3 4 3 2 7 0 1 4 2 0 
12 4 0 0 3 0 1 1 0 0 1 1 0 0 0 0 1 0 1 2 1 0 0 2 2 2 1 2 2 1 0 0 
40 29 8 22 19 6 4 9 16 17 10 9 4 6 13 2 6 0 3 3 8 6 3 4 3 6 5 10 4 3 1 0 
39 17 6 3 6 2 5 4 5 3 4 2 4 7 2 4 2 1 1 1 5 3 6 1 4 1 5 4 6 7 5 0 
23 16 2 13 6 4 5 5 4 11 3 1 4 3 5 2 0 0 2 3 5 2 1 3 3 1 3 3 2 4 0 0 
28 15 8 12 8 15 3 3 3 2 4 6 4 7 10 6 5 9 4 3 8 5 4 5 5 2 3 7 9 9 3 0 
38 8 16 10 14 11 4 8 14 11 13 9 5 8 5 7 8 6 9 10 3 2 6 10 4 7 12 10 7 5 7 0 
0 0 0 0 0 0 0 0 0 0 0 0 0 0 0 0 0 0 0 0 0 0 0 0 0 0 0 0 0 0 0 0 
0 0 0 2 0 0 0 0 1 0 0 0 2 0 0 0 0 0 0 0 0 0 0 0 0 0 0 0 0 0 0 0 
10 4 2 2 2 0 0 1 2 0 2 3 2 1 0 0 0 1 0 0 0 1 0 1 1 0 0 1 1 0 1 0 
10 1 2 2 1 0 0 2 1 0 0 1 1 0 1 1 0 2 0 0 2 0 0 1 2 1 1 0 0 1 2 0 
0 0 0 0 0 0 0 0 0 0 0 0 0 0 0 0 0 0 0 0 0 0 0 0 0 0 0 0 0 0 0 0 
20 21 3 11 8 8 2 2 10 6 4 5 8 8 2 6 4 3 1 5 5 4 6 2 6 2 3 2 4 4 2 0 
12 7 6 9 2 6 3 1 4 2 0 0 2 0 4 1 2 0 1 0 2 0 0 0 4 1 0 1 1 1 2 0 
0 2 1 1 2 0 0 1 1 0 0 0 2 1 1 0 0 3 0 0 2 1 0 0 0 0 1 1 0 0 0 0 
0 0 0 0 0 0 0 0 0 0 0 0 0 0 0 0 0 0 0 0 0 0 0 0 0 0 0 0 0 0 0 0 
12 2 0 2 0 1 2 2 2 2 1 2 5 0 1 4 1 0 0 1 0 0 1 1 0 0 0 0 0 1 0 0 
20 7 6 5 3 2 4 4 4 1 1 1 2 4 1 1 1 1 2 4 2 3 1 3 2 5 1 2 1 3 2 0 
46 7 3 12 8 6 5 4 6 1 2 6 4 3 3 2 4 6 2 0 8 2 4 3 2 6 4 6 3 6 2 0 
21 1 1 2 2 1 0 2 1 2 0 2 0 2 2 3 1 3 4 1 1 1 4 0 2 2 5 2 1 5 0 0 
13 3 10 3 5 6 8 1 2 2 2 3 4 6 0 2 3 1 2 0 2 3 1 3 0 4 3 5 5 2 0 0 
52 26 17 9 9 17 12 15 16 11 7 10 7 9 16 8 8 7 3 7 2 6 7 2 2 6 5 11 13 11 4 0 
45 10 12 18 14 2 6 8 4 7 5 9 6 3 1 1 3 4 3 0 6 3 1 6 1 1 4 3 2 7 1 0 
0 1 2 0 1 0 1 1 0 2 0 0 0 1 1 0 1 2 0 1 0 0 0 1 0 0 0 0 0 0 0 0 
31 1 0 2 3 2 2 4 3 2 5 3 9 2 3 3 3 1 1 1 1 2 6 2 1 3 2 2 2 3 3 0 
20 9 4 2 5 0 2 5 1 1 1 1 4 2 4 3 3 2 2 3 8 2 1 2 3 5 4 0 2 0 1 0 
11 12 2 3 3 3 1 4 1 3 3 5 3 3 3 5 2 3 3 1 1 1 1 7 1 2 1 0 2 1 0 0 
9 6 3 4 3 2 1 2 2 2 5 1 3 3 1 3 1 2 0 2 2 2 1 1 4 1 0 1 3 1 0 0 
19 6 1 6 8 4 4 4 1 2 2 2 5 3 2 0 1 0 2 1 0 2 1 0 1 1 2 0 2 1 1 0 
25 6 7 1 1 6 2 4 6 2 3 4 4 1 0 2 3 3 4 3 3 2 0 6 2 1 2 1 0 2 0 0 
13 2 4 1 0 1 2 1 3 3 1 2 2 0 0 1 1 1 1 0 1 1 0 1 1 0 1 2 0 2 0 0 
13 8 8 6 7 3 3 10 9 8 10 7 5 4 4 1 4 1 3 2 2 0 0 3 1 2 5 1 2 1 0 0 
51 9 14 7 6 9 2 4 9 6 5 12 9 5 3 7 8 7 7 1 5 4 2 5 5 5 2 2 3 5 0 0 
0 0 0 0 0 0 0 0 0 0 0 0 0 0 0 0 0 0 0 0 0 0 0 0 0 0 0 0 0 0 0 0 
9 5 1 5 5 5 2 2 2 3 5 6 1 2 1 3 1 1 0 0 1 0 3 1 2 1 2 2 1 1 0 0 
27 3 7 7 4 3 9 5 3 4 6 2 8 3 3 1 4 3 3 1 1 0 3 1 2 2 6 4 1 3 5 0 
11 0 2 2 2 0 0 1 0 2 0 2 1 1 1 0 1 3 2 0 2 2 0 1 1 2 2 1 0 4 0 0 
0 0 0 0 0 0 0 0 0 0 0 0 0 0 0 0 0 0 0 0 0 0 0 0 0 0 0 0 0 0 0 0 
19 22 5 3 2 7 5 3 8 6 4 3 8 6 2 3 6 4 3 4 1 2 4 2 6 2 4 3 2 4 1 0 
13 13 8 4 4 8 5 5 3 3 0 3 2 8 2 2 5 3 1 2 4 0 2 1 2 1 1 2 2 0 0 0 
3 4 3 1 1 0 1 2 1 0 1 1 0 0 2 2 2 1 0 0 1 0 1 0 0 0 1 0 0 0 1 0 
24 6 5 13 7 8 1 9 6 6 5 7 6 2 9 3 7 4 0 2 2 3 6 3 1 4 5 6 6 1 4 0 
30 10 6 6 5 9 1 6 9 7 5 5 3 2 5 1 0 4 1 1 2 5 2 1 0 2 1 1 0 2 1 0 
0 6 4 1 0 0 0 2 0 1 1 1 0 0 0 0 1 0 0 0 0 1 0 0 0 0 0 0 0 1 0 0 
0 1 0 0 0 0 0 0 0 0 0 1 0 0 0 0 2 1 1 1 1 0 0 1 1 0 0 0 0 0 2 0 
8 6 4 1 1 2 1 2 1 2 2 2 1 2 2 1 1 0 1 0 1 1 1 0 2 1 0 0 0 0 0 0 
8 3 1 2 3 5 2 1 3 4 3 2 2 4 2 1 0 3 0 1 2 0 2 3 1 1 1 5 2 2 0 0 
11 0 0 0 1 1 0 0 2 0 1 0 0 0 0 0 1 2 1 0 0 0 0 0 0 0 1 1 0 0 1 0 
0 4 0 1 0 0 0 0 2 1 0 1 0 0 0 0 0 0 1 0 1 0 0 0 1 1 1 0 0 0 0 0 
10 4 3 3 3 4 2 0 0 2 2 0 1 1 2 0 4 1 1 0 3 0 1 0 1 2 0 2 2 1 0 0 
13 3 0 6 3 2 1 1 2 0 1 0 0 0 1 0 1 0 0 0 1 0 3 0 0 0 0 0 0 0 0 0 
50 9 22 21 9 12 10 3 7 7 7 7 8 5 12 5 4 4 5 3 5 6 1 5 2 4 1 6 2 7 0 0 
19 4 2 3 2 0 2 2 3 1 1 1 1 2 2 0 1 1 2 5 0 0 1 4 2 4 2 0 0 4 2 0 
0 0 1 0 0 0 1 0 0 0 1 0 0 1 0 0 0 1 0 0 1 0 0 1 0 1 1 0 0 0 1 0 
21 7 5 8 2 3 2 1 5 3 3 1 3 1 6 0 2 3 2 2 0 0 4 1 3 0 1 1 1 4 0 0 
22 0 1 1 2 1 1 1 0 4 0 1 2 0 3 4 2 6 1 1 3 2 4 0 2 1 1 1 0 1 1 0 
0 4 2 1 1 0 0 2 1 3 0 1 1 0 2 0 3 0 0 0 1 0 2 0 0 0 0 0 0 2 1 0 
21 9 3 7 8 11 3 5 3 9 5 1 1 3 2 2 3 2 5 0 7 5 1 1 3 2 1 5 2 5 2 0 
4 4 5 1 3 1 0 0 2 0 2 1 1 0 0 1 2 1 1 2 0 1 0 1 1 1 0 2 1 3 0 0 
10 8 4 1 5 1 5 2 3 4 3 2 2 0 2 2 6 1 2 3 2 4 2 2 4 4 1 4 3 1 1 0 
1 1 1 0 0 0 0 0 1 0 0 0 1 0 0 1 0 1 0 0 1 1 0 1 1 0 0 1 0 0 0 0 
0 1 1 2 0 0 0 2 0 0 2 1 0 1 3 0 0 0 1 0 2 0 1 2 1 2 0 0 1 0 0 0 
33 4 5 6 2 4 7 3 4 4 1 1 3 2 0 1 6 2 1 3 3 1 2 3 4 2 2 0 1 1 0 0 
20 18 10 4 10 5 8 8 7 8 5 13 22 6 11 5 2 7 3 7 6 5 4 4 6 8 6 2 8 5 1 0 
22 8 0 6 8 11 1 0 7 3 1 3 2 8 3 6 1 2 0 8 3 1 5 4 2 1 4 0 7 4 1 0 
13 14 9 8 6 13 3 8 3 9 3 6 4 3 1 3 1 6 2 2 3 0 5 7 1 4 4 9 2 4 1 0 
0 7 5 3 8 2 4 2 0 4 1 1 3 0 2 5 0 0 2 2 2 4 4 2 3 3 2 2 3 0 0 0 
10 20 7 4 9 2 1 3 1 5 2 3 3 3 3 0 3 8 1 3 2 1 1 2 3 2 0 1 2 1 0 0 
50 5 6 1 4 4 3 4 3 4 10 5 7 6 6 7 2 6 4 3 5 7 1 6 4 7 7 6 3 2 1 0 
7 3 2 7 1 10 1 2 4 2 2 3 0 4 1 2 0 5 0 1 1 0 0 0 2 1 2 0 1 4 0 0 
2 4 1 2 0 2 1 0 0 0 0 0 1 1 1 2 4 0 1 0 1 1 0 1 2 0 2 0 0 1 1 0 
19 1 3 0 0 0 0 1 1 1 3 5 1 0 0 1 0 1 1 1 1 0 1 2 1 1 0 1 0 0 0 0 
0 1 0 0 0 0 1 0 0 0 0 1 0 1 0 0 0 0 1 0 0 0 0 0 0 1 0 0 0 0 0 0 
0 9 4 0 6 7 0 3 0 2 0 1 4 1 0 1 1 3 1 2 2 0 3 1 1 0 1 2 1 1 0 0 
31 7 13 9 11 6 2 6 8 1 4 4 3 3 3 1 3 5 1 1 1 3 6 2 2 4 6 5 5 7 4 0 
17 7 3 4 3 4 7 2 1 11 4 0 4 2 7 1 0 1 3 2 8 0 0 1 1 1 2 0 0 0 0 0 
12 6 6 5 6 3 2 2 13 1 2 3 1 4 4 3 6 1 2 2 3 5 2 4 7 2 7 1 4 4 2 0 
40 5 1 3 2 3 2 4 12 4 3 4 5 0 3 2 3 3 1 2 2 7 3 5 3 4 5 5 3 4 4 0 
34 9 14 6 9 14 4 3 15 7 7 1 11 4 9 11 5 10 7 13 4 8 9 6 8 3 9 6 10 6 2 0 
20 5 1 2 4 2 2 5 2 4 2 4 4 2 4 2 4 1 1 0 1 1 0 2 0 2 0 1 2 2 2 0 
0 0 0 0 0 0 0 0 0 0 0 0 0 0 0 0 0 0 0 0 0 0 0 0 0 0 0 0 0 0 0 0 
30 10 7 16 12 4 1 7 7 4 6 11 3 3 7 1 4 3 2 1 4 4 2 2 0 6 5 3 1 2 1 0 
13 2 1 2 2 4 1 3 0 0 2 0 3 2 1 2 1 0 1 1 0 1 0 2 3 1 0 2 3 1 1 0 
10 3 1 1 3 3 2 2 3 4 3 2 4 3 0 3 3 0 2 2 3 3 2 1 3 2 0 2 1 1 4 0 
0 0 0 0 0 0 0 0 0 0 0 0 0 0 0 0 0 0 0 0 0 0 0 0 0 0 0 0 0 0 0 0 
15 2 0 0 0 3 1 3 2 0 0 1 2 0 2 3 1 1 3 2 0 1 0 1 1 4 2 2 1 1 1 0 
0 4 7 1 3 2 0 2 0 1 1 2 0 0 0 0 0 1 0 0 0 3 1 1 1 0 0 0 0 0 0 0 
5 4 7 4 5 3 3 4 1 3 2 0 2 1 0 0 1 3 0 0 2 2 1 0 0 0 1 1 0 0 0 0 
13 13 6 4 5 8 8 4 6 7 4 5 2 7 2 3 1 7 1 3 4 5 2 2 3 4 3 6 7 2 2 0 
0 0 0 0 0 0 0 0 0 0 0 0 0 0 0 0 0 0 0 0 0 0 0 0 0 0 0 0 0 0 0 0 
30 2 9 5 9 7 1 21 6 2 3 3 4 2 2 8 3 5 3 7 6 4 4 5 7 3 3 9 3 4 2 0 
2 4 1 3 0 2 1 1 2 2 2 2 0 0 2 0 1 0 2 2 2 0 0 0 1 0 0 0 1 2 4 0 
12 11 16 2 10 7 2 6 7 8 5 4 4 2 5 3 3 2 1 1 4 3 2 2 3 1 3 4 2 4 0 0 
48 21 12 10 16 22 17 12 5 8 11 7 12 9 7 16 4 6 6 6 7 7 9 5 10 4 7 8 8 15 5 0 
16 7 9 3 3 7 4 6 9 5 1 1 4 4 1 4 3 3 1 1 2 2 2 0 0 1 2 0 1 1 2 0 
29 6 6 5 3 6 5 3 4 3 3 2 3 5 3 1 2 2 4 3 4 3 1 1 4 1 4 7 5 7 2 0 
62 15 9 15 3 10 10 5 6 12 9 11 10 4 6 4 7 7 6 8 3 8 6 14 4 7 10 10 9 11 4 0 
32 13 6 9 14 12 11 5 8 18 10 4 5 4 12 5 6 7 2 4 10 4 2 1 11 4 6 7 8 6 5 0 
10 2 2 1 2 0 4 0 1 1 0 4 2 2 2 4 0 1 0 0 3 1 1 4 1 0 1 1 3 1 0 0 
14 7 11 4 9 3 4 25 6 4 7 5 5 9 4 1 4 1 7 7 1 2 0 8 7 4 1 5 12 2 2 0 
11 4 5 8 7 8 1 2 10 2 3 3 1 5 2 4 2 2 3 3 2 4 1 3 2 2 1 2 1 1 1 0 
1 4 0 4 3 2 4 1 1 0 2 1 0 1 0 3 0 3 1 1 0 3 4 1 0 0 1 3 2 1 1 0 
28 3 1 0 2 1 3 6 5 1 3 10 1 2 8 1 3 4 3 5 4 2 2 3 4 2 2 2 2 4 5 0 
64 13 3 13 13 8 8 14 6 8 3 6 7 6 5 8 2 4 5 3 3 4 2 1 1 3 4 4 7 2 3 0 
10 4 3 2 2 2 3 2 1 4 2 4 1 4 2 2 0 3 1 3 3 4 1 2 1 1 4 2 4 4 2 0 
18 3 3 6 2 2 2 2 2 1 1 5 2 3 3 1 2 3 2 7 3 2 1 3 0 2 1 1 2 2 0 0 
9 2 1 3 2 4 0 1 2 3 4 5 3 1 0 1 4 1 3 1 2 2 2 2 1 1 1 3 4 3 2 0 
9 0 0 1 3 0 2 1 0 2 2 1 2 1 0 1 0 2 0 0 1 0 0 1 0 1 0 1 0 0 1 0 
10 4 2 2 1 1 3 2 5 6 4 5 3 3 2 4 6 3 5 7 3 1 4 3 4 2 2 4 2 3 0 0 
11 1 0 1 0 2 0 5 4 3 1 3 3 0 2 2 2 2 3 1 4 2 1 3 1 2 2 0 2 5 0 0 
10 10 5 5 7 6 4 2 2 7 3 3 2 0 3 3 1 4 2 2 0 1 0 1 1 2 1 3 0 2 0 0 
34 12 7 5 11 5 5 9 7 5 6 5 9 9 11 10 4 5 6 4 9 4 9 5 12 6 10 2 9 5 4 0 
26 19 15 14 6 15 5 11 4 9 9 13 3 1 4 10 6 12 3 5 5 3 8 1 3 4 5 11 3 5 4 0 
56 15 13 13 14 7 3 9 5 5 7 5 9 7 5 6 6 13 6 5 4 3 6 9 7 3 3 6 5 6 1 0 
42 0 6 10 9 4 4 3 13 11 5 4 2 2 1 5 3 2 4 9 2 7 4 9 4 5 2 7 1 4 6 0 
62 12 8 12 9 15 15 8 9 14 13 1 13 6 5 18 6 9 8 7 6 3 8 5 19 4 7 8 7 14 10 0 
10 2 1 4 0 1 0 0 2 2 1 1 2 1 5 0 0 0 1 1 2 1 1 0 1 1 4 2 2 1 1 0 
16 2 3 5 2 2 0 6 3 1 2 2 2 1 0 1 1 0 1 0 1 0 0 1 0 1 1 1 0 0 2 0 
