0 184 149 108 133 79 77 86 66 122 81 105 72 75 122 133 95 84 147 122 117 181 159 117 187 144 164 187 0 0 0 0 
0 140 148 116 162 95 77 95 91 125 109 116 81 106 119 158 101 113 151 141 144 179 179 140 193 187 178 195 0 0 0 0 
0 157 178 157 192 132 104 123 134 177 159 130 118 131 157 188 140 126 173 163 186 233 229 177 279 244 239 246 0 0 0 0 
0 196 195 175 174 123 136 140 144 139 152 174 107 137 158 184 123 167 187 179 187 283 219 187 253 225 238 252 0 0 0 0 
0 196 202 177 208 176 186 172 158 170 175 165 127 154 151 165 227 177 163 188 203 219 208 186 220 224 189 190 0 0 0 0 
0 155 180 164 146 133 148 143 143 120 146 109 68 110 126 98 156 125 92 129 159 116 136 84 150 196 123 108 0 0 0 0 
0 129 197 175 151 153 159 163 127 162 179 123 119 106 125 150 188 146 149 125 159 175 198 196 241 229 191 167 0 0 0 0 
0 185 244 186 164 145 171 160 133 148 132 133 126 136 162 129 192 103 110 119 165 154 125 128 200 210 195 93 0 0 0 0 
0 175 279 232 176 171 137 126 157 196 173 117 144 150 153 194 185 117 171 177 175 190 233 263 277 320 268 211 0 0 0 0 
0 129 154 79 89 67 66 54 77 76 63 43 51 71 71 78 85 64 60 55 106 92 92 86 86 113 80 89 0 0 0 0 
0 63 25 30 23 18 12 22 9 24 14 30 21 24 36 13 17 8 31 16 7 37 43 10 34 12 22 145 0 0 0 0 
0 89 82 73 72 51 65 48 70 50 75 68 37 39 71 88 44 73 55 75 71 104 73 87 62 96 62 66 0 0 0 0 
0 165 123 100 122 109 133 79 108 114 95 185 134 138 142 134 222 129 155 172 182 227 178 215 234 243 179 205 0 0 0 0 
0 147 172 113 113 78 70 76 103 108 89 56 79 87 79 89 104 56 105 111 124 106 135 129 155 183 169 102 0 0 0 0 
0 175 141 71 60 78 71 74 38 89 64 64 43 80 55 51 59 35 42 61 46 50 68 19 53 37 39 67 0 0 0 0 
0 53 61 61 44 43 30 37 40 62 36 51 45 42 46 56 49 27 47 47 35 61 107 78 93 102 77 148 0 0 0 0 
0 180 148 105 119 93 84 83 102 131 103 73 74 107 104 97 122 85 123 115 157 162 145 154 140 202 154 132 0 0 0 0 
0 208 218 114 92 108 89 111 87 129 101 101 72 109 83 80 86 70 87 101 124 112 127 60 102 94 95 80 0 0 0 0 
0 100 95 50 52 47 43 53 35 57 46 50 36 54 44 38 48 29 42 40 48 52 55 24 43 41 29 89 0 0 0 0 
0 152 135 98 102 84 65 48 70 78 49 73 58 59 82 48 46 59 73 62 56 73 74 69 55 67 50 54 0 0 0 0 
0 91 138 94 88 63 78 87 67 112 84 103 59 107 92 93 90 63 78 85 97 113 121 87 98 140 126 119 0 0 0 0 
0 211 200 157 199 146 147 150 149 169 136 117 97 124 130 144 156 134 141 142 160 179 178 121 190 198 168 151 0 0 0 0 
0 161 212 200 150 129 174 164 151 157 152 149 94 166 178 112 205 148 132 150 204 191 168 117 217 204 174 153 0 0 0 0 
0 80 93 83 61 81 62 50 55 76 61 41 49 45 44 63 70 33 56 49 63 62 62 85 101 123 98 53 0 0 0 0 
0 61 73 70 39 34 39 27 30 20 14 43 16 49 45 26 18 34 27 27 30 45 35 22 24 36 47 47 0 0 0 0 
0 98 60 64 57 61 57 57 46 62 46 80 52 61 64 64 85 67 60 100 66 113 76 123 91 101 94 77 0 0 0 0 
0 78 91 89 66 58 51 63 88 101 64 84 63 69 77 102 69 58 89 96 74 108 145 129 123 154 162 176 0 0 0 0 
0 164 142 43 66 49 56 60 80 60 78 47 62 64 64 73 88 48 60 71 121 78 94 54 99 90 96 96 0 0 0 0 
0 267 210 123 143 111 86 95 80 110 78 89 46 73 63 52 59 50 50 78 62 87 79 46 59 48 58 46 0 0 0 0 
0 197 251 188 148 158 126 125 145 162 104 75 130 117 113 128 123 97 111 110 128 142 142 153 167 211 149 95 0 0 0 0 
0 66 93 83 62 54 47 53 51 59 56 63 54 86 66 78 71 49 66 63 58 81 90 109 110 138 124 85 0 0 0 0 
0 72 59 71 49 54 34 46 31 50 45 37 31 56 39 28 51 50 29 47 40 47 37 48 49 63 65 28 0 0 0 0 
0 132 112 69 80 50 62 64 64 78 98 78 94 69 70 66 63 72 70 81 74 119 61 74 92 79 62 64 0 0 0 0 
0 70 85 62 56 43 34 42 64 63 59 37 59 56 65 69 77 55 102 73 96 66 67 110 93 138 116 150 0 0 0 0 
0 150 121 125 116 66 97 82 87 86 131 124 144 92 113 122 76 116 92 81 102 222 99 103 124 107 96 86 0 0 0 0 
0 114 156 137 119 95 89 70 100 111 123 103 129 113 118 118 92 103 145 110 108 144 128 133 132 170 144 163 0 0 0 0 
0 268 226 226 206 128 181 116 146 181 264 241 313 126 181 231 90 197 185 122 188 384 166 193 164 185 148 119 0 0 0 0 
0 51 59 44 45 42 41 27 46 44 45 43 50 61 41 51 48 50 77 56 65 56 89 79 85 113 87 89 0 0 0 0 
0 122 108 113 131 79 93 67 107 82 113 104 70 105 118 118 95 123 139 100 143 168 141 113 145 137 130 159 0 0 0 0 
0 234 133 279 191 198 154 164 123 167 147 139 114 107 166 105 163 152 133 132 143 143 171 83 179 225 179 112 0 0 0 0 
0 268 347 233 224 187 180 163 121 187 167 141 125 136 206 130 178 116 126 122 151 176 157 109 138 161 179 121 0 0 0 0 
0 101 90 67 72 50 66 64 64 70 54 85 42 77 89 56 72 54 77 72 83 119 69 94 103 98 83 93 0 0 0 0 
0 139 124 119 80 57 81 57 50 72 60 62 47 99 61 50 63 50 90 71 99 106 120 107 116 133 102 147 0 0 0 0 
0 75 59 43 50 31 48 32 45 36 51 32 35 40 46 24 46 40 46 29 53 68 48 35 50 53 53 47 0 0 0 0 
0 101 115 168 157 83 124 91 95 111 113 128 74 158 119 121 137 124 198 103 155 191 143 188 185 165 187 156 0 0 0 0 
0 103 137 89 82 65 61 59 65 102 52 55 73 68 46 66 62 39 53 76 61 69 88 93 116 137 108 73 0 0 0 0 
0 87 89 55 66 48 45 47 49 62 48 68 38 76 46 61 80 51 68 90 103 96 104 78 101 88 95 96 0 0 0 0 
0 81 65 45 84 62 42 42 60 51 55 65 61 56 58 71 84 58 59 90 69 82 71 112 87 105 109 72 0 0 0 0 
0 70 71 52 54 43 33 21 48 42 41 26 42 49 45 48 50 36 68 51 63 50 60 76 57 92 62 80 0 0 0 0 
0 126 80 121 88 70 75 65 73 71 100 94 98 56 77 98 48 85 69 61 80 135 73 65 71 89 60 60 0 0 0 0 
0 53 34 14 32 23 29 27 15 30 16 35 27 35 30 22 40 26 35 31 40 40 38 37 53 61 35 42 0 0 0 0 
0 47 54 79 66 35 59 74 13 32 8 24 33 40 29 39 65 18 65 11 21 37 28 71 28 31 45 27 0 0 0 0 
0 51 63 52 42 16 52 36 34 30 20 58 33 46 26 27 38 33 43 35 46 39 36 34 42 50 30 49 0 0 0 0 
0 58 86 50 69 36 43 48 39 81 40 36 30 49 27 37 72 43 41 76 63 88 86 71 54 70 63 82 0 0 0 0 
0 71 47 39 51 40 36 25 33 45 54 59 33 41 40 44 62 45 66 67 44 61 58 66 82 86 70 73 0 0 0 0 
0 39 23 25 64 12 23 77 44 19 17 22 21 42 32 17 39 22 38 9 7 43 34 42 9 37 30 16 0 0 0 0 
0 51 72 48 56 19 52 47 26 24 12 92 23 52 19 45 41 30 54 25 30 40 39 52 25 31 39 39 0 0 0 0 
0 61 57 38 46 45 34 18 27 24 26 32 24 31 24 36 36 37 28 34 46 75 52 63 49 70 45 38 0 0 0 0 
0 48 22 24 34 4 19 50 35 12 14 29 13 31 17 30 22 12 17 7 9 28 31 12 5 23 14 7 0 0 0 0 
0 77 69 63 71 60 68 63 49 44 25 71 48 61 53 68 65 47 41 49 80 72 80 60 71 93 75 79 0 0 0 0 
0 139 128 92 109 80 77 63 76 106 69 123 93 116 110 94 135 91 123 138 130 153 147 162 166 195 148 148 0 0 0 0 
0 68 27 37 81 52 46 75 38 48 34 37 34 52 55 44 76 71 52 34 60 51 37 32 74 37 31 72 0 0 0 0 
0 67 64 48 57 30 26 20 24 16 21 36 10 13 30 17 15 20 21 29 30 36 15 8 10 17 29 19 0 0 0 0 
0 147 112 65 87 53 45 46 46 47 39 43 26 28 46 26 35 19 29 37 49 38 49 14 43 29 41 47 0 0 0 0 
0 91 87 52 76 40 24 48 58 33 39 41 26 45 36 48 26 19 44 29 33 61 51 36 43 41 39 62 0 0 0 0 
0 129 120 123 101 100 95 88 116 132 98 170 107 112 144 162 179 133 190 182 177 169 160 232 210 216 238 269 0 0 0 0 
0 256 274 190 181 134 137 126 134 182 232 199 238 145 177 225 92 201 167 149 190 319 156 198 230 190 192 139 0 0 0 0 
0 88 101 70 73 71 76 29 80 71 115 46 110 100 77 70 90 61 107 106 84 64 118 112 86 117 85 87 0 0 0 0 
0 57 53 33 40 28 26 24 32 24 29 34 32 17 45 25 16 26 28 29 42 38 41 32 54 42 50 45 0 0 0 0 
0 182 139 109 222 156 124 152 113 136 147 142 131 94 171 120 207 139 134 91 161 157 136 78 139 141 182 145 0 0 0 0 
0 147 123 118 107 68 136 84 71 75 86 100 68 106 114 79 104 83 109 90 119 158 129 103 133 144 137 151 0 0 0 0 
0 82 38 28 70 22 42 50 33 36 38 52 55 65 78 43 59 47 65 41 63 90 81 55 96 76 73 66 0 0 0 0 
0 77 47 23 49 28 26 28 42 46 38 42 29 56 20 34 47 32 62 40 53 36 64 70 60 81 77 52 0 0 0 0 
0 53 33 38 52 20 39 34 23 41 16 44 35 58 33 21 33 13 17 27 26 32 40 28 21 38 27 22 0 0 0 0 
0 18 12 2 4 5 8 2 3 15 1 7 4 11 5 4 8 12 2 7 2 12 10 7 5 9 6 10 0 0 0 0 
0 80 60 57 65 58 68 51 42 54 56 53 73 68 74 46 81 45 46 52 64 84 56 45 84 86 84 69 0 0 0 0 
0 79 61 24 59 21 20 24 31 49 47 22 20 20 19 28 57 25 55 54 62 55 41 24 63 50 61 45 0 0 0 0 
0 65 27 26 36 12 14 22 15 21 35 29 23 32 30 18 36 28 31 28 28 39 32 26 33 53 32 30 0 0 0 0 
0 35 21 33 64 24 36 54 12 35 6 31 25 35 31 32 44 13 37 16 13 54 52 77 30 56 52 32 0 0 0 0 
0 61 51 48 60 43 48 67 43 52 38 78 52 52 50 57 93 83 71 57 80 90 91 82 92 102 66 94 0 0 0 0 
0 95 59 57 39 37 37 40 24 29 32 34 19 32 45 20 33 28 25 13 64 40 29 15 48 35 34 34 0 0 0 0 
0 73 86 59 72 37 35 52 54 51 34 53 40 61 52 61 51 43 55 52 57 69 75 66 72 69 56 85 0 0 0 0 
0 148 178 114 94 81 69 72 73 115 124 109 109 92 92 117 72 104 84 100 107 150 92 106 135 114 120 91 0 0 0 0 
0 14 12 7 6 8 10 2 15 8 11 8 12 14 6 15 14 9 26 12 13 12 16 13 12 13 6 10 0 0 0 0 
0 113 94 75 90 76 89 63 35 61 63 50 70 51 101 61 81 52 72 61 73 78 68 84 70 90 137 70 0 0 0 0 
0 23 26 13 22 12 17 16 7 16 9 25 20 29 17 20 25 18 19 16 25 23 46 22 32 28 22 28 0 0 0 0 
0 14 23 27 12 6 16 25 14 17 17 12 17 18 12 10 17 10 31 9 23 19 9 25 17 21 12 19 0 0 0 0 
0 105 73 43 66 48 49 46 38 56 43 29 25 32 43 31 44 29 36 31 19 40 41 32 30 45 47 21 0 0 0 0 
0 76 84 81 108 71 61 118 93 69 71 75 42 93 62 74 91 69 84 62 70 125 90 68 93 62 85 89 0 0 0 0 
0 24 9 4 7 11 9 4 5 5 2 4 3 1 6 3 6 4 5 6 5 8 4 2 6 6 1 3 0 0 0 0 
0 16 24 25 19 10 15 15 7 28 9 6 4 17 6 9 9 7 23 11 8 22 9 18 16 22 12 11 0 0 0 0 
0 55 32 32 22 29 19 24 38 31 42 29 15 26 39 33 33 38 35 16 23 40 54 29 50 68 76 54 0 0 0 0 
0 40 76 50 31 16 36 53 49 33 18 16 17 27 32 20 33 22 22 24 36 24 16 13 31 26 18 4 0 0 0 0 
0 58 66 68 29 50 34 37 62 52 31 61 33 47 68 66 38 52 54 56 51 82 104 71 69 107 88 164 0 0 0 0 
0 253 211 142 140 109 80 64 79 105 57 75 47 70 64 58 58 27 57 66 76 70 83 57 64 75 70 56 0 0 0 0 
0 14 12 11 7 5 2 0 2 12 4 10 0 6 9 6 15 9 7 10 5 8 3 0 3 5 7 2 0 0 0 0 
0 33 24 20 20 13 15 16 23 20 17 20 17 20 29 31 30 23 43 25 29 22 37 29 35 44 49 61 0 0 0 0 
0 101 144 96 73 66 61 75 66 90 115 100 96 98 78 118 54 101 78 87 102 154 109 104 122 104 109 80 0 0 0 0 
3 155 163 173 145 142 94 119 94 145 104 93 80 96 110 123 114 118 122 118 126 149 136 115 150 184 167 151 0 0 0 0 
0 59 89 51 37 45 42 34 32 43 30 28 35 53 73 22 41 28 22 12 17 41 19 27 17 18 11 10 0 0 0 0 
0 59 38 21 32 19 14 9 20 40 13 12 21 35 14 10 29 18 19 17 34 20 28 32 45 106 55 17 0 0 0 0 
0 121 79 63 87 74 68 57 79 61 74 68 41 80 68 50 82 67 77 63 79 107 71 81 97 76 87 102 0 0 0 0 
0 140 127 48 116 82 81 68 110 95 95 125 49 225 90 78 150 179 223 73 136 153 119 197 173 109 193 162 0 0 0 0 
0 71 82 35 53 53 38 31 23 42 30 27 29 30 49 47 39 28 51 44 47 40 48 35 56 55 56 48 0 0 0 0 
0 59 38 25 61 46 16 37 30 21 25 11 21 4 16 33 24 17 9 34 13 8 25 38 19 31 67 19 0 0 0 0 
0 12 26 10 26 27 22 11 72 10 34 11 20 24 32 41 25 13 38 25 34 16 53 46 33 39 44 43 0 0 0 0 
0 22 26 12 43 23 29 39 41 12 23 43 20 30 25 24 35 14 18 12 23 25 21 36 20 25 19 19 0 0 0 0 
0 21 22 11 40 10 15 8 9 9 22 28 5 23 10 3 15 15 50 12 12 13 12 22 35 15 29 32 0 0 0 0 
0 9 19 11 61 27 49 79 4 18 3 39 32 41 18 34 70 12 45 4 7 51 37 87 24 41 50 40 0 0 0 0 
0 51 44 31 56 38 38 12 26 21 23 26 11 19 29 43 14 27 28 30 20 39 26 35 33 35 34 37 0 0 0 0 
0 72 59 30 47 17 16 24 19 14 18 29 9 23 32 18 11 16 13 26 33 27 7 7 9 11 22 15 0 0 0 0 
0 141 89 71 118 66 31 28 33 40 25 30 21 45 30 25 14 21 31 43 35 33 46 18 49 46 26 42 0 0 0 0 
0 86 71 74 62 65 45 41 48 60 71 51 74 31 60 56 58 65 40 55 54 93 52 93 78 74 83 59 0 0 0 0 
0 85 69 39 58 23 33 31 48 40 41 38 31 49 60 28 55 33 38 46 68 67 51 42 84 83 64 55 0 0 0 0 
0 114 83 43 68 38 42 57 63 73 35 44 34 78 41 38 54 62 75 58 98 65 85 89 98 92 98 80 0 0 0 0 
0 80 58 58 103 52 71 72 51 56 35 46 69 58 59 37 88 28 40 42 52 57 61 31 48 68 84 40 0 0 0 0 
0 106 42 41 33 10 29 26 14 15 23 18 32 30 11 22 29 22 9 34 10 47 21 12 22 31 24 31 0 0 0 0 
0 102 88 82 55 43 60 81 52 52 57 67 50 67 56 41 78 64 62 69 122 105 83 81 97 109 71 85 0 0 0 0 
0 42 48 53 18 33 18 11 35 28 18 10 11 43 15 39 3 29 24 39 10 13 48 27 11 46 8 36 0 0 0 0 
0 132 168 78 83 77 73 63 81 112 81 106 82 118 72 120 99 86 85 99 107 107 125 122 134 121 127 131 0 0 0 0 
0 45 32 32 25 29 5 8 21 19 22 8 30 11 18 25 22 16 39 35 25 21 49 41 17 14 27 12 0 0 0 0 
0 81 75 40 42 26 53 59 45 39 42 34 45 54 42 34 51 30 19 25 49 30 33 21 40 49 29 37 0 0 0 0 
0 43 78 82 71 58 55 87 106 92 71 101 84 75 80 121 72 88 124 88 91 89 112 143 105 151 125 228 0 0 0 0 
0 19 30 19 23 8 19 21 36 24 5 5 8 16 13 7 9 10 9 9 6 17 9 8 13 30 44 40 0 0 0 0 
0 99 79 73 85 47 33 42 37 37 17 18 29 28 20 22 24 13 15 14 21 20 31 12 21 21 17 9 0 0 0 0 
