85 106 120 110 90 104 127 26 123 103 117 100 103 103 133 116 115 134 118 131 111 87 104 125 110 94 111 139 99 121 89 84 
30 10 0 0 10 0 10 10 0 0 0 10 9 30 9 18 32 31 30 18 9 10 18 0 0 20 20 10 20 9 20 41 
120 144 163 134 139 133 3 132 139 133 113 137 121 127 136 135 127 127 136 114 153 130 150 128 135 123 142 133 143 140 129 129 
160 123 131 112 107 105 120 6 128 109 100 123 110 114 113 110 125 107 119 107 129 108 135 100 99 90 126 100 111 100 108 88 
10 2 0 3 1 0 4 4 0 3 1 1 5 1 5 0 0 0 0 0 0 1 0 0 2 0 0 0 1 1 0 0 
35 30 35 27 28 8 20 23 2 27 17 7 10 30 25 11 4 18 12 4 22 36 6 4 28 19 34 5 33 18 30 10 
163 128 151 144 140 156 169 98 155 128 133 135 118 160 121 154 126 171 100 128 133 123 159 131 112 130 147 130 156 168 163 26 
19 0 0 0 0 0 0 1 0 0 0 0 0 0 0 1 0 0 0 0 0 0 0 0 0 0 0 0 0 0 0 0 
180 228 151 185 161 166 200 233 169 262 209 207 164 192 166 174 282 196 252 81 174 146 190 173 148 193 138 183 147 163 174 202 
216 234 259 256 232 223 114 235 240 246 208 268 232 240 219 222 241 222 244 231 235 231 243 243 222 231 252 223 178 247 256 223 
244 257 260 230 248 244 170 187 261 241 233 220 228 258 227 237 205 242 245 232 260 238 248 219 251 270 226 232 258 255 246 108 
315 290 311 300 295 269 289 242 266 290 307 262 313 203 269 273 182 289 276 283 310 308 315 293 261 290 313 287 314 264 277 252 
79 35 41 31 64 29 45 34 27 61 65 22 34 24 77 53 52 52 52 41 78 68 66 19 33 17 51 58 24 46 35 50 
24 7 2 7 9 8 3 0 1 25 0 0 4 9 2 4 21 0 0 0 1 4 2 7 8 0 0 4 0 7 12 1 
247 215 239 193 228 203 236 221 208 205 192 215 239 207 195 206 223 227 204 212 210 144 195 223 217 205 219 214 195 98 178 185 
220 235 246 228 206 177 228 210 238 230 241 250 214 203 224 236 186 242 225 234 237 232 245 116 237 222 222 203 224 250 253 224 
109 88 104 93 107 91 100 100 104 110 118 114 120 124 106 103 101 124 112 102 113 111 108 116 92 0 105 80 109 134 119 113 
96 75 115 96 96 79 94 105 101 90 97 112 83 116 83 76 105 95 121 96 64 115 93 115 74 111 115 84 2 81 92 107 
147 140 153 133 135 155 163 152 156 171 146 148 132 147 136 137 132 160 136 10 149 155 173 132 143 146 136 126 112 148 114 139 
181 185 215 143 194 151 165 189 181 149 164 178 185 174 156 173 49 170 174 143 175 164 179 176 182 140 158 189 202 154 146 167 
216 216 222 241 213 206 174 182 244 209 225 266 206 195 69 217 239 226 275 232 238 220 231 192 206 233 211 213 229 249 190 195 
229 197 223 192 225 196 221 221 228 206 171 201 218 232 176 197 79 202 212 129 212 186 204 211 202 190 187 179 202 199 208 186 
7 1 0 0 2 5 4 0 4 2 2 3 2 5 0 3 0 0 0 0 0 0 0 0 1 1 2 1 0 0 0 0 
39 48 49 52 59 58 48 47 51 63 53 41 47 49 50 0 59 62 56 61 48 53 48 61 53 69 50 41 42 73 64 56 
123 85 99 93 112 98 100 91 112 110 116 113 120 118 116 112 89 122 111 102 129 116 115 110 104 4 100 79 115 124 119 114 
107 140 141 134 116 137 121 130 129 115 134 129 145 138 132 16 133 132 123 155 124 127 134 133 132 119 128 133 128 139 107 115 
5 2 0 3 2 0 2 5 2 1 2 1 0 3 0 0 2 3 2 1 2 3 2 2 3 2 2 3 0 1 5 1 
10 10 0 0 0 0 0 10 11 0 0 10 0 10 1 0 0 11 10 11 0 0 0 11 10 11 0 27 11 0 11 0 
4 2 0 0 1 0 1 1 0 1 0 1 2 1 1 0 2 2 0 0 0 1 1 0 0 0 2 1 1 0 0 1 
206 216 230 207 202 162 146 231 224 206 221 243 208 219 65 302 231 172 266 222 214 209 188 156 130 206 210 190 249 213 292 176 
3 0 1 3 3 0 0 0 0 0 1 0 2 0 2 0 3 3 0 0 0 0 0 0 0 1 0 0 0 5 0 0 
74 49 39 56 40 54 33 41 47 39 42 43 41 46 33 30 64 48 58 36 85 31 44 51 48 37 27 45 43 58 77 56 
14 78 94 84 87 84 75 82 81 86 116 90 89 82 89 91 75 88 81 85 91 74 63 99 90 82 77 71 72 79 69 80 
10 4 16 2 10 6 8 12 14 9 6 8 12 4 10 10 6 16 4 12 10 10 8 4 6 10 14 8 6 16 8 0 
214 207 134 168 213 151 181 209 304 190 206 159 174 189 211 191 133 193 220 229 194 206 169 181 140 224 156 195 299 184 192 145 
117 96 131 85 82 94 107 115 92 119 120 86 103 97 80 106 112 102 128 107 16 89 115 102 123 88 104 102 107 106 92 104 
18 0 0 0 1 0 1 0 8 16 0 0 0 0 0 0 2 0 0 18 7 8 0 0 11 7 0 9 0 1 1 0 
138 110 126 106 111 100 118 0 113 102 100 115 105 124 112 105 122 98 117 101 107 106 121 103 93 102 114 101 106 105 95 92 
132 110 128 92 77 95 95 114 106 110 132 91 111 97 99 76 113 97 94 88 13 91 103 99 124 95 108 109 91 124 79 111 
142 96 127 131 122 115 20 128 133 116 102 163 89 116 128 98 136 104 153 139 142 69 101 122 139 120 143 156 117 118 153 115 
2 1 1 0 1 0 0 0 0 2 1 1 2 0 1 1 0 1 2 0 1 2 1 0 0 2 0 1 0 4 2 1 
7 0 2 6 5 3 3 1 6 4 3 0 1 4 4 4 3 1 4 3 3 3 5 1 8 2 4 2 3 4 1 2 
116 92 85 112 80 96 84 89 54 103 99 91 88 99 65 121 71 103 96 83 114 96 67 87 80 80 21 89 90 78 92 120 
9 4 6 3 4 4 2 10 2 11 5 6 9 3 4 0 4 12 3 0 2 3 8 9 2 6 8 7 10 2 7 8 
114 67 72 83 58 44 56 58 70 92 77 55 70 67 74 70 49 76 47 58 66 72 80 58 69 88 71 57 15 111 68 69 
127 98 99 118 109 121 100 91 121 111 115 126 120 115 107 103 129 132 130 134 114 128 129 123 110 0 109 97 121 141 128 106 
8 5 9 6 0 3 6 10 6 8 6 4 3 7 2 9 8 7 2 6 12 9 6 2 5 8 8 2 5 4 9 4 
89 82 74 84 87 84 90 85 64 92 92 79 75 83 79 92 78 88 91 88 96 81 86 88 70 88 14 74 72 74 94 62 
35 5 7 0 5 12 10 17 11 0 7 2 11 11 7 21 14 17 1 4 2 0 5 6 5 19 0 8 5 7 5 4 
14 4 5 12 7 5 8 2 7 6 6 1 5 7 10 6 11 7 9 7 5 9 12 2 10 2 6 10 9 7 5 7 
14 12 0 3 16 10 13 3 11 4 18 11 12 1 3 2 11 11 1 3 2 26 0 8 21 22 1 0 3 2 11 10 
15 2 7 5 8 3 5 2 1 0 10 15 1 7 8 1 19 3 6 6 8 12 5 3 6 7 5 6 6 2 10 10 
107 113 105 112 98 136 102 113 104 136 120 136 103 88 88 112 148 87 100 117 111 123 111 106 12 110 111 105 96 104 114 95 
141 111 122 126 123 118 119 128 146 136 116 15 119 139 164 120 106 143 108 105 128 140 122 125 133 125 164 150 105 128 163 135 
61 43 48 64 43 35 45 41 56 48 61 49 45 42 36 35 31 49 41 33 52 44 42 35 46 38 42 33 0 43 44 39 
241 294 254 282 294 309 279 260 303 313 303 277 312 234 271 277 270 276 292 285 284 245 305 245 280 277 275 269 163 269 294 266 
26 2 14 16 15 15 12 5 17 16 21 14 25 23 22 14 18 7 17 7 17 8 13 22 24 9 12 17 6 18 19 22 
12 14 7 15 1 12 9 9 10 8 15 15 12 11 5 7 10 14 11 7 11 14 9 9 17 7 9 11 12 10 4 13 
219 206 206 189 222 222 248 214 192 147 214 190 184 237 219 188 167 210 162 210 168 194 216 171 186 197 233 210 269 242 204 81 
2 1 1 0 0 0 4 2 2 0 0 0 0 1 0 4 0 0 0 0 2 2 0 0 2 0 2 0 4 0 0 2 
83 5 72 84 75 59 71 71 74 72 80 99 89 86 82 82 72 77 77 67 71 82 92 83 80 79 89 76 73 78 86 76 
7 0 2 2 0 2 4 2 1 2 3 3 2 2 3 0 2 1 1 0 1 0 0 2 3 1 2 2 0 0 1 2 
197 32 188 149 184 147 167 190 152 185 159 188 165 189 210 141 161 139 154 160 184 143 191 161 167 222 159 194 163 158 187 184 
158 108 131 125 125 133 134 134 120 141 126 129 136 141 113 124 111 123 115 119 104 123 114 130 136 98 126 134 99 18 117 98 
21 5 17 5 9 5 10 2 6 16 4 4 8 4 2 4 20 4 6 2 2 28 0 14 10 25 13 2 10 17 22 17 
108 6 107 129 123 104 101 120 116 119 124 115 120 102 116 106 117 92 115 107 105 97 109 105 92 93 115 109 101 125 112 98 
218 247 178 227 208 152 287 120 145 139 212 145 157 241 166 151 163 225 249 190 176 202 140 126 229 171 209 154 92 168 181 189 
100 108 109 110 103 93 110 106 106 112 120 123 109 99 109 93 102 104 88 76 108 120 101 97 14 88 104 99 101 95 94 95 
163 185 182 160 183 148 174 168 153 186 164 193 159 166 128 177 187 183 146 217 208 68 128 154 193 185 164 181 142 127 183 157 
190 178 164 181 146 171 172 175 153 148 148 154 160 121 150 159 130 147 187 170 148 235 108 157 171 242 193 156 117 184 216 118 
127 97 129 117 97 96 133 109 102 144 102 110 100 102 92 123 113 109 107 87 102 100 90 85 103 98 113 116 104 111 0 97 
37 16 3 19 19 21 16 0 19 16 2 19 33 0 2 6 19 16 6 3 0 22 5 3 31 9 2 30 6 9 3 3 
24 1 2 1 10 1 0 1 2 4 0 0 10 0 12 4 1 2 0 1 2 11 11 2 2 0 2 0 11 1 10 3 
251 209 275 276 251 241 327 147 239 187 257 210 238 274 258 248 247 302 230 326 296 244 226 248 237 228 196 255 207 246 243 266 
17 1 0 0 0 0 0 5 1 7 6 1 0 12 1 0 0 6 1 1 0 7 0 6 1 0 1 0 0 1 0 6 
82 67 32 56 66 76 59 48 40 55 65 51 51 77 68 57 55 57 71 65 64 62 57 62 54 70 64 60 64 69 52 47 
26 37 29 12 28 16 16 13 20 12 5 23 19 19 16 19 12 34 2 22 29 20 12 35 22 13 5 13 13 12 16 6 
22 0 66 0 22 10 11 22 22 11 27 0 30 20 23 11 11 11 30 11 0 11 27 23 43 33 11 20 0 11 20 0 
73 26 12 13 13 51 34 0 0 12 31 15 0 24 31 13 31 0 1 26 30 27 0 2 16 24 12 12 24 13 15 24 
122 80 98 99 94 112 94 87 37 117 99 85 109 103 103 104 98 105 68 122 94 88 96 127 76 124 105 117 118 124 103 94 
25 14 30 20 19 18 16 5 18 8 21 13 17 20 20 16 20 14 12 9 17 38 20 18 9 12 22 11 8 13 28 26 
7 6 9 10 4 0 14 9 4 14 4 6 6 7 23 6 4 4 11 20 8 6 6 12 10 8 8 14 4 18 15 6 
12 0 0 0 0 0 0 3 0 0 0 0 0 0 6 3 0 3 0 0 0 0 0 0 0 0 0 0 0 0 0 0 
1 0 0 0 0 0 0 0 0 0 0 0 0 0 0 0 0 0 0 0 0 0 0 0 0 0 0 1 0 0 0 0 
357 378 383 348 302 290 321 323 385 357 367 339 379 221 316 376 326 376 329 361 352 380 367 217 351 310 349 331 362 334 395 308 
2 0 4 2 0 2 0 6 2 0 2 2 3 2 0 4 0 0 0 0 0 0 0 0 0 0 0 0 2 0 0 1 
17 4 16 3 10 6 8 12 14 9 7 8 12 4 10 10 6 16 4 12 10 10 8 4 6 10 14 8 6 16 8 0 
27 9 15 4 5 7 11 41 5 7 10 12 14 16 6 14 7 12 24 10 12 0 4 6 15 17 9 21 21 17 22 11 
10 10 0 0 0 0 9 0 0 0 0 0 0 9 9 0 0 0 0 0 0 0 9 9 0 0 16 0 9 0 9 9 
286 310 340 344 299 339 246 380 301 287 268 328 369 158 348 155 288 275 282 307 287 273 328 299 266 264 327 322 308 360 266 270 
26 0 4 0 0 4 5 3 0 6 0 11 15 4 4 0 0 10 9 8 0 0 7 0 24 0 0 0 10 12 8 0 
79 67 65 61 75 83 0 66 62 72 72 53 64 47 57 73 73 69 62 70 68 62 70 82 79 76 73 64 75 60 70 73 
115 130 155 98 97 78 107 101 115 86 118 80 136 92 92 91 97 126 110 113 20 93 91 119 106 113 112 128 92 106 87 107 
276 262 206 257 209 228 235 199 182 248 235 238 268 209 194 225 177 251 251 218 220 227 208 220 273 188 221 250 111 189 217 177 
1 0 0 0 0 0 0 0 0 0 0 0 0 0 0 0 0 0 0 0 0 0 0 0 0 0 0 0 0 0 0 0 
14 9 4 4 9 6 2 3 5 4 2 4 0 10 9 8 5 11 8 7 6 5 13 4 5 5 7 3 5 6 6 3 
188 206 146 181 185 254 183 169 181 211 232 226 129 185 160 211 80 228 192 165 151 198 211 207 114 162 185 180 196 144 193 164 
17 0 4 9 14 5 0 16 5 0 1 21 4 0 6 18 9 16 19 0 21 0 3 0 1 23 10 0 3 3 7 0 
207 161 151 190 148 194 161 172 233 177 196 122 144 164 176 133 38 189 160 135 149 181 145 173 152 171 164 170 152 196 163 171 
201 160 136 175 142 150 203 122 156 139 178 137 139 169 140 139 125 178 144 144 156 165 151 148 161 129 140 131 35 155 138 143 
110 128 139 124 122 123 0 120 136 127 107 129 118 125 131 132 127 124 127 109 135 120 144 128 122 117 131 130 134 134 126 126 
147 134 139 114 131 113 132 9 123 118 103 123 136 131 129 112 129 112 138 116 143 122 144 123 102 109 140 105 123 116 103 103 
10 5 5 6 3 4 4 5 4 4 5 3 6 4 3 7 4 7 10 10 4 2 11 7 3 4 2 4 4 1 3 5 
233 226 235 224 231 259 103 252 241 214 217 233 247 221 231 157 206 168 227 228 258 244 219 245 219 239 211 232 231 229 214 240 
152 165 140 140 142 157 139 132 156 143 144 144 143 136 10 133 153 162 169 179 175 136 143 141 144 149 160 139 137 152 152 167 
108 73 60 86 51 63 80 67 62 62 74 53 68 79 73 71 94 83 67 67 70 55 72 9 84 76 70 78 88 84 65 68 
2 0 0 0 0 0 0 0 0 0 0 0 0 0 0 0 0 0 0 0 0 0 0 0 0 0 0 0 0 0 0 0 
44 48 27 19 20 16 21 24 22 25 16 22 19 20 22 13 22 19 23 29 6 26 32 29 15 9 16 18 21 29 29 22 
156 103 161 127 161 137 14 144 126 122 98 105 154 153 118 134 131 103 166 128 118 127 149 122 123 120 153 99 136 132 139 124 
11 7 3 2 5 4 6 2 1 1 6 2 6 4 2 3 5 4 4 2 4 1 1 3 6 6 3 2 4 3 2 4 
146 128 129 123 139 117 115 115 101 138 130 130 124 113 127 111 115 142 114 126 36 134 94 118 129 120 124 107 116 109 152 115 
35 6 6 18 13 10 19 35 24 10 36 12 8 1 24 24 0 19 6 18 41 11 6 6 8 5 11 6 0 24 24 18 
8 12 11 10 6 10 9 1 9 12 2 8 8 7 4 9 7 6 7 6 6 10 12 7 3 14 10 6 10 7 5 3 
112 110 124 112 125 122 26 129 113 124 107 130 106 116 114 112 114 93 128 141 107 128 113 123 122 124 102 89 122 119 117 109 
1 0 0 0 0 0 0 0 0 0 0 0 0 0 0 0 0 0 0 0 0 0 0 0 0 0 0 0 0 0 0 0 
14 19 10 19 17 10 13 18 19 18 12 8 9 6 8 9 14 14 14 11 6 13 17 9 12 6 10 19 9 22 23 16 
311 362 294 329 300 230 384 162 232 229 302 271 274 330 248 250 287 350 350 346 265 304 245 248 324 301 343 268 174 247 272 265 
100 88 93 97 85 86 90 103 4 95 87 95 89 95 102 87 89 112 78 91 83 89 83 106 105 95 78 114 99 79 89 84 
186 174 201 193 179 168 75 180 188 179 215 192 115 210 185 212 196 184 218 220 196 166 175 188 181 198 183 168 176 164 193 158 
3 1 5 0 2 2 4 0 2 2 0 0 1 0 1 1 1 3 0 1 2 1 2 1 1 0 0 0 0 0 0 1 
181 140 139 138 129 95 143 175 136 139 140 128 109 108 152 139 102 98 129 120 141 111 153 147 140 91 150 118 116 131 172 108 
248 225 195 229 257 193 250 299 242 236 249 196 200 269 222 215 230 183 215 201 207 184 248 232 240 161 195 201 247 171 148 264 
117 119 105 97 121 109 100 98 91 106 85 94 101 96 115 108 121 112 121 106 101 16 103 119 113 92 79 80 117 87 84 92 
136 116 139 135 126 127 146 113 109 113 146 136 111 126 122 114 10 126 119 138 127 133 139 135 111 133 127 117 153 123 106 113 
26 5 10 15 16 4 10 17 0 7 7 13 14 9 11 3 10 13 6 9 9 9 5 18 21 15 7 13 11 16 22 9 
2 2 2 0 0 2 5 2 2 0 0 0 0 0 0 0 5 0 0 2 0 6 0 0 4 0 2 0 4 0 0 0 
11 0 0 0 0 0 0 11 1 10 10 10 10 1 0 0 10 0 0 0 0 10 18 0 0 0 0 10 10 11 1 10 
16 11 4 11 5 10 12 9 10 12 5 10 5 11 7 11 7 7 6 9 16 4 10 8 10 11 6 10 13 7 10 0 
125 138 129 142 128 128 154 128 155 162 146 144 122 136 137 138 128 146 145 2 134 129 129 140 121 145 127 143 127 133 135 121 
125 105 104 103 103 116 101 115 114 83 106 110 103 94 124 3 98 94 99 106 135 104 108 115 96 122 110 120 106 108 108 107 
16 34 8 3 14 15 1 5 3 47 12 26 24 17 4 26 35 16 16 12 23 26 1 17 17 24 14 21 27 0 6 23 
25 24 39 18 26 28 39 34 35 6 58 17 15 17 12 26 16 30 24 10 33 17 21 25 30 15 39 20 13 31 14 21 
1 0 1 0 1 1 1 0 0 1 0 0 1 0 0 0 0 0 1 0 0 0 0 1 0 0 0 0 0 0 1 1 
8 3 5 3 2 10 0 5 5 3 0 2 1 12 7 2 3 5 3 2 2 2 11 7 5 3 1 1 5 4 5 7 
3 0 0 0 0 0 0 0 0 0 1 0 1 0 1 0 0 0 0 1 0 0 0 1 0 0 0 0 0 1 0 1 
7 74 82 76 75 77 69 79 80 81 105 74 75 77 83 90 73 78 71 83 78 69 61 87 81 81 69 64 75 70 63 72 
2 0 0 0 0 0 1 0 2 0 0 1 0 0 0 2 0 0 0 0 0 1 0 0 0 0 0 0 0 0 0 0 
6 6 6 4 2 3 2 5 0 4 3 6 5 6 5 3 0 5 2 5 6 4 3 7 5 2 2 4 1 5 4 0 
10 4 10 16 11 15 4 7 6 1 0 3 13 10 5 6 5 9 6 1 10 13 14 12 10 1 6 5 16 3 8 2 
142 72 78 107 89 113 110 83 106 105 107 87 77 92 109 87 3 91 97 86 98 78 73 109 84 90 84 98 108 90 70 87 
22 22 20 22 21 75 76 20 21 22 21 20 20 0 21 0 1 42 3 60 41 21 1 22 0 20 21 39 21 22 21 0 
20 0 0 0 20 10 21 11 0 9 0 27 10 0 20 11 30 0 17 24 9 1 0 9 20 10 10 9 0 20 0 20 
240 195 209 223 220 242 225 207 225 224 205 245 239 224 189 156 217 216 244 162 225 244 242 241 221 203 220 203 255 222 248 213 
0 0 0 0 0 0 0 0 0 0 0 0 0 0 0 0 0 0 0 0 0 0 0 0 0 0 0 0 0 0 0 0 
54 24 21 10 19 24 21 17 17 28 15 18 32 22 40 28 25 19 16 18 21 13 13 12 21 20 15 21 19 39 34 36 
112 116 115 96 100 103 99 128 12 99 95 94 111 96 110 106 103 146 91 92 100 99 102 114 116 109 92 141 107 100 107 90 
121 96 114 122 121 124 105 102 117 135 118 114 131 112 117 66 131 62 122 124 117 120 118 116 116 133 130 111 115 151 125 151 
22 2 10 16 18 8 8 17 11 6 6 12 10 10 14 0 4 8 4 12 8 6 6 6 22 4 18 14 12 12 14 0 
126 115 105 110 109 117 105 125 130 115 105 18 130 117 130 108 116 123 136 109 112 120 124 114 143 121 144 120 129 109 151 103 
107 104 101 101 101 102 100 109 103 105 106 4 97 118 94 99 108 92 109 95 116 131 109 105 122 101 119 120 98 119 125 98 
161 124 156 131 147 142 168 96 147 127 119 121 117 145 120 160 122 149 100 133 141 122 144 125 112 128 130 129 139 155 150 11 
21 11 5 6 5 8 10 22 14 9 13 7 6 2 3 5 8 9 9 6 4 3 3 3 5 2 5 10 1 14 4 6 
216 212 238 204 207 161 145 224 224 202 219 239 205 218 65 306 229 174 263 222 209 200 185 156 130 204 213 188 242 214 289 175 
9 7 0 0 0 0 0 0 0 7 0 12 0 0 0 13 0 0 0 0 0 7 0 0 0 0 0 0 1 0 7 0 
91 56 43 114 99 73 62 70 76 76 77 75 66 66 106 68 22 86 101 44 56 96 78 43 71 75 63 68 65 94 78 78 
25 12 20 13 9 14 15 4 23 11 15 16 11 23 17 6 12 19 26 16 15 9 16 8 11 17 15 14 17 25 12 13 
12 3 1 5 0 1 6 6 13 3 8 9 0 3 1 15 2 31 16 1 9 0 2 5 2 5 0 0 11 5 1 2 
77 91 82 71 90 82 82 74 85 79 90 87 71 93 90 90 78 75 80 86 83 90 3 72 75 84 86 90 98 93 88 82 
143 114 118 123 125 133 106 119 109 147 132 116 108 97 88 137 157 98 116 142 120 137 118 122 33 121 131 123 104 112 130 105 
139 148 172 169 149 162 133 151 135 112 165 170 142 165 156 12 178 148 168 181 151 139 138 173 209 136 157 136 144 182 126 118 
176 132 122 147 144 104 133 123 110 132 145 138 134 30 111 110 118 121 137 108 118 142 146 133 145 96 118 128 128 174 169 121 
25 28 18 21 16 12 21 10 8 21 9 20 13 18 18 13 15 19 14 15 0 19 15 20 10 7 14 15 21 14 21 16 
22 10 12 24 1 6 6 13 21 25 6 22 13 6 16 13 1 2 21 18 26 23 10 1 6 9 14 25 5 25 18 6 
258 244 271 241 274 237 261 129 243 243 271 239 217 227 243 228 231 238 261 164 218 239 255 243 294 292 235 271 238 268 245 250 
150 7 150 119 142 147 135 144 129 132 121 143 137 152 172 111 125 111 128 131 153 114 148 129 132 171 144 150 130 135 154 136 
91 83 82 87 100 121 91 80 81 94 90 87 97 112 75 106 94 111 94 3 102 93 113 108 91 93 90 88 106 97 106 116 
110 104 80 108 84 99 118 78 90 68 110 85 88 98 88 85 81 109 104 98 89 105 99 95 100 86 86 88 2 89 92 90 
135 116 148 122 129 135 160 94 128 117 113 112 111 144 110 141 121 131 97 111 131 123 137 104 103 118 125 125 133 143 140 2 
107 83 102 94 111 92 100 92 108 104 115 110 122 120 107 103 94 117 113 109 114 114 105 108 95 4 100 79 106 125 118 108 
11 5 7 3 2 4 2 4 3 3 3 5 1 4 6 6 2 6 4 3 4 4 10 1 2 5 5 3 2 3 7 0 
131 138 139 123 120 120 122 142 136 155 132 147 134 100 124 126 114 137 115 146 125 143 129 2 132 148 122 118 135 135 135 117 
216 256 290 284 255 191 256 283 216 298 201 211 240 279 190 262 334 254 248 215 215 210 230 251 278 120 221 252 262 213 269 388 
185 146 124 210 153 163 205 182 170 157 206 163 115 186 139 112 162 127 121 183 137 169 136 172 180 149 172 108 169 139 135 140 
16 7 8 10 6 7 12 14 5 14 13 5 9 4 5 15 8 9 12 12 11 6 9 6 11 8 12 16 8 2 9 8 
118 70 72 86 76 88 59 61 103 72 58 111 67 93 123 85 104 108 81 100 99 103 97 120 130 98 91 68 96 86 60 92 
19 95 105 105 71 98 98 82 84 98 97 83 94 83 116 85 102 104 86 109 104 78 73 111 113 82 76 78 87 84 86 101 
7 5 7 5 4 8 4 0 6 5 5 2 4 4 4 1 4 2 10 2 5 2 2 6 5 3 4 4 8 2 9 0 
89 88 74 82 69 55 52 65 74 97 73 44 63 77 75 75 67 37 53 83 49 68 70 51 66 47 57 76 82 100 63 53 
3 0 1 3 1 1 3 0 4 1 2 1 0 0 1 0 2 2 2 2 1 0 0 0 1 2 1 1 1 3 3 0 
29 44 29 35 44 43 32 26 33 39 37 30 32 32 31 37 33 32 40 30 32 25 28 28 29 40 36 34 20 24 34 17 
108 126 106 106 109 103 102 118 112 108 109 13 104 129 106 110 101 92 121 101 111 128 112 116 127 107 110 125 103 116 129 106 
225 236 238 202 244 191 184 232 220 192 184 220 242 240 189 203 91 206 234 146 210 198 207 202 216 182 190 203 225 206 195 207 
5 2 1 2 1 2 1 0 0 0 1 0 3 1 3 3 0 0 2 1 1 1 4 1 0 3 2 1 0 1 1 1 
1 1 1 3 1 1 0 0 1 0 0 1 1 0 0 1 0 1 0 0 0 0 0 0 1 1 0 0 0 3 0 0 
23 18 25 23 14 24 14 16 15 20 23 15 17 21 21 18 15 23 15 22 15 24 16 29 19 0 16 26 14 24 19 22 
19 13 19 6 10 15 12 14 13 12 12 14 15 17 15 12 11 12 18 9 5 10 15 10 8 9 11 10 16 11 11 9 
174 126 150 113 126 102 147 164 118 147 129 94 131 139 105 139 112 110 122 98 115 121 140 130 146 146 96 113 145 152 80 149 
255 159 243 198 216 184 218 259 231 221 228 218 177 149 237 203 209 236 218 227 275 203 281 192 292 195 206 172 184 174 227 183 
57 37 49 38 41 37 54 51 35 48 40 27 54 41 39 39 36 49 45 1 41 36 51 42 41 45 35 34 44 53 45 46 
102 91 73 87 75 76 81 74 72 96 1 80 79 75 78 97 84 93 81 65 81 77 85 90 68 76 67 90 81 74 83 73 
67 78 76 94 75 51 76 63 74 94 84 67 77 50 70 76 54 80 67 44 59 79 68 42 74 46 62 80 79 72 78 54 
130 140 124 123 106 129 97 133 127 142 125 109 124 13 120 111 135 141 121 141 100 130 109 135 104 89 146 132 118 119 138 89 
37 34 9 17 0 17 10 42 8 17 18 22 9 26 27 16 0 10 17 18 1 0 17 9 9 9 0 18 10 0 21 2 
95 81 104 110 87 84 98 100 91 99 87 106 91 98 72 80 98 91 100 90 72 94 89 102 78 93 109 77 4 87 95 85 
142 118 101 128 123 115 130 100 115 125 39 117 116 120 121 133 124 133 115 95 114 116 125 122 103 119 101 123 75 113 131 89 
210 141 107 113 183 134 122 125 121 69 154 144 135 147 142 188 150 176 135 138 189 132 176 162 150 173 149 141 158 152 124 169 
139 187 131 89 86 115 149 195 117 160 159 180 219 194 125 92 141 196 141 146 160 125 128 124 123 111 156 108 74 117 197 114 
319 330 271 284 320 290 248 384 337 305 236 333 304 288 263 268 245 328 259 315 278 251 259 220 275 357 268 268 320 255 320 284 
64 32 38 18 27 28 36 40 27 69 55 48 33 35 18 40 48 50 76 30 53 52 30 31 43 39 39 58 21 37 23 35 
37 52 64 62 86 32 78 45 33 83 39 41 43 45 51 88 42 87 39 36 54 65 25 64 49 42 49 32 50 51 52 32 
102 81 99 93 107 88 100 92 104 103 112 109 121 114 106 104 89 115 112 102 113 112 103 106 93 0 100 79 104 124 115 108 
11 0 6 0 5 0 0 10 0 0 0 0 6 1 6 0 6 0 0 0 0 0 0 0 5 0 12 0 5 0 0 0 
238 259 212 249 248 243 218 237 243 235 265 253 247 236 12 262 271 256 259 256 263 243 252 208 215 241 257 232 224 253 265 247 
0 0 0 0 0 0 0 0 0 0 0 0 0 0 0 0 0 0 0 0 0 0 0 0 0 0 0 0 0 0 0 0 
98 84 84 85 72 91 81 98 88 95 69 78 91 86 80 88 92 95 72 102 2 87 86 95 82 98 86 89 85 88 107 77 
16 4 0 0 0 3 9 0 0 10 4 0 4 6 0 0 0 0 0 2 5 0 0 0 3 0 0 0 5 2 7 3 
6 5 3 0 3 0 7 3 4 5 2 3 1 4 2 2 0 4 2 3 5 1 2 0 0 3 1 2 0 1 1 2 
8 0 2 4 2 3 2 1 2 3 4 6 0 2 1 3 0 4 3 2 0 3 3 1 0 1 1 1 2 2 2 3 
1 0 0 0 1 0 0 0 0 0 0 0 0 0 0 0 0 0 0 0 0 0 0 0 0 0 0 0 0 0 0 0 
4 1 3 3 0 0 0 1 1 5 0 0 1 0 0 2 0 0 0 3 0 0 2 0 0 1 1 1 0 1 2 0 
445 248 442 412 348 390 390 420 414 382 397 403 383 410 426 337 436 365 348 426 441 392 479 412 365 442 353 445 363 351 434 404 
4 1 1 1 2 2 0 3 1 1 0 3 0 0 1 1 2 1 4 0 0 2 4 0 4 0 1 1 0 2 2 0 
237 196 110 211 229 216 113 206 201 209 208 188 200 215 187 205 200 180 202 201 193 199 215 213 210 183 221 165 211 187 216 190 
12 0 0 12 0 1 12 0 0 0 0 0 0 0 1 13 0 1 20 1 0 0 0 0 20 11 10 0 11 0 0 0 
132 114 119 108 131 119 100 116 124 126 96 112 118 112 146 106 128 120 139 118 103 29 142 131 136 104 76 82 125 93 96 96 
12 12 2 2 7 1 3 8 10 5 3 4 6 6 6 9 6 4 4 8 4 2 8 4 8 4 7 10 8 4 13 6 
2 0 0 2 0 2 2 0 2 0 0 0 0 0 2 2 4 0 0 0 0 0 0 0 6 0 2 0 0 0 0 0 
19 18 0 13 12 13 24 13 19 13 0 18 0 49 18 18 14 26 48 13 12 0 14 22 12 0 0 13 24 31 26 0 
176 184 181 157 182 148 173 167 153 184 163 193 158 164 125 173 186 183 145 218 206 65 126 154 194 185 163 181 141 125 184 157 
382 441 437 439 455 385 440 478 370 472 389 375 435 438 362 411 513 418 431 395 401 371 407 419 481 290 364 430 290 372 431 549 
114 153 101 92 110 119 95 93 91 92 102 115 79 138 125 121 102 98 100 108 96 110 14 96 106 98 116 98 124 127 128 112 
0 0 0 0 0 0 0 0 0 0 0 0 0 0 0 0 0 0 0 0 0 0 0 0 0 0 0 0 0 0 0 0 
9 0 4 1 5 12 18 6 8 7 11 5 7 2 3 3 4 10 4 25 7 4 6 3 5 1 15 7 4 12 4 4 
155 52 140 154 134 125 122 152 159 141 136 134 152 116 134 130 146 128 142 135 142 126 127 116 113 116 152 132 152 141 136 119 
102 107 95 95 102 97 4 82 100 99 102 101 102 104 104 91 79 100 119 92 107 89 92 97 87 116 103 88 77 85 102 82 
69 76 80 74 70 69 61 74 63 73 67 67 73 72 4 79 67 71 66 73 69 73 62 69 70 82 74 65 81 75 64 72 
1 0 0 0 0 0 0 0 0 0 0 0 0 0 0 0 0 0 0 0 0 0 0 0 0 0 0 0 0 0 0 0 
58 50 80 71 52 81 46 26 80 72 55 68 57 63 47 51 71 84 60 38 51 71 64 64 54 62 40 59 55 52 61 35 
11 11 11 10 23 7 19 17 13 10 15 17 11 15 15 24 22 12 8 12 23 15 7 10 15 17 21 17 17 20 29 21 
22 82 103 86 93 94 79 85 83 94 118 89 99 86 94 93 76 90 87 92 98 78 67 102 97 88 77 78 77 88 72 83 
17 29 27 3 31 45 0 17 3 2 2 26 50 14 2 15 39 14 2 4 40 26 39 13 1 12 28 15 54 3 65 25 
142 157 145 155 161 154 141 130 168 140 157 159 145 136 159 132 33 151 159 138 140 142 144 121 155 129 157 128 143 119 105 133 
24 14 32 19 20 19 17 4 18 8 22 13 17 19 19 15 21 15 12 9 17 38 21 18 10 12 21 11 9 13 29 24 
128 135 135 125 146 140 142 140 121 127 121 143 150 146 129 140 124 156 145 108 125 135 152 150 109 62 117 140 146 159 131 102 
2 1 0 3 0 0 0 1 0 1 0 0 0 2 0 2 0 0 3 0 0 0 2 0 0 0 2 5 4 0 0 0 
15 2 10 11 18 2 8 18 4 0 6 12 11 10 8 0 4 8 4 12 8 6 6 6 22 4 12 14 12 12 9 0 
0 0 0 0 0 0 0 0 0 0 0 0 0 0 0 0 0 0 0 0 0 0 0 0 0 0 0 0 0 0 0 0 
154 128 157 130 139 150 168 104 140 127 119 129 121 145 124 154 122 150 104 126 137 122 150 125 112 140 133 137 139 146 149 11 
0 0 0 0 0 0 0 0 0 0 0 0 0 0 0 0 0 0 0 0 0 0 0 0 0 0 0 0 0 0 0 0 
19 12 15 13 7 12 6 12 4 21 17 15 28 26 13 12 12 21 11 25 10 14 20 8 28 14 24 20 15 15 11 10 
180 135 187 144 137 134 134 126 139 179 150 159 142 148 120 145 176 146 138 109 146 138 140 135 137 158 158 133 137 142 51 148 
219 194 187 221 190 172 204 206 203 203 177 211 184 67 172 159 190 195 200 164 202 207 198 133 232 174 189 188 222 209 201 187 
2 0 0 0 1 1 0 0 1 0 1 3 0 1 0 2 1 0 1 1 0 0 0 2 0 0 0 1 1 1 0 1 
6 5 12 0 6 0 0 6 6 6 18 12 12 0 1 10 0 5 8 6 0 1 6 12 0 6 0 6 0 0 5 6 
13 10 9 9 15 3 17 15 10 10 4 11 7 14 14 9 4 9 12 9 12 14 4 11 4 17 9 20 3 6 11 12 
48 25 43 12 40 19 14 18 15 14 16 22 14 25 23 20 14 28 25 19 24 17 34 23 15 28 24 24 9 23 23 19 
196 147 176 146 161 168 170 94 162 175 126 147 184 200 160 151 156 182 168 182 159 126 179 158 126 159 183 178 167 149 176 134 
101 69 87 62 90 112 78 57 64 61 41 42 76 81 82 71 62 89 75 85 69 59 78 55 52 53 82 74 69 33 78 52 
0 0 0 0 0 0 0 0 0 0 0 0 0 0 0 0 0 0 0 0 0 0 0 0 0 0 0 0 0 0 0 0 
158 147 126 137 139 122 131 24 135 118 123 132 125 121 124 121 139 118 146 119 169 124 167 107 126 95 140 125 133 119 103 98 
14 4 7 0 0 9 0 8 6 7 9 0 3 3 9 6 2 12 4 1 6 11 9 9 6 30 7 0 3 3 15 0 
25 12 6 4 7 8 3 5 7 6 10 9 14 3 9 7 9 7 7 8 12 5 5 5 7 7 8 2 4 6 10 15 
1 107 91 90 110 94 89 81 120 107 107 98 92 72 109 100 120 104 92 82 105 93 108 88 91 109 103 86 100 112 107 104 
0 0 0 0 0 0 0 0 0 0 0 0 0 0 0 0 0 0 0 0 0 0 0 0 0 0 0 0 0 0 0 0 
2 0 0 0 0 0 0 0 0 0 0 0 0 0 0 0 1 0 0 0 0 0 0 0 0 0 1 0 0 0 0 0 
16 1 6 3 7 2 7 0 0 10 2 3 6 12 1 1 0 0 1 10 0 2 8 0 7 2 2 10 15 6 2 1 
144 160 148 149 151 148 171 157 190 189 171 172 132 169 163 152 140 184 155 19 153 140 156 158 139 178 151 176 140 154 157 143 
23 1 5 2 2 3 4 5 0 4 3 2 5 1 1 0 4 5 1 7 11 1 2 5 3 13 2 5 8 4 4 2 
46 28 24 43 51 52 39 58 49 33 47 25 36 57 47 48 37 35 69 44 42 51 47 50 36 39 57 51 50 34 39 48 
128 68 72 132 107 100 132 103 77 150 115 111 76 96 76 113 135 106 107 124 94 94 89 122 97 143 50 119 104 101 92 84 
2 0 0 0 1 0 0 0 0 0 0 0 0 0 0 0 0 0 1 0 0 0 0 0 0 0 0 1 0 0 0 0 
150 148 130 173 163 139 124 116 152 112 134 140 145 138 136 147 39 121 147 138 123 137 155 107 150 125 150 128 144 123 135 143 
6 0 0 0 12 6 1 0 6 0 0 11 6 0 1 0 5 6 5 1 6 0 0 5 6 1 0 0 5 0 0 0 
25 3 8 8 5 2 4 2 7 5 7 1 6 11 8 2 7 7 7 3 3 7 10 1 5 5 3 5 4 6 6 3 
135 117 136 124 115 135 146 110 111 120 124 114 144 144 111 132 112 129 108 104 128 96 103 109 33 112 111 121 110 96 111 119 
12 8 10 4 5 6 0 3 5 2 8 4 4 4 1 13 4 0 13 12 1 6 2 13 4 12 12 5 1 4 1 4 
0 0 0 0 0 0 0 0 0 0 0 0 0 0 0 0 0 0 0 0 0 0 0 0 0 0 0 0 0 0 0 0 
57 54 46 44 36 50 46 41 41 45 50 58 11 47 38 42 46 42 49 38 43 38 41 36 44 47 54 38 55 46 43 34 
200 148 76 160 163 145 178 153 161 147 179 151 127 158 145 135 158 136 126 165 110 150 144 152 162 164 151 137 138 145 154 168 
113 93 115 120 101 102 116 115 105 112 115 129 101 94 104 85 106 108 125 115 66 122 102 95 87 103 129 88 18 110 103 129 
36 21 13 11 13 12 26 2 2 7 12 28 11 20 22 23 18 6 15 11 10 11 4 6 17 11 9 12 13 2 24 13 
177 29 183 144 171 142 165 176 147 171 155 180 163 174 206 134 149 135 149 157 180 142 184 156 159 203 157 181 158 159 172 169 
168 136 162 123 165 108 131 155 134 129 152 133 97 128 114 108 146 147 136 33 100 154 140 135 172 157 139 139 142 142 149 130 
3 0 1 0 1 0 0 1 0 0 0 0 0 0 1 0 2 2 1 0 1 0 0 0 1 0 0 0 1 0 0 0 
116 70 71 83 89 96 90 77 98 77 82 81 72 88 84 83 4 99 89 88 76 75 75 85 66 96 82 87 88 89 71 78 
34 47 1 1 16 1 0 16 0 0 49 2 17 16 1 32 4 17 16 0 1 3 17 33 17 0 1 17 17 16 2 16 
76 80 73 85 94 112 83 77 80 87 81 79 91 101 70 102 91 103 86 0 95 89 109 105 86 85 86 82 99 86 105 111 
44 28 12 29 33 46 75 64 36 48 36 41 43 56 36 36 9 32 28 47 38 38 36 49 58 45 13 46 18 28 72 2 
135 137 145 136 135 155 156 12 139 147 141 139 130 142 147 140 121 121 155 157 134 129 142 118 155 159 114 149 121 148 131 127 
113 101 101 103 89 123 96 109 90 130 106 111 87 86 87 107 129 87 99 120 108 123 100 102 7 102 108 102 94 96 100 92 
41 23 18 18 6 6 14 30 0 23 37 16 25 0 54 9 39 7 14 23 7 8 15 16 7 18 30 9 0 7 14 19 
123 129 111 126 125 132 107 104 102 117 121 101 132 123 114 133 112 139 108 48 127 125 127 126 132 110 117 111 119 124 134 139 
90 69 80 62 83 98 71 57 64 61 41 42 72 79 74 68 62 75 61 81 69 52 71 55 46 53 76 74 69 29 72 52 
109 69 73 91 92 114 3 101 92 90 106 81 106 85 83 93 111 96 106 122 69 84 103 89 80 83 84 74 98 94 104 75 
115 93 128 99 95 99 110 103 111 86 103 110 85 93 129 41 79 81 84 114 111 84 116 93 98 67 94 90 106 95 118 77 
2 1 4 1 2 0 1 0 1 0 4 5 1 0 2 1 2 0 3 2 6 2 4 3 0 1 1 3 0 4 0 1 
177 75 203 153 188 156 170 165 185 168 159 162 180 168 151 171 145 172 159 179 163 203 206 164 193 211 199 184 146 187 107 92 
166 33 144 179 162 149 125 157 170 151 159 158 131 132 152 128 164 153 170 141 132 147 138 138 118 113 162 152 124 170 167 138 
3 3 0 6 2 5 0 4 4 1 3 4 2 6 2 4 4 3 3 4 3 6 2 2 3 2 0 4 1 4 2 1 
2 0 1 0 0 0 0 0 0 0 0 0 0 2 0 0 1 0 0 0 0 0 0 1 0 0 0 1 0 0 0 0 
1 0 0 1 1 1 0 0 0 0 0 0 0 0 0 0 0 0 0 0 0 0 0 0 0 0 0 0 0 0 0 0 
229 189 182 190 193 212 195 146 156 191 175 198 203 125 152 161 143 142 133 163 221 346 134 138 132 260 162 165 125 237 265 166 
4 0 0 1 0 2 0 1 0 0 0 0 0 0 0 0 0 0 0 0 0 0 0 0 2 2 1 0 0 0 0 0 
5 0 1 4 0 0 0 0 0 1 0 3 0 0 0 0 1 1 0 0 0 1 1 3 1 1 0 3 0 0 0 0 
0 0 0 0 0 0 0 0 0 0 0 0 0 0 0 0 0 0 0 0 0 0 0 0 0 0 0 0 0 0 0 0 
164 145 158 133 151 131 134 155 146 150 140 171 139 112 144 133 125 145 122 161 130 146 138 20 157 159 142 131 153 144 163 129 
6 4 4 0 6 6 2 0 0 2 4 2 0 0 6 4 0 3 3 2 4 2 6 4 2 2 7 2 2 0 0 1 
135 109 123 106 106 104 111 4 114 103 104 119 109 118 111 103 127 101 118 103 111 110 120 106 92 92 111 101 107 100 95 88 
141 151 135 148 129 145 166 138 160 178 167 149 127 137 131 155 140 170 171 10 160 135 139 157 140 159 141 171 129 135 141 136 
252 120 228 222 236 245 206 210 224 234 235 211 230 111 239 259 260 218 249 227 201 231 221 220 202 194 246 246 208 243 257 202 
11 1 3 0 0 4 0 0 0 1 1 1 1 1 8 0 0 1 1 0 0 0 8 0 0 0 4 4 5 1 1 0 
8 5 5 9 8 6 10 10 18 12 10 10 8 13 10 8 16 2 10 8 6 11 9 4 6 8 12 10 4 17 8 6 
205 188 234 163 299 207 227 138 253 224 158 223 186 192 201 211 184 167 252 207 233 230 99 131 238 210 182 219 197 193 236 162 
27 7 3 3 16 1 9 12 5 5 8 5 9 6 8 11 8 11 13 10 8 7 11 8 9 6 4 17 10 7 11 9 
2 0 0 0 0 5 0 1 1 0 0 1 1 0 0 4 2 0 0 1 0 1 0 1 0 1 0 0 0 1 2 0 
174 124 141 129 155 108 140 132 130 120 112 141 143 139 126 121 131 128 118 115 105 141 120 154 144 101 149 150 136 27 122 91 
336 319 388 320 269 297 291 288 283 394 265 292 289 185 312 339 398 284 322 328 292 360 322 265 185 246 355 284 326 305 334 273 
8 14 10 8 7 4 5 9 8 13 6 7 5 4 5 4 5 7 10 9 9 6 5 11 8 10 11 5 8 2 8 6 
10 3 2 5 8 1 2 1 6 7 3 7 3 3 4 4 6 2 1 5 2 0 4 1 0 2 4 2 9 3 3 8 
17 0 1 7 5 2 0 2 4 1 0 0 0 4 1 3 4 2 4 0 5 1 1 0 0 0 2 1 2 5 0 0 
12 3 3 4 1 2 8 5 3 4 7 6 4 8 2 7 4 0 4 4 11 1 6 4 6 4 3 4 5 4 1 0 
176 157 157 169 157 113 156 63 148 134 147 143 146 162 142 138 164 135 144 130 140 135 158 153 125 138 144 149 130 144 144 125 
5 0 0 0 1 1 0 0 0 0 0 1 0 0 2 0 1 1 0 1 0 0 0 0 1 5 0 1 0 0 0 0 
140 107 20 109 125 120 137 122 120 115 143 110 95 120 93 112 116 108 94 117 106 107 117 123 120 95 126 84 113 97 102 106 
196 187 226 212 184 207 211 160 198 207 212 217 205 83 202 200 209 239 209 219 191 198 216 206 189 201 206 223 204 232 186 187 
48 5 14 7 14 16 15 7 34 28 36 4 26 0 29 9 27 40 3 22 2 14 33 8 2 49 0 21 1 38 18 2 
26 27 12 22 27 20 32 30 21 35 20 26 33 19 29 35 33 29 24 13 19 26 32 30 41 29 13 27 34 29 26 26 
13 15 0 0 13 7 11 0 2 1 2 7 15 0 6 1 2 5 2 2 0 2 7 1 1 0 1 1 7 0 0 8 
134 118 143 125 129 131 155 93 129 119 116 114 114 139 111 141 115 128 96 110 129 117 138 109 105 120 125 123 131 149 141 4 
173 203 156 96 156 146 137 167 117 177 184 154 146 113 175 186 209 137 221 156 117 66 172 177 130 109 110 114 159 77 118 143 
84 60 88 76 72 61 85 60 68 80 51 96 94 66 75 84 78 68 70 51 58 71 37 71 66 75 88 77 87 79 76 65 
86 88 113 88 80 103 104 77 87 89 94 100 111 113 93 105 93 102 83 93 99 80 87 86 10 85 85 99 81 70 89 88 
0 0 0 0 0 0 0 0 0 0 0 0 0 0 0 0 0 0 0 0 0 0 0 0 0 0 0 0 0 0 0 0 
84 90 74 83 70 53 53 63 74 101 75 44 60 76 72 73 66 37 53 83 50 68 72 54 64 48 59 78 87 97 65 54 
115 85 80 83 87 108 95 81 96 77 100 88 90 107 92 81 1 84 94 80 88 81 69 87 69 91 87 86 93 84 64 93 
14 3 9 12 11 9 6 5 5 16 13 6 7 16 13 8 13 13 9 8 6 13 3 9 8 6 12 7 13 9 11 9 
91 107 69 79 107 98 73 46 95 86 84 77 113 93 87 88 96 105 98 76 104 66 75 97 85 122 94 89 95 112 88 60 
8 8 10 2 4 10 2 6 8 10 12 6 8 6 12 6 10 12 16 6 18 4 10 14 8 8 5 8 5 2 8 6 
7 9 0 4 4 3 0 8 4 1 4 0 4 0 4 0 2 4 9 4 12 0 0 4 1 0 8 3 4 0 4 4 
40 2 0 0 0 11 0 11 1 0 11 22 13 12 1 0 11 0 17 14 1 13 12 13 11 3 30 12 0 12 13 12 
3 2 1 0 1 0 2 0 0 0 2 0 1 2 1 3 1 0 1 1 2 1 1 0 0 2 0 2 0 2 1 0 
230 223 265 252 240 234 139 204 302 296 248 281 217 266 276 221 241 234 223 247 267 170 202 273 232 237 192 270 242 181 304 236 
277 234 251 254 241 279 168 284 306 285 249 257 280 307 237 282 337 248 277 302 280 247 260 285 272 270 121 276 248 249 277 249 
81 77 86 87 83 93 9 118 103 98 90 87 97 94 90 109 106 87 87 101 76 90 96 96 81 92 86 85 91 88 102 86 
101 96 83 74 110 118 88 88 88 85 103 94 94 79 98 100 99 103 102 118 111 109 113 104 113 95 90 114 120 50 116 36 
67 96 28 56 39 70 37 80 54 53 92 76 96 90 51 58 50 72 80 34 88 48 50 72 33 81 72 56 47 30 99 42 
22 26 27 31 11 21 25 22 22 23 22 22 27 20 0 30 24 28 20 26 24 23 21 16 23 22 21 28 20 29 18 11 
24 1 1 0 1 0 5 0 16 14 0 0 4 0 1 6 1 0 1 1 3 0 1 1 16 0 1 5 0 0 5 0 
58 49 57 43 51 40 35 62 55 42 28 58 59 65 40 48 55 58 66 2 52 41 50 43 46 45 43 43 51 60 50 36 
149 121 131 154 147 118 20 138 124 150 147 119 120 128 148 148 94 109 141 132 113 156 124 121 143 131 96 88 120 104 114 142 
339 267 300 305 327 365 200 190 296 338 260 295 272 299 276 310 298 292 312 322 272 323 319 277 297 311 269 302 270 331 294 252 
22 13 6 6 26 7 8 18 20 10 1 4 8 17 25 7 7 9 11 1 8 7 5 3 28 0 9 19 5 5 25 16 
108 114 109 95 96 95 93 83 101 116 93 75 111 3 99 107 115 110 112 113 92 118 106 92 94 87 107 99 103 98 117 87 
103 55 106 72 114 97 106 78 82 76 64 64 108 54 86 61 88 81 102 74 80 76 97 106 110 80 73 104 62 108 98 82 
28 15 27 0 9 20 21 18 2 23 32 2 19 9 18 20 8 24 8 0 1 15 18 3 16 3 1 26 62 1 13 14 
18 0 7 0 0 0 0 7 1 0 0 0 0 17 0 7 0 0 9 8 0 0 0 0 0 0 15 7 0 7 0 0 
23 18 25 23 14 24 14 16 15 20 23 15 17 21 21 18 15 23 15 22 15 24 16 29 19 0 16 26 14 24 19 22 
0 0 0 0 0 0 0 0 0 0 0 0 0 0 0 0 0 0 0 0 0 0 0 0 0 0 0 0 0 0 0 0 
4 6 5 2 6 2 2 4 7 3 5 9 2 4 4 6 1 5 3 4 4 0 4 3 1 4 10 5 3 10 7 4 
52 42 26 33 20 36 37 31 47 28 46 61 25 33 41 43 33 34 36 44 36 42 44 42 39 45 39 24 20 32 43 55 
57 43 38 44 37 48 44 39 9 50 41 39 51 38 40 43 43 53 37 57 45 39 50 52 33 66 45 52 47 47 55 50 
2 0 0 0 0 1 0 0 0 0 0 0 1 0 0 0 0 0 0 1 0 0 0 0 0 0 0 0 0 0 0 0 
181 132 163 159 149 138 143 133 158 180 147 162 142 125 116 165 148 156 149 137 142 133 153 124 147 134 157 154 150 166 42 155 
80 52 70 51 54 51 51 51 62 59 55 59 54 61 50 53 53 52 47 58 7 51 54 63 57 63 48 56 45 56 66 55 
3 2 2 1 2 0 0 4 0 1 1 6 0 3 6 2 2 1 3 2 1 4 5 4 2 0 3 1 2 2 3 0 
214 211 241 204 203 227 102 200 231 244 197 222 210 238 221 218 217 220 207 198 176 210 242 241 206 217 202 198 217 223 230 217 
104 100 131 102 113 89 101 104 100 106 111 87 86 86 98 93 108 106 104 5 85 102 100 99 124 111 111 102 105 111 113 96 
1 0 0 0 0 0 0 0 0 0 0 0 0 1 0 0 0 0 0 0 1 0 0 1 0 1 0 0 0 1 0 0 
81 47 46 76 68 63 69 65 55 72 67 78 68 65 76 75 4 67 76 49 58 67 61 46 74 75 69 63 63 69 61 63 
36 33 32 30 41 11 28 36 23 27 22 46 46 43 32 42 22 22 41 26 17 33 18 23 32 36 31 29 36 41 31 50 
129 118 95 89 110 100 93 90 86 95 80 89 96 90 102 97 114 95 118 101 99 8 101 101 102 91 78 74 106 74 80 81 
132 163 159 163 159 187 31 141 167 208 127 166 154 179 163 162 153 169 161 135 184 157 198 169 145 162 190 136 231 168 147 160 
11 0 0 0 2 0 1 0 2 0 0 2 0 0 2 5 0 0 3 1 0 0 3 2 0 0 0 0 0 1 0 2 
213 145 151 150 135 119 146 172 173 125 129 143 146 138 121 135 136 164 127 143 109 146 117 142 132 108 140 166 150 45 109 130 
22 6 1 5 7 14 2 7 4 10 5 10 6 7 10 5 8 8 7 12 4 11 11 4 8 3 1 10 8 8 12 4 
91 99 75 96 76 86 115 68 80 68 95 77 80 96 84 81 79 100 94 88 81 99 86 82 89 74 77 86 0 81 83 80 
245 207 230 209 229 199 218 108 223 214 219 231 236 234 222 223 221 219 234 209 232 227 241 213 193 96 220 188 216 237 215 203 
163 142 154 138 161 152 152 162 140 145 165 39 146 156 132 131 147 119 153 140 164 162 161 166 186 147 160 185 134 143 161 144 
7 8 8 16 0 8 4 8 4 8 4 6 3 7 8 9 5 5 14 17 1 26 4 13 0 8 0 12 16 8 9 8 
129 100 106 107 129 128 0 107 106 116 91 94 121 115 111 124 104 95 123 106 103 101 124 116 108 98 118 96 117 106 131 99 
50 10 13 32 15 12 28 5 18 14 26 18 14 10 15 17 9 16 12 13 60 16 7 7 6 2 42 33 17 38 12 15 
8 0 0 4 0 0 0 1 1 5 1 1 0 1 0 1 3 2 0 3 0 0 0 3 3 2 3 5 0 0 2 0 
245 244 199 228 235 233 220 215 223 135 233 247 226 224 113 229 232 239 243 233 235 223 238 224 236 239 229 226 222 251 231 235 
1 1 0 0 0 2 1 0 2 0 0 2 0 1 0 2 2 0 0 0 0 0 1 2 1 1 1 2 0 0 0 2 
212 215 218 241 211 207 174 182 244 206 222 264 204 195 69 217 238 225 269 232 237 217 231 192 207 230 208 211 228 243 190 191 
2 2 1 0 0 1 1 0 1 4 0 1 3 0 0 1 0 0 1 2 1 0 2 0 0 2 0 0 2 0 0 0 
52 54 59 57 51 44 60 55 54 51 64 62 0 65 50 61 53 56 55 60 63 47 59 54 58 62 54 43 56 53 59 45 
42 22 20 4 7 36 23 17 33 43 26 20 22 39 16 36 27 19 16 29 43 11 39 9 26 7 22 20 37 47 24 24 
109 110 106 116 125 111 87 101 99 107 117 122 93 115 102 114 98 109 91 84 26 101 102 122 110 98 139 109 127 81 133 95 
1 0 0 0 0 0 0 0 0 0 0 0 0 0 0 0 0 0 0 0 0 0 0 0 0 0 0 0 0 0 0 1 
15 4 5 5 13 10 7 1 5 9 9 4 4 15 6 9 10 11 7 4 7 10 9 8 7 10 7 7 12 0 9 8 
2 0 0 1 1 0 0 0 0 1 0 0 0 0 0 0 0 0 1 0 1 0 0 0 1 0 0 0 0 0 1 1 
0 0 0 0 0 0 0 0 0 0 0 0 0 0 0 0 0 0 0 0 0 0 0 0 0 0 0 0 0 0 0 0 
6 3 6 8 7 5 5 3 3 4 8 3 4 9 1 5 3 12 3 3 2 9 3 3 3 7 4 7 3 2 9 0 
68 43 63 45 57 55 54 46 61 73 51 52 58 55 46 52 45 58 43 57 7 43 52 59 50 67 41 49 44 52 83 49 
36 13 10 53 31 28 27 51 18 16 28 26 37 17 23 19 57 32 48 21 6 12 6 8 14 39 16 27 10 12 35 29 
170 121 32 111 130 129 139 111 111 123 149 106 96 118 108 107 129 101 88 101 109 99 111 119 141 119 137 98 131 114 111 115 
160 3 150 117 137 152 137 160 127 137 127 144 146 134 163 110 130 127 140 135 148 116 144 122 143 172 151 161 127 134 155 136 
246 275 294 287 252 306 261 298 263 265 280 299 297 164 280 153 286 290 262 293 270 257 301 280 264 246 267 285 270 328 247 242 
46 31 21 21 35 30 25 19 25 35 19 36 29 21 27 5 26 25 19 35 22 30 26 22 31 38 18 19 25 28 32 23 
272 143 263 227 263 218 244 265 289 235 203 284 255 226 289 205 221 212 256 255 269 189 243 228 252 329 242 278 230 226 302 300 
1 0 0 3 0 1 0 0 1 1 0 2 0 1 2 0 2 0 1 0 0 0 2 0 1 0 0 1 0 0 0 1 
72 76 88 71 58 83 78 88 99 79 63 74 63 76 68 66 70 97 79 94 78 75 78 15 90 92 89 66 74 73 62 73 
75 57 49 55 54 53 63 57 46 84 63 65 54 51 73 81 87 55 76 46 45 67 58 69 57 81 60 61 18 45 93 64 
114 105 142 101 106 123 113 124 100 122 143 91 89 100 127 102 115 106 116 3 93 120 107 109 133 121 117 120 108 107 114 95 
0 0 0 0 0 0 0 0 0 0 0 0 0 0 0 0 0 0 0 0 0 0 0 0 0 0 0 0 0 0 0 0 
5 0 2 1 0 0 0 2 1 1 1 0 0 0 0 0 0 0 0 1 0 0 1 1 1 0 0 1 0 1 1 0 
90 85 59 64 78 75 69 65 84 69 73 68 66 68 53 76 77 73 76 70 68 64 81 62 10 64 74 76 64 71 75 58 
26 28 29 33 15 23 29 23 22 24 25 23 30 19 1 32 26 28 20 25 27 23 21 16 23 27 22 28 20 33 18 15 
2 1 0 3 4 5 4 1 1 0 2 2 1 1 2 0 1 2 3 0 3 1 1 2 1 6 0 4 4 0 3 1 
12 4 11 4 6 13 9 9 10 11 10 9 10 15 8 8 5 4 9 16 14 9 11 8 5 16 11 11 10 15 13 8 
3 0 0 1 0 0 1 0 1 0 0 0 1 0 0 1 0 1 0 0 0 0 1 0 0 0 0 0 0 0 0 0 
20 7 27 8 10 50 34 35 27 28 11 17 19 39 16 17 12 8 20 24 16 13 23 40 16 32 6 12 25 18 24 19 
282 227 190 329 294 260 260 270 251 277 263 207 243 312 282 276 224 274 354 274 257 277 222 280 278 291 276 306 304 311 310 220 
120 121 92 81 90 104 107 132 119 104 99 137 87 102 105 96 5 108 97 91 90 124 111 103 95 84 110 116 99 89 110 110 
119 9 121 141 131 105 104 115 121 117 134 121 119 109 132 116 123 97 125 117 115 108 111 113 96 93 124 121 113 139 120 111 
50 10 27 16 22 20 11 3 12 8 7 14 28 12 20 11 7 16 37 24 13 4 13 14 13 15 17 10 23 6 11 8 
25 35 20 11 31 20 14 1 35 13 35 19 16 29 34 28 8 25 18 27 42 39 25 39 47 18 25 30 19 17 25 41 
44 47 41 48 41 52 44 43 37 41 40 34 44 34 45 0 39 46 29 53 32 56 48 40 42 45 29 38 32 37 28 46 
136 187 131 90 86 115 149 195 117 160 159 180 220 194 125 92 141 196 141 146 160 125 128 125 124 111 157 109 74 117 198 114 
10 0 0 0 4 5 0 4 4 0 0 0 0 0 0 0 5 5 5 5 0 0 0 6 0 0 10 0 5 0 0 0 
42 43 41 50 41 50 45 12 39 92 88 63 63 72 53 42 26 49 41 83 43 50 32 69 39 56 47 44 51 86 29 20 
8 0 0 4 12 0 4 4 4 3 4 7 0 8 4 4 11 4 0 4 0 0 0 0 0 3 6 6 0 0 3 0 
203 157 170 92 101 136 120 102 100 109 97 73 108 83 145 132 112 104 107 145 118 84 108 74 76 80 117 138 122 45 105 84 
120 127 123 122 133 121 11 135 109 126 121 128 134 117 131 124 108 107 127 134 106 142 128 125 119 135 111 99 126 155 112 123 
4 0 0 0 0 0 0 0 0 0 0 0 0 0 0 0 0 0 0 0 0 0 0 0 0 0 0 0 0 0 0 0 
2 0 0 0 0 0 0 0 2 1 0 0 0 0 0 0 0 0 0 0 0 0 1 0 0 0 0 0 1 1 0 0 
140 129 85 137 96 108 120 127 150 90 128 154 114 71 105 101 87 148 82 111 126 123 112 4 131 116 97 90 108 99 100 101 
35 4 5 8 5 3 0 6 4 10 5 2 2 6 3 10 13 4 5 12 4 0 3 0 2 5 10 6 2 6 0 3 
23 7 21 19 20 20 11 17 9 6 8 23 24 19 17 9 4 12 15 24 12 27 17 9 21 12 19 11 11 19 12 27 
0 0 0 0 0 0 0 0 0 0 0 0 0 0 0 0 0 0 0 0 0 0 0 0 0 0 0 0 0 0 0 0 
3 0 0 0 0 0 0 0 0 0 0 0 0 0 0 0 0 0 0 0 0 0 0 0 1 0 0 0 0 0 0 0 
113 93 97 94 80 70 111 94 86 87 90 87 87 78 122 7 82 78 83 99 98 94 98 81 99 81 92 87 88 84 107 78 
12 21 1 20 0 11 0 3 0 1 0 10 1 12 10 0 3 2 11 1 1 0 11 10 10 13 0 3 13 36 0 9 
68 12 90 58 45 97 71 86 112 36 39 9 52 52 38 29 39 89 81 42 108 26 106 48 60 67 123 36 40 83 41 88 
99 107 106 104 104 95 101 105 94 97 97 114 97 114 120 114 99 93 89 142 112 110 23 92 89 108 93 112 136 127 131 108 
21 29 23 24 22 9 48 25 19 18 23 31 29 10 35 24 34 35 18 17 17 24 44 31 40 17 1 27 59 35 29 36 
268 280 253 197 268 224 244 206 228 231 244 250 215 228 121 226 229 256 274 227 197 161 241 225 248 219 214 227 234 207 232 224 
109 93 104 114 80 79 104 24 106 92 103 115 95 93 104 93 93 105 110 98 91 88 102 89 98 97 102 109 96 105 93 63 
190 119 143 131 129 130 118 124 126 122 108 129 143 135 134 137 125 134 117 131 101 141 120 162 124 125 131 138 119 31 101 130 
105 86 110 78 78 79 92 99 91 78 101 74 86 74 84 75 88 88 95 85 3 72 78 86 92 79 96 91 72 92 79 85 
192 150 137 138 161 140 152 176 137 90 186 151 132 143 158 107 101 166 128 144 121 160 135 111 154 142 171 143 171 156 133 145 
102 112 92 109 90 89 97 95 109 94 92 102 97 85 80 72 87 87 83 64 84 110 91 86 17 76 89 91 81 98 80 87 
112 116 112 96 96 98 95 85 99 117 93 79 113 3 100 108 118 112 111 112 91 119 104 94 95 87 111 102 106 99 118 90 
71 80 62 49 59 34 48 50 67 86 65 38 51 62 60 60 54 38 43 77 35 56 54 54 45 32 53 65 73 73 44 38 
238 237 260 253 239 247 123 254 248 243 266 165 214 267 244 264 239 241 289 266 255 262 231 251 255 262 255 268 234 236 288 241 
199 134 156 119 112 223 168 178 170 177 265 119 153 174 195 154 130 242 141 103 125 173 231 219 195 241 206 213 135 129 230 169 
8 5 7 5 2 4 2 4 3 3 3 5 1 4 6 7 2 6 4 3 3 4 8 1 2 5 5 3 3 3 8 0 
252 272 280 264 248 289 235 266 215 299 243 293 236 218 242 275 255 318 265 70 259 294 309 264 273 251 235 248 214 277 208 220 
12 8 0 0 0 0 6 3 5 4 6 2 4 0 0 0 3 5 6 3 5 0 7 3 3 0 4 2 5 0 0 6 
4 0 0 0 3 1 1 0 1 0 1 0 0 0 0 0 0 0 0 0 0 0 0 2 0 0 0 0 0 0 0 0 
42 34 58 36 26 47 46 23 53 28 21 31 16 30 21 20 41 43 54 30 41 25 40 29 15 36 30 11 29 48 21 35 
108 94 111 95 108 110 106 95 95 99 91 99 98 92 81 96 108 108 83 109 110 1 82 93 105 117 96 97 81 85 84 92 
129 84 84 91 87 74 124 114 93 101 94 78 72 118 101 66 62 63 98 67 69 64 97 32 91 70 86 128 73 97 94 76 
182 178 166 173 158 168 147 210 173 139 167 165 107 147 201 96 165 155 165 170 224 145 155 169 179 171 174 194 163 175 181 171 
96 108 79 99 81 91 119 72 85 71 103 82 87 102 85 85 86 106 102 91 90 106 88 89 94 79 87 94 3 86 86 87 
138 125 144 125 135 141 163 93 134 118 110 116 117 140 115 143 123 131 101 117 131 117 147 115 107 125 128 133 140 147 145 7 
174 29 183 144 170 142 165 176 146 171 155 179 163 174 206 134 149 134 149 157 180 142 184 155 157 203 157 179 158 158 172 168 
4 1 3 3 2 0 0 1 4 2 4 0 4 4 6 0 2 4 2 2 7 6 2 2 4 4 2 2 0 7 2 2 
133 136 98 117 112 124 144 110 120 109 133 111 116 127 142 111 108 131 135 130 126 148 125 128 121 102 128 126 56 112 123 104 
46 36 30 43 38 40 36 34 29 36 34 21 44 42 30 34 37 30 39 17 31 18 19 21 29 24 33 21 42 22 26 48 
75 101 114 107 112 109 103 100 121 85 120 101 114 113 95 99 110 88 118 120 119 116 102 109 82 88 88 107 98 104 116 44 
127 127 144 127 128 120 107 117 119 117 123 131 150 130 126 119 146 114 147 138 123 116 126 127 120 128 0 132 110 116 135 112 
12 5 6 5 6 9 2 7 1 1 4 4 4 8 0 2 8 4 5 5 6 4 3 7 3 9 4 5 4 3 4 0 
1 0 0 0 0 1 1 0 0 0 0 0 0 1 0 0 0 0 0 0 0 0 0 0 1 0 0 0 0 0 0 1 
123 121 101 124 95 107 139 87 96 96 110 98 100 117 99 114 105 127 119 107 99 127 105 101 112 105 98 86 25 106 110 96 
214 128 210 185 183 179 190 262 217 186 235 195 162 150 187 191 216 189 194 180 231 155 195 177 212 182 163 154 145 170 195 155 
17 22 35 29 21 56 22 14 14 26 25 44 21 23 17 1 28 16 31 16 39 60 15 39 22 18 37 43 29 42 28 16 
1 0 0 0 0 0 0 0 0 0 0 0 0 0 0 0 0 0 0 1 0 0 0 0 0 0 0 0 0 0 0 0 
0 0 0 0 0 0 0 0 0 0 0 0 0 0 0 0 0 0 0 0 0 0 0 0 0 0 0 0 0 0 0 0 
110 48 111 94 109 92 89 92 102 96 92 92 101 94 94 102 83 100 87 107 91 118 118 101 111 126 108 105 92 104 60 57 
0 0 0 0 0 0 0 0 0 0 0 0 0 0 0 0 0 0 0 0 0 0 0 0 0 0 0 0 0 0 0 0 
6 8 2 2 4 6 2 2 0 0 0 2 0 10 3 0 2 8 2 4 4 0 2 4 4 2 2 2 4 6 2 0 
3 3 0 2 3 3 3 2 1 0 0 1 4 0 4 0 2 2 1 2 1 1 1 1 0 1 2 0 1 4 3 1 
11 15 12 15 15 15 10 12 18 16 16 22 13 13 10 11 21 10 13 18 15 13 12 13 17 15 22 13 13 17 16 0 
201 212 228 205 202 161 144 224 223 199 217 236 205 215 66 296 228 172 261 221 209 200 185 156 130 199 213 189 245 210 287 175 
176 156 143 141 147 170 34 145 147 162 139 122 151 129 147 154 155 128 166 136 146 140 157 150 162 142 143 154 139 165 186 160 
73 80 72 88 77 89 77 80 51 85 97 90 77 83 69 100 68 92 93 96 87 87 77 84 80 75 16 68 79 68 94 57 
421 283 387 332 390 324 364 381 388 348 350 402 361 361 277 320 334 343 384 363 360 312 373 348 382 445 368 397 352 357 417 425 
227 234 260 224 250 255 235 246 211 264 222 249 203 208 226 216 207 280 224 64 231 255 280 234 234 216 212 206 184 266 186 185 
146 120 142 141 125 130 161 120 111 117 156 137 107 122 128 113 5 139 125 144 141 131 135 147 115 137 131 123 161 129 108 114 
25 12 11 19 10 14 10 9 8 24 5 9 9 7 8 10 11 11 13 8 10 22 9 6 10 6 14 12 10 9 7 2 
149 124 114 149 133 108 143 129 115 143 123 147 127 5 125 103 122 111 145 108 120 136 136 131 145 100 129 138 135 153 139 125 
14 8 19 11 12 8 2 10 2 6 4 8 10 3 11 7 4 1 13 6 7 7 8 10 11 5 1 1 3 9 18 4 
14 11 10 8 3 5 7 5 3 4 7 4 8 8 8 10 7 9 5 1 3 4 5 11 1 6 1 3 6 7 8 1 
6 6 0 1 4 10 3 2 3 17 6 7 2 3 7 5 8 4 8 12 6 3 9 9 4 2 9 2 6 8 9 2 
33 34 34 27 31 27 34 32 31 38 32 38 33 33 29 29 29 40 44 3 31 40 36 42 19 33 21 35 30 37 34 18 
120 80 102 75 73 80 3 130 101 121 132 108 129 92 93 123 106 101 94 118 78 94 123 112 132 93 102 83 89 98 117 86 
89 81 85 74 83 80 10 103 94 99 100 87 96 93 91 103 98 81 78 89 70 95 87 85 85 82 89 87 80 81 93 77 
0 0 0 0 0 0 0 0 0 0 0 0 0 0 0 0 0 0 0 0 0 0 0 0 0 0 0 0 0 0 0 0 
108 111 131 112 116 111 30 122 103 111 109 120 117 112 118 112 109 89 123 120 107 125 99 113 115 128 104 99 110 117 101 99 
143 83 88 79 76 79 90 31 90 115 97 108 127 100 94 72 94 133 84 121 128 78 81 131 81 93 141 94 95 91 100 63 
89 91 90 79 98 106 98 93 88 76 83 74 113 102 95 109 83 102 79 83 98 77 83 95 80 10 88 89 91 96 97 82 
242 203 186 224 215 220 210 191 229 188 212 229 197 225 207 199 9 191 225 220 197 194 186 186 190 199 213 208 229 172 183 190 
177 159 133 137 154 152 153 150 121 147 153 139 169 137 149 140 144 137 145 157 139 138 155 143 160 133 148 157 4 131 139 139 
7 1 1 1 0 0 0 3 1 0 1 0 2 4 2 0 0 2 0 0 0 0 0 0 2 0 2 0 0 0 2 0 
128 59 72 74 64 98 93 78 29 89 86 77 118 85 97 82 84 121 84 115 91 68 80 109 74 105 96 104 81 120 87 95 
15 8 0 30 1 32 13 12 26 0 17 1 17 0 21 8 9 16 31 1 9 8 9 0 1 15 0 12 0 28 18 17 
214 180 183 168 177 174 51 131 170 157 179 167 169 178 161 150 149 149 221 151 189 164 154 166 147 173 169 154 147 150 173 81 
11 2 1 0 1 5 2 0 1 0 1 0 3 0 1 7 1 0 0 4 1 2 0 4 2 4 0 2 2 7 1 0 
18 28 7 8 8 7 4 6 7 10 11 9 11 8 6 3 7 14 4 13 6 9 9 7 5 7 2 2 6 6 5 4 
19 4 2 1 3 2 3 1 2 3 2 1 2 1 3 1 1 6 1 0 2 3 1 4 0 5 4 6 2 8 1 0 
8 0 1 3 0 0 2 3 1 0 0 0 2 2 0 0 2 0 4 0 1 1 0 0 2 0 1 0 1 0 2 0 
0 0 0 0 0 0 0 0 0 0 0 0 0 0 0 0 0 0 0 0 0 0 0 0 0 0 0 0 0 0 0 0 
39 56 32 30 1 26 38 39 19 22 23 35 21 12 51 20 1 10 15 37 10 24 18 38 20 22 28 25 31 30 17 25 
101 96 83 73 110 118 89 88 87 85 103 94 94 79 98 100 99 102 102 117 111 108 113 103 113 94 89 112 120 50 117 36 
135 119 142 131 121 125 147 113 109 112 141 134 110 120 122 113 2 129 119 132 128 133 139 132 114 134 126 117 152 118 111 111 
2 0 0 1 0 0 0 0 0 0 0 0 0 0 0 0 0 0 0 0 1 0 0 0 0 0 0 0 0 0 0 0 
169 144 140 167 157 129 122 157 148 144 156 149 137 132 150 127 118 152 132 114 57 139 137 151 142 142 151 131 104 136 135 136 
228 169 159 167 162 190 129 155 161 148 173 167 142 151 172 189 153 160 194 205 158 207 188 193 177 188 161 185 174 136 203 90 
