12809 1721 1378 227 198 4 0 0 0 0 0 0 0 0 0 0 0 0 0 0 0 0 0 0 0 0 0 0 0 0 0 0 
4582 438 630 32 326 0 0 0 0 0 0 0 0 0 0 0 0 0 0 0 0 0 0 0 0 0 0 0 0 0 0 0 
992 0 41 0 54 0 0 0 0 0 0 0 0 0 0 0 0 0 0 0 0 0 0 0 0 0 0 0 0 0 0 0 
13506 1994 881 106 71 0 0 0 0 0 0 0 0 0 0 0 0 0 0 0 0 0 0 0 0 0 0 0 0 0 0 0 
1246 153 62 0 329 0 0 0 0 0 0 0 0 0 0 0 0 0 0 0 0 0 0 0 0 0 0 0 0 0 0 0 
16108 1526 1885 0 454 0 0 0 0 0 0 0 0 0 0 0 0 0 0 0 0 0 0 0 0 0 0 0 0 0 0 0 
13799 612 79 5 124 7 4 0 0 0 0 0 0 0 0 0 0 0 0 0 0 0 0 0 0 0 0 0 0 0 0 0 
15672 519 495 0 374 0 0 0 0 0 0 0 0 0 0 0 0 0 0 0 0 0 0 0 0 0 0 0 0 0 0 0 
1894 357 102 0 32 25 0 0 0 0 0 0 0 0 0 0 0 0 0 0 0 0 0 0 0 0 0 0 0 0 0 0 
113794 6750 3316 854 885 0 0 0 0 0 0 0 0 0 0 0 0 0 0 0 0 0 0 0 0 0 0 0 0 0 0 0 
36456 3467 922 312 245 58 32 3 30 135 0 0 0 7 0 0 0 0 0 0 0 0 0 0 0 0 0 0 0 0 0 0 
76226 8391 6604 2375 2131 1214 556 693 0 0 0 0 0 0 0 0 0 0 0 0 0 0 0 0 0 0 0 0 0 0 0 0 
17200 1142 918 34 0 0 6 0 0 0 0 0 0 0 0 0 0 0 0 0 0 0 0 0 0 0 0 0 0 0 0 0 
49619 7888 4814 1662 866 0 0 0 0 0 0 0 0 0 0 0 0 0 0 0 0 0 0 0 0 0 0 0 0 0 0 0 
33195 4044 2957 846 783 86 0 0 0 0 0 0 0 0 0 0 0 0 0 0 0 0 0 0 0 0 0 0 0 0 0 0 
23093 7973 4265 2879 0 72 0 0 0 0 0 0 0 0 0 0 0 0 0 0 0 0 0 0 0 0 0 0 0 0 0 0 
41070 6422 3510 1034 390 167 59 32 78 295 3 0 0 0 0 0 0 0 0 0 0 0 0 0 0 0 0 0 0 0 0 0 
71279 21382 3630 1606 1357 10 0 0 0 0 0 0 0 0 3 0 0 0 0 0 0 0 0 0 0 0 0 0 0 0 0 0 
51095 6697 3170 1242 694 464 37 35 0 0 0 0 0 0 0 0 0 0 0 0 0 0 0 0 0 0 0 0 0 0 0 0 
26017 2544 1092 635 657 0 14 11 4 16 3 0 0 0 0 0 0 0 0 0 0 0 0 0 0 0 0 0 0 0 0 0 
25868 3290 443 239 34 0 0 12 0 0 6 3 0 0 0 0 0 0 0 0 0 0 0 0 0 0 0 0 0 0 0 0 
68549 11843 3570 375 0 0 32 19 0 0 0 0 0 0 0 0 0 0 0 0 0 0 0 0 0 0 0 0 0 0 0 0 
28563 3835 758 177 309 197 0 0 0 0 0 0 0 0 0 0 0 0 0 0 0 0 0 0 0 0 0 0 0 0 0 0 
62717 1783 1966 472 553 97 19 0 0 0 5 0 0 0 0 0 0 0 0 0 0 0 0 0 0 0 0 0 0 0 0 0 
64606 11213 9036 5012 92 41 0 32 15 98 0 0 0 0 0 0 0 0 0 0 0 0 0 0 0 0 0 0 0 0 0 0 
28116 3567 1667 103 101 128 0 4 0 0 0 0 0 0 0 0 0 0 0 0 0 0 0 0 0 0 0 0 0 0 0 0 
30573 6364 7064 175 127 111 0 0 0 0 0 0 0 0 0 0 0 0 0 0 0 0 0 0 0 0 0 0 0 0 0 0 
17301 942 2102 107 0 0 0 0 0 0 0 0 0 0 0 0 0 0 0 0 0 0 0 0 0 0 0 0 0 0 0 0 
54795 7305 2235 326 162 13 119 313 9 0 0 0 0 0 0 0 0 0 0 0 0 0 0 0 0 0 0 0 0 0 0 0 
57155 9314 1420 517 284 283 0 0 0 0 0 0 0 0 0 0 0 0 0 0 0 0 0 0 0 0 0 0 0 0 0 0 
65314 16063 2264 244 3 116 11 16 0 5 0 0 0 0 0 0 0 0 0 0 0 0 0 0 0 0 0 0 0 0 0 0 
39997 9294 3864 0 0 0 0 0 0 0 0 0 0 0 0 0 0 0 0 0 0 0 0 0 0 0 0 0 0 0 0 0 
20977 2191 1746 484 412 345 47 56 66 45 0 8 0 0 0 0 0 0 0 0 0 0 0 0 0 0 0 0 0 0 0 0 
52703 5250 3997 778 424 300 250 0 0 10 0 0 0 0 0 0 0 0 0 0 0 0 0 0 0 0 0 0 0 0 0 0 
45076 6895 5716 3111 1058 1351 917 378 1891 6 0 0 0 0 0 0 0 0 0 0 0 0 0 0 0 0 0 0 0 0 0 0 
33894 5216 3358 2330 1205 309 494 39 49 119 90 485 0 0 0 0 0 0 0 0 0 0 0 0 0 0 0 0 0 0 0 0 
49164 10805 3757 2368 0 0 0 0 0 0 0 0 0 0 0 0 0 0 0 0 0 0 0 0 0 0 0 0 0 0 0 0 
37784 9724 1876 1561 11 5 0 0 45 0 0 0 0 0 0 0 0 0 0 0 0 0 0 0 0 0 0 0 0 0 0 0 
29691 3981 2349 1335 108 84 91 229 27 0 126 119 0 0 0 0 0 0 0 0 0 0 0 0 0 0 0 0 0 0 0 0 
64665 8437 2670 1011 300 133 122 57 29 37 24 3 37 1 0 0 0 0 0 0 0 0 0 0 0 0 0 0 0 0 0 0 
27452 1555 254 288 189 12 19 13 8 0 4 0 0 0 0 2 0 0 0 0 0 0 0 0 0 0 0 0 0 0 0 0 
15192 2589 482 232 71 0 33 34 63 0 13 0 32 0 0 0 0 0 0 0 0 0 0 0 0 0 0 0 0 0 0 0 
47230 6952 4384 1413 1143 908 959 178 48 12 61 49 0 60 0 0 0 0 0 0 0 0 0 0 0 0 0 0 0 0 0 0 
36931 3069 2063 468 166 37 8 0 12 5 58 13 4 0 0 0 0 0 0 0 0 0 0 0 0 0 0 0 0 0 0 0 
58187 10084 4056 1003 493 798 134 78 135 260 310 341 62 0 0 0 0 0 0 0 0 0 0 0 0 0 0 0 0 0 0 0 
31081 1795 1652 1698 2 26 0 9 15 0 0 3 0 0 0 0 0 0 0 0 0 0 0 0 0 0 0 0 0 0 0 0 
45936 6547 5314 3602 142 162 31 14 0 0 10 0 0 0 0 0 0 0 0 0 0 0 0 0 0 0 0 0 0 0 0 0 
50504 14523 1501 138 67 263 0 0 0 0 14 6 0 0 0 0 0 0 0 0 0 0 0 0 0 0 0 0 0 0 0 0 
42172 6214 3005 960 298 501 110 0 0 0 0 0 0 0 0 0 0 0 0 0 0 0 0 0 0 0 0 0 0 0 0 0 
20515 6507 2432 1657 0 44 91 100 27 115 219 171 31 4 0 0 0 0 0 0 0 0 0 0 0 0 0 0 0 0 0 0 
69211 6687 5782 2018 503 566 395 94 126 0 0 0 0 0 0 0 0 0 0 0 0 0 0 0 0 0 0 0 0 0 0 0 
10539 2440 333 84 171 117 188 0 6 40 4 45 0 0 0 0 0 0 0 0 0 0 0 0 0 0 0 0 0 0 0 0 
83054 10503 4594 735 209 105 52 0 0 7 0 12 0 0 0 0 0 0 0 0 0 0 0 0 0 0 0 0 0 0 0 0 
44146 5274 2316 443 76 47 63 10 49 4 10 0 0 0 0 0 0 0 0 0 0 0 0 0 0 0 0 0 0 0 0 0 
13035 1661 178 53 0 0 0 18 68 0 7 5 115 0 0 0 0 0 0 0 0 0 0 0 0 0 0 0 0 0 0 0 
76407 11028 7762 3540 735 934 748 650 297 250 1155 836 0 0 0 0 0 0 0 0 0 0 0 0 0 0 0 0 0 0 0 0 
77693 8718 5140 1891 1154 497 20 21 52 11 25 0 12 0 0 0 0 0 0 0 0 0 0 0 0 0 0 0 0 0 0 0 
50890 5771 5757 2865 793 1559 2266 0 0 0 0 0 0 0 0 0 0 0 0 0 0 0 0 0 0 0 0 0 0 0 0 0 
55037 3847 3398 1415 516 235 125 53 55 40 79 0 6 0 0 0 0 0 0 0 0 0 0 0 0 0 0 0 0 0 0 0 
78019 5751 6705 2350 912 630 573 0 8 15 17 0 0 0 0 0 0 0 0 0 0 0 0 0 0 0 0 0 0 0 0 0 
62134 5671 4125 1825 787 793 562 162 53 267 6 13 0 0 0 0 0 0 0 0 0 0 0 0 0 0 0 0 0 0 0 0 
61289 6054 3804 1857 330 395 180 70 22 26 28 0 0 0 0 0 0 0 0 0 0 0 0 0 0 0 0 0 0 0 0 0 
54107 3536 1233 594 294 375 75 64 108 25 21 0 0 0 0 0 0 0 0 0 0 0 0 0 0 0 0 0 0 0 0 0 
66637 5132 4265 806 467 312 93 100 15 13 21 0 0 0 0 0 0 0 0 0 0 0 0 0 0 0 0 0 0 0 0 0 
60893 5167 3836 1874 1154 200 28 21 26 0 17 0 12 0 0 0 0 0 0 0 0 0 0 0 0 0 0 0 0 0 0 0 
85345 10724 5368 1964 522 777 220 126 36 5 100 5 2 0 0 0 0 0 0 0 0 0 0 0 0 0 0 0 0 0 0 0 
60923 4558 4698 1688 540 897 155 117 147 85 257 245 0 0 0 0 0 0 0 0 0 0 0 0 0 0 0 0 0 0 0 0 
47670 4716 3557 1305 412 630 243 803 33 15 42 0 0 0 0 0 0 0 0 0 0 0 0 0 0 0 0 0 0 0 0 0 
52833 7012 3142 1163 546 361 134 68 118 10 44 0 0 0 0 0 0 0 0 0 0 0 0 0 0 0 0 0 0 0 0 0 
49820 4433 2253 1019 503 511 261 74 0 25 341 2 0 0 0 0 0 0 0 0 0 0 0 0 0 0 0 0 0 0 0 0 
79891 11113 4718 2046 887 618 381 1547 6 15 16 19 4 0 0 0 0 0 0 0 0 0 0 0 0 0 0 0 0 0 0 0 
58510 5366 2366 1329 537 347 107 64 50 0 7 8 0 0 0 0 0 0 0 0 0 0 0 0 0 0 0 0 0 0 0 0 
52522 5924 4149 1147 474 683 189 39 52 57 131 50 14 0 0 0 0 0 0 0 0 0 0 0 0 0 0 0 0 0 0 0 
70754 9258 6227 2281 389 717 239 250 242 74 703 3 0 0 0 0 0 0 0 0 0 0 0 0 0 0 0 0 0 0 0 0 
58728 8503 3180 1007 240 326 215 220 61 23 17 0 0 0 0 0 0 0 0 0 0 0 0 0 0 0 0 0 0 0 0 0 
29668 1896 894 573 158 175 164 68 40 15 25 6 4 0 0 0 0 0 0 0 0 0 0 0 0 0 0 0 0 0 0 0 
53907 4139 2108 842 374 191 123 421 123 10 25 320 0 0 0 0 0 0 0 0 0 0 0 0 0 0 0 0 0 0 0 0 
34585 1464 1713 689 197 305 66 15 4 18 24 0 0 8 0 0 0 0 0 0 0 0 0 0 0 0 0 0 0 0 0 0 
37408 2426 1492 666 199 172 48 44 8 16 6 0 0 5 0 0 0 0 0 0 0 0 0 0 0 0 0 0 0 0 0 0 
47759 4711 3030 1828 349 612 148 204 340 0 19 12 0 0 0 0 0 0 0 0 0 0 0 0 0 0 0 0 0 0 0 0 
47360 8088 5489 2426 336 614 409 498 204 340 852 486 302 0 0 0 0 0 0 0 0 0 0 0 0 0 0 0 0 0 0 0 
44654 9843 2215 414 876 38 62 0 9 21 34 0 0 0 0 0 0 0 0 0 0 0 0 0 0 0 0 0 0 0 0 0 
43984 5769 2241 467 770 250 229 10 4 21 24 0 0 2 0 0 0 0 0 0 0 0 0 0 0 0 0 0 0 0 0 0 
43010 2704 2521 1078 391 197 104 89 185 26 37 0 0 0 0 0 0 0 0 0 0 0 0 0 0 0 0 0 0 0 0 0 
73852 11482 6183 2252 875 511 372 20 81 129 20 14 0 3 0 0 0 0 0 0 0 0 0 0 0 0 0 0 0 0 0 0 
60342 5814 3341 732 411 208 48 72 28 14 21 0 0 0 0 0 0 0 0 0 0 0 0 0 0 0 0 0 0 0 0 0 
38454 6175 2809 1669 152 116 60 20 54 4 23 3 0 0 0 0 0 0 0 0 0 0 0 0 0 0 0 0 0 0 0 0 
20897 1455 1540 1122 207 237 191 0 0 54 0 0 200 0 14 0 0 0 0 0 0 0 0 0 0 0 0 0 0 0 0 0 
23149 4841 3155 1346 218 305 58 289 37 206 284 133 35 0 0 0 0 0 0 0 0 0 0 0 0 0 0 0 0 0 0 0 
42138 5277 4059 2036 521 454 203 303 55 131 46 0 0 0 0 0 0 0 0 0 0 0 0 0 0 0 0 0 0 0 0 0 
36032 5453 1475 266 273 101 151 75 222 24 17 0 0 0 0 0 0 0 0 0 0 0 0 0 0 0 0 0 0 0 0 0 
41758 7230 3126 1251 625 328 203 198 604 25 30 0 33 1 0 0 0 0 0 0 0 0 0 0 0 0 0 0 0 0 0 0 
14239 2453 340 164 114 72 158 63 225 0 21 8 69 0 0 0 0 0 0 0 0 0 0 0 0 0 0 0 0 0 0 0 
24621 1287 1300 770 162 174 83 105 4 20 21 13 0 0 0 0 0 0 0 0 0 0 0 0 0 0 0 0 0 0 0 0 
22530 976 1186 206 181 188 123 14 23 14 9 0 2 0 0 0 0 0 0 0 0 0 0 0 0 0 0 0 0 0 0 0 
18775 1042 668 398 239 84 0 16 0 0 0 1 0 6 0 0 0 0 0 0 0 0 0 0 0 0 0 0 0 0 0 0 
42232 4384 1423 834 435 190 42 143 165 9 47 9 83 8 0 0 0 0 0 0 0 0 0 0 0 0 0 0 0 0 0 0 
44691 3472 1546 669 194 249 234 161 80 13 3 8 0 0 0 0 0 0 0 0 0 0 0 0 0 0 0 0 0 0 0 0 
25682 2290 1550 804 548 133 96 11 51 128 5 11 0 0 0 0 0 0 0 0 0 0 0 0 0 0 0 0 0 0 0 0 
41418 4635 1716 732 342 299 198 89 88 16 26 25 3 5 0 0 0 0 0 0 0 0 0 0 0 0 0 0 0 0 0 0 
55750 7972 2412 649 538 454 146 0 3 0 0 12 14 0 0 0 0 0 0 0 0 0 0 0 0 0 0 0 0 0 0 0 
37637 2951 2429 1082 249 400 75 33 145 30 102 49 43 0 0 0 0 0 0 0 0 0 0 0 0 0 0 0 0 0 0 0 
49839 7310 5931 3465 994 762 339 262 1238 142 523 0 0 0 0 0 0 0 0 0 0 0 0 0 0 0 0 0 0 0 0 0 
28254 3841 807 390 210 257 250 38 74 0 0 4 0 0 0 0 0 0 0 0 0 0 0 0 0 0 0 0 0 0 0 0 
21844 1624 778 377 134 115 91 58 57 0 0 0 0 0 0 0 0 0 0 0 0 0 0 0 0 0 0 0 0 0 0 0 
15897 2111 1102 451 65 82 0 6 0 0 0 5 0 0 0 0 0 0 0 0 0 0 0 0 0 0 0 0 0 0 0 0 
37666 4581 3196 1368 583 1433 4 13 21 27 53 5 20 2 0 0 0 0 0 0 0 0 0 0 0 0 0 0 0 0 0 0 
20093 2682 664 825 134 116 100 88 39 0 6 0 0 1 0 0 8 0 0 0 0 0 0 0 0 0 0 0 0 0 0 0 
25569 1162 1136 303 261 83 35 0 0 0 0 0 0 2 0 0 0 0 0 0 0 0 0 0 0 0 0 0 0 0 0 0 
32686 3241 1289 1055 910 329 46 23 10 50 0 0 0 0 0 0 0 0 0 0 0 0 0 0 0 0 0 0 0 0 0 0 
30253 4446 2712 776 678 255 378 12 0 8 0 21 0 10 52 0 0 0 0 0 0 0 0 0 0 0 0 0 0 0 0 0 
53605 5457 2045 1259 449 377 165 25 54 81 6 38 8 286 0 0 0 0 0 0 0 0 0 0 0 0 0 0 0 0 0 0 
14360 470 925 471 96 210 160 68 26 0 0 0 0 0 0 0 0 0 0 0 0 0 0 0 0 0 0 0 0 0 0 0 
31327 1988 1156 390 432 240 8 25 8 28 0 0 0 0 0 0 0 0 0 0 0 0 0 0 0 0 0 0 0 0 0 0 
46685 6266 2930 1787 786 503 403 175 104 381 0 6 0 0 4 0 0 0 0 0 0 0 0 0 0 0 0 0 0 0 0 0 
54640 9308 3505 1445 963 680 240 292 86 60 19 17 12 5 16 0 0 0 0 0 0 0 0 0 0 0 0 0 0 0 0 0 
24775 2959 2091 1029 807 272 25 70 12 5 24 56 0 0 0 0 0 0 0 0 0 0 0 0 0 0 0 0 0 0 0 0 
25034 4558 2506 692 1127 356 314 225 0 1306 0 4 0 35 0 0 0 0 0 0 0 0 0 0 0 0 0 0 0 0 0 0 
26178 3459 2219 830 498 315 64 31 43 147 7 10 23 22 35 0 0 0 0 0 0 0 0 0 0 0 0 0 0 0 0 0 
6346 292 414 126 179 164 33 0 0 0 0 0 0 0 0 0 0 0 0 0 0 0 0 0 0 0 0 0 0 0 0 0 
4175 617 661 208 53 40 77 29 21 23 6 4 0 0 27 0 0 0 0 0 0 0 0 0 0 0 0 0 0 0 0 0 
4880 898 48 49 0 0 0 12 34 0 0 0 107 104 0 0 0 0 0 0 0 0 0 0 0 0 0 0 0 0 0 0 
5768 659 35 68 0 0 0 12 39 0 0 0 125 63 0 0 0 0 0 0 0 0 0 0 0 0 0 0 0 0 0 0 
5386 1161 120 53 0 0 0 68 700 0 0 0 76 21 0 0 0 0 0 0 0 0 0 0 0 0 0 0 0 0 0 0 
2379 837 16 36 0 0 0 0 91 0 0 6 41 78 0 0 0 0 0 0 0 0 0 0 0 0 0 0 0 0 0 0 
