1818 382 125 0 0 0 0 0 0 0 736 134 159 68 261 0 232 97 0 0 0 42 84 0 126 0 0 0 0 0 0 0 
2263 171 82 0 0 0 0 0 0 0 1148 30 0 178 0 86 342 34 0 68 0 0 42 0 42 0 0 0 0 0 0 0 
2079 353 39 0 0 0 0 0 0 0 803 60 349 84 152 42 330 0 0 102 0 0 0 0 0 0 0 0 0 0 0 0 
1811 449 36 0 0 0 0 0 0 0 825 30 184 238 152 218 110 0 0 42 0 42 0 0 42 0 0 0 0 0 0 0 
1842 260 36 0 0 0 0 0 0 0 820 30 64 208 0 79 428 33 0 34 0 0 0 0 0 0 0 0 0 0 0 0 
1581 100 551 94 0 0 0 0 0 0 642 0 96 34 0 348 272 0 0 102 0 248 0 40 0 100 0 0 0 0 0 0 
1538 396 144 30 0 0 0 0 0 0 524 58 122 205 76 330 38 136 0 0 0 116 0 0 84 36 0 0 0 0 0 0 
1712 226 137 0 0 0 0 0 0 0 521 52 412 0 263 152 70 162 0 162 0 120 0 0 42 0 0 0 0 0 0 0 
1724 425 72 35 0 0 0 0 0 0 680 190 361 0 100 209 236 33 62 0 32 32 0 0 83 0 0 0 0 0 0 0 
1552 229 39 35 0 0 0 0 0 0 627 463 155 20 28 125 80 0 62 0 0 0 0 0 65 0 0 0 0 0 0 0 
1764 57 111 189 0 0 0 0 0 0 656 481 134 0 0 30 76 0 238 76 0 0 40 0 0 0 0 0 0 0 0 0 
1812 198 48 0 0 0 0 0 0 0 489 672 192 28 70 156 108 0 36 0 0 0 0 0 0 0 0 0 0 0 0 0 
1684 492 0 0 0 0 0 0 0 0 550 449 162 199 38 226 152 0 0 0 0 99 0 0 0 0 0 0 0 0 0 0 
2092 155 0 49 0 0 0 0 0 0 490 902 100 34 102 32 0 0 98 72 42 0 0 0 0 0 0 0 0 0 0 0 
1303 184 181 157 87 0 0 0 0 0 355 315 0 0 38 106 110 24 148 38 143 140 106 64 52 0 0 0 0 0 0 0 
1438 653 0 0 0 0 0 0 0 0 536 192 324 136 285 0 0 39 114 0 84 64 0 0 0 0 0 0 0 0 0 0 
1512 1080 50 0 0 0 0 0 0 0 832 0 255 177 332 37 33 34 80 0 140 84 0 41 0 0 0 0 37 0 0 0 
1047 914 44 0 0 0 0 0 0 0 422 52 242 337 208 0 34 0 0 170 156 42 0 0 0 0 0 0 0 0 0 0 
1482 611 164 0 0 0 0 0 0 0 725 0 0 585 0 71 102 64 0 34 76 42 0 0 0 0 0 0 0 0 0 0 
1524 346 247 142 0 0 0 0 0 0 563 0 0 598 0 0 34 68 90 41 181 84 76 0 0 0 0 0 0 0 0 0 
1524 372 284 168 0 0 0 0 0 0 863 0 0 304 0 175 0 0 148 0 38 133 76 0 0 0 34 0 0 0 0 0 
893 715 549 296 0 0 0 0 0 0 460 29 165 207 29 364 24 0 262 0 0 358 0 0 0 0 0 0 0 0 0 0 
1371 751 73 36 0 0 0 0 0 0 666 0 51 580 119 0 0 67 34 102 68 0 0 0 0 0 0 0 0 0 0 0 
1565 694 294 80 0 0 0 0 0 0 755 34 0 483 59 34 30 98 359 102 0 144 0 0 0 0 0 0 0 0 0 0 
1401 726 150 156 0 0 0 0 0 0 715 0 0 240 408 0 27 189 134 0 101 0 0 0 0 0 0 0 0 0 0 0 
1271 345 244 164 0 0 0 0 0 0 706 0 0 233 29 0 28 98 243 0 68 170 76 0 0 0 0 0 0 0 0 0 
1414 356 579 386 0 0 0 0 0 0 614 0 0 225 98 216 0 34 457 0 166 42 152 42 0 0 0 0 0 0 0 0 
1023 389 411 398 0 0 0 0 0 0 584 0 0 164 59 0 0 224 539 0 34 38 76 0 0 0 0 0 0 0 0 0 
1157 622 464 139 0 0 0 0 0 0 423 30 216 315 149 67 129 32 333 0 38 75 0 42 0 0 0 0 0 0 0 0 
1752 396 258 0 0 0 0 0 0 0 652 0 270 42 0 230 420 76 0 136 0 0 0 0 0 36 0 0 0 0 0 0 
1254 765 621 62 0 0 0 0 0 0 508 30 410 0 0 288 356 258 0 230 0 0 0 0 0 40 0 0 0 0 0 0 
1734 213 299 0 0 0 0 0 0 0 742 0 0 68 38 198 494 0 0 136 0 42 42 0 0 0 0 0 0 0 0 0 
1531 568 612 0 0 0 0 0 0 0 688 0 0 162 0 558 232 68 238 72 76 84 0 0 0 0 0 0 0 0 0 0 
2001 228 107 0 0 0 0 0 0 0 732 0 416 289 0 139 0 124 0 0 84 0 0 0 0 0 0 0 0 0 0 0 
1779 601 200 0 0 0 0 0 0 0 582 0 357 452 0 0 0 214 34 0 84 208 42 0 0 0 0 0 0 0 0 0 
1388 714 457 66 0 0 0 0 0 0 508 0 284 290 0 241 0 126 34 184 186 68 34 0 0 0 0 34 0 0 0 0 
1149 392 611 195 162 35 0 0 0 0 480 0 30 30 0 146 0 606 100 0 204 0 0 64 0 0 102 0 0 108 0 0 
1791 246 0 0 0 0 0 0 0 0 822 206 0 162 62 0 0 284 0 0 24 42 0 0 0 0 0 0 0 0 0 0 
1685 248 33 0 0 0 0 0 0 0 816 56 20 183 120 0 0 170 0 0 38 42 24 0 0 0 0 0 0 0 0 0 
1819 178 207 168 61 0 0 0 0 0 907 30 0 98 74 24 0 72 0 0 224 169 82 102 0 40 36 0 0 0 0 0 
1014 438 519 402 53 0 0 0 0 0 464 0 0 84 0 34 0 166 0 241 223 426 82 72 0 42 38 82 0 0 0 0 
1143 184 214 115 0 0 0 0 0 0 368 472 28 0 0 145 0 91 32 135 74 41 41 0 0 0 0 41 0 0 0 0 
1220 230 0 0 0 0 0 0 0 0 432 356 96 0 112 0 0 200 32 0 42 0 88 0 0 0 0 0 0 0 0 0 
1898 167 190 82 0 0 0 0 0 0 714 181 0 34 172 0 0 239 0 0 285 126 42 78 0 0 32 0 0 0 0 0 
1304 94 309 37 241 165 0 0 0 0 544 28 0 24 0 0 62 280 0 0 176 0 0 222 96 0 162 128 0 0 0 0 
998 893 325 233 193 0 0 0 0 0 444 0 0 217 324 0 0 173 0 0 84 106 212 158 84 72 0 34 84 0 0 0 
1303 1107 139 87 0 0 0 0 0 0 489 34 420 216 184 0 38 264 0 0 106 118 76 0 0 0 0 0 42 0 0 0 
1936 346 267 0 0 0 0 0 0 0 754 30 133 180 134 36 210 286 0 34 160 84 0 0 0 0 0 0 0 0 0 0 
1696 204 272 45 0 0 0 0 0 0 845 60 29 30 67 215 211 101 0 0 156 72 38 0 0 0 38 0 0 0 0 0 
1443 85 376 353 49 0 0 0 0 0 636 236 0 30 0 168 67 0 99 70 0 148 214 76 68 0 38 0 74 41 0 0 
1507 314 313 176 0 0 0 0 0 0 835 166 28 78 37 179 165 72 81 351 0 0 23 0 0 0 0 0 0 0 0 0 
637 180 430 342 0 0 0 0 0 0 392 0 0 30 0 30 33 101 98 427 0 38 46 0 0 0 0 0 0 0 0 0 
1310 286 502 0 0 0 0 0 0 0 651 0 0 175 112 104 132 146 0 41 0 0 0 152 170 0 0 0 0 0 0 0 
1765 161 0 70 0 0 0 0 0 0 948 67 59 152 138 0 0 84 0 188 84 0 0 0 0 0 0 0 0 0 0 0 
1574 247 215 35 0 0 0 0 0 0 793 0 60 201 213 0 98 109 0 72 84 0 42 0 0 0 0 0 0 0 0 0 
1676 213 84 411 201 53 0 0 0 0 864 0 76 126 42 42 132 42 0 150 0 30 0 108 0 114 76 136 0 0 0 0 
1404 0 253 491 294 150 0 0 0 0 660 0 0 0 0 0 24 0 48 54 0 108 0 304 0 106 76 518 68 0 0 0 
1724 282 70 82 0 0 0 0 0 0 854 30 76 68 116 0 0 67 0 34 154 137 0 84 0 0 96 0 0 0 0 0 
1850 201 0 100 0 0 0 0 0 0 1026 0 114 0 280 0 0 0 0 0 38 60 0 112 0 0 0 0 0 0 0 0 
1212 115 215 208 271 82 0 0 0 0 566 0 0 0 145 0 0 150 0 0 67 154 66 240 32 0 152 34 42 0 0 0 
1117 28 0 193 77 70 0 0 0 0 548 0 0 0 32 0 0 24 0 80 112 24 0 106 32 0 258 0 0 0 0 0 
1506 205 0 74 0 0 0 0 0 0 648 150 0 188 0 0 0 108 0 96 80 0 40 108 32 0 64 0 0 0 0 0 
1907 597 83 0 0 0 0 0 0 0 656 197 30 669 0 76 0 208 42 0 71 83 0 0 0 0 0 0 0 0 0 0 
1242 680 156 135 0 0 0 0 0 0 612 0 328 68 0 179 42 0 90 0 0 210 37 0 0 0 0 41 0 0 0 0 
1580 366 78 165 0 0 0 0 0 0 755 123 52 210 60 165 0 0 112 0 34 183 0 0 0 0 0 0 0 0 0 0 
1496 791 0 70 0 0 0 0 0 0 643 0 142 570 198 63 0 0 0 106 84 0 42 0 0 0 0 0 0 0 0 0 
1702 124 98 0 0 0 0 0 0 0 926 119 60 120 0 128 34 0 0 41 0 0 0 0 0 0 0 0 0 0 0 0 
1845 494 197 88 0 0 0 0 0 0 596 406 126 257 60 162 170 0 156 0 0 75 0 0 0 0 0 41 0 0 0 0 
1538 651 113 140 0 0 0 0 0 0 658 30 230 282 243 140 70 101 142 70 40 38 0 0 0 0 0 0 0 0 0 0 
1796 297 206 0 0 0 0 0 0 0 799 50 142 201 0 384 33 95 74 0 41 0 0 0 0 0 0 0 0 0 0 0 
1695 43 474 42 0 0 0 0 0 0 617 163 0 0 34 602 234 33 0 34 84 0 0 0 34 0 0 0 41 41 0 0 
1486 189 193 238 49 0 0 0 0 0 630 30 66 119 132 141 0 68 178 84 72 136 0 0 0 106 76 0 0 0 0 0 
999 310 387 233 329 0 0 0 0 0 452 0 30 124 0 0 48 110 132 0 74 230 142 52 0 204 0 158 0 0 0 0 
1273 105 64 181 0 0 0 0 0 0 638 0 76 20 0 0 0 94 0 20 176 144 36 24 0 32 140 0 0 0 0 0 
1460 0 98 295 532 106 0 0 0 0 635 0 76 0 0 0 0 0 0 0 106 144 0 320 0 72 190 262 0 68 0 0 
1113 0 49 292 734 179 0 0 0 0 536 0 0 0 0 0 0 0 0 30 0 38 24 484 98 98 38 152 148 94 0 0 
1432 164 196 154 695 0 0 0 0 0 623 29 76 0 107 0 0 257 0 30 74 74 0 246 0 298 0 68 38 34 0 0 
1347 254 88 412 537 53 0 0 0 0 576 0 0 30 134 0 0 150 0 30 0 219 0 210 0 326 76 110 140 0 0 0 
1871 412 35 31 0 0 0 0 0 0 935 0 182 30 318 0 0 29 38 34 72 99 0 0 0 32 0 0 0 0 0 0 
1810 209 0 62 0 0 0 0 0 0 976 0 76 0 316 0 0 0 0 0 108 112 0 0 0 0 0 0 0 0 0 0 
1461 153 75 213 31 42 0 0 0 0 702 0 26 0 204 0 0 32 0 0 180 114 0 148 0 32 60 0 70 0 0 0 
1002 347 105 235 153 93 0 0 0 0 456 0 0 30 300 0 0 72 0 76 0 0 88 192 64 0 64 160 70 72 0 0 
1268 291 0 25 0 0 0 0 0 0 648 0 0 0 300 0 0 114 28 96 0 124 0 0 0 0 0 0 0 0 0 0 
1748 157 0 0 0 0 0 0 0 0 786 236 0 207 162 0 0 34 0 56 0 64 0 32 0 0 0 0 0 0 0 0 
1307 391 0 27 0 0 0 0 0 0 617 34 0 300 70 0 0 0 108 89 0 284 0 0 0 0 0 0 0 0 0 0 
1547 136 378 119 0 0 0 0 0 0 720 0 0 189 0 0 262 0 281 0 67 116 0 64 0 0 0 0 0 0 0 0 
1117 68 639 262 0 0 0 0 0 0 428 30 0 137 164 217 116 0 156 0 98 126 0 84 40 42 0 0 40 40 0 0 
913 176 489 100 0 0 0 0 0 0 392 0 0 0 134 248 0 0 154 0 58 84 106 24 64 116 0 0 40 80 0 0 
800 108 193 459 0 77 0 0 0 0 432 20 0 0 28 56 0 0 124 0 200 80 60 24 0 62 0 0 258 38 0 0 
1108 170 48 366 43 0 0 0 0 0 466 30 0 146 0 30 76 0 60 0 48 0 102 24 112 178 0 0 146 32 0 0 
1672 408 342 81 0 0 0 0 0 0 712 28 0 341 0 150 260 59 208 0 0 0 84 42 0 0 0 0 0 0 0 0 
1401 875 103 0 0 0 0 0 0 0 700 0 98 383 119 0 417 32 104 0 0 0 0 0 0 0 0 0 0 0 0 0 
1139 760 375 36 0 0 0 0 0 0 527 0 222 239 59 30 396 153 32 75 0 37 0 0 0 0 0 0 0 0 0 0 
1249 674 691 0 0 0 0 0 0 0 493 60 0 205 330 150 256 171 132 0 34 34 0 0 0 0 0 0 0 0 0 0 
1543 601 263 169 0 0 0 0 0 0 554 180 34 60 395 180 38 0 128 0 71 265 0 0 0 38 0 0 0 0 0 0 
1443 819 36 158 0 0 0 0 0 0 596 204 240 0 402 67 0 0 136 67 184 82 0 0 0 0 0 0 38 0 0 0 
1421 778 42 62 0 0 0 0 0 0 541 178 328 0 429 0 24 0 198 0 76 0 0 0 0 0 0 0 42 0 0 0 
1938 583 101 0 0 0 0 0 0 0 493 503 504 34 116 326 42 0 62 0 78 0 0 0 0 0 0 0 0 0 0 0 
1628 441 0 129 0 0 0 0 0 0 774 89 101 0 292 33 0 0 34 48 0 0 68 0 0 80 114 0 0 0 0 0 
1047 182 43 447 77 0 0 0 0 0 556 0 0 0 60 0 0 0 58 50 240 28 102 148 38 40 38 0 40 0 0 0 
1152 213 384 159 0 0 0 0 0 0 526 0 0 0 160 80 24 0 16 48 104 0 0 332 136 142 0 40 0 0 0 0 
1589 41 0 112 0 0 0 0 0 0 862 0 0 0 110 56 0 0 64 0 0 28 0 68 0 72 0 0 0 0 0 0 
1472 0 132 88 0 0 0 0 0 0 556 148 0 0 0 60 0 0 300 0 0 124 88 0 32 146 0 0 82 124 0 0 
1971 0 28 76 43 0 0 0 0 0 878 336 0 0 0 66 20 0 0 0 0 44 24 0 28 180 0 42 58 42 0 0 
1491 50 34 294 221 72 0 0 0 0 671 98 0 0 0 0 0 32 0 150 0 0 0 0 239 0 0 0 342 42 0 0 
1919 0 0 223 0 36 0 0 0 0 962 148 0 0 0 0 0 0 0 0 0 192 0 0 0 36 126 0 146 80 0 0 
1483 0 34 160 0 0 0 0 0 0 694 72 0 0 0 102 0 80 100 74 0 48 32 0 28 90 48 0 82 0 0 0 
1594 0 321 286 164 70 0 0 0 0 548 226 0 0 0 204 30 30 76 0 114 34 0 0 0 176 34 126 250 68 0 0 
1392 121 63 153 0 0 0 0 0 0 787 28 95 0 72 63 0 65 0 74 16 99 36 0 56 28 0 0 0 40 0 0 
2008 194 0 0 0 0 0 0 0 0 1022 306 168 0 77 39 76 38 0 0 37 34 0 0 0 0 0 0 0 0 0 0 
1563 159 147 163 0 0 0 0 0 0 576 312 121 0 69 39 0 0 65 16 130 168 174 0 0 0 0 56 0 0 0 0 
1243 91 661 410 0 0 0 0 0 0 526 0 0 0 178 0 80 0 144 0 38 594 212 0 0 0 0 0 0 0 0 0 
1696 125 34 145 0 43 0 0 0 0 649 234 161 0 0 0 0 0 48 0 57 294 180 0 0 0 0 38 36 0 0 0 
1366 849 92 254 0 0 0 0 0 0 643 0 292 0 63 0 0 0 188 0 478 268 36 0 0 0 0 0 0 0 0 0 
1597 511 119 117 0 0 0 0 0 0 473 255 401 0 322 68 0 0 102 0 227 76 0 0 0 42 0 0 0 0 0 0 
876 153 180 675 85 0 0 0 0 0 384 0 0 0 30 0 0 32 40 124 588 114 64 0 0 144 76 38 0 0 0 0 
966 349 0 285 664 183 0 0 0 0 456 0 0 146 0 0 0 0 40 0 142 0 0 258 0 52 224 224 118 222 0 0 
1020 327 63 605 349 50 0 0 0 0 538 0 0 30 207 42 0 0 0 0 0 0 250 86 34 214 186 140 42 68 0 0 
1525 606 132 171 0 0 0 0 0 0 874 0 0 0 296 84 28 0 254 180 37 41 86 0 0 0 0 0 0 0 0 0 
1212 452 108 144 0 0 0 0 0 0 552 0 0 30 290 168 38 0 56 68 66 58 128 0 0 0 0 0 0 0 0 0 
1443 289 0 344 0 0 0 0 0 0 675 29 0 170 96 0 42 0 0 290 84 144 152 0 0 24 0 0 0 0 0 0 
1121 671 0 261 26 0 0 0 0 0 479 0 0 346 163 0 126 34 0 283 0 212 40 0 0 72 0 0 0 0 0 0 
1505 487 51 0 0 0 0 0 0 0 695 328 160 28 187 0 42 0 34 104 0 0 0 0 0 0 0 0 0 0 0 0 
2062 121 0 0 0 0 0 0 0 0 1001 218 136 106 0 0 84 68 0 0 0 0 0 0 0 0 0 0 0 0 0 0 
2050 678 0 129 0 0 0 0 0 0 760 164 64 200 336 0 42 102 262 64 84 75 0 0 0 0 0 0 0 0 0 0 
1578 191 106 285 34 72 0 0 0 0 766 76 52 34 0 0 24 160 0 102 74 60 40 0 30 0 66 0 162 152 0 0 
1229 0 245 314 172 196 0 0 0 0 556 15 0 0 0 16 24 120 0 56 0 118 0 152 38 32 42 38 233 196 0 0 
1617 0 72 43 0 0 0 0 0 0 792 345 28 0 0 32 0 120 0 0 0 56 0 0 0 0 24 0 0 0 0 0 
1129 136 186 213 0 0 0 0 0 0 464 186 0 0 0 32 0 208 48 32 123 210 24 24 0 64 0 0 0 42 0 0 
1384 154 0 156 206 43 0 0 0 0 686 98 0 0 33 0 0 207 48 0 0 166 28 0 162 24 72 38 106 0 0 0 
1084 0 0 194 1287 304 0 0 0 0 480 0 0 0 0 0 0 0 0 30 0 0 0 236 472 108 158 98 470 76 0 0 
1328 147 432 224 178 256 0 0 0 0 708 0 0 0 112 0 400 98 62 160 41 0 0 0 38 42 30 112 102 76 0 0 
1487 541 299 36 0 0 0 0 0 0 758 0 0 371 126 0 233 196 0 33 104 40 0 90 0 0 0 0 0 0 0 0 
1226 156 633 43 53 0 0 0 0 0 596 0 0 0 28 0 114 531 146 32 0 0 0 74 0 62 0 0 60 0 0 0 
1346 0 185 72 0 0 0 0 0 0 671 24 0 0 0 0 239 28 0 0 0 80 0 148 0 48 0 0 0 0 0 0 
1574 360 40 36 0 0 0 0 0 0 952 156 0 84 99 0 109 95 0 40 24 137 0 44 0 24 0 0 0 0 0 0 
1082 863 239 0 0 0 0 0 0 0 496 82 0 56 436 159 147 170 116 0 148 76 0 0 0 0 0 0 0 0 0 0 
1488 577 199 0 0 0 0 0 0 0 514 315 110 28 243 139 38 132 41 0 122 278 0 0 0 0 0 0 0 0 0 0 
1823 355 194 0 0 0 0 0 0 0 853 146 0 42 233 340 84 0 74 0 125 0 0 0 0 0 0 0 0 0 0 0 
1694 286 335 80 0 0 0 0 0 0 688 60 112 42 38 417 118 108 0 0 122 134 38 0 0 0 0 0 0 0 0 0 
2139 314 0 130 0 0 0 0 0 0 928 180 30 314 34 0 84 40 162 0 118 144 30 0 0 0 0 0 0 0 0 0 
1353 187 139 80 0 0 0 0 0 0 653 0 0 84 292 0 0 154 0 0 32 96 38 24 0 0 24 0 0 0 0 0 
1848 95 426 88 0 0 0 0 0 0 691 247 0 30 33 67 0 289 148 116 113 174 102 0 0 0 0 0 0 0 0 0 
1271 241 339 0 0 0 0 0 0 0 548 104 0 29 116 33 33 473 69 32 65 0 0 0 0 0 24 0 0 0 0 0 
2007 74 80 0 0 0 0 0 0 0 991 148 178 0 0 0 404 0 37 0 0 0 0 33 0 0 0 0 0 0 0 0 
1716 84 107 0 0 0 0 0 0 0 643 308 133 0 0 0 242 74 0 32 0 0 0 40 0 0 82 0 0 0 0 0 
2002 0 43 34 0 0 0 0 0 0 649 699 34 0 0 0 98 74 99 0 0 0 0 0 0 0 41 0 0 0 0 0 
1348 51 663 40 76 0 0 0 0 0 669 29 0 0 0 56 30 126 316 190 0 0 0 200 102 42 41 0 0 0 0 0 
1655 102 531 0 370 0 0 0 0 0 513 443 0 0 0 0 38 252 84 0 0 34 0 300 214 84 0 0 30 0 0 0 
2081 45 131 0 0 0 0 0 0 0 663 569 59 0 76 30 234 104 0 42 0 0 0 0 34 0 41 0 0 0 0 0 
1577 174 213 0 0 0 0 0 0 0 544 306 137 0 114 104 0 30 108 160 0 0 0 130 0 0 0 0 0 0 0 0 
1509 508 28 36 0 0 0 0 0 0 578 116 271 100 66 42 38 140 0 152 122 28 0 0 0 0 24 0 0 0 0 0 
1629 431 0 0 0 0 0 0 0 0 736 72 89 271 260 72 42 88 0 0 42 0 0 0 0 0 0 0 0 0 0 0 
1676 192 131 44 0 0 0 0 0 0 552 63 166 208 64 150 72 102 217 82 84 0 0 0 0 0 0 0 0 0 0 0 
1573 632 87 85 49 0 0 0 0 0 629 134 197 254 98 0 30 0 449 120 0 0 0 0 64 0 0 42 0 0 0 0 
1469 575 0 25 0 0 0 0 0 0 627 33 88 376 194 0 0 54 115 41 0 64 0 24 0 0 0 0 0 0 0 0 
1286 192 35 631 89 0 0 0 0 0 514 0 0 34 0 0 0 0 403 28 324 264 0 0 134 34 0 42 0 0 0 0 
1405 109 120 283 103 45 0 0 0 0 571 101 0 0 30 0 0 40 239 69 194 200 0 62 132 0 0 72 68 0 0 0 
776 163 378 626 0 0 0 0 0 0 384 0 0 0 30 0 16 34 0 120 480 60 128 28 142 0 40 0 76 0 0 0 
1415 858 288 44 0 0 0 0 0 0 598 0 30 0 686 38 102 68 42 306 42 60 0 0 0 0 0 0 0 0 0 0 
1828 385 0 0 0 0 0 0 0 0 912 0 0 0 468 0 20 126 0 126 0 0 0 0 0 0 0 0 0 0 0 0 
1163 408 45 86 0 0 0 0 0 0 542 0 30 0 476 48 0 24 94 76 42 0 0 0 0 0 0 0 0 0 0 0 
1626 298 142 0 0 0 0 0 0 0 580 394 0 0 218 0 0 130 98 108 32 0 0 0 0 0 0 0 0 0 0 0 
903 376 475 93 0 0 0 0 0 0 420 0 0 0 246 0 248 340 0 202 0 0 0 0 0 0 0 0 0 0 0 0 
1477 515 391 31 0 0 0 0 0 0 470 126 30 60 167 258 220 68 104 146 252 0 0 0 84 0 0 0 0 0 0 0 
1725 313 309 76 0 0 0 0 0 0 637 90 30 34 228 122 376 161 0 74 76 32 32 0 144 42 0 0 0 0 0 0 
1401 86 341 0 0 0 0 0 0 0 508 48 164 0 76 260 304 0 120 0 24 42 72 0 0 0 0 0 0 0 0 0 
1298 88 87 0 0 0 0 0 0 0 483 87 240 102 0 132 168 44 0 0 0 0 0 0 60 0 0 0 0 0 0 0 
1489 213 247 0 0 0 0 0 0 0 776 0 0 123 106 164 128 215 0 0 0 32 0 0 46 0 0 0 0 0 0 0 
1076 528 143 36 0 0 0 0 0 0 577 0 0 120 274 0 135 109 95 0 0 112 0 0 24 0 24 0 0 0 0 0 
1001 794 280 158 0 0 0 0 0 0 476 0 0 375 161 0 121 178 260 0 36 132 0 0 0 0 0 0 0 0 0 0 
1058 922 36 0 0 0 0 0 0 0 522 0 30 585 130 0 156 117 0 0 0 80 0 0 0 0 0 0 0 0 0 0 
951 327 837 79 0 0 0 0 0 0 531 0 0 0 191 0 600 240 213 0 0 65 0 0 0 0 0 0 41 0 0 0 
1159 148 793 37 0 0 0 0 0 0 552 28 0 0 176 32 278 394 0 0 28 96 38 74 0 0 0 0 0 0 0 0 
920 199 636 246 0 44 0 0 0 0 344 126 30 0 178 88 235 144 24 28 178 24 0 116 0 0 0 72 38 42 0 0 
1209 497 135 0 0 0 0 0 0 0 607 0 170 179 66 323 126 74 0 0 0 40 0 0 0 0 0 0 0 0 0 0 
1814 290 44 92 0 0 0 0 0 0 517 359 64 93 165 140 224 185 0 30 34 0 30 0 38 42 0 0 0 0 0 0 
1727 723 54 0 0 0 0 0 0 0 611 0 129 326 545 184 151 150 0 42 0 0 0 0 0 0 0 0 0 0 0 0 
1368 398 324 90 0 0 0 0 0 0 490 0 88 212 95 256 0 68 0 42 182 76 114 0 0 0 110 0 0 0 0 0 
1240 788 209 172 0 0 0 0 0 0 504 0 201 59 192 477 0 32 28 0 284 71 0 0 0 0 0 0 0 40 0 0 
1829 536 83 51 0 0 0 0 0 0 942 64 30 171 291 291 0 0 0 0 113 0 0 0 0 0 0 0 0 0 0 0 
1683 209 0 0 0 0 0 0 0 0 808 33 0 320 312 30 42 0 0 0 82 0 0 0 0 0 0 0 0 0 0 0 
1654 510 0 43 0 0 0 0 0 0 749 101 30 354 142 0 42 0 200 0 82 0 0 0 38 42 0 0 0 0 0 0 
1886 221 0 86 0 0 0 0 0 0 655 484 60 120 132 72 0 0 68 0 120 72 30 0 0 0 0 0 0 0 0 0 
1597 321 45 0 0 0 0 0 0 0 549 0 413 231 211 101 0 42 0 42 42 0 0 0 0 0 0 0 0 0 0 0 
761 554 270 312 168 49 0 0 0 0 384 0 0 68 211 254 0 194 28 184 110 0 0 0 24 64 0 166 0 0 0 0 
1480 597 172 183 0 0 0 0 0 0 510 187 63 279 297 197 32 80 65 136 175 0 0 0 0 0 0 0 0 0 0 0 
1259 297 115 174 0 0 0 0 0 0 500 0 0 242 0 0 0 0 200 108 284 84 148 0 0 0 0 0 0 0 0 0 
1694 0 60 425 193 0 0 0 0 0 658 150 28 0 0 24 0 24 298 142 40 42 74 0 128 30 188 0 38 34 0 0 
1206 29 28 636 36 0 0 0 0 0 568 30 34 0 98 0 0 0 166 70 80 0 54 324 62 0 152 0 0 0 0 0 
1068 108 56 62 0 0 0 0 0 0 540 0 0 0 68 0 0 44 84 170 156 0 110 0 0 0 0 0 0 0 0 0 
1173 178 0 31 0 0 0 0 0 0 486 136 82 24 90 0 28 64 28 79 76 84 76 0 0 0 0 0 0 0 0 0 
1570 151 62 196 378 0 0 0 0 0 468 48 339 0 110 0 0 160 48 0 76 114 86 30 368 0 114 0 42 0 0 0 
1372 29 31 329 340 0 0 0 0 0 596 0 146 0 98 0 0 80 124 152 0 0 28 60 270 0 84 72 0 0 0 0 
1477 428 56 21 0 0 0 0 0 0 510 0 206 0 330 0 0 60 34 152 164 166 62 0 0 0 0 0 0 0 0 0 
1251 228 110 68 0 0 0 0 0 0 508 0 228 0 180 0 0 124 84 104 64 122 0 0 0 0 0 0 0 0 0 0 
912 287 155 409 74 0 0 0 0 0 410 0 34 0 288 0 76 112 148 62 0 0 204 0 66 0 70 80 76 0 0 0 
1251 967 76 0 0 0 0 0 0 0 605 0 403 308 0 0 0 0 64 152 180 72 42 0 0 0 0 0 0 0 0 0 
1294 710 194 136 0 0 0 0 0 0 593 0 194 294 54 0 86 156 278 76 70 40 84 0 0 0 0 0 0 0 0 0 
1334 884 35 78 0 0 0 0 0 0 582 99 256 418 179 0 36 30 76 0 143 0 79 0 0 0 0 0 0 0 0 0 
1644 359 0 0 0 0 0 0 0 0 563 279 334 222 38 0 162 0 0 0 0 0 0 0 0 0 0 0 0 0 0 0 
1620 739 0 0 0 0 0 0 0 0 461 440 517 71 134 42 73 0 30 0 0 117 40 0 0 0 0 0 0 0 0 0 
1639 316 0 0 0 0 0 0 0 0 810 158 108 60 234 0 24 0 42 84 0 0 0 0 0 0 0 0 0 0 0 0 
1294 815 0 194 0 0 0 0 0 0 530 34 254 192 188 64 24 98 42 320 0 38 56 0 0 0 38 0 0 0 0 0 
1543 595 31 154 0 0 0 0 0 0 512 290 200 108 393 0 0 72 70 268 0 0 0 0 0 0 0 0 0 0 0 0 
1653 234 159 141 0 0 0 0 0 0 546 444 0 64 135 0 0 29 84 208 224 0 0 0 0 0 68 0 0 0 0 0 
1475 0 33 151 139 0 0 0 0 0 662 330 0 0 42 0 24 48 0 74 0 0 118 24 40 102 68 0 0 38 0 0 
1232 40 124 449 289 0 0 0 0 0 434 172 0 0 0 0 28 0 42 180 28 60 416 24 40 140 204 0 0 0 0 0 
1351 457 0 570 0 0 0 0 0 0 632 0 30 63 64 0 0 0 616 0 204 100 0 32 0 0 0 0 0 0 0 0 
1122 433 0 903 85 0 0 0 0 0 508 0 141 205 0 0 0 0 604 0 266 122 0 104 32 0 0 42 0 0 0 0 
1047 118 0 645 119 0 0 0 0 0 482 0 0 0 34 0 0 0 308 50 316 0 0 198 68 0 0 0 0 0 0 0 
1159 260 398 722 201 0 0 0 0 0 480 0 0 0 30 258 0 30 388 200 176 94 0 72 32 0 0 120 38 152 0 0 
1047 40 462 203 193 0 0 0 0 0 533 0 0 0 0 299 0 84 34 38 0 210 94 0 116 42 0 42 0 76 0 0 
1244 288 625 93 0 0 0 0 0 0 592 0 30 32 240 190 32 32 34 385 96 42 74 0 24 32 0 0 0 0 0 0 
1263 151 419 284 131 88 0 0 0 0 586 29 0 0 253 20 88 64 152 101 0 0 0 105 0 0 30 257 168 0 0 0 
1260 216 213 600 206 44 0 0 0 0 509 0 0 0 60 92 0 0 68 150 0 158 0 150 0 0 228 388 106 0 0 0 
1310 37 604 0 0 0 0 0 0 0 668 29 0 0 29 394 0 84 34 249 56 82 0 0 0 0 0 0 0 0 0 0 
1734 80 482 0 0 0 0 0 0 0 680 243 34 0 91 265 0 114 68 103 42 155 0 0 0 0 0 0 0 0 0 0 
1070 117 188 404 305 36 0 0 0 0 466 96 30 0 0 88 0 38 142 0 0 194 364 30 30 0 0 60 114 0 0 0 
1206 48 329 563 580 72 0 0 0 0 677 0 0 0 0 0 54 0 58 116 24 28 172 142 93 70 76 431 186 0 0 0 
1339 40 556 0 0 0 0 0 0 0 592 0 0 0 290 192 0 56 34 0 42 160 0 80 0 0 0 0 0 0 0 0 
1305 197 140 453 272 44 0 0 0 0 537 0 30 0 0 34 0 0 278 133 0 72 0 0 246 0 114 194 178 0 0 0 
1369 0 543 259 0 0 0 0 0 0 724 0 0 0 50 60 30 184 288 0 28 0 72 192 0 0 0 0 76 82 0 0 
1237 94 417 383 608 0 0 0 0 0 668 0 0 0 0 0 30 189 293 29 0 0 440 144 38 29 34 42 0 41 0 0 
870 260 652 424 248 0 0 0 0 0 446 0 30 0 0 0 0 314 333 0 104 82 60 192 0 0 68 42 106 0 0 0 
853 380 893 471 196 0 0 0 0 0 468 0 0 0 130 63 291 159 224 65 102 75 0 0 33 0 303 140 112 0 0 0 
1356 0 286 713 423 34 0 0 0 0 509 0 150 0 0 131 0 0 0 205 0 102 30 0 29 38 302 434 0 80 0 0 
1449 151 355 435 0 0 0 0 0 0 462 300 30 0 68 0 0 294 243 175 42 102 42 0 0 42 0 68 0 0 0 0 
1695 112 215 265 0 0 0 0 0 0 739 198 0 0 37 0 0 124 107 38 0 0 0 80 0 0 0 84 270 164 0 0 
1644 132 413 322 202 0 0 0 0 0 638 214 0 98 0 0 60 30 94 113 0 38 60 312 68 72 0 178 118 0 0 0 
1433 158 261 174 73 0 0 0 0 0 556 321 30 96 0 36 98 0 54 64 0 70 42 38 0 56 0 166 42 0 0 0 
1378 0 128 0 163 56 0 0 0 0 658 28 0 37 38 20 0 34 48 298 0 38 42 0 0 0 34 124 75 0 0 0 
1424 59 280 375 627 256 0 0 0 0 630 0 0 0 0 0 0 136 0 136 0 0 138 162 0 34 136 440 386 0 0 0 
1324 123 92 168 210 35 0 0 0 0 674 0 0 191 72 0 0 0 0 34 0 0 30 154 0 134 82 72 68 0 0 0 
1198 304 180 311 49 0 0 0 0 0 602 0 0 102 204 0 34 0 30 72 0 0 148 0 142 160 104 110 0 0 0 0 
1362 242 446 99 0 0 0 0 0 0 542 130 0 222 136 98 196 20 16 0 0 0 112 0 28 152 86 0 0 0 0 0 
1811 241 0 45 0 0 0 0 0 0 590 450 0 354 67 0 74 0 28 184 0 38 75 0 37 0 0 0 0 0 0 0 
1133 401 79 0 26 0 0 0 0 0 584 84 0 218 58 0 32 0 0 114 0 0 0 0 0 156 90 42 0 0 0 0 
1601 375 218 61 26 0 0 0 0 0 541 89 30 184 440 96 34 0 76 38 0 38 42 24 0 152 144 38 0 0 0 0 
1774 356 0 44 0 0 0 0 0 0 609 52 390 178 326 68 61 0 0 0 0 0 80 0 0 0 0 0 42 0 0 0 
1755 353 0 0 0 0 0 0 0 0 830 30 286 120 114 190 38 110 0 0 0 0 0 0 0 0 0 0 0 0 0 0 
1596 577 0 70 0 0 0 0 0 0 546 166 168 204 38 193 0 248 0 42 0 33 0 0 0 0 0 202 0 0 0 0 
1268 321 44 188 684 0 0 0 0 0 526 0 152 120 227 0 0 76 0 0 30 36 148 204 202 42 42 0 96 38 0 0 
956 0 0 88 1329 0 0 0 0 0 480 0 0 0 0 0 0 0 0 0 0 0 160 102 664 0 84 0 220 0 0 0 
1256 845 174 44 0 0 0 0 0 0 455 0 218 262 205 319 152 84 0 40 0 0 76 0 32 0 0 0 42 0 0 0 
1096 558 127 0 0 0 0 0 0 0 461 67 48 182 134 226 152 65 36 37 0 200 0 0 0 0 0 0 0 0 0 0 
1667 322 110 118 0 0 0 0 0 0 591 422 76 76 198 110 48 160 36 90 0 24 40 0 32 0 0 0 0 0 0 0 
1400 140 117 152 0 0 0 0 0 0 604 264 84 0 112 97 48 121 36 104 84 0 120 0 64 0 0 0 0 0 0 0 
1824 102 234 0 0 0 0 0 0 0 603 542 42 0 60 95 74 309 73 37 42 38 0 30 0 0 0 37 0 0 0 0 
1118 293 581 37 0 0 0 0 0 0 524 37 0 60 29 394 317 82 0 154 64 38 0 0 0 0 0 0 74 0 0 0 
