1664 173 722 578 631 495 330 235 614 345 342 384 527 763 778 1209 464 999 1604 1662 2341 1877 2779 1500 598 169 127 186 151 290 229 0 
6160 823 702 892 1257 1847 613 934 2033 1576 1251 1140 774 2524 3194 2850 1838 3353 9064 5818 6372 7596 15580 6284 1603 892 256 1076 1224 650 407 0 
6219 3013 2993 4282 5182 10084 3651 3429 5030 4689 4091 3230 3519 10594 11400 11632 7230 8371 13586 22339 23267 28126 26500 25354 8843 3146 2022 7108 4841 2966 1933 0 
3624 1086 1104 1668 1823 4627 1667 1628 1778 2688 1486 1106 821 1875 2711 4727 3670 2868 5623 8931 9030 8959 13872 9389 3587 1064 451 2835 3522 2637 2255 0 
793 180 234 116 137 615 79 132 123 248 29 131 38 124 132 357 315 143 777 493 686 359 4369 1651 664 137 14 350 96 24 626 0 
54 373 129 38 242 136 86 360 455 824 110 108 40 239 244 330 496 284 2086 1286 1199 681 8866 2912 642 431 6 40 218 73 1993 0 
5722 2602 2172 3474 4230 10356 3572 3573 3659 3762 3588 1946 2612 5702 8285 11787 6975 10234 15070 19146 20712 22943 39014 27290 9346 2680 957 3201 4517 2166 3107 0 
20250 2122 1640 6845 5488 4137 6840 3513 4634 3341 3879 1076 1795 3236 7665 13018 7796 4097 15407 11767 14093 16636 45263 19169 8242 4170 1269 3586 4948 1779 937 0 
18333 6162 5139 8338 9548 13060 8806 7463 9212 9639 7273 4987 4990 14556 16264 24224 15737 18938 28713 37054 36076 41029 84038 42837 21321 7718 4635 10740 10851 5005 2582 0 
11471 3969 3378 5725 7278 12342 4546 3942 5016 7608 5665 2965 3329 8904 10645 17796 10705 7326 21834 31547 30741 38036 53275 37361 16267 4257 2225 6914 9044 3455 2559 0 
1023 361 100 239 303 165 2344 240 139 95 219 61 90 105 212 519 171 95 428 463 871 449 4306 416 743 85 65 68 280 136 286 0 
687 93 130 184 436 154 5592 208 116 172 530 126 95 171 136 399 193 93 107 135 348 178 879 110 877 145 195 122 80 134 50 0 
1434 114 38 217 62 478 324 96 21 3824 1337 77 8 139 78 39 143 65 65 97 213 109 557 121 209 516 70 161 145 771 149 0 
1647 149 150 148 272 521 208 89 79 3043 3091 122 148 488 704 288 262 698 795 542 497 663 1422 715 167 2042 215 1206 651 1351 301 0 
2214 514 455 523 566 1508 381 765 390 4846 3011 251 473 1709 1110 1335 1198 546 1897 2518 2264 2577 3283 2634 824 675 228 953 426 1405 456 0 
1565 504 71 300 221 40 49 69 110 3696 2377 94 339 315 80 111 110 29 68 320 649 58 1027 188 73 191 12 250 79 570 298 0 
1458 460 122 397 502 375 406 162 335 2237 2203 219 264 267 850 529 345 151 299 1138 1207 768 2205 714 274 246 31 277 168 458 194 0 
4722 635 1206 2447 1760 6174 1531 559 1799 952 428 988 945 1580 2101 4042 1503 1340 2235 2763 2129 3603 9486 6385 1360 1268 547 2710 909 862 501 0 
3935 650 746 930 1408 4093 1490 735 742 1692 2555 1279 1411 3754 2879 1566 1033 1150 2926 2635 2394 2815 9051 6079 1110 673 803 3505 1476 1108 1605 0 
1036 340 426 535 715 526 320 250 391 1108 447 674 298 660 652 993 725 1166 1063 1322 1168 1173 3527 1107 502 363 406 2618 1451 398 1303 0 
2284 899 812 685 653 1893 628 675 828 2624 3322 582 1013 6411 3311 1958 3709 17003 2293 2593 4016 5009 14032 3703 3043 2390 626 1858 1126 2538 692 0 
1305 330 463 241 367 1165 267 164 270 808 1485 311 394 1050 931 599 570 2045 1774 1265 1722 2315 890 2262 629 438 253 808 283 438 259 0 
1068 431 265 553 596 1534 630 310 440 2666 2155 357 394 1220 1490 2029 1237 518 1348 2207 2605 2059 3668 3357 762 867 243 702 709 875 917 0 
2608 1033 890 1597 1487 4489 1327 675 1303 1807 1429 1360 1183 5254 3417 1930 873 960 2807 4513 4669 4299 8470 9223 2021 1254 438 965 735 1753 442 0 
29352 6342 7382 13652 10202 28818 10475 10730 11182 9668 10731 9584 9971 35318 25248 32497 18419 23699 33803 52161 58890 60235 122686 67654 27113 6282 3936 9441 9874 8914 3679 0 
27729 4275 4980 8368 7103 13860 6966 8805 5997 6117 7751 7256 6849 19638 14352 23968 12516 14542 23443 37960 42643 39070 101653 43442 16007 4265 1691 5881 6994 5227 2935 0 
165 23 9 66 18 9 129 8 9 1152 1323 27 5 22 186 42 67 3 52 121 61 32 274 112 17 104 26 114 16 119 219 0 
759 117 425 83 169 114 46 92 87 943 2715 34 47 98 191 217 269 75 218 352 404 314 1830 330 494 199 40 660 499 379 454 0 
1459 234 470 424 458 1476 363 228 289 5842 2937 225 226 810 695 407 471 1167 581 1031 946 1241 2258 1279 513 799 404 1749 278 1904 727 0 
3450 548 646 852 734 2070 1901 1081 5048 5710 2551 3012 1743 5997 4589 1531 2014 1667 1125 2177 2197 2272 5463 2467 1352 1515 1848 3972 1263 2653 735 0 
403 233 278 188 203 715 289 110 264 1425 862 299 118 629 568 539 695 340 402 1138 584 657 1936 993 404 215 67 267 223 331 316 0 
