0 439 345 245 258 159 186 199 158 230 180 255 171 166 235 244 188 201 270 256 255 338 304 235 344 248 317 415 0 0 0 0 
0 417 497 419 409 386 446 442 367 336 395 294 208 304 345 299 462 351 241 313 431 353 337 266 410 449 317 280 0 0 0 0 
0 295 273 209 187 175 162 136 170 180 181 152 141 161 176 177 178 157 167 183 203 219 227 214 205 277 205 314 0 0 0 0 
0 356 296 194 172 178 183 162 138 210 143 148 136 177 144 137 179 95 122 164 168 169 206 108 205 171 165 226 0 0 0 0 
0 446 391 188 228 202 185 197 154 248 173 184 136 200 166 136 170 119 147 175 238 225 245 139 195 221 188 227 0 0 0 0 
0 391 452 323 296 256 317 303 281 321 251 240 158 260 287 231 335 228 218 253 344 314 302 201 358 376 292 268 0 0 0 0 
0 319 266 178 144 141 135 135 150 143 126 135 106 131 150 136 148 114 115 182 194 198 189 150 192 194 230 193 0 0 0 0 
0 448 377 275 265 250 200 210 199 241 173 177 155 207 169 149 185 160 146 190 177 229 183 180 217 248 204 148 0 0 0 0 
0 248 283 186 173 134 131 139 170 155 212 136 204 192 186 183 173 175 203 195 188 257 197 232 252 282 224 232 0 0 0 0 
0 232 210 285 210 190 160 134 136 150 187 186 181 172 176 205 135 206 220 141 193 254 256 186 195 253 198 179 0 0 0 0 
0 342 337 255 224 159 220 168 131 189 168 193 117 218 218 114 164 132 155 152 189 248 208 159 224 217 203 214 0 0 0 0 
0 239 249 235 247 158 175 150 161 188 141 156 121 206 142 170 193 157 209 203 226 210 203 242 236 243 269 209 0 0 0 0 
0 189 148 163 136 102 120 132 86 86 77 88 106 112 101 129 136 88 156 85 118 136 124 173 121 174 122 134 0 0 0 0 
0 181 170 132 190 77 121 164 121 139 105 121 84 137 89 87 152 103 142 137 113 162 154 142 125 164 140 151 0 0 0 0 
0 202 179 144 164 90 142 152 104 72 53 168 72 127 74 136 100 87 98 68 97 141 133 124 79 132 107 81 0 0 0 0 
0 344 266 198 268 170 144 169 128 160 116 143 94 132 170 115 146 136 130 141 173 160 138 85 166 123 135 165 0 0 0 0 
0 321 382 236 241 223 166 162 207 211 258 186 230 242 229 270 197 205 239 254 225 264 266 276 294 262 275 237 0 0 0 0 
0 298 221 167 240 123 198 154 116 122 139 169 138 173 208 113 159 158 162 128 213 205 195 119 213 173 193 194 0 0 0 0 
0 164 114 88 110 65 106 75 77 105 65 103 99 142 86 73 108 70 60 86 99 105 120 86 104 141 97 105 0 0 0 0 
0 200 122 105 177 75 85 145 71 125 99 92 77 90 86 92 157 105 137 100 121 160 145 133 140 175 150 124 0 0 0 0 
0 258 273 180 149 130 98 131 122 154 139 128 104 153 140 149 120 126 136 130 174 156 148 133 193 159 157 156 0 0 0 0 
0 177 139 113 107 91 109 93 56 97 85 65 74 88 96 74 88 68 102 79 88 85 112 120 87 117 133 86 0 0 0 0 
0 157 122 109 130 97 79 129 107 94 89 87 43 109 91 88 100 84 112 71 77 152 110 84 130 119 128 105 0 0 0 0 
0 346 342 236 179 153 133 125 148 164 83 125 73 105 135 94 107 76 101 121 138 123 131 89 115 131 117 123 0 0 0 0 
3 180 254 202 114 157 93 149 117 161 132 135 105 180 166 172 136 164 152 143 161 184 189 164 191 202 199 191 0 0 0 0 
0 298 267 117 197 166 157 118 180 145 147 150 93 243 171 122 225 226 210 125 213 214 171 204 242 242 245 230 0 0 0 0 
0 114 112 58 170 106 82 95 152 52 104 93 66 81 83 101 99 59 115 83 82 62 111 142 107 110 159 113 0 0 0 0 
0 263 201 133 268 142 125 137 67 83 55 115 69 119 94 103 99 65 102 89 78 123 96 126 90 113 114 111 0 0 0 0 
0 272 215 155 215 123 141 150 163 170 112 126 132 178 158 107 198 137 137 158 211 190 199 200 245 238 242 188 0 0 0 0 
0 297 256 194 110 107 110 134 119 150 134 83 100 168 75 141 83 128 90 152 143 135 153 116 120 159 118 141 0 0 0 0 
0 166 180 123 125 84 100 125 129 100 86 71 109 97 96 95 92 82 91 82 101 86 110 100 93 120 115 126 0 0 0 0 
