7971 1355 282 0 0 0 0 0 0 0 3512 254 692 568 565 346 1014 131 0 212 0 84 126 0 210 0 0 0 0 0 0 0 
6673 982 868 124 0 0 0 0 0 0 2507 140 694 447 339 909 808 331 0 298 0 484 0 40 126 136 0 0 0 0 0 0 
6852 909 270 259 0 0 0 0 0 0 2452 1806 842 48 198 520 500 33 398 76 32 32 40 0 148 0 0 0 0 0 0 0 
6517 1484 181 206 87 0 0 0 0 0 1931 1858 586 369 463 364 262 63 360 110 269 303 106 64 52 0 0 0 0 0 0 0 
5565 2951 505 142 0 0 0 0 0 0 2542 52 497 1697 540 108 203 166 170 245 553 252 76 41 0 0 0 0 37 0 0 0 
5353 2532 1200 580 0 0 0 0 0 0 2744 63 216 1574 207 573 54 165 803 204 106 635 76 0 0 0 34 0 0 0 0 0 
5109 1816 1384 1104 0 0 0 0 0 0 2619 0 0 862 594 216 55 545 1373 0 369 250 304 42 0 0 0 0 0 0 0 0 
5897 1996 1642 201 0 0 0 0 0 0 2325 60 896 425 187 783 1399 366 333 502 38 117 42 42 0 76 0 0 0 0 0 0 
6699 2111 1376 66 0 0 0 0 0 0 2510 0 1057 1193 0 938 232 532 306 256 430 360 76 0 0 0 0 34 0 0 0 0 
6444 1064 851 363 223 35 0 0 0 0 3025 292 50 473 256 170 0 1132 100 0 490 253 106 166 0 40 138 0 0 108 0 0 
5275 1019 923 599 53 0 0 0 0 0 1978 1009 124 118 284 179 0 696 64 376 624 593 253 150 0 42 70 123 0 0 0 0 
5541 2440 1040 357 434 165 0 0 0 0 2231 92 553 637 642 36 310 1003 0 34 526 308 288 380 180 72 162 162 126 0 0 0 
5283 783 1391 916 49 0 0 0 0 0 2708 462 57 168 104 592 476 274 278 848 156 258 321 76 68 0 76 0 74 41 0 0 
6325 907 801 516 201 53 0 0 0 0 3256 67 195 654 505 146 362 381 0 451 168 30 42 260 170 114 76 136 0 0 0 0 
6190 598 538 881 565 232 0 0 0 0 3106 30 190 68 541 0 24 217 48 88 259 459 66 740 32 106 324 552 110 0 0 0 
5772 1510 239 402 77 70 0 0 0 0 2464 347 358 925 32 255 42 340 132 176 263 317 77 214 64 0 322 41 0 0 0 0 
6623 1775 373 323 0 0 0 0 0 0 2920 648 380 1157 318 518 204 0 268 147 118 258 42 0 0 0 0 41 0 0 0 0 
6515 1180 986 420 49 0 0 0 0 0 2704 273 438 602 409 1267 337 297 394 188 237 174 0 0 34 106 76 0 41 41 0 0 
4845 415 598 1001 1595 285 0 0 0 0 2261 0 182 144 0 0 48 204 132 50 356 556 202 880 98 406 368 572 148 162 0 0 
6460 1039 319 659 1232 53 0 0 0 0 3110 29 334 60 875 0 0 436 38 94 254 504 0 456 0 656 76 178 178 34 0 0 
5479 948 180 473 184 135 0 0 0 0 2592 236 26 237 966 0 0 252 28 228 180 302 88 372 64 32 124 160 140 72 0 0 
4884 771 1506 508 0 0 0 0 0 0 2157 64 0 626 368 465 378 0 699 89 223 610 106 172 104 158 0 0 80 120 0 0 
4981 1561 686 906 43 77 0 0 0 0 2310 78 98 870 147 236 753 91 496 0 248 80 246 90 112 240 0 0 404 70 0 0 
5374 2854 1365 363 0 0 0 0 0 0 2170 444 496 504 1186 427 690 324 428 142 289 418 0 0 0 38 0 0 38 0 0 0 
6034 1984 186 638 77 0 0 0 0 0 2364 770 933 34 897 359 66 0 352 98 394 28 170 148 38 120 152 0 82 0 0 0 
6184 254 544 435 43 0 0 0 0 0 2822 484 0 0 270 262 44 0 380 48 104 196 112 400 196 540 0 82 140 166 0 0 
6487 50 389 963 385 178 0 0 0 0 2875 544 0 0 0 306 30 142 176 224 114 274 32 0 267 302 208 126 820 190 0 0 
6206 565 871 726 0 0 0 0 0 0 2911 646 384 0 396 141 156 103 209 90 221 895 422 0 56 28 0 56 0 40 0 0 
5535 1638 425 1191 85 43 0 0 0 0 2149 489 854 0 415 68 0 32 378 124 1350 752 280 0 0 186 76 76 36 0 0 0 
4723 1734 303 1205 1013 233 0 0 0 0 2420 0 0 206 793 294 66 0 350 248 245 99 464 344 34 266 410 364 160 290 0 0 
6131 1568 51 605 26 0 0 0 0 0 2850 575 296 650 446 0 294 102 34 677 84 356 192 0 0 96 0 0 0 0 0 0 
6474 869 423 771 206 268 0 0 0 0 2874 600 144 234 336 48 90 502 262 222 158 309 40 152 68 32 132 38 395 348 0 0 
4925 437 618 787 1671 603 0 0 0 0 2338 284 0 0 145 32 400 513 158 222 164 376 52 260 672 238 260 248 678 194 0 0 
5633 1057 1157 187 53 0 0 0 0 0 2977 180 0 455 253 0 695 850 146 105 128 257 0 356 0 134 0 0 60 0 0 0 
6087 2081 967 80 0 0 0 0 0 0 2551 603 222 168 950 1055 387 410 231 0 517 488 38 0 0 0 0 0 0 0 0 0 
6611 837 904 298 0 0 0 0 0 0 2820 531 30 457 475 100 117 956 379 148 328 414 170 24 0 0 48 0 0 0 0 0 
7073 209 893 74 76 0 0 0 0 0 2952 1184 345 0 0 56 774 274 452 222 0 0 0 273 102 42 164 0 0 0 0 0 
6822 829 903 36 370 0 0 0 0 0 2298 1434 467 100 256 176 310 526 192 354 122 62 0 430 248 84 65 0 30 0 0 0 
6347 1830 218 154 49 0 0 0 0 0 2544 302 540 1109 616 222 144 244 781 243 126 64 0 24 64 0 0 42 0 0 0 0 
4882 1322 821 1584 192 45 0 0 0 0 2067 101 30 34 746 38 118 142 684 523 1040 584 128 90 408 34 40 114 144 0 0 0 
5520 1467 662 179 0 0 0 0 0 0 2454 394 30 0 1408 48 268 620 192 512 74 0 0 0 0 0 0 0 0 0 0 0 
5901 1002 1128 107 0 0 0 0 0 0 2098 351 464 196 471 772 1068 273 224 220 352 74 104 0 288 42 0 0 0 0 0 0 
4624 2457 706 194 0 0 0 0 0 0 2351 0 30 1203 671 164 540 619 355 0 36 356 0 0 70 0 24 0 0 0 0 0 
4239 1171 2401 362 0 44 0 0 0 0 2034 154 200 179 611 443 1239 852 237 28 206 225 38 190 0 0 0 72 79 42 0 0 
6149 2199 631 354 0 0 0 0 0 0 2122 359 482 690 997 1057 375 435 28 114 500 147 144 0 38 42 110 0 0 40 0 0 
7052 1476 83 180 0 0 0 0 0 0 3154 682 120 965 877 393 84 0 268 0 397 72 30 0 38 42 0 0 0 0 0 0 
5097 1769 602 669 168 49 0 0 0 0 1943 187 476 820 719 552 32 316 293 470 611 84 148 0 24 64 0 166 0 0 0 0 
5141 315 144 1154 229 0 0 0 0 0 2252 316 144 24 256 24 28 132 576 461 352 126 314 324 190 30 340 0 38 34 0 0 
5670 836 259 614 718 0 0 0 0 0 2082 48 919 0 718 0 0 424 290 408 304 402 176 90 638 0 198 72 42 0 0 0 
4791 2848 460 623 74 0 0 0 0 0 2190 99 887 1020 521 0 198 298 566 290 393 112 409 0 66 0 70 80 76 0 0 0 
6197 2229 0 194 0 0 0 0 0 0 2364 911 1213 545 594 106 283 98 114 404 0 155 96 0 0 0 38 0 0 0 0 0 
5903 869 347 895 428 0 0 0 0 0 2154 1236 200 172 570 0 52 149 196 730 252 60 534 48 80 242 340 0 0 38 0 0 
4679 1268 398 2840 405 0 0 0 0 0 2102 0 171 268 128 258 0 30 1916 250 962 316 0 406 132 0 0 162 38 152 0 0 
4814 695 1719 1180 530 132 0 0 0 0 2220 29 30 32 553 601 120 180 288 674 96 410 168 255 140 74 258 687 274 76 0 0 
5320 282 1603 967 885 108 0 0 0 0 2491 368 64 0 120 747 54 236 302 468 122 459 536 172 123 70 76 491 300 0 0 0 
5250 331 1656 1095 880 44 0 0 0 0 2521 0 30 0 340 286 60 429 893 162 70 232 512 416 284 29 148 236 254 123 0 0 
4528 791 2186 2043 867 34 0 0 0 0 1885 300 210 0 198 194 291 767 800 445 248 361 132 192 62 80 673 684 218 80 0 0 
6150 402 1017 761 438 56 0 0 0 0 2591 761 30 231 75 56 158 188 303 513 0 146 144 430 68 128 34 552 505 164 0 0 
5308 728 998 953 886 291 0 0 0 0 2448 130 0 515 412 98 230 156 46 242 0 0 428 316 170 480 408 622 454 0 0 0 
6319 1373 297 150 52 0 0 0 0 0 2324 675 420 934 891 164 201 0 104 336 0 76 197 24 37 308 234 80 42 0 0 0 
5575 1251 44 346 2013 0 0 0 0 0 2382 196 606 444 379 383 38 434 0 42 30 69 308 306 866 42 126 202 316 38 0 0 
5419 1865 528 314 0 0 0 0 0 0 2111 753 426 520 649 752 400 430 108 271 84 224 236 0 128 0 0 0 42 0 0 0 
