826 733 50 1 96 0 0 0 0 0 0 0 0 0 0 0 0 0 0 0 0 0 0 0 1762 0 0 0 0 0 0 0 
1498 1775 222 36 14 0 0 0 0 0 0 0 4 0 0 0 0 0 44 8 34 382 57 0 1023 0 0 0 0 0 0 0 
1111 1591 354 12 0 0 0 0 0 0 0 0 0 0 0 0 0 0 33 0 203 552 250 0 364 0 0 0 0 0 0 0 
1499 1771 616 203 17 0 0 35 0 0 0 0 0 0 12 25 28 0 278 26 21 837 63 0 109 0 0 0 0 0 0 0 
1674 1805 779 189 247 46 0 7 0 0 50 20 43 0 0 71 33 0 179 4 1 719 9 0 305 0 0 0 0 0 0 0 
1800 1653 1289 206 113 41 0 0 0 0 61 0 0 0 0 61 0 0 0 0 53 1025 0 0 116 0 0 0 0 0 0 0 
1443 1592 1357 13 3 0 0 0 0 0 0 0 0 0 0 0 0 0 3 41 550 414 42 0 64 0 0 0 0 0 0 0 
1712 1463 1181 164 88 57 0 0 0 0 0 0 60 0 0 0 0 0 1 2 550 137 7 0 726 0 0 0 0 0 0 0 
1068 1384 1229 25 0 0 0 0 0 0 0 0 0 0 0 0 0 0 21 50 461 312 4 0 41 0 0 0 0 0 0 0 
1687 1670 1364 316 6 0 0 0 0 0 0 0 0 0 0 4 0 0 95 142 172 528 16 0 37 0 0 0 0 0 0 0 
1258 1808 927 272 35 0 0 2 0 0 0 0 0 0 0 3 3 0 247 110 33 278 24 0 76 0 0 0 0 0 0 0 
1374 1611 1278 55 43 0 0 0 0 0 0 0 2 0 0 0 0 0 631 23 1 93 12 0 19 0 0 0 0 0 0 0 
1259 1242 1186 72 25 1 0 0 0 0 1 1 0 0 0 3 0 0 642 0 0 100 12 0 281 0 0 0 0 0 0 0 
1430 1681 1213 55 0 0 0 0 0 0 0 0 0 0 0 0 0 0 724 0 0 62 0 0 0 0 0 0 0 0 0 0 
1589 1365 1726 515 0 1 0 0 0 0 1 0 0 0 0 18 2 0 599 7 3 502 0 0 4 0 0 0 0 0 0 0 
