0 223770 117845 26335 23156 4008 6022 2824 8032 0 0 0 0 0 0 0 0 0 0 0 0 0 0 0 0 0 0 0 0 0 0 0 
0 100373 38078 30046 22586 21482 4516 600 561 26 3 0 0 0 0 0 0 0 0 1 130 0 0 0 0 0 0 0 0 0 0 0 
0 70570 72910 52797 21324 17768 7461 5491 329 652 0 0 0 0 0 0 0 0 0 0 0 0 0 0 0 0 0 0 0 0 0 0 
0 73258 43917 37142 75029 30696 6611 1951 761 1192 0 0 0 0 0 0 0 0 0 0 0 0 0 0 0 0 0 0 0 0 0 0 
2721 187978 122807 61774 61976 129177 73369 40351 22016 11625 250 9 4 0 4 4 2 1 4 105 326 72 366 361 61 30 33 44 39 45 29 44 
0 176715 105786 50610 47402 84458 73613 33075 17004 12900 110 2 1 0 0 0 0 0 1 63 276 559 0 0 0 0 0 0 0 0 0 0 
0 197262 113079 64150 55342 107507 56440 67772 29914 10626 1845 9 1 0 0 0 1 0 1 32 512 344 0 0 0 0 0 0 0 0 0 0 
0 169511 89892 45610 39370 73736 35336 19645 35654 14919 3855 39 16 10 10 4 6 7 22 637 2500 25 0 0 0 0 0 0 0 0 0 0 
0 129646 70716 43453 34236 70960 31197 17999 19580 22604 2394 72 25 29 48 14 14 24 21 588 3552 0 0 0 0 0 0 0 0 0 0 0 
0 136837 84631 39011 43088 31628 30474 21765 14794 41690 17291 373 47 107 50 40 30 39 44 4722 11139 713 414 0 0 0 0 0 0 0 0 0 
0 111891 95746 90145 41031 24730 19229 22263 16013 29106 176718 115935 66375 48776 57065 47185 40171 42505 34635 52286 34329 78252 6975 151 0 0 0 0 0 0 0 0 
0 107075 72678 40916 32080 29851 29163 23544 17371 14038 11059 1791 1167 824 741 607 627 604 584 21017 26199 5111 25657 794 0 0 0 0 0 0 0 0 
0 103207 72886 29799 26047 19677 16589 13865 10964 11145 4744 97 54 61 69 52 37 38 51 2705 20521 12364 3594 3944 0 0 0 0 0 0 0 0 
71 74407 54462 28655 24258 17973 16249 14162 11020 10396 4482 451 218 170 118 103 143 111 148 3295 9668 8238 28123 391 14 0 0 22 0 0 0 0 
0 88801 48205 37762 23689 19023 18555 16435 11962 7928 2550 230 81 59 66 37 43 81 76 1759 3597 8783 16373 3465 513 0 0 0 0 0 0 0 
