42 3 0 7 11 0 31 0 0 0 0 11 0 3 6 19 8 0 9 2 3 0 0 0 0 0 0 2 0 0 0 0 
34 3 0 7 9 0 26 0 0 0 0 10 0 3 4 15 2 0 4 1 3 0 0 0 0 0 0 2 0 0 0 0 
34 2 6 0 0 0 0 0 55 0 1 47 0 0 0 56 0 0 0 5 12 0 0 0 0 0 2 2 0 0 0 0 
4 1 0 0 0 0 0 0 0 0 0 2 0 0 0 0 1 0 0 0 3 0 0 0 0 0 0 2 0 0 0 0 
4 0 0 0 0 0 0 0 0 0 0 0 1 0 0 0 0 0 0 0 3 0 0 0 0 0 0 2 0 0 0 0 
6 0 0 0 0 0 0 0 0 1 2 0 0 0 0 0 0 0 0 0 3 0 0 0 0 0 0 2 0 0 0 0 
5 0 0 0 0 0 0 0 0 0 1 2 0 0 0 0 0 0 0 0 3 0 0 0 0 0 0 2 0 0 0 0 
6 0 0 0 0 0 0 0 0 0 2 0 0 0 0 0 0 0 0 0 3 0 0 0 0 0 0 2 0 0 0 0 
4 0 0 0 0 0 0 0 0 0 0 1 0 0 0 0 0 0 0 0 3 0 0 0 0 0 0 2 0 0 0 0 
4 0 0 1 0 0 0 0 0 0 0 0 0 0 0 0 0 0 0 0 3 0 0 0 0 0 0 2 0 0 0 0 
6 0 0 0 0 0 0 0 0 0 0 0 0 0 0 0 0 0 16 0 3 0 0 0 0 0 0 2 0 0 0 0 
28 0 0 0 0 0 0 0 2 0 0 0 0 0 0 69 0 0 3 42 8 0 2 0 0 0 0 2 0 0 0 0 
24 0 0 0 0 0 0 5 1 0 0 0 0 0 0 1 2 0 1 0 3 0 0 0 0 0 0 2 0 0 0 0 
19 0 0 0 0 0 0 69 0 0 0 0 0 0 0 38 0 0 23 4 17 0 0 0 0 0 2 2 0 0 0 0 
10 0 0 0 0 0 1 7 0 0 0 0 0 0 0 0 0 0 1 0 3 0 0 0 0 0 0 2 0 0 0 0 
10 0 1 0 0 0 0 0 0 0 0 3 0 0 2 0 2 0 0 1 4 0 0 0 0 0 0 2 0 0 0 0 
10 1 0 2 1 0 0 0 0 0 0 2 0 1 2 0 2 0 0 1 4 0 0 0 0 0 0 2 0 0 0 0 
10 1 0 2 2 0 0 0 0 0 0 2 0 1 2 0 2 0 0 1 4 0 0 0 0 0 0 2 0 0 0 0 
14 2 3 12 7 0 0 0 0 0 0 15 0 4 6 0 2 0 0 5 3 0 0 0 0 0 0 2 0 0 0 0 
10 0 1 0 0 0 0 0 0 0 0 1 0 0 2 0 2 0 0 1 4 0 0 0 0 0 0 2 0 0 0 0 
11 0 0 0 0 0 0 0 0 0 0 0 0 0 1 0 2 0 0 1 3 0 0 0 0 0 0 2 0 0 0 0 
3 0 6 0 0 0 0 0 0 0 0 0 6 0 0 0 0 0 0 0 2 0 0 3 0 0 0 10 0 0 0 0 
0 0 0 0 0 0 0 0 0 0 0 0 0 0 0 0 0 0 0 0 0 0 0 6 0 0 0 6 0 0 0 0 
3 0 0 0 0 0 0 0 0 0 0 0 0 0 0 0 0 0 0 0 0 0 0 9 0 0 0 3 0 0 0 0 
3 0 0 0 0 0 0 0 0 0 0 0 0 0 0 0 0 0 0 0 0 0 0 3 0 0 0 9 0 0 0 0 
0 0 0 0 0 0 0 0 0 0 0 0 0 0 0 0 0 0 0 0 0 0 0 0 0 0 0 0 0 0 0 0 
0 0 0 0 0 0 0 0 0 0 0 0 0 0 0 0 0 0 0 0 0 0 0 3 0 0 0 3 0 0 0 0 
0 0 0 0 0 0 0 0 0 0 0 0 0 0 0 0 0 0 0 0 0 0 0 3 0 0 0 3 0 0 0 0 
6 0 0 0 0 0 0 0 0 0 0 0 0 0 0 0 0 0 0 0 0 0 0 9 0 0 0 6 0 0 0 0 
0 0 6 0 0 0 0 0 0 0 0 0 7 0 0 0 0 0 0 0 2 0 0 3 0 0 0 7 0 0 0 0 
6 0 6 0 0 0 0 0 0 0 0 0 7 0 0 0 0 0 0 0 2 0 0 6 0 0 0 7 0 0 0 0 
0 0 0 0 0 0 0 0 0 0 0 0 0 0 0 0 0 0 0 0 0 0 0 6 0 0 0 6 0 0 0 0 
3 0 0 0 0 0 0 0 0 0 0 0 0 0 0 0 0 0 0 0 0 0 0 6 0 0 0 3 0 0 0 0 
3 0 6 0 0 0 0 0 0 0 0 0 7 0 0 0 0 0 0 0 2 0 0 3 0 0 0 7 0 0 0 0 
3 0 0 0 0 0 0 0 0 0 0 0 0 0 0 0 0 0 0 0 0 0 0 9 0 0 0 3 0 0 0 0 
3 0 6 0 0 0 0 0 0 0 0 0 7 0 0 0 0 0 0 0 2 0 0 0 0 0 0 7 0 0 0 0 
6 0 1 0 0 0 0 0 0 0 0 0 0 0 0 0 0 0 0 0 0 0 0 9 0 0 0 6 0 0 0 0 
2 0 1 0 0 0 0 0 0 0 0 0 1 0 0 0 0 0 0 0 1 0 0 3 0 0 0 6 0 0 0 0 
0 0 0 0 0 0 0 0 0 0 0 0 0 0 0 0 0 0 0 0 0 0 0 6 0 0 0 6 0 0 0 0 
6 0 6 0 0 0 0 0 0 0 0 0 7 0 0 0 0 0 0 0 2 0 0 6 0 0 0 7 0 0 0 0 
0 0 0 0 0 0 0 0 0 0 0 0 0 0 0 0 0 0 0 0 0 0 0 0 0 0 0 0 0 0 0 0 
3 0 0 0 0 0 0 0 0 0 0 0 0 0 0 0 0 0 0 0 0 0 0 9 0 0 0 0 0 0 0 0 
5 0 2 0 0 0 0 0 0 0 0 0 1 0 0 0 0 0 0 0 1 0 0 0 0 0 0 9 0 0 0 0 
0 0 0 0 0 0 0 0 0 0 0 0 0 0 0 0 0 0 0 0 0 0 0 0 0 0 0 0 0 0 0 0 
14 0 29 0 0 0 0 0 0 0 0 0 22 0 0 0 0 0 0 0 2 0 0 0 0 0 0 0 0 0 0 0 
21 0 21 0 0 0 0 0 0 0 0 0 14 0 0 0 0 0 0 0 10 0 0 0 0 0 0 0 0 0 0 0 
19 0 27 0 0 0 0 0 0 0 0 0 24 0 0 0 0 0 0 0 8 0 0 0 0 0 0 0 0 0 0 0 
25 0 26 0 0 0 0 0 0 0 0 0 26 0 0 0 0 0 0 0 13 0 0 0 0 0 0 0 0 0 0 0 
16 0 23 0 0 0 0 0 0 0 0 0 18 0 0 0 0 0 0 0 1 0 0 0 0 0 0 0 0 0 0 0 
7 0 14 0 0 0 0 0 0 0 0 0 16 0 0 0 0 0 0 0 0 0 0 0 0 0 0 0 0 0 0 0 
10 0 10 0 0 0 0 0 0 0 0 0 17 0 0 0 0 0 0 0 0 0 0 0 0 0 0 0 0 0 0 0 
11 0 13 0 0 0 0 0 0 0 0 0 13 0 0 0 0 0 0 0 0 0 0 0 0 0 0 0 0 0 0 0 
9 0 14 0 0 0 0 0 0 0 0 0 17 0 0 0 0 0 0 0 0 0 0 0 0 0 0 0 0 0 0 0 
7 0 9 0 0 0 0 0 0 0 0 0 9 0 0 0 0 0 0 0 0 0 0 0 0 0 0 0 0 0 0 0 
19 0 19 0 0 0 0 0 0 0 0 0 16 0 0 0 0 0 0 0 0 0 0 0 0 0 0 0 0 0 0 0 
23 0 24 0 0 0 0 0 0 0 0 0 24 0 0 0 0 0 0 0 0 0 0 0 0 0 0 0 0 0 0 0 
14 0 11 0 0 0 0 0 0 0 0 0 12 0 0 0 0 0 0 0 0 0 0 0 0 0 0 0 0 0 0 0 
19 0 18 0 0 0 0 0 0 0 0 0 20 0 0 0 0 0 0 0 0 0 0 9 0 0 0 0 0 0 0 0 
14 0 13 0 0 0 0 0 0 0 0 0 24 0 0 0 0 0 0 0 0 0 0 1 0 0 0 0 0 0 0 0 
16 0 20 0 0 0 0 0 0 0 0 0 24 0 0 0 0 0 0 0 0 0 0 11 0 0 0 0 0 0 0 0 
7 0 13 0 0 0 0 0 0 0 0 0 17 0 0 0 0 0 0 0 0 0 0 1 0 0 0 0 0 0 0 0 
14 0 14 0 0 0 0 0 0 0 0 0 14 0 0 0 0 0 0 0 0 0 0 9 0 0 0 0 0 0 0 0 
16 0 18 0 0 0 0 0 0 0 0 0 22 0 0 0 0 0 0 0 0 0 0 10 0 0 0 0 0 0 0 0 
14 0 17 0 0 0 0 0 0 0 0 0 25 0 0 0 0 0 0 0 0 0 0 1 0 0 0 0 0 0 0 0 
19 0 18 0 0 0 0 0 0 0 0 0 25 0 0 0 0 0 0 0 0 0 0 10 0 0 0 0 0 0 0 0 
11 0 14 0 0 0 0 0 0 0 0 0 12 0 0 0 0 0 0 0 0 0 0 9 0 0 0 0 0 0 0 0 
15 0 18 0 0 0 0 0 0 0 0 0 25 0 0 0 0 0 0 0 0 0 0 1 0 0 0 0 0 0 0 0 
19 0 23 0 0 0 0 0 0 0 0 0 24 0 0 0 0 0 0 0 0 0 0 10 0 0 0 0 0 0 0 0 
17 0 17 0 0 0 0 0 0 0 0 0 18 0 0 0 0 0 0 0 0 0 0 10 0 0 0 0 0 0 0 0 
16 0 18 0 0 0 0 0 0 0 0 0 15 0 0 0 0 0 0 0 0 0 0 10 0 0 0 0 0 0 0 0 
10 0 15 0 0 0 0 0 0 0 0 0 19 0 0 0 0 0 0 0 0 0 0 11 0 0 0 0 0 0 0 0 
9 0 16 0 0 0 0 0 0 0 0 0 16 0 0 0 0 0 0 0 0 0 0 11 0 0 0 0 0 0 0 0 
10 0 16 0 0 0 0 0 0 0 0 0 19 0 0 0 0 0 0 0 0 0 0 11 0 0 0 0 0 0 0 0 
19 0 20 0 0 0 0 0 0 0 0 0 20 0 0 0 0 0 0 0 0 0 0 18 0 0 0 0 0 0 0 0 
9 0 15 0 0 0 0 0 0 0 0 0 16 0 0 0 0 0 0 0 0 0 0 11 0 0 0 0 0 0 0 0 
10 0 15 0 0 0 0 0 0 0 0 0 19 0 0 0 0 0 0 0 0 0 0 11 0 0 0 0 0 0 0 0 
21 0 28 0 0 0 0 0 0 0 0 0 30 0 0 0 0 0 0 0 18 0 0 0 0 0 0 18 0 0 0 0 
0 0 0 0 0 0 0 0 0 0 0 0 0 0 0 0 0 0 0 0 0 0 0 0 0 0 0 0 0 0 0 0 
0 0 12 0 0 0 0 0 0 0 0 0 12 0 0 0 0 0 0 0 4 0 0 0 0 0 0 2 0 0 0 0 
0 0 24 0 0 0 0 0 0 0 0 0 24 0 0 0 0 0 0 0 8 0 0 0 0 0 0 4 0 0 0 0 
0 0 24 0 0 0 0 0 0 0 0 0 24 0 0 0 0 0 0 0 8 0 0 0 0 0 0 4 0 0 0 0 
0 0 18 0 0 0 0 0 0 0 0 0 18 0 0 0 0 0 0 0 6 0 0 0 0 0 0 3 0 0 0 0 
26 0 33 0 0 0 0 0 0 0 0 0 37 0 0 0 0 0 0 0 22 0 0 0 0 0 0 18 0 0 0 0 
0 0 0 0 0 0 0 0 0 0 0 0 0 0 0 0 0 0 0 0 0 0 0 0 0 0 0 0 0 0 0 0 
0 0 18 0 0 0 0 0 0 0 0 0 21 0 0 0 0 0 0 0 6 0 0 0 0 0 0 3 0 0 0 0 
0 0 24 0 0 0 0 0 0 0 0 0 28 0 0 0 0 0 0 0 8 0 0 0 0 0 0 4 0 0 0 0 
0 0 24 0 0 0 0 0 0 0 0 0 28 0 0 0 0 0 0 0 8 0 0 0 0 0 0 4 0 0 0 0 
0 0 18 0 0 0 0 0 0 0 0 0 21 0 0 0 0 0 0 0 6 0 0 0 0 0 0 3 0 0 0 0 
26 0 27 0 0 0 0 0 0 0 0 0 29 0 0 0 0 0 0 0 20 0 0 0 0 0 0 17 0 0 0 0 
0 0 0 0 0 0 0 0 0 0 0 0 0 0 0 0 0 0 0 0 0 0 0 0 0 0 0 0 0 0 0 0 
0 0 24 0 0 0 0 0 0 0 0 0 28 0 0 0 0 0 0 0 8 0 0 0 0 0 0 4 0 0 0 0 
0 0 24 0 0 0 0 0 0 0 0 0 28 0 0 0 0 0 0 0 8 0 0 0 0 0 0 4 0 0 0 0 
0 0 24 0 0 0 0 0 0 0 0 0 28 0 0 0 0 0 0 0 8 0 0 0 0 0 0 4 0 0 0 0 
31 0 33 0 0 0 0 0 0 0 0 0 34 0 0 0 0 0 0 0 23 0 0 0 0 0 0 18 0 0 0 0 
0 0 6 0 0 0 0 0 0 0 0 0 7 0 0 0 0 0 0 0 2 0 0 0 0 0 0 1 0 0 0 0 
0 0 6 0 0 0 0 0 0 0 0 0 7 0 0 0 0 0 0 0 2 0 0 0 0 0 0 1 0 0 0 0 
0 0 27 0 0 0 0 0 0 0 0 0 28 0 0 0 0 0 0 0 8 0 0 0 0 0 0 4 0 0 0 0 
0 0 24 0 0 0 0 0 0 0 0 0 28 0 0 0 0 0 0 0 8 0 0 0 0 0 0 4 0 0 0 0 
0 0 24 0 0 0 0 0 0 0 0 0 28 0 0 0 0 0 0 0 8 0 0 0 0 0 0 4 0 0 0 0 
15 0 29 0 0 0 0 0 0 0 0 0 17 0 0 0 0 0 0 0 9 0 0 0 0 0 0 1 0 0 0 0 
31 0 33 0 0 0 0 0 0 0 0 0 36 0 0 0 0 0 0 0 23 0 0 0 0 0 0 18 0 0 0 0 
0 0 0 0 0 0 0 0 0 0 0 0 0 0 0 0 0 0 0 0 0 0 0 0 0 0 0 0 0 0 0 0 
0 0 15 0 0 0 0 0 0 0 0 0 14 0 0 0 0 0 0 0 4 0 0 0 0 0 0 2 0 0 0 0 
0 0 24 0 0 0 0 0 0 0 0 0 28 0 0 0 0 0 0 0 8 0 0 0 0 0 0 4 0 0 0 0 
0 0 24 0 0 0 0 0 0 0 0 0 28 0 0 0 0 0 0 0 8 0 0 0 0 0 0 4 0 0 0 0 
14 0 30 0 0 0 0 0 0 0 0 0 30 0 0 0 0 0 0 0 13 0 0 0 0 0 0 3 0 0 0 0 
18 0 18 0 0 0 0 0 0 0 0 0 25 0 0 0 0 0 0 0 6 0 0 0 0 0 0 0 0 0 0 0 
12 0 22 0 0 0 0 0 0 0 0 0 15 0 0 0 0 0 0 0 8 0 0 0 0 0 0 0 0 0 0 0 
21 0 36 0 0 0 0 0 0 0 0 0 35 0 0 0 0 0 0 0 22 0 0 0 0 0 0 18 0 0 0 0 
0 0 0 0 0 0 0 0 0 0 0 0 0 0 0 0 0 0 0 0 0 0 0 0 0 0 0 0 0 0 0 0 
0 0 12 0 0 0 0 0 0 0 0 0 14 0 0 0 0 0 0 0 4 0 0 0 0 0 0 2 0 0 0 0 
0 0 24 0 0 0 0 0 0 0 0 0 28 0 0 0 0 0 0 0 8 0 0 0 0 0 0 4 0 0 0 0 
0 0 24 0 0 0 0 0 0 0 0 0 28 0 0 0 0 0 0 0 8 0 0 0 0 0 0 4 0 0 0 0 
9 0 23 0 0 0 0 0 0 0 0 0 22 0 0 0 0 0 0 0 11 0 0 0 0 0 0 3 0 0 0 0 
30 0 33 0 0 0 0 0 0 0 0 0 37 0 0 0 0 0 0 0 23 0 0 0 0 0 0 18 0 0 0 0 
0 0 0 0 0 0 0 0 0 0 0 0 0 0 0 0 0 0 0 0 0 0 0 0 0 0 0 0 0 0 0 0 
0 0 12 0 0 0 0 0 0 0 0 0 14 0 0 0 0 0 0 0 4 0 0 0 0 0 0 2 0 0 0 0 
0 0 24 0 0 0 0 0 0 0 0 0 28 0 0 0 0 0 0 0 8 0 0 0 0 0 0 4 0 0 0 0 
0 0 24 0 0 0 0 0 0 0 0 0 28 0 0 0 0 0 0 0 8 0 0 0 0 0 0 4 0 0 0 0 
9 0 23 0 0 0 0 0 0 0 0 0 22 0 0 0 0 0 0 0 11 0 0 0 0 0 0 3 0 0 0 0 
30 0 33 0 0 0 0 0 0 0 0 0 36 0 0 0 0 0 0 0 23 0 0 0 0 0 0 18 0 0 0 0 
0 0 0 0 0 0 0 0 0 0 0 0 0 0 0 0 0 0 0 0 0 0 0 0 0 0 0 0 0 0 0 0 
0 0 12 0 0 0 0 0 0 0 0 0 14 0 0 0 0 0 0 0 4 0 0 0 0 0 0 2 0 0 0 0 
0 0 24 0 0 0 0 0 0 0 0 0 28 0 0 0 0 0 0 0 8 0 0 0 0 0 0 4 0 0 0 0 
0 0 24 0 0 0 0 0 0 0 0 0 28 0 0 0 0 0 0 0 8 0 0 0 0 0 0 4 0 0 0 0 
6 0 23 0 0 0 0 0 0 0 0 0 30 0 0 0 0 0 0 0 7 0 0 0 0 0 0 3 0 0 0 0 
3 0 0 0 0 0 0 0 0 0 0 0 0 0 0 0 0 0 0 0 0 0 0 6 0 0 0 0 0 0 0 0 
5 0 2 0 0 0 0 0 0 0 0 0 1 0 0 0 0 0 0 0 1 0 0 3 0 0 0 9 0 0 0 0 
0 0 0 0 0 0 0 0 0 0 0 0 0 0 0 0 0 0 0 0 0 0 0 6 0 0 0 6 0 0 0 0 
3 0 0 0 0 0 0 0 0 0 0 0 0 0 0 0 0 0 0 0 0 0 0 6 0 0 0 3 0 0 0 0 
5 0 2 0 0 0 0 0 0 0 0 0 1 0 0 0 0 0 0 0 1 0 0 3 0 0 0 6 0 0 0 0 
3 0 0 0 0 0 0 0 0 0 0 0 0 0 0 0 0 0 0 0 0 0 0 9 0 0 0 3 0 0 0 0 
5 0 2 0 0 0 0 0 0 0 0 0 1 0 0 0 0 0 0 0 1 0 0 3 0 0 0 9 0 0 0 0 
0 0 0 0 0 0 0 0 0 0 0 0 0 0 0 0 0 0 0 0 0 0 0 3 0 0 0 3 0 0 0 0 
0 0 0 0 0 0 0 0 0 0 0 0 0 0 0 0 0 0 0 0 0 0 0 6 0 0 0 6 0 0 0 0 
8 0 2 0 0 0 0 0 0 0 0 0 1 0 0 0 0 0 0 0 1 0 0 6 0 0 0 6 0 0 0 0 
3 0 0 0 0 0 0 0 0 0 0 0 0 0 0 0 0 0 0 0 0 0 0 6 0 0 0 3 0 0 0 0 
3 0 6 0 0 0 0 0 0 0 0 0 7 0 0 0 0 0 0 0 2 0 0 6 0 0 0 10 0 0 0 0 
0 0 0 0 0 0 0 0 0 0 0 0 0 0 0 0 0 0 0 0 0 0 0 3 0 0 0 3 0 0 0 0 
0 0 0 0 0 0 0 0 0 0 0 0 0 0 0 0 0 0 0 0 0 0 0 3 0 0 0 3 0 0 0 0 
3 0 0 0 0 0 0 0 0 0 0 0 0 0 0 0 0 0 0 0 0 0 0 6 0 0 0 3 0 0 0 0 
3 0 6 0 0 0 0 0 0 0 0 0 7 0 0 0 0 0 0 0 2 0 0 3 0 0 0 7 0 0 0 0 
3 0 2 0 0 0 0 0 0 0 0 0 0 0 0 0 0 0 0 0 0 0 0 9 0 0 0 3 0 0 0 0 
8 0 16 0 0 0 0 0 0 0 0 0 7 0 0 0 0 1 0 0 2 0 0 3 0 0 0 7 0 0 0 0 
10 0 13 0 0 0 0 0 0 0 0 0 0 0 0 0 0 4 0 0 0 0 0 9 0 0 0 9 0 0 0 0 
9 0 4 0 0 0 0 0 0 0 0 0 1 0 0 0 0 1 0 0 1 0 0 6 0 0 0 6 0 0 0 0 
8 0 2 0 0 0 0 0 0 0 0 0 1 0 0 0 0 0 0 0 1 0 0 6 0 0 0 6 0 0 0 0 
8 0 1 0 0 0 0 0 0 0 0 0 1 0 0 0 0 0 0 0 1 0 0 6 0 0 0 6 0 0 0 0 
6 0 7 0 0 0 0 0 0 0 0 0 7 0 0 0 0 0 0 0 2 0 0 6 0 0 0 7 0 0 0 0 
8 0 1 0 0 0 0 0 0 0 0 0 1 0 0 0 0 0 0 0 1 0 0 6 0 0 0 6 0 0 0 0 
6 0 6 0 0 0 0 0 0 0 0 0 7 0 0 0 0 0 0 0 2 0 0 6 0 0 0 7 0 0 0 0 
6 0 6 0 0 0 0 0 0 0 0 0 7 0 0 0 0 0 0 0 2 0 0 6 0 0 0 7 0 0 0 0 
6 0 6 0 0 0 0 0 0 0 0 0 7 0 0 0 0 0 0 0 2 0 0 6 0 0 0 7 0 0 0 0 
6 0 6 0 0 0 0 0 0 0 0 0 7 0 0 0 0 0 0 0 2 0 0 6 0 0 0 7 0 0 0 0 
6 0 7 0 0 0 0 0 0 0 0 0 7 0 0 0 0 0 0 0 2 0 0 6 0 0 0 7 0 0 0 0 
8 0 2 0 0 0 0 0 0 0 0 0 1 0 0 0 0 0 0 0 1 0 0 6 0 0 0 6 0 0 0 0 
8 0 2 0 0 0 0 0 0 0 0 0 1 0 0 0 0 0 0 0 1 0 0 6 0 0 0 6 0 0 0 0 
8 0 2 0 0 0 0 0 0 0 0 0 1 0 0 0 0 0 0 0 1 0 0 6 0 0 0 6 0 0 0 0 
8 0 2 0 0 0 0 0 0 0 0 0 1 0 0 0 0 0 0 0 1 0 0 6 0 0 0 6 0 0 0 0 
8 0 1 0 0 0 0 0 0 0 0 0 1 0 0 0 0 0 0 0 1 0 0 6 0 0 0 6 0 0 0 0 
6 0 1 0 0 0 0 0 0 0 0 0 0 0 0 0 0 0 0 0 0 0 0 6 0 0 0 6 0 0 0 0 
8 0 1 0 0 0 0 0 0 0 0 0 1 0 0 0 0 0 0 0 1 0 0 6 0 0 0 6 0 0 0 0 
3 0 6 0 0 0 0 0 0 0 0 0 6 0 0 0 0 0 0 0 2 0 0 6 0 0 0 4 0 0 0 0 
0 0 0 0 0 0 0 0 0 0 0 0 0 0 0 0 0 0 0 0 0 0 0 0 0 0 0 0 0 0 0 0 
0 0 0 0 0 0 0 0 0 0 0 0 0 0 0 0 0 0 0 0 0 0 0 0 0 0 0 0 0 0 0 0 
0 0 0 0 0 0 0 0 0 0 0 0 0 0 0 0 0 0 0 0 0 0 0 0 0 0 0 0 0 0 0 0 
0 0 4 0 0 0 0 0 0 0 0 0 3 0 0 0 0 0 0 0 0 0 0 1 0 0 0 0 0 0 0 0 
2 0 18 0 0 0 0 0 0 0 0 0 12 0 0 0 0 0 0 0 0 0 0 6 0 0 0 0 0 0 0 0 
1 0 14 0 0 0 0 0 0 0 0 0 15 0 0 0 0 0 0 0 0 0 0 5 0 0 0 0 0 0 0 0 
2 0 17 0 0 0 0 0 0 0 0 0 15 0 0 0 0 0 0 0 0 0 0 6 0 0 0 0 0 0 0 0 
3 0 16 0 0 0 0 0 0 0 0 0 14 0 0 0 0 0 0 0 0 0 0 5 0 0 0 0 0 0 0 0 
1 0 20 0 0 0 0 0 0 0 0 0 16 0 0 0 0 0 0 0 0 0 0 5 0 0 0 0 0 0 0 0 
2 0 16 0 0 0 0 0 0 0 0 0 15 0 0 0 0 0 0 0 0 0 0 6 0 0 0 0 0 0 0 0 
1 0 13 0 0 0 0 0 0 0 0 0 15 0 0 0 0 0 0 0 0 0 0 5 0 0 0 0 0 0 0 0 
2 0 12 0 0 0 0 0 0 0 0 0 17 0 0 0 0 0 0 0 0 0 0 6 0 0 0 0 0 0 0 0 
2 0 12 0 0 0 0 0 0 0 0 0 16 0 0 0 0 0 0 0 0 0 0 6 0 0 0 0 0 0 0 0 
1 0 13 0 0 0 0 0 0 0 0 0 13 0 0 0 0 0 0 0 0 0 0 5 0 0 0 0 0 0 0 0 
2 0 19 0 0 0 0 0 0 0 0 0 21 0 0 0 0 0 0 0 4 0 0 3 0 0 0 3 0 0 0 0 
1 0 24 0 0 0 0 0 0 0 0 0 28 0 0 0 0 0 0 0 8 0 0 0 0 0 0 5 0 0 0 0 
2 0 24 0 0 0 0 0 0 0 0 0 30 0 0 0 0 0 0 0 8 0 0 0 0 0 0 6 0 0 0 0 
1 0 24 0 0 0 0 0 0 0 0 0 29 0 0 0 0 0 0 0 8 0 0 0 0 0 0 5 0 0 0 0 
2 0 24 0 0 0 0 0 0 0 0 0 30 0 0 0 0 0 0 0 8 0 0 0 0 0 0 6 0 0 0 0 
1 0 24 0 0 0 0 0 0 0 0 0 29 0 0 0 0 0 0 0 8 0 0 0 0 0 0 5 0 0 0 0 
0 0 6 0 0 0 0 0 0 0 0 0 7 0 0 0 0 0 0 0 2 0 0 0 0 0 0 1 0 0 0 0 
0 0 0 0 0 0 0 0 0 0 0 0 0 0 0 0 0 0 0 0 0 0 0 0 0 0 0 0 0 0 0 0 
0 0 0 0 0 0 0 0 0 0 0 0 0 0 0 0 0 0 0 0 0 0 0 0 0 0 0 0 0 0 0 0 
4 0 6 0 0 0 0 0 0 0 0 0 0 0 0 0 0 0 0 0 0 0 0 0 0 0 0 3 0 0 0 0 
3 0 0 0 0 0 0 0 0 0 0 0 2 0 0 0 0 0 0 0 0 0 0 6 0 0 0 9 0 0 0 0 
0 0 0 0 0 0 0 0 0 0 0 0 2 0 0 0 0 0 0 0 0 0 0 6 0 0 0 6 0 0 0 0 
8 0 3 0 0 0 0 0 0 0 0 0 6 0 0 0 0 0 0 0 0 0 0 7 0 0 0 6 0 0 0 0 
0 0 0 0 0 0 0 0 0 0 0 0 1 0 0 0 0 0 0 0 0 0 0 3 0 0 0 3 0 0 0 0 
0 0 0 0 0 0 0 0 0 0 0 0 1 0 0 0 0 0 0 0 0 0 0 3 0 0 0 3 0 0 0 0 
0 0 0 0 0 0 0 0 0 0 0 0 1 0 0 0 0 0 0 0 0 0 0 3 0 0 0 3 0 0 0 0 
49 0 11 0 0 0 0 0 0 0 0 0 2 0 0 0 0 0 0 0 0 0 0 6 0 0 0 3 0 0 0 0 
3 0 4 0 0 0 0 0 0 0 0 0 4 0 0 0 0 0 0 0 0 0 0 4 0 0 0 6 0 0 0 0 
49 0 11 0 0 0 0 0 0 0 0 0 2 0 0 0 0 0 0 0 0 0 0 6 0 0 0 3 0 0 0 0 
3 0 0 0 0 0 0 0 0 0 0 0 1 0 0 0 0 0 0 0 0 0 0 3 0 0 0 9 0 0 0 0 
0 0 0 0 0 0 0 0 0 0 0 0 1 0 0 0 0 0 0 0 0 0 0 3 0 0 0 3 0 0 0 0 
0 0 3 0 0 0 0 0 0 0 0 0 0 0 0 0 0 0 0 0 0 0 0 0 0 0 0 0 0 0 0 0 
63 0 15 0 0 0 0 0 0 0 0 0 3 0 0 0 0 0 0 0 0 0 0 9 0 0 0 0 0 0 0 0 
17 0 3 0 0 0 0 0 0 0 0 0 0 0 0 0 0 0 0 0 0 0 0 0 0 0 0 9 0 0 0 0 
63 0 15 0 0 0 0 0 0 0 0 0 2 0 0 0 0 0 0 0 0 0 0 6 0 0 0 0 0 0 0 0 
17 0 6 0 0 0 0 0 0 0 0 0 4 0 0 0 0 0 0 0 0 0 0 4 0 0 0 9 0 0 0 0 
0 0 2 0 0 0 0 0 0 0 0 0 1 0 0 0 0 0 0 0 0 0 0 3 0 0 0 3 0 0 0 0 
0 0 2 0 0 0 0 0 0 0 0 0 0 0 0 0 0 0 0 0 0 0 0 0 0 0 0 0 0 0 0 0 
28 0 7 0 0 0 0 0 0 0 0 0 1 0 0 0 0 0 0 0 0 0 0 3 0 0 0 0 0 0 0 0 
66 0 18 0 0 0 0 0 0 0 0 0 5 0 0 0 0 0 0 0 0 0 0 7 0 0 0 6 0 0 0 0 
13 0 15 0 0 0 0 0 0 0 0 0 0 0 0 0 0 0 0 0 0 0 0 0 0 0 0 3 0 0 0 0 
18 0 21 0 0 0 0 0 0 0 0 0 0 0 0 0 0 0 0 0 0 0 0 0 0 0 0 0 0 0 0 0 
29 0 35 0 0 0 0 0 0 0 0 0 0 0 0 0 0 0 0 0 0 0 0 0 0 0 0 0 0 0 0 0 
16 0 21 0 0 0 0 0 0 0 0 0 0 0 0 0 0 0 0 0 0 0 0 0 0 0 0 0 0 0 0 0 
15 0 15 0 0 0 0 0 0 0 0 0 5 0 0 0 0 0 0 0 0 0 0 0 0 0 0 0 0 0 0 0 
11 0 13 0 0 0 0 0 0 0 0 0 3 0 0 0 0 0 0 0 0 0 0 0 0 0 0 0 0 0 0 0 
16 0 21 0 0 0 0 0 0 0 0 0 0 0 0 0 0 0 0 0 0 0 0 0 0 0 0 0 0 0 0 0 
29 0 35 0 0 0 0 0 0 0 0 0 0 0 0 0 0 0 0 0 0 0 0 0 0 0 0 0 0 0 0 0 
18 0 21 0 0 0 0 0 0 0 0 0 0 0 0 0 0 0 0 0 0 0 0 0 0 0 0 0 0 0 0 0 
67 0 34 0 0 0 0 0 0 0 0 0 5 0 0 0 0 0 0 0 0 0 0 9 0 0 0 0 0 0 0 0 
151 0 62 0 0 0 0 0 0 0 0 0 9 0 0 0 0 0 0 0 0 0 0 11 0 0 0 0 0 0 0 0 
105 0 52 0 0 0 0 0 0 0 0 0 8 0 0 0 0 0 0 0 0 0 0 11 0 0 0 0 0 0 0 0 
164 0 64 0 0 0 0 0 0 0 0 0 11 0 0 0 0 0 0 0 0 0 0 18 0 0 0 0 0 0 0 0 
97 0 36 0 0 0 0 0 0 0 0 0 7 0 0 0 0 0 0 0 0 0 0 6 0 0 0 0 0 0 0 0 
58 0 16 0 0 0 0 0 0 0 0 0 9 0 0 0 0 0 0 0 0 0 0 1 0 0 0 1 0 0 0 0 
17 0 3 0 0 0 0 0 0 0 0 0 14 0 0 0 0 0 0 0 0 0 0 0 0 0 0 9 0 0 0 0 
75 0 13 0 0 0 0 0 0 0 0 0 17 0 0 0 0 0 0 0 0 0 0 13 0 0 0 4 0 0 0 0 
10 0 0 0 0 0 0 0 0 0 0 0 29 0 0 0 0 0 0 0 0 0 0 0 0 0 0 0 0 0 0 0 
25 0 0 0 0 0 0 0 0 0 0 0 26 0 0 0 0 0 0 0 0 0 0 4 0 0 0 1 0 0 0 0 
80 0 11 0 0 0 0 0 0 0 0 0 19 0 0 0 0 0 0 0 0 0 0 8 0 0 0 8 0 0 0 0 
26 0 0 0 0 0 0 0 0 0 0 0 25 0 0 0 0 0 0 0 0 0 0 0 0 0 0 5 0 0 0 0 
81 0 13 0 0 0 0 0 0 0 0 0 21 0 0 0 0 0 0 0 0 0 0 13 0 0 0 4 0 0 0 0 
21 0 0 0 0 0 0 0 0 0 0 0 18 0 0 0 0 0 0 0 0 0 0 0 0 0 0 8 0 0 0 0 
34 0 4 0 0 0 0 0 0 0 0 0 26 0 0 0 0 0 0 0 0 0 0 0 0 0 0 1 0 0 0 0 
10 0 0 0 0 0 0 0 0 0 0 0 27 0 0 0 0 0 0 0 0 0 0 0 0 0 0 0 0 0 0 0 
26 0 0 0 0 0 0 0 0 0 0 0 18 0 0 0 0 0 0 0 0 0 0 0 0 0 0 12 0 0 0 0 
83 0 13 0 0 0 0 0 0 0 0 0 26 0 0 0 0 0 0 0 0 0 0 13 0 0 0 1 0 0 0 0 
12 0 0 0 0 0 0 0 0 0 0 0 23 0 0 0 0 0 0 0 0 0 0 4 0 0 0 0 0 0 0 0 
72 0 11 0 0 0 0 0 0 0 0 0 16 0 0 0 0 0 0 0 0 0 0 8 0 0 0 4 0 0 0 0 
23 0 0 0 0 0 0 0 0 0 0 0 21 0 0 0 0 0 0 0 0 0 0 0 0 0 0 8 0 0 0 0 
13 0 0 0 0 0 0 0 0 0 0 0 23 0 0 0 0 0 0 0 0 0 0 1 0 0 0 0 0 0 0 0 
13 0 0 0 0 0 0 0 0 0 0 0 23 0 0 0 0 0 0 0 0 0 0 1 0 0 0 0 0 0 0 0 
28 0 0 0 0 0 0 0 0 0 0 0 22 0 0 0 0 0 0 0 0 0 0 4 0 0 0 0 0 0 0 0 
86 0 11 0 0 0 0 0 0 0 0 0 18 0 0 0 0 0 0 0 0 0 0 8 0 0 0 4 0 0 0 0 
34 0 0 0 0 0 0 0 0 0 0 0 22 0 0 0 0 0 0 0 0 0 0 1 0 0 0 8 0 0 0 0 
81 0 12 0 0 0 0 0 0 0 0 0 21 0 0 0 0 0 0 0 0 0 0 8 0 0 0 0 0 0 0 0 
41 0 1 0 0 0 0 0 0 0 0 0 19 0 0 0 0 1 0 0 0 0 0 5 0 0 0 8 0 0 0 0 
16 0 0 0 0 0 0 0 0 0 0 0 20 0 0 0 0 0 0 0 0 0 0 0 0 0 0 4 0 0 0 0 
21 0 0 0 0 0 0 0 0 0 0 0 28 0 0 0 0 0 0 0 0 0 0 1 0 0 0 0 0 0 0 0 
38 0 0 0 0 0 0 0 0 0 0 0 17 0 0 0 0 0 0 0 0 0 0 0 0 0 0 12 0 0 0 0 
87 0 11 0 0 0 0 0 0 0 0 0 20 0 0 0 0 0 0 0 0 0 0 12 0 0 0 0 0 0 0 0 
89 0 13 0 0 0 0 0 0 0 0 0 21 0 0 0 0 1 0 0 0 0 0 13 0 0 0 0 0 0 0 0 
39 0 0 0 0 0 0 0 0 0 0 0 14 0 0 0 0 0 0 0 0 0 0 0 0 0 0 12 0 0 0 0 
