132 36 25 48 29 35 31 25 33 13 31 29 24 19 22 17 18 15 9 23 23 15 10 16 16 22 21 11 12 15 14 0 
180 102 47 68 64 41 26 35 50 48 37 34 27 33 41 26 24 20 22 25 40 24 27 30 24 25 35 41 35 34 19 0 
68 40 15 36 19 19 13 11 24 11 10 13 22 13 13 15 10 12 4 10 12 7 8 8 19 7 8 6 8 8 10 0 
229 64 51 53 50 41 40 41 43 31 27 37 38 35 31 23 30 34 20 16 26 24 26 25 11 30 30 35 31 39 14 0 
163 59 46 30 35 28 17 35 34 28 32 35 37 26 20 22 25 20 23 18 25 17 6 25 21 22 20 7 15 13 3 0 
83 52 28 28 23 25 26 19 20 19 19 22 24 22 11 15 21 16 11 8 14 5 18 8 18 12 17 14 9 14 9 0 
82 38 21 24 17 25 5 21 24 22 18 20 14 10 18 6 14 14 6 6 9 11 12 8 6 9 10 17 8 7 8 0 
135 40 42 52 28 25 24 11 21 23 17 16 17 15 30 10 17 18 14 12 24 10 17 17 12 13 6 12 13 24 9 0 
111 56 29 29 39 33 26 20 31 28 22 26 34 23 22 19 22 16 14 26 28 21 17 18 26 24 17 16 24 19 6 0 
105 56 40 29 33 45 17 22 12 33 23 28 23 20 16 21 12 31 12 15 17 15 16 25 18 23 21 24 17 18 3 0 
154 51 46 32 44 47 20 25 53 33 22 18 35 17 32 23 25 29 16 22 26 26 26 23 22 16 33 20 29 27 15 0 
86 38 29 28 30 27 16 25 19 19 18 21 16 16 12 12 11 15 9 9 13 19 8 9 11 17 11 16 13 7 9 0 
205 68 66 44 48 63 42 55 42 42 38 31 37 29 28 40 25 25 24 33 30 29 26 28 32 20 32 39 30 48 24 0 
170 52 31 44 55 37 40 55 38 38 30 37 23 33 37 28 17 26 22 28 27 24 13 24 29 16 21 27 39 21 19 0 
127 52 37 39 33 40 21 33 26 37 30 41 28 18 25 33 25 33 24 27 27 17 27 19 22 20 23 25 23 26 11 0 
