4 88 103 27 195 6 1 0 0 0 0 0 0 0 0 0 0 0 0 0 0 0 0 0 0 0 0 0 0 0 0 0 
529 2741 2384 2221 1457 1451 463 845 594 693 1016 699 362 126 243 60 29 0 0 0 0 0 0 0 0 0 0 0 0 0 0 0 
186 741 575 398 439 186 365 303 415 349 159 193 214 132 60 1 290 11 0 0 0 0 0 0 0 0 0 0 0 0 0 0 
0 237 212 56 129 13 14 11 53 152 6 86 0 0 22 0 0 0 0 0 0 0 0 0 0 0 0 0 0 0 0 0 
14 395 329 23 17 18 180 8 1 10 3 52 15 0 14 0 8 0 0 0 0 0 0 0 0 0 0 0 0 0 0 0 
0 0 0 0 0 0 0 0 0 0 0 0 0 0 0 0 0 0 0 0 0 0 0 0 0 0 0 0 0 0 0 0 
558 3137 2650 2061 1428 1361 1173 804 627 681 811 658 265 129 76 0 0 27 0 0 0 0 0 0 0 0 0 0 0 0 0 0 
13 4 1 0 4 2 11 0 0 8 2 0 15 1 51 0 0 0 0 0 0 0 0 0 0 0 0 0 0 0 0 0 
12 43 25 14 30 20 20 16 3 225 0 0 0 2 102 0 0 0 0 0 0 0 0 0 0 0 0 0 0 0 0 0 
77 182 120 73 340 108 22 13 13 68 163 2 3 20 10 1 63 0 0 0 0 0 0 0 0 0 0 0 0 0 0 0 
9 92 63 41 54 100 49 21 3 218 3 1 0 1 51 0 3 12 0 0 0 0 0 0 0 0 0 0 0 0 0 0 
598 3622 2327 2541 1630 1373 975 979 881 1417 1263 597 153 338 326 68 149 15 0 0 0 0 0 0 0 0 0 0 0 0 0 0 
65 238 220 268 462 134 51 25 379 6 11 20 43 34 2 0 0 0 0 0 0 0 0 0 0 0 0 0 0 0 0 0 
292 3874 2302 1577 1866 705 274 393 311 902 48 5 5 64 54 0 0 0 0 0 0 0 0 0 0 0 0 0 0 0 0 0 
71 4583 3183 2011 1984 848 784 427 189 423 204 15 31 69 65 0 59 0 0 0 0 0 0 0 0 0 0 0 0 0 0 0 
119 198 231 123 319 41 64 30 34 161 166 193 86 74 5 0 239 31 0 0 0 0 0 0 0 0 0 0 0 0 0 0 
32 1 6 8 12 10 4 32 2 7 90 1 0 0 0 0 3 12 0 0 0 0 0 0 0 0 0 0 0 0 0 0 
57 1117 126 77 107 46 12 49 15 11 390 17 145 2 1 0 9 9 0 0 0 0 0 0 0 0 0 0 0 0 0 0 
6140 16505 11167 7399 7279 4805 2026 2397 1008 816 1440 1359 185 34 32 17 14 3 0 0 0 0 0 0 0 0 0 0 0 0 0 0 
475 20252 14063 9384 5507 3865 2457 2349 1032 840 1216 1121 247 73 43 19 27 3 0 0 0 0 0 0 0 0 0 0 0 0 0 0 
2047 7868 5662 3586 3611 2035 1525 1058 410 1352 263 214 145 315 102 0 3 3 0 0 0 0 0 0 0 0 0 0 0 0 0 0 
827 2697 1868 1847 1376 590 458 362 483 699 20 24 17 93 88 0 19 0 0 0 0 0 0 0 0 0 0 0 0 0 0 0 
6388 9666 8461 6062 6643 3985 2923 2184 1245 1871 597 940 114 312 228 0 3 23 0 0 0 0 0 0 0 0 0 0 0 0 0 0 
5670 8221 8834 6141 5334 4021 2652 1321 905 579 836 1054 101 330 354 163 29 0 0 0 0 0 0 0 0 0 0 0 0 0 0 0 
235 1952 851 603 536 128 533 261 11 399 11 208 1 2 3 0 0 0 0 0 0 0 0 0 0 0 0 0 0 0 0 0 
846 4028 2386 1674 1266 776 492 422 422 732 31 128 18 264 6 1 41 33 0 0 0 0 0 0 0 0 0 0 0 0 0 0 
3258 8097 5947 5044 3192 1860 1595 768 1120 1235 340 516 169 376 124 0 4 0 0 0 0 0 0 0 0 0 0 0 0 0 0 0 
4903 8844 5681 3152 2707 1319 1054 732 889 570 315 524 281 146 82 0 5 0 0 0 0 0 0 0 0 0 0 0 0 0 0 0 
1952 3957 3756 1904 2207 678 869 434 343 1075 59 48 21 407 68 0 40 0 0 0 0 0 0 0 0 0 0 0 0 0 0 0 
3162 4692 4610 4138 3198 1498 624 808 517 589 109 55 34 55 0 0 4 0 0 0 0 0 0 0 0 0 0 0 0 0 0 0 
1175 2261 2018 2030 916 928 502 254 672 1031 302 25 0 11 0 0 0 0 0 0 0 0 0 0 0 0 0 0 0 0 0 0 
4144 5686 4620 2971 1650 1009 877 701 319 693 1244 1444 481 153 85 0 4 76 0 0 0 0 0 0 0 0 0 0 0 0 0 0 
1512 2986 2668 1632 1783 1242 941 527 163 425 77 121 11 27 25 0 8 42 0 0 0 0 0 0 0 0 0 0 0 0 0 0 
4778 7512 6979 5035 3751 2380 1528 1944 1496 1072 1028 685 496 125 50 2 9 0 0 0 0 0 0 0 0 0 0 0 0 0 0 0 
6714 11087 10290 7389 4254 3322 2368 2062 1583 788 1232 851 198 102 45 23 57 0 0 0 0 0 0 0 0 0 0 0 0 0 0 0 
8102 9154 8321 5131 3409 2788 1373 1427 1424 1188 1272 1267 1135 835 30 10 36 0 0 0 0 0 0 0 0 0 0 0 0 0 0 0 
4775 13457 8474 5459 4223 2490 1964 1260 1683 1047 566 438 205 489 65 0 3 72 0 0 0 0 0 0 0 0 0 0 0 0 0 0 
1046 3447 2410 1899 1354 963 1033 1176 984 713 527 550 453 70 70 5 61 3 0 0 0 0 0 0 0 0 0 0 0 0 0 0 
2185 4632 4511 3791 2705 1921 1495 616 422 449 90 92 24 33 31 0 4 0 0 0 0 0 0 0 0 0 0 0 0 0 0 0 
889 1356 1146 728 854 546 869 500 456 100 16 232 29 270 1 0 0 0 0 0 0 0 0 0 0 0 0 0 0 0 0 0 
11 400 215 131 156 24 25 8 7 198 4 2 1 0 3 0 0 0 0 0 0 0 0 0 0 0 0 0 0 0 0 0 
1846 10944 5334 2498 1564 1155 1243 1172 644 409 369 835 228 381 88 0 0 0 0 0 0 0 0 0 0 0 0 0 0 0 0 0 
2345 5786 4693 3328 2109 1793 1427 1323 121 341 182 365 79 61 96 1 0 0 0 0 0 0 0 0 0 0 0 0 0 0 0 0 
5956 16268 11039 7477 5322 3702 2685 2489 2117 718 968 646 580 302 59 4 6 0 0 0 0 0 0 0 0 0 0 0 0 0 0 0 
778 2490 1669 1370 1170 512 621 702 296 339 24 11 2 9 64 1 4 0 0 0 0 0 0 0 0 0 0 0 0 0 0 0 
1967 7097 4495 2869 2273 1159 1139 666 266 229 430 787 283 113 2 0 0 2 0 0 0 0 0 0 0 0 0 0 0 0 0 0 
2766 7652 7770 6352 5254 2727 1755 2133 1147 531 399 601 59 91 19 10 44 3 0 0 0 0 0 0 0 0 0 0 0 0 0 0 
0 8133 5638 4556 2240 2047 1068 1470 1048 213 1001 501 339 41 3 1 0 0 0 0 0 0 0 0 0 0 0 0 0 0 0 0 
12254 16623 15258 10603 6970 4322 2785 2410 2150 2116 2118 951 193 121 22 0 0 0 0 0 0 0 0 0 0 0 0 0 0 0 0 0 
1558 2012 1994 1381 1291 467 452 218 402 884 136 400 0 4 50 0 0 0 0 0 0 0 0 0 0 0 0 0 0 0 0 0 
1359 5170 1999 1023 396 151 128 308 283 166 172 128 37 281 1 0 44 0 0 0 0 0 0 0 0 0 0 0 0 0 0 0 
1474 4643 4785 3715 2544 1481 933 720 620 651 233 145 35 24 36 0 1 0 0 0 0 0 0 0 0 0 0 0 0 0 0 0 
0 0 0 0 0 0 0 0 0 0 0 0 0 0 0 0 0 0 0 0 0 0 0 0 0 0 0 0 0 0 0 0 
5071 9218 7728 6435 2902 2329 1585 2525 1216 783 2243 1816 499 17 31 12 4 0 0 0 0 0 0 0 0 0 0 0 0 0 0 0 
847 1793 2071 2581 869 446 673 609 43 34 114 148 28 53 128 55 36 0 0 0 0 0 0 0 0 0 0 0 0 0 0 0 
700 1997 2108 1867 845 753 395 379 94 66 463 66 164 3 11 13 0 0 0 0 0 0 0 0 0 0 0 0 0 0 0 0 
3622 8289 5614 3310 2277 1735 996 1068 1550 702 525 1057 662 171 33 2 0 0 0 0 0 0 0 0 0 0 0 0 0 0 0 0 
1811 9819 7059 4498 2631 1736 1430 1152 1778 457 638 298 167 163 25 2 0 0 0 0 0 0 0 0 0 0 0 0 0 0 0 0 
6281 16618 11996 9186 3794 3360 2178 1926 2682 760 1302 1051 492 309 52 12 9 9 0 0 0 0 0 0 0 0 0 0 0 0 0 0 
675 1702 1601 880 547 410 332 44 42 336 54 229 15 12 77 0 0 0 0 0 0 0 0 0 0 0 0 0 0 0 0 0 
8380 16852 11265 7557 3917 2762 2052 2198 2301 1440 1484 1311 549 278 71 7 4 0 0 0 0 0 0 0 0 0 0 0 0 0 0 0 
2087 4416 4125 2965 2170 1387 833 735 648 1118 415 457 111 39 102 0 0 0 0 0 0 0 0 0 0 0 0 0 0 0 0 0 
2660 4310 4443 4069 1988 1405 884 299 898 619 255 447 9 263 13 0 5 0 0 0 0 0 0 0 0 0 0 0 0 0 0 0 
4600 9588 5649 3044 2294 997 669 621 1229 319 361 453 412 291 61 0 0 0 0 0 0 0 0 0 0 0 0 0 0 0 0 0 
26 71 82 68 82 262 3 0 0 1 6 0 0 0 0 0 0 0 0 0 0 0 0 0 0 0 0 0 0 0 0 0 
2959 3817 4210 3579 2835 1549 1542 961 1941 725 341 522 104 603 79 0 9 0 0 0 0 0 0 0 0 0 0 0 0 0 0 0 
4215 8948 7807 7065 3465 2929 2348 2446 2729 1202 462 502 207 691 48 1 0 0 0 0 0 0 0 0 0 0 0 0 0 0 0 0 
1752 3263 3466 3024 2345 1469 920 600 578 863 78 138 26 54 71 0 0 0 0 0 0 0 0 0 0 0 0 0 0 0 0 0 
11497 7771 8584 6742 4046 3538 2753 1688 4332 1045 657 705 291 747 161 3 19 29 0 0 0 0 0 0 0 0 0 0 0 0 0 0 
1037 2220 1994 2026 1495 1153 618 372 54 132 163 445 4 29 39 0 10 0 0 0 0 0 0 0 0 0 0 0 0 0 0 0 
899 4991 3298 2115 966 778 958 982 1136 925 67 97 67 630 7 0 3 8 0 0 0 0 0 0 0 0 0 0 0 0 0 0 
5348 5275 5033 2849 2769 1565 1447 739 569 1405 790 1213 463 45 151 0 0 0 0 0 0 0 0 0 0 0 0 0 0 0 0 0 
336 2740 2480 2410 1384 1110 1264 613 193 223 73 442 26 359 113 3 1 0 0 0 0 0 0 0 0 0 0 0 0 0 0 0 
8683 13492 9309 5490 2852 2991 1636 1839 1348 663 2017 1253 409 261 38 41 0 2 0 0 0 0 0 0 0 0 0 0 0 0 0 0 
3499 6459 3197 1519 1504 598 642 552 390 455 271 479 311 167 7 0 0 0 0 0 0 0 0 0 0 0 0 0 0 0 0 0 
3517 6071 5481 4770 2676 2256 1617 1509 648 507 893 497 85 323 64 2 35 5 0 0 0 0 0 0 0 0 0 0 0 0 0 0 
656 2277 2376 1768 1143 1835 1131 718 276 251 522 80 167 46 18 13 0 0 0 0 0 0 0 0 0 0 0 0 0 0 0 0 
2997 4204 4355 3583 2141 2057 1433 869 532 432 631 962 313 275 20 33 19 7 0 0 0 0 0 0 0 0 0 0 0 0 0 0 
5654 18422 8866 5351 1940 2022 1180 1688 1893 410 1145 792 399 502 17 21 0 0 0 0 0 0 0 0 0 0 0 0 0 0 0 0 
2244 6060 5970 4264 3098 1606 937 835 320 674 666 477 18 9 43 0 3 0 0 0 0 0 0 0 0 0 0 0 0 0 0 0 
794 1799 1198 814 738 408 486 647 506 663 36 231 6 13 5 2 0 0 0 0 0 0 0 0 0 0 0 0 0 0 0 0 
565 4197 4245 3392 2423 1641 1479 965 945 642 253 256 30 303 93 21 0 0 0 0 0 0 0 0 0 0 0 0 0 0 0 0 
615 856 845 634 878 539 207 166 145 198 16 16 7 22 0 0 0 0 0 0 0 0 0 0 0 0 0 0 0 0 0 0 
1274 4601 1997 1204 770 483 631 549 722 318 151 225 253 415 4 0 0 0 0 0 0 0 0 0 0 0 0 0 0 0 0 0 
2063 6209 4011 3227 1739 1775 940 413 1014 177 367 640 314 137 31 1 0 0 0 0 0 0 0 0 0 0 0 0 0 0 0 0 
5945 8206 7375 6067 3222 2348 2417 1538 377 1406 456 276 31 103 397 172 3 0 0 0 0 0 0 0 0 0 0 0 0 0 0 0 
2676 12611 6729 3506 2976 1816 1321 1236 1737 288 400 462 285 405 45 0 2 36 0 0 0 0 0 0 0 0 0 0 0 0 0 0 
186 1797 1196 1574 278 172 542 261 25 25 69 142 6 2 28 0 0 0 0 0 0 0 0 0 0 0 0 0 0 0 0 0 
7120 18345 10348 6825 3208 3196 1913 2577 2768 802 1485 1447 1055 379 73 2 7 30 0 0 0 0 0 0 0 0 0 0 0 0 0 0 
1514 2552 2455 2001 1637 1125 561 338 77 1113 327 243 6 355 57 0 0 0 0 0 0 0 0 0 0 0 0 0 0 0 0 0 
924 2737 1530 772 849 435 659 435 468 211 39 108 21 376 59 0 5 25 0 0 0 0 0 0 0 0 0 0 0 0 0 0 
2052 7507 4125 3954 1759 1187 829 1698 1620 134 1200 390 92 16 49 0 16 0 0 0 0 0 0 0 0 0 0 0 0 0 0 0 
8385 9044 8268 6653 3542 3827 2644 1424 2301 636 1259 930 293 502 180 0 7 36 0 0 0 0 0 0 0 0 0 0 0 0 0 0 
558 2115 1950 2340 1099 544 591 998 660 184 575 152 13 25 4 19 0 0 0 0 0 0 0 0 0 0 0 0 0 0 0 0 
2961 5159 5092 3741 2461 1389 1382 439 931 1207 531 712 107 390 42 9 38 0 0 0 0 0 0 0 0 0 0 0 0 0 0 0 
5325 9676 7375 5817 3182 1657 893 1203 1839 900 991 628 626 258 8 9 38 0 0 0 0 0 0 0 0 0 0 0 0 0 0 0 
2789 3866 4113 3447 2480 2059 1864 1351 369 1067 602 589 119 44 143 20 1 14 0 0 0 0 0 0 0 0 0 0 0 0 0 0 
2234 4747 5448 5020 1795 1577 1184 606 1740 1255 928 1055 84 512 137 0 1 0 0 0 0 0 0 0 0 0 0 0 0 0 0 0 
1186 2600 2401 1581 236 563 407 327 74 565 922 1411 309 76 20 0 2 0 0 0 0 0 0 0 0 0 0 0 0 0 0 0 
2060 7641 2846 1776 1081 557 431 832 419 286 523 554 146 69 4 0 6 2 0 0 0 0 0 0 0 0 0 0 0 0 0 0 
6375 11161 10762 9132 4737 4901 3172 1788 2798 1221 739 609 169 680 92 0 5 16 0 0 0 0 0 0 0 0 0 0 0 0 0 0 
2738 7299 5437 3412 2070 1600 1016 875 922 249 694 292 193 142 81 5 0 0 0 0 0 0 0 0 0 0 0 0 0 0 0 0 
1920 2326 1575 613 1132 960 642 127 47 320 50 659 3 274 119 0 0 0 0 0 0 0 0 0 0 0 0 0 0 0 0 0 
90 849 571 633 220 199 120 43 286 172 4 3 5 5 0 0 0 0 0 0 0 0 0 0 0 0 0 0 0 0 0 0 
8666 12919 9830 7170 4954 4026 2631 2181 1875 937 936 1682 478 650 146 7 5 15 0 0 0 0 0 0 0 0 0 0 0 0 0 0 
548 9693 7156 6112 3624 3282 2421 1300 2573 1041 429 1059 185 717 17 0 6 0 0 0 0 0 0 0 0 0 0 0 0 0 0 0 
2443 9869 6474 3583 2079 1676 1170 1768 1581 243 986 515 249 216 13 16 0 0 0 0 0 0 0 0 0 0 0 0 0 0 0 0 
1724 3695 3918 3868 2201 878 570 710 824 537 485 18 19 63 47 0 0 0 0 0 0 0 0 0 0 0 0 0 0 0 0 0 
43 17 11 7 44 2 27 0 0 0 0 0 0 0 0 0 0 0 0 0 0 0 0 0 0 0 0 0 0 0 0 0 
1090 6219 2453 2118 433 630 306 229 397 38 208 232 362 274 0 0 0 0 0 0 0 0 0 0 0 0 0 0 0 0 0 0 
5696 11104 11314 9770 3711 3395 2334 1903 1307 1291 2215 2960 555 393 80 17 14 0 0 0 0 0 0 0 0 0 0 0 0 0 0 0 
4374 11407 7758 6593 2738 3189 1848 2320 2121 565 1650 662 449 489 115 2 3 0 0 0 0 0 0 0 0 0 0 0 0 0 0 0 
5556 9498 8499 6596 4984 3042 2494 2157 2846 846 663 333 241 303 12 5 7 0 0 0 0 0 0 0 0 0 0 0 0 0 0 0 
4041 9556 8917 6481 3674 4054 2523 1834 2182 736 1434 1016 261 353 37 13 40 0 0 0 0 0 0 0 0 0 0 0 0 0 0 0 
8315 8681 8392 5916 3255 3267 3328 2156 363 252 1398 878 202 115 525 272 0 0 0 0 0 0 0 0 0 0 0 0 0 0 0 0 
910 5509 4388 3830 2020 1435 852 826 1141 727 602 239 82 19 2 4 0 0 0 0 0 0 0 0 0 0 0 0 0 0 0 0 
1394 4745 3354 2990 2766 943 670 538 203 1079 206 144 1 8 4 6 0 0 0 0 0 0 0 0 0 0 0 0 0 0 0 0 
3692 10903 8946 7071 3371 2812 1582 2357 992 449 2041 1158 252 120 8 1 0 0 0 0 0 0 0 0 0 0 0 0 0 0 0 0 
2261 6769 7335 7078 2744 1880 1274 960 1073 238 946 549 174 156 3 1 32 0 0 0 0 0 0 0 0 0 0 0 0 0 0 0 
6586 10888 11715 9218 4407 4243 3039 3455 2587 983 2843 1123 295 117 4 4 0 0 0 0 0 0 0 0 0 0 0 0 0 0 0 0 
4037 7750 8647 7227 4018 3709 1860 2853 1098 686 1394 842 180 77 22 1 5 0 0 0 0 0 0 0 0 0 0 0 0 0 0 0 
3167 6007 6409 6328 3250 1806 1386 1274 733 1064 236 123 72 55 74 0 8 0 0 0 0 0 0 0 0 0 0 0 0 0 0 0 
4783 8618 10838 8840 4971 3221 2665 2318 1814 1465 1051 201 76 113 59 41 1 0 0 0 0 0 0 0 0 0 0 0 0 0 0 0 
2251 4937 4835 3435 1986 1593 889 812 1079 429 465 135 36 40 53 1 4 0 0 0 0 0 0 0 0 0 0 0 0 0 0 0 
2080 9976 7341 6915 3161 3005 1813 3441 2428 458 566 390 115 64 60 2 3 0 0 0 0 0 0 0 0 0 0 0 0 0 0 0 
1442 3873 3482 2888 1721 1633 833 327 581 351 810 235 80 354 4 0 0 0 0 0 0 0 0 0 0 0 0 0 0 0 0 0 
2424 9253 5885 4228 2432 1874 924 2533 306 134 2139 954 234 126 0 0 0 0 0 0 0 0 0 0 0 0 0 0 0 0 0 0 
3588 8974 8821 6475 3479 2857 1644 2808 1022 245 2768 1415 233 55 14 17 0 0 0 0 0 0 0 0 0 0 0 0 0 0 0 0 
1315 3303 3861 3546 1918 2014 803 1320 727 100 1622 122 49 39 50 0 5 0 0 0 0 0 0 0 0 0 0 0 0 0 0 0 
5162 10218 10033 8149 4036 3668 2150 3102 1514 670 1814 1364 360 91 55 30 18 0 0 0 0 0 0 0 0 0 0 0 0 0 0 0 
5123 10305 9646 7181 4135 3846 2049 3168 452 228 2770 1188 209 48 24 19 8 0 0 0 0 0 0 0 0 0 0 0 0 0 0 0 
5772 13767 9165 6893 2892 3100 2346 2651 3083 763 1959 1022 403 680 221 78 0 0 0 0 0 0 0 0 0 0 0 0 0 0 0 0 
5328 9896 10346 7647 3849 3865 1536 2362 951 498 2604 1095 372 65 52 14 3 0 0 0 0 0 0 0 0 0 0 0 0 0 0 0 
1109 3877 4078 4292 1400 2299 1044 1680 1483 594 1043 658 118 149 3 0 0 0 0 0 0 0 0 0 0 0 0 0 0 0 0 0 
2528 6183 7164 5863 3349 2344 1324 2084 703 272 1593 661 163 50 22 35 0 0 0 0 0 0 0 0 0 0 0 0 0 0 0 0 
3458 5259 4137 3941 1728 1380 949 1235 1289 638 666 146 127 11 23 3 11 87 0 0 0 0 0 0 0 0 0 0 0 0 0 0 
1332 3619 1880 2905 1665 1002 818 1791 2227 337 160 362 46 9 11 1 18 0 0 0 0 0 0 0 0 0 0 0 0 0 0 0 
5501 9791 9607 6944 3838 3508 1419 2006 684 494 2121 1064 155 74 35 2 5 0 0 0 0 0 0 0 0 0 0 0 0 0 0 0 
2357 4415 4616 3806 1549 1484 1151 1028 123 165 1408 759 142 89 14 13 36 96 0 0 0 0 0 0 0 0 0 0 0 0 0 0 
2991 10588 6004 4518 2975 1691 1733 2043 1038 253 1494 458 120 77 3 5 0 0 0 0 0 0 0 0 0 0 0 0 0 0 0 0 
3961 13150 8159 5930 3707 2645 1404 1221 2501 464 701 585 469 208 20 1 10 9 0 0 0 0 0 0 0 0 0 0 0 0 0 0 
7091 12997 10835 8066 3632 3946 1828 2349 655 433 2140 1243 519 129 66 81 106 0 0 0 0 0 0 0 0 0 0 0 0 0 0 0 
1216 5898 3975 3006 1691 1369 1174 1050 130 254 571 146 91 107 27 1 0 0 0 0 0 0 0 0 0 0 0 0 0 0 0 0 
4431 10980 8316 6847 3572 3615 1678 1926 2700 751 1111 1248 329 423 56 2 0 0 0 0 0 0 0 0 0 0 0 0 0 0 0 0 
2643 5595 6609 4542 1932 1903 950 1768 675 204 1648 940 201 56 58 1 0 0 0 0 0 0 0 0 0 0 0 0 0 0 0 0 
3775 7061 6012 4588 2368 3174 1553 1813 2366 379 1207 1026 279 78 12 0 7 8 0 0 0 0 0 0 0 0 0 0 0 0 0 0 
5374 11867 8609 5924 2850 3229 1839 2238 2343 858 1707 1923 424 434 30 1 0 0 0 0 0 0 0 0 0 0 0 0 0 0 0 0 
4731 9088 6947 5859 3232 3054 1645 2187 1631 484 1056 962 263 125 28 45 52 98 0 0 0 0 0 0 0 0 0 0 0 0 0 0 
5438 14458 7815 5439 2547 2473 869 1250 692 173 1091 1250 453 208 6 0 0 0 0 0 0 0 0 0 0 0 0 0 0 0 0 0 
2373 4316 3603 4151 2421 2040 1907 2122 2896 949 465 628 120 336 13 5 13 0 0 0 0 0 0 0 0 0 0 0 0 0 0 0 
1185 2526 2953 2585 1408 1378 1199 843 999 598 872 696 155 317 28 0 0 0 0 0 0 0 0 0 0 0 0 0 0 0 0 0 
939 2854 3015 3110 982 780 1054 974 900 442 541 253 32 61 1 0 6 0 0 0 0 0 0 0 0 0 0 0 0 0 0 0 
846 3426 2695 2457 1838 742 1098 1572 1248 668 157 18 27 72 2 0 2 0 0 0 0 0 0 0 0 0 0 0 0 0 0 0 
3785 11503 7628 6192 3023 2625 1381 2727 1953 547 2136 1156 350 414 102 83 110 0 0 0 0 0 0 0 0 0 0 0 0 0 0 0 
239 1337 1191 1112 917 616 364 328 55 145 487 135 23 0 7 0 0 0 0 0 0 0 0 0 0 0 0 0 0 0 0 0 
2263 7290 6025 4910 2476 1837 946 3264 742 171 1382 549 141 14 53 23 28 18 0 0 0 0 0 0 0 0 0 0 0 0 0 0 
1872 4995 4944 4190 2108 1838 862 1302 1066 567 986 583 251 12 7 1 0 0 0 0 0 0 0 0 0 0 0 0 0 0 0 0 
748 3863 3060 3353 1366 899 637 689 1267 351 288 264 66 55 0 0 0 0 0 0 0 0 0 0 0 0 0 0 0 0 0 0 
1103 3032 3226 3084 891 1009 820 1112 523 260 766 384 75 8 0 0 0 0 0 0 0 0 0 0 0 0 0 0 0 0 0 0 
4887 10131 6838 5887 2547 2776 1868 2134 2169 565 1498 892 307 158 43 16 2 1 0 0 0 0 0 0 0 0 0 0 0 0 0 0 
2190 5587 4685 3617 1682 1519 1633 1158 2960 865 459 527 190 340 23 0 3 0 0 0 0 0 0 0 0 0 0 0 0 0 0 0 
4275 8557 7007 4992 1998 2083 1198 2290 517 1206 2164 2890 605 55 108 16 2 3 0 0 0 0 0 0 0 0 0 0 0 0 0 0 
1012 4071 2089 1046 1126 455 634 1190 657 265 75 56 18 1 0 0 5 0 0 0 0 0 0 0 0 0 0 0 0 0 0 0 
6398 13197 8016 5336 3190 2539 1368 1151 1108 781 1016 703 355 300 8 0 0 0 0 0 0 0 0 0 0 0 0 0 0 0 0 0 
3821 6346 6960 5377 3049 3571 1378 1360 884 589 718 481 85 116 39 0 4 0 0 0 0 0 0 0 0 0 0 0 0 0 0 0 
1129 3651 3413 3807 1556 932 633 1354 731 739 911 30 26 38 43 0 0 0 0 0 0 0 0 0 0 0 0 0 0 0 0 0 
2969 6510 7025 6398 3449 2602 1727 2336 1872 730 1295 443 133 279 13 13 1 0 0 0 0 0 0 0 0 0 0 0 0 0 0 0 
983 1995 2260 1979 1557 892 547 321 134 202 1052 504 35 38 46 2 0 0 0 0 0 0 0 0 0 0 0 0 0 0 0 0 
5096 10000 9437 7711 3850 3179 2106 1640 478 882 1204 797 102 61 224 88 1 0 0 0 0 0 0 0 0 0 0 0 0 0 0 0 
5804 9856 8775 7096 4232 2701 2037 1988 3152 1283 572 535 208 686 5 7 0 1 0 0 0 0 0 0 0 0 0 0 0 0 0 0 
1361 5556 3477 3441 1723 1122 1081 1032 1243 236 1684 440 37 4 2 0 5 0 0 0 0 0 0 0 0 0 0 0 0 0 0 0 
3867 11062 8970 7687 3844 2928 2183 1592 3025 1154 1129 504 267 320 6 10 39 0 0 0 0 0 0 0 0 0 0 0 0 0 0 0 
1966 4429 3689 3069 1206 1030 847 1459 623 206 167 256 44 8 1 0 5 0 0 0 0 0 0 0 0 0 0 0 0 0 0 0 
4163 5900 6415 5288 2682 1648 1179 693 1196 649 441 148 77 23 32 0 0 0 0 0 0 0 0 0 0 0 0 0 0 0 0 0 
221 769 634 719 479 91 35 23 73 44 11 4 198 2 52 0 0 0 0 0 0 0 0 0 0 0 0 0 0 0 0 0 
2196 3689 4224 4180 1860 1565 1617 1330 662 234 877 36 20 56 12 4 0 0 0 0 0 0 0 0 0 0 0 0 0 0 0 0 
2239 3418 4410 3882 1203 1129 1192 1357 575 541 2063 1954 383 103 8 5 8 46 0 0 0 0 0 0 0 0 0 0 0 0 0 0 
755 1686 1734 1900 564 664 325 454 962 93 99 74 43 136 47 0 0 4 0 0 0 0 0 0 0 0 0 0 0 0 0 0 
3852 4773 5504 5100 2242 2052 1460 1001 1975 1246 485 249 105 377 29 1 0 0 0 0 0 0 0 0 0 0 0 0 0 0 0 0 
2905 4132 5448 4754 1602 1441 1223 993 886 282 829 139 60 52 17 9 0 0 0 0 0 0 0 0 0 0 0 0 0 0 0 0 
2162 5421 4161 2700 1400 1309 1271 846 1936 411 528 341 74 400 40 0 0 3 0 0 0 0 0 0 0 0 0 0 0 0 0 0 
1872 6555 3745 2875 1050 1091 603 454 1448 580 587 35 97 90 1 3 0 0 0 0 0 0 0 0 0 0 0 0 0 0 0 0 
872 1517 1600 2040 500 450 505 701 328 332 87 21 3 41 171 47 0 0 0 0 0 0 0 0 0 0 0 0 0 0 0 0 
6086 11599 7458 5704 3064 3068 1851 1293 2441 821 841 720 560 539 100 2 4 46 0 0 0 0 0 0 0 0 0 0 0 0 0 0 
1176 6227 1493 726 371 275 387 179 408 59 149 160 336 134 0 1 0 0 0 0 0 0 0 0 0 0 0 0 0 0 0 0 
696 783 850 914 691 438 595 702 91 39 18 9 4 0 14 0 1 0 0 0 0 0 0 0 0 0 0 0 0 0 0 0 
1817 3379 3856 4150 1604 1511 492 1271 557 96 1125 293 9 4 4 0 0 0 0 0 0 0 0 0 0 0 0 0 0 0 0 0 
492 2764 1448 1124 729 416 432 484 94 47 95 132 68 55 3 1 0 8 0 0 0 0 0 0 0 0 0 0 0 0 0 0 
1203 3180 3771 3654 1229 1300 1133 1041 482 94 186 142 45 66 0 0 0 0 0 0 0 0 0 0 0 0 0 0 0 0 0 0 
512 1411 1396 1525 713 606 382 387 621 223 117 10 18 5 0 0 0 0 0 0 0 0 0 0 0 0 0 0 0 0 0 0 
992 2099 2082 1875 1503 1077 790 820 686 669 21 51 14 289 33 0 0 0 0 0 0 0 0 0 0 0 0 0 0 0 0 0 
315 1590 1764 1512 938 303 355 109 604 549 106 17 11 55 0 0 0 0 0 0 0 0 0 0 0 0 0 0 0 0 0 0 
2079 4670 5761 5206 2270 2424 1511 2489 2554 564 1286 930 157 50 69 0 2 0 0 0 0 0 0 0 0 0 0 0 0 0 0 0 
1854 9293 2392 1117 497 449 358 335 472 66 215 334 398 197 5 0 0 0 0 0 0 0 0 0 0 0 0 0 0 0 0 0 
1021 4256 2923 3156 1015 1156 837 1112 1371 439 556 149 101 100 10 0 0 0 0 0 0 0 0 0 0 0 0 0 0 0 0 0 
2369 6761 6015 6063 2631 2457 1486 885 2380 800 358 460 84 333 32 0 4 0 0 0 0 0 0 0 0 0 0 0 0 0 0 0 
2567 4635 4681 4112 2458 1487 1841 1766 1563 368 173 31 101 116 20 1 1 0 0 0 0 0 0 0 0 0 0 0 0 0 0 0 
437 860 1239 956 548 276 282 73 188 277 25 216 7 1 3 0 0 0 0 0 0 0 0 0 0 0 0 0 0 0 0 0 
2503 6329 3646 2192 1830 1084 574 1001 463 508 558 1013 190 107 3 0 0 0 0 0 0 0 0 0 0 0 0 0 0 0 0 0 
2425 8206 4246 3593 1657 1328 1157 1070 1421 386 1049 604 72 323 49 0 5 0 0 0 0 0 0 0 0 0 0 0 0 0 0 0 
4063 9316 7043 5865 3971 2067 1787 1167 2786 1034 703 203 178 338 12 15 1 0 0 0 0 0 0 0 0 0 0 0 0 0 0 0 
2276 5721 5146 4549 3132 1620 1116 856 1353 575 715 191 56 42 6 9 37 1 0 0 0 0 0 0 0 0 0 0 0 0 0 0 
681 1900 2225 2376 944 828 267 1054 42 73 188 208 5 0 0 0 0 0 0 0 0 0 0 0 0 0 0 0 0 0 0 0 
3269 7198 6095 5308 3081 2682 1533 1565 1492 479 479 809 273 83 83 3 2 0 0 0 0 0 0 0 0 0 0 0 0 0 0 0 
2033 3873 5770 4277 2620 1641 1406 2351 765 341 712 489 95 38 6 14 0 0 0 0 0 0 0 0 0 0 0 0 0 0 0 0 
6971 6275 7264 6711 2209 2985 1904 2064 2300 1126 1616 1938 506 412 68 0 24 1 0 0 0 0 0 0 0 0 0 0 0 0 0 0 
950 1852 2300 1863 1534 900 823 1505 848 175 58 103 20 323 12 0 0 0 0 0 0 0 0 0 0 0 0 0 0 0 0 0 
2196 3299 3104 2697 1503 1479 1526 1780 1069 657 174 885 68 324 98 0 0 0 0 0 0 0 0 0 0 0 0 0 0 0 0 0 
76 1053 794 535 608 610 116 584 375 11 9 3 1 0 7 0 6 0 0 0 0 0 0 0 0 0 0 0 0 0 0 0 
1375 5930 2894 3146 1152 994 882 1273 1561 524 180 191 67 63 10 9 36 3 0 0 0 0 0 0 0 0 0 0 0 0 0 0 
1191 2110 2806 1951 1056 1149 244 660 88 142 1008 674 26 0 1 0 1 0 0 0 0 0 0 0 0 0 0 0 0 0 0 0 
480 2731 1043 646 364 280 247 94 456 54 52 146 16 1 0 0 2 0 0 0 0 0 0 0 0 0 0 0 0 0 0 0 
4463 4519 5026 4457 1963 2358 1272 1467 1450 429 562 646 223 83 5 0 0 1 0 0 0 0 0 0 0 0 0 0 0 0 0 0 
1469 5354 3758 2918 1122 1405 613 1427 502 96 721 515 124 11 13 0 0 0 0 0 0 0 0 0 0 0 0 0 0 0 0 0 
853 1063 1109 1076 298 292 180 555 546 23 137 1 6 38 1 1 0 0 0 0 0 0 0 0 0 0 0 0 0 0 0 0 
1402 2879 2781 3178 1693 1022 737 1440 1641 929 127 305 60 363 14 0 6 0 0 0 0 0 0 0 0 0 0 0 0 0 0 0 
642 2763 2559 1984 2112 1316 813 503 1011 691 147 47 48 657 1 0 0 0 0 0 0 0 0 0 0 0 0 0 0 0 0 0 
873 2489 2276 1790 1863 923 793 472 161 781 51 368 49 342 22 0 4 0 0 0 0 0 0 0 0 0 0 0 0 0 0 0 
1660 3191 2379 1740 2242 1574 1287 1408 160 643 105 618 36 313 8 0 0 0 0 0 0 0 0 0 0 0 0 0 0 0 0 0 
2384 3940 4031 3404 2969 1883 1254 848 591 692 37 94 8 11 55 0 69 5 0 0 0 0 0 0 0 0 0 0 0 0 0 0 
1185 2443 2330 1432 2146 1039 760 394 36 200 73 375 11 64 111 0 4 0 0 0 0 0 0 0 0 0 0 0 0 0 0 0 
3530 5256 4360 4048 2907 1827 1248 1106 582 797 523 272 46 377 83 15 1 20 0 0 0 0 0 0 0 0 0 0 0 0 0 0 
2813 6700 6401 7129 3363 2703 1700 877 1229 1041 1093 330 64 67 4 0 0 9 0 0 0 0 0 0 0 0 0 0 0 0 0 0 
3224 4752 4329 3915 2344 1976 2081 1275 2263 1136 230 428 100 180 80 0 19 0 0 0 0 0 0 0 0 0 0 0 0 0 0 0 
845 1984 2187 2213 1780 1127 1178 551 576 466 85 186 56 36 21 19 0 0 0 0 0 0 0 0 0 0 0 0 0 0 0 0 
341 651 657 318 331 267 333 328 35 131 15 7 8 32 7 15 0 0 0 0 0 0 0 0 0 0 0 0 0 0 0 0 
2031 5917 4794 4618 3359 1726 1327 962 750 424 669 655 69 61 4 9 36 0 0 0 0 0 0 0 0 0 0 0 0 0 0 0 
439 1357 1280 1313 1774 814 330 386 18 42 133 274 2 25 1 0 3 0 0 0 0 0 0 0 0 0 0 0 0 0 0 0 
4702 6106 6160 5168 3814 2833 2224 1481 1980 1611 664 1248 325 393 200 0 1 0 0 0 0 0 0 0 0 0 0 0 0 0 0 0 
2360 3372 3290 2554 2731 1308 1109 986 600 659 517 797 27 623 128 9 50 0 0 0 0 0 0 0 0 0 0 0 0 0 0 0 
3479 4557 4871 4289 3543 2661 2273 1266 2466 654 197 602 99 638 125 0 1 7 0 0 0 0 0 0 0 0 0 0 0 0 0 0 
4990 8514 6006 5481 2859 2175 1999 2199 2595 938 1241 136 61 347 15 0 4 0 0 0 0 0 0 0 0 0 0 0 0 0 0 0 
3084 2573 3205 2480 1776 1137 976 823 572 497 230 212 262 303 38 2 5 3 0 0 0 0 0 0 0 0 0 0 0 0 0 0 
771 2578 3155 2871 1545 1015 494 303 455 351 215 151 15 22 6 0 0 0 0 0 0 0 0 0 0 0 0 0 0 0 0 0 
3761 5293 3900 3278 2381 1461 1502 1075 534 1079 204 546 234 165 73 0 0 0 0 0 0 0 0 0 0 0 0 0 0 0 0 0 
1128 1664 1570 1273 979 925 603 982 20 949 408 7 1 81 81 0 0 0 0 0 0 0 0 0 0 0 0 0 0 0 0 0 
803 1392 1624 1133 1062 745 130 129 65 297 175 20 4 0 4 0 0 0 0 0 0 0 0 0 0 0 0 0 0 0 0 0 
2636 4132 4172 3230 2886 1808 1770 1759 1091 595 856 959 77 112 174 18 23 0 0 0 0 0 0 0 0 0 0 0 0 0 0 0 
40 331 266 135 791 68 55 35 5 215 4 0 0 0 0 0 0 0 0 0 0 0 0 0 0 0 0 0 0 0 0 0 
610 958 729 408 984 583 437 751 76 12 23 7 0 23 8 0 0 0 0 0 0 0 0 0 0 0 0 0 0 0 0 0 
955 757 959 701 557 206 104 39 107 222 26 5 2 5 9 0 0 0 0 0 0 0 0 0 0 0 0 0 0 0 0 0 
11 394 171 237 167 2 2 16 135 1 2 8 55 86 0 0 0 0 0 0 0 0 0 0 0 0 0 0 0 0 0 0 
497 1720 231 457 11 4 4 21 116 3 4 6 459 234 0 0 0 0 0 0 0 0 0 0 0 0 0 0 0 0 0 0 
19 1608 139 256 0 2 2 27 93 4 11 14 123 67 0 0 0 0 0 0 0 0 0 0 0 0 0 0 0 0 0 0 
188 1815 341 709 0 4 4 40 240 8 19 26 144 123 0 0 0 0 0 0 0 0 0 0 0 0 0 0 0 0 0 0 
273 1581 166 278 5 3 4 34 327 5 12 14 246 160 0 0 0 0 0 0 0 0 0 0 0 0 0 0 0 0 0 0 
461 2276 556 465 18 9 7 70 551 3 75 10 276 57 0 0 0 0 0 0 0 0 0 0 0 0 0 0 0 0 0 0 
271 1415 134 234 5 1 2 23 256 1 2 3 254 140 10 0 0 0 0 0 0 0 0 0 0 0 0 0 0 0 0 0 
311 1456 171 273 20 12 14 34 262 15 30 52 271 116 3 0 0 0 0 0 0 0 0 0 0 0 0 0 0 0 0 0 
84 126 4 24 8 4 4 8 16 4 4 4 20 134 0 0 0 0 0 0 0 0 0 0 0 0 0 0 0 0 0 0 
