2547 20175 14725 11434 10354 6366 4446 3875 3503 5313 3855 2521 1192 990 1081 130 840 96 0 0 0 0 0 0 0 0 0 0 0 0 0 0 
41311 105844 80056 56020 45541 27553 18603 14132 9393 12499 7263 7678 1959 2573 1216 200 205 162 0 0 0 0 0 0 0 0 0 0 0 0 0 0 
45670 112401 85652 59645 42421 28771 21534 19475 13857 8760 8185 7984 4122 2949 651 57 232 122 0 0 0 0 0 0 0 0 0 0 0 0 0 0 
53379 113050 87695 63114 35435 23741 16325 15212 15936 10451 10513 8957 3373 2029 713 103 103 9 0 0 0 0 0 0 0 0 0 0 0 0 0 0 
55319 96081 76508 56623 34741 27718 20429 16411 16939 9913 8782 8604 2890 4741 876 117 99 51 0 0 0 0 0 0 0 0 0 0 0 0 0 0 
42957 97411 68739 52521 30761 22542 17495 14887 16135 8904 8155 6858 3145 3701 1075 235 116 127 0 0 0 0 0 0 0 0 0 0 0 0 0 0 
43976 105412 82067 64835 33535 29494 20143 16360 17333 9787 11371 12300 3325 4604 1014 67 43 47 0 0 0 0 0 0 0 0 0 0 0 0 0 0 
56527 125937 117804 95516 52239 41374 27776 30649 20448 10142 19562 9735 2534 2075 881 368 100 0 0 0 0 0 0 0 0 0 0 0 0 0 0 0 
58675 134246 111822 89534 45936 41776 23406 31016 20260 6914 23777 12121 3672 2249 682 285 220 192 0 0 0 0 0 0 0 0 0 0 0 0 0 0 
42201 103342 81170 67383 32906 30373 18992 26323 21525 7361 16287 11659 3167 2348 390 175 220 125 0 0 0 0 0 0 0 0 0 0 0 0 0 0 
47451 101175 87076 71743 37483 28857 20203 20917 19315 10065 13775 8354 2400 2327 614 140 65 4 0 0 0 0 0 0 0 0 0 0 0 0 0 0 
27946 60534 50720 44435 19403 17130 12996 12092 14094 6082 7336 4347 1830 2346 467 69 13 107 0 0 0 0 0 0 0 0 0 0 0 0 0 0 
37694 84444 69850 60041 31900 24863 18408 21073 21067 7868 8865 8563 2311 2787 476 42 76 2 0 0 0 0 0 0 0 0 0 0 0 0 0 0 
27620 57173 48876 43349 28202 21351 14227 14383 12652 8189 5055 5013 885 2570 415 25 148 38 0 0 0 0 0 0 0 0 0 0 0 0 0 0 
32020 51379 47866 40762 32595 20653 16740 14016 11838 8920 5636 5807 1240 2861 885 72 123 10 0 0 0 0 0 0 0 0 0 0 0 0 0 0 
