1304 2568 2731 2433 2594 1741 1145 568 404 1672 1151 1222 687 388 466 61 327 38 0 0 0 0 0 0 0 0 0 0 0 0 0 0 
1243 7835 6184 3595 5038 2676 1377 749 472 3076 1309 629 321 602 615 69 513 58 0 0 0 0 0 0 0 0 0 0 0 0 0 0 
21636 47300 36920 22349 21112 15341 8657 4123 3017 5783 1899 2269 882 326 848 199 107 53 0 0 0 0 0 0 0 0 0 0 0 0 0 0 
19675 28459 23542 13579 12334 7016 4491 2469 2478 5566 2091 1897 833 625 368 1 98 109 0 0 0 0 0 0 0 0 0 0 0 0 0 0 
30001 38887 31992 19436 15926 12091 7825 4573 5324 4611 2801 2218 1951 1403 317 40 178 117 0 0 0 0 0 0 0 0 0 0 0 0 0 0 
15669 38097 26996 16096 12052 9860 6108 3894 3190 2630 1958 1485 1321 603 334 17 54 5 0 0 0 0 0 0 0 0 0 0 0 0 0 0 
23263 27082 22970 13617 9861 7420 4625 3134 2443 3597 3499 2368 543 152 279 80 85 0 0 0 0 0 0 0 0 0 0 0 0 0 0 0 
30116 47221 34287 17477 11461 9996 5835 4899 5685 4335 3018 1563 2104 1219 434 23 18 9 0 0 0 0 0 0 0 0 0 0 0 0 0 0 
27733 25619 23739 15757 11810 10538 6272 3221 6239 4619 1707 1655 707 629 556 4 41 37 0 0 0 0 0 0 0 0 0 0 0 0 0 0 
27586 38393 26707 16342 10574 9626 5760 3550 2987 2558 2994 2486 1306 780 320 113 58 14 0 0 0 0 0 0 0 0 0 0 0 0 0 0 
14118 23694 16649 9448 8276 6615 4346 2395 2697 2797 1229 821 860 501 603 196 5 36 0 0 0 0 0 0 0 0 0 0 0 0 0 0 
28839 35798 26589 16399 10670 9973 6286 4128 6184 3988 3264 2243 1770 1183 472 39 111 91 0 0 0 0 0 0 0 0 0 0 0 0 0 0 
19392 25490 21294 13112 9068 8710 5514 3026 3855 3639 2400 2975 769 640 596 25 15 32 0 0 0 0 0 0 0 0 0 0 0 0 0 0 
24584 41045 31359 20981 11755 12531 6835 4718 6228 3250 4256 4096 1930 1421 418 42 28 15 0 0 0 0 0 0 0 0 0 0 0 0 0 0 
32755 39882 36610 26638 15319 15703 10207 5095 5635 3770 4724 2927 1313 555 595 306 79 0 0 0 0 0 0 0 0 0 0 0 0 0 0 0 
23772 33790 29863 20532 12529 13276 6600 4597 3947 3639 3213 2202 876 489 286 62 21 0 0 0 0 0 0 0 0 0 0 0 0 0 0 0 
29795 35725 32055 23620 11416 15114 6778 5161 5091 2675 5576 3688 1446 760 450 179 45 87 0 0 0 0 0 0 0 0 0 0 0 0 0 0 
28880 39144 29499 21227 11724 11822 6206 4880 4553 2685 4156 2812 1537 699 232 106 175 105 0 0 0 0 0 0 0 0 0 0 0 0 0 0 
26458 31891 24261 17762 9118 11619 6069 4234 5412 2899 3384 2996 1582 804 176 52 78 106 0 0 0 0 0 0 0 0 0 0 0 0 0 0 
15743 22908 17998 12857 6639 7615 4260 3325 3965 1958 2680 1771 885 426 214 123 142 19 0 0 0 0 0 0 0 0 0 0 0 0 0 0 
22777 27724 22836 15425 9478 9204 5166 3728 4483 4194 3621 3315 1194 553 280 31 15 3 0 0 0 0 0 0 0 0 0 0 0 0 0 0 
24674 28465 27508 19202 11107 10176 6955 3914 5660 3253 2912 1157 842 546 334 109 50 1 0 0 0 0 0 0 0 0 0 0 0 0 0 0 
20743 23647 20159 13663 7491 8038 5252 3563 5533 2868 2732 2527 1090 927 413 67 12 99 0 0 0 0 0 0 0 0 0 0 0 0 0 0 
7203 9916 8166 6764 3628 3382 1834 1350 1650 1087 624 290 460 235 54 2 1 8 0 0 0 0 0 0 0 0 0 0 0 0 0 0 
15255 22907 15881 11984 6235 6858 4273 3072 4616 2236 1313 1190 957 635 191 1 12 0 0 0 0 0 0 0 0 0 0 0 0 0 0 0 
22439 24840 23556 17372 10774 9884 5897 3624 6050 3000 3152 3223 942 464 285 41 64 2 0 0 0 0 0 0 0 0 0 0 0 0 0 0 
11309 13564 10707 8713 4020 5245 2573 1844 3097 1609 1169 934 415 296 51 10 51 4 0 0 0 0 0 0 0 0 0 0 0 0 0 0 
16311 22116 20118 14086 12910 10661 5488 2671 2846 4404 1370 1117 326 564 364 15 97 34 0 0 0 0 0 0 0 0 0 0 0 0 0 0 
19187 21535 19246 14509 12110 9844 6106 2965 4395 3400 1635 1651 403 467 501 52 95 7 0 0 0 0 0 0 0 0 0 0 0 0 0 0 
12833 13004 12745 7761 7554 6025 3025 1911 1131 3704 858 886 264 333 384 20 28 3 0 0 0 0 0 0 0 0 0 0 0 0 0 0 
2675 4405 1585 908 598 231 129 270 1825 247 151 86 1559 872 19 0 0 0 0 0 0 0 0 0 0 0 0 0 0 0 0 0 
