4081 553 207 0 0 0 0 0 0 0 1885 164 159 246 261 86 574 132 0 68 0 42 126 0 168 0 0 0 0 0 0 0 
3936 802 75 0 0 0 0 0 0 0 1632 90 534 324 304 262 440 0 0 144 0 42 0 0 42 0 0 0 0 0 0 0 
3423 360 587 94 0 0 0 0 0 0 1462 30 160 242 0 428 700 34 0 136 0 248 0 40 0 100 0 0 0 0 0 0 
3480 622 281 30 0 0 0 0 0 0 1052 112 535 210 339 487 108 306 0 167 0 239 0 0 126 36 0 0 0 0 0 0 
3276 654 111 70 0 0 0 0 0 0 1308 654 516 20 128 335 316 34 124 0 32 32 0 0 148 0 0 0 0 0 0 0 
3705 255 159 189 0 0 0 0 0 0 1148 1168 326 28 70 188 184 0 274 76 0 0 40 0 0 0 0 0 0 0 0 0 
3924 648 0 49 0 0 0 0 0 0 1043 1361 263 234 140 263 152 0 101 72 42 99 0 0 0 0 0 0 0 0 0 0 
2741 837 181 157 87 0 0 0 0 0 891 508 324 136 324 106 110 63 262 38 227 204 106 64 52 0 0 0 0 0 0 0 
2559 1994 94 0 0 0 0 0 0 0 1254 52 497 514 540 37 67 34 80 170 296 126 0 41 0 0 0 0 37 0 0 0 
3150 957 411 142 0 0 0 0 0 0 1294 0 0 1195 0 71 136 132 90 76 257 126 76 0 0 0 0 0 0 0 0 0 
2417 1087 833 464 0 0 0 0 0 0 1327 29 165 511 29 539 24 0 410 0 38 491 76 0 0 0 34 0 0 0 0 0 
3032 1445 367 116 0 0 0 0 0 0 1424 34 52 1073 178 34 30 165 393 204 68 144 0 0 0 0 0 0 0 0 0 0 
2672 1071 394 320 0 0 0 0 0 0 1421 0 0 473 437 0 55 287 377 0 169 170 76 0 0 0 0 0 0 0 0 0 
2437 746 990 784 0 0 0 0 0 0 1198 0 0 389 158 217 0 258 996 0 200 80 228 42 0 0 0 0 0 0 0 0 
2909 1018 722 139 0 0 0 0 0 0 1075 30 486 357 149 298 549 108 333 136 38 75 0 42 0 36 0 0 0 0 0 0 
2988 978 920 62 0 0 0 0 0 0 1250 30 410 68 38 486 850 258 0 366 0 42 42 0 0 40 0 0 0 0 0 0 
3532 796 719 0 0 0 0 0 0 0 1420 0 416 451 0 697 232 192 238 72 160 84 0 0 0 0 0 0 0 0 0 0 
3167 1315 657 66 0 0 0 0 0 0 1090 0 641 742 0 241 0 340 68 184 270 276 76 0 0 0 0 34 0 0 0 0 
2940 638 611 195 162 35 0 0 0 0 1302 206 30 192 62 146 0 890 100 0 228 42 0 64 0 0 102 0 0 108 0 0 
3554 426 240 168 61 0 0 0 0 0 1730 86 20 282 196 24 0 242 0 0 262 211 106 102 0 40 36 0 0 0 0 0 
2157 622 733 517 53 0 0 0 0 0 832 472 28 84 0 179 0 257 32 376 297 467 123 72 0 42 38 123 0 0 0 0 
3174 397 190 82 0 0 0 0 0 0 1146 538 96 34 286 0 0 440 32 0 330 126 130 78 0 0 32 0 0 0 0 0 
2302 987 634 270 434 165 0 0 0 0 988 28 0 241 324 0 62 453 0 0 260 106 212 380 180 72 162 162 84 0 0 0 
3371 1454 406 87 0 0 0 0 0 0 1265 64 560 398 320 38 250 550 0 34 266 202 76 0 0 0 0 0 42 0 0 0 
3791 289 649 400 49 0 0 0 0 0 1560 300 30 60 68 394 280 102 102 72 156 224 256 76 68 0 76 0 76 42 0 0 
2744 494 743 519 0 0 0 0 0 0 1292 172 30 110 38 216 204 176 184 790 0 38 72 0 0 0 0 0 0 0 0 0 
3427 447 502 70 0 0 0 0 0 0 1648 68 60 332 252 106 132 232 0 232 84 0 0 152 170 0 0 0 0 0 0 0 
3382 460 299 446 201 53 0 0 0 0 1670 0 136 328 258 42 230 154 0 222 84 30 42 108 0 114 76 136 0 0 0 0 
3228 282 323 573 294 150 0 0 0 0 1526 30 76 68 116 0 24 68 48 88 154 246 0 388 0 106 172 518 68 0 0 0 
3212 316 215 308 271 82 0 0 0 0 1604 0 114 0 432 0 0 154 0 0 106 214 66 352 32 0 152 34 42 0 0 0 
2623 233 0 267 77 70 0 0 0 0 1196 150 0 188 32 0 0 132 0 176 192 24 40 214 64 0 322 0 0 0 0 0 
3199 1277 240 135 0 0 0 0 0 0 1268 198 358 738 0 260 42 208 132 0 72 296 38 0 0 0 0 42 0 0 0 0 
3400 1160 78 235 0 0 0 0 0 0 1422 124 194 798 260 230 0 0 112 106 118 184 42 0 0 0 0 0 0 0 0 0 
3898 618 295 88 0 0 0 0 0 0 1558 528 186 388 60 292 204 0 156 42 0 76 0 0 0 0 0 42 0 0 0 0 
3898 954 320 140 0 0 0 0 0 0 1524 82 374 498 250 538 104 200 218 70 82 38 0 0 0 0 0 0 0 0 0 0 
3742 232 667 280 49 0 0 0 0 0 1304 198 68 120 170 768 234 102 182 118 156 136 0 0 34 106 76 0 42 42 0 0 
2272 415 451 414 329 0 0 0 0 0 1090 0 106 144 0 0 48 204 132 20 250 374 178 76 0 236 140 158 0 0 0 0 
2573 0 147 587 1266 285 0 0 0 0 1172 0 76 0 0 0 0 0 0 30 106 182 24 804 98 170 228 414 148 162 0 0 
2929 418 285 566 1232 53 0 0 0 0 1212 30 76 30 244 0 0 420 0 60 76 296 0 456 0 624 76 178 178 34 0 0 
3731 621 35 93 0 0 0 0 0 0 1916 0 258 30 634 0 0 30 38 34 180 212 0 0 0 32 0 0 0 0 0 0 
2463 500 180 448 184 135 0 0 0 0 1158 0 26 30 504 0 0 104 0 76 180 114 88 340 64 32 124 160 140 72 0 0 
3016 448 0 25 0 0 0 0 0 0 1434 238 0 208 462 0 0 148 28 152 0 188 0 32 0 0 0 0 0 0 0 0 
2902 527 378 146 0 0 0 0 0 0 1340 34 0 491 70 0 262 0 390 90 67 400 0 64 0 0 0 0 0 0 0 0 
2030 244 1128 362 0 0 0 0 0 0 820 30 0 137 298 465 116 0 310 0 156 210 106 108 104 158 0 0 80 120 0 0 
1908 278 241 825 43 77 0 0 0 0 898 50 0 146 28 86 76 0 184 0 248 80 162 48 112 240 0 0 404 70 0 0 
3240 1283 445 81 0 0 0 0 0 0 1426 28 98 724 120 150 685 93 313 0 0 0 84 42 0 0 0 0 0 0 0 0 
2499 1435 1066 36 0 0 0 0 0 0 1026 60 222 444 392 180 659 328 165 75 34 71 0 0 0 0 0 0 0 0 0 0 
3246 1420 299 327 0 0 0 0 0 0 1170 386 280 60 801 249 38 0 267 68 260 350 0 0 0 38 0 0 38 0 0 0 
3626 1361 143 62 0 0 0 0 0 0 1062 695 845 34 545 330 66 0 260 0 155 0 0 0 0 0 0 0 42 0 0 0 
2718 623 43 576 77 0 0 0 0 0 1334 90 102 0 352 34 0 0 92 98 240 28 170 148 38 120 152 0 40 0 0 0 
2741 254 384 271 0 0 0 0 0 0 1388 0 0 0 270 136 24 0 80 48 104 28 0 400 136 214 0 40 0 0 0 0 
3443 0 160 164 43 0 0 0 0 0 1434 484 0 0 0 126 20 0 300 0 0 168 112 0 60 326 0 42 140 166 0 0 
3410 50 34 517 221 108 0 0 0 0 1633 246 0 0 0 0 0 32 0 150 0 192 0 0 239 36 126 0 488 122 0 0 
3077 0 355 446 164 70 0 0 0 0 1242 298 0 0 0 306 30 110 176 74 114 82 32 0 28 266 82 126 332 68 0 0 
3952 315 63 153 0 0 0 0 0 0 1881 340 272 0 156 108 76 104 0 74 54 134 36 0 56 28 0 0 0 40 0 0 
2987 250 808 573 0 0 0 0 0 0 1118 314 124 0 250 42 80 0 210 16 168 762 386 0 0 0 0 56 0 0 0 0 
3191 974 126 399 0 43 0 0 0 0 1304 234 460 0 63 0 0 0 236 0 538 564 216 0 0 0 0 38 36 0 0 0 
2645 664 299 792 85 0 0 0 0 0 874 258 408 0 352 68 0 32 142 124 816 190 64 0 0 186 76 38 0 0 0 0 
2035 677 63 890 1013 233 0 0 0 0 998 0 0 176 210 42 0 0 40 0 142 0 250 344 34 266 410 364 160 290 0 0 
2982 1060 240 315 0 0 0 0 0 0 1466 0 0 30 593 252 66 0 310 250 104 100 214 0 0 0 0 0 0 0 0 0 
2956 960 0 605 26 0 0 0 0 0 1198 29 0 516 260 0 168 34 0 575 84 356 192 0 0 96 0 0 0 0 0 0 
3616 608 51 0 0 0 0 0 0 0 1701 546 296 134 188 0 126 68 34 106 0 0 0 0 0 0 0 0 0 0 0 0 
3628 869 106 414 34 72 0 0 0 0 1530 240 116 234 336 0 66 262 262 166 158 135 40 0 30 0 66 0 162 152 0 0 
2846 0 317 357 172 196 0 0 0 0 1348 360 28 0 0 48 24 240 0 56 0 174 0 152 38 32 66 38 233 196 0 0 
2559 290 186 369 206 43 0 0 0 0 1152 284 0 0 34 32 0 417 96 32 123 378 52 24 162 88 72 38 106 42 0 0 
2571 148 434 419 1465 560 0 0 0 0 1203 0 0 0 116 0 406 101 64 194 42 0 0 236 510 150 188 210 572 152 0 0 
2925 698 933 79 53 0 0 0 0 0 1372 0 0 371 157 0 352 732 146 66 104 40 0 164 0 62 0 0 60 0 0 0 
3170 360 225 108 0 0 0 0 0 0 1646 182 0 84 101 0 354 125 0 40 24 218 0 192 0 72 0 0 0 0 0 0 
3050 1446 438 0 0 0 0 0 0 0 1054 410 114 85 697 307 188 306 158 0 276 356 0 0 0 0 0 0 0 0 0 0 
3614 641 532 80 0 0 0 0 0 0 1542 206 116 84 272 760 202 108 76 0 248 134 38 0 0 0 0 0 0 0 0 0 
3540 501 139 210 0 0 0 0 0 0 1588 180 30 398 326 0 84 194 162 0 150 240 68 24 0 0 24 0 0 0 0 0 
3266 336 767 88 0 0 0 0 0 0 1252 352 0 60 150 102 34 764 222 148 180 174 102 0 0 0 24 0 0 0 0 0 
4153 158 187 0 0 0 0 0 0 0 1704 462 314 0 0 0 646 74 38 32 0 0 0 74 0 0 84 0 0 0 0 0 
3780 51 706 74 76 0 0 0 0 0 1368 748 34 0 0 56 128 202 420 190 0 0 0 202 102 42 84 0 0 0 0 0 
3908 147 662 0 370 0 0 0 0 0 1206 1018 60 0 76 30 272 356 84 42 0 34 0 300 248 84 42 0 30 0 0 0 
3301 682 241 36 0 0 0 0 0 0 1146 422 410 100 180 146 38 170 110 312 122 28 0 132 0 0 24 0 0 0 0 0 
3449 623 131 44 0 0 0 0 0 0 1294 136 262 486 324 224 114 190 218 84 126 0 0 0 0 0 0 0 0 0 0 0 
3282 1207 87 110 49 0 0 0 0 0 1280 170 288 644 292 0 30 54 568 164 0 64 0 24 64 0 0 42 0 0 0 0 
2739 301 155 914 192 45 0 0 0 0 1086 102 0 34 30 0 0 40 644 98 518 464 0 62 266 34 0 114 68 0 0 0 
2191 1021 666 670 0 0 0 0 0 0 982 0 30 0 716 38 118 102 42 426 522 120 128 28 142 0 40 0 76 0 0 0 
2991 793 45 86 0 0 0 0 0 0 1454 0 30 0 944 48 20 150 94 202 42 0 0 0 0 0 0 0 0 0 0 0 
2529 674 617 93 0 0 0 0 0 0 1000 394 0 0 464 0 248 470 98 310 32 0 0 0 0 0 0 0 0 0 0 0 
3202 828 700 107 0 0 0 0 0 0 1107 216 60 94 395 380 596 230 104 220 328 32 32 0 228 42 0 0 0 0 0 0 
2699 174 428 0 0 0 0 0 0 0 991 135 404 102 76 392 472 44 120 0 24 42 72 0 60 0 0 0 0 0 0 0 
2731 741 391 36 0 0 0 0 0 0 1367 0 0 243 380 164 269 326 96 0 0 144 0 0 70 0 24 0 0 0 0 0 
2225 1716 316 158 0 0 0 0 0 0 1012 0 30 960 292 0 282 297 264 0 36 212 0 0 0 0 0 0 0 0 0 0 
2443 476 1634 116 0 0 0 0 0 0 1109 28 0 0 374 32 895 641 218 0 28 162 38 74 0 0 0 0 42 0 0 0 
2265 696 772 246 0 44 0 0 0 0 962 126 200 184 246 414 362 220 24 28 178 64 0 116 0 0 0 72 38 42 0 0 
3903 1013 98 92 0 0 0 0 0 0 1162 360 196 428 722 330 376 338 0 72 34 0 30 0 38 42 0 0 0 0 0 0 
2792 1186 533 262 0 0 0 0 0 0 1006 0 292 274 292 738 0 100 28 42 466 148 114 0 0 0 110 0 0 40 0 0 
3872 745 83 51 0 0 0 0 0 0 1776 98 30 506 618 322 42 0 0 0 198 0 0 0 0 0 0 0 0 0 0 0 
3672 731 0 129 0 0 0 0 0 0 1420 588 90 476 280 72 42 0 268 0 206 72 30 0 38 42 0 0 0 0 0 0 
2538 875 315 312 168 49 0 0 0 0 946 0 420 302 434 356 0 236 28 226 152 0 0 0 24 64 0 166 0 0 0 0 
2827 894 287 357 0 0 0 0 0 0 1024 188 64 522 306 200 32 80 266 244 460 84 148 0 0 0 0 0 0 0 0 0 
2900 29 88 1061 229 0 0 0 0 0 1226 180 62 0 98 24 0 24 464 212 120 42 128 324 190 30 340 0 38 34 0 0 
2241 286 56 93 0 0 0 0 0 0 1026 136 82 24 158 0 28 108 112 249 232 84 186 0 0 0 0 0 0 0 0 0 
2942 180 93 525 718 0 0 0 0 0 1064 48 485 0 208 0 0 240 172 152 76 114 114 90 638 0 198 72 42 0 0 0 
2728 656 166 89 0 0 0 0 0 0 1018 0 434 0 510 0 0 184 118 256 228 288 62 0 0 0 0 0 0 0 0 0 
2163 1254 231 409 74 0 0 0 0 0 1016 0 437 308 288 0 76 112 212 214 180 72 246 0 66 0 70 80 76 0 0 0 
2922 1595 229 214 0 0 0 0 0 0 1208 103 456 716 237 0 123 186 354 76 214 40 164 0 0 0 0 0 0 0 0 0 
3411 1098 0 0 0 0 0 0 0 0 1037 721 851 296 172 42 237 0 30 0 0 117 40 0 0 0 0 0 0 0 0 0 
2933 1131 0 194 0 0 0 0 0 0 1340 192 362 252 422 64 48 98 84 404 0 38 56 0 0 0 38 0 0 0 0 0 
3246 829 190 295 0 0 0 0 0 0 1058 736 200 172 530 0 0 102 154 476 228 0 0 0 0 0 68 0 0 0 0 0 
2707 40 157 600 428 0 0 0 0 0 1096 502 0 0 42 0 52 48 42 254 28 60 534 48 80 242 272 0 0 38 0 0 
2473 890 0 1473 85 0 0 0 0 0 1140 0 171 268 64 0 0 0 1220 0 470 222 0 136 32 0 0 42 0 0 0 0 
2206 378 398 1367 320 0 0 0 0 0 962 0 0 0 64 258 0 30 696 250 492 94 0 270 100 0 0 120 38 152 0 0 
2291 328 1087 296 193 0 0 0 0 0 1128 0 30 32 240 490 32 116 68 424 96 252 168 0 140 74 0 42 0 76 0 0 
2573 367 632 884 337 132 0 0 0 0 1100 30 0 0 314 112 88 64 220 252 0 158 0 255 0 0 258 646 274 0 0 0 
3294 117 1087 0 0 0 0 0 0 0 1368 280 34 0 122 666 0 198 102 358 98 240 0 0 0 0 0 0 0 0 0 0 
2600 165 517 968 885 108 0 0 0 0 1176 96 30 0 0 88 54 38 200 120 24 222 546 172 124 72 76 494 300 0 0 0 
2806 237 696 453 272 44 0 0 0 0 1142 0 30 0 290 226 0 56 312 136 42 232 0 80 248 0 114 196 178 0 0 0 
2994 94 960 643 609 0 0 0 0 0 1422 0 0 0 50 60 60 378 588 30 28 0 524 336 38 30 34 42 76 126 0 0 
2013 640 1552 895 444 0 0 0 0 0 936 0 30 0 130 64 300 476 564 66 208 160 60 192 34 0 372 182 220 0 0 0 
3061 151 641 1150 423 34 0 0 0 0 978 306 180 0 68 131 0 300 250 386 42 204 72 0 30 80 302 504 0 80 0 0 
3440 244 628 587 202 0 0 0 0 0 1386 414 0 98 38 0 60 158 204 151 0 38 60 392 68 72 0 262 390 168 0 0 
2811 158 389 174 236 56 0 0 0 0 1214 350 30 133 38 56 98 34 102 362 0 108 84 38 0 56 34 290 117 0 0 0 
2748 182 372 543 837 291 0 0 0 0 1304 0 0 191 72 0 0 136 0 170 0 0 168 316 0 168 218 512 454 0 0 0 
2560 546 626 410 49 0 0 0 0 0 1144 130 0 324 340 98 230 20 46 72 0 0 260 0 170 312 190 110 0 0 0 0 
2944 642 79 45 26 0 0 0 0 0 1174 534 0 572 125 0 106 0 28 298 0 38 75 0 37 156 90 42 0 0 0 0 
3419 731 218 105 26 0 0 0 0 0 1151 141 424 364 768 164 96 0 76 38 0 38 122 24 0 152 144 38 42 0 0 0 
3397 930 0 70 0 0 0 0 0 0 1376 198 454 324 152 383 38 358 0 42 0 34 0 0 0 0 0 204 0 0 0 0 
2224 321 44 276 2013 0 0 0 0 0 1006 0 152 120 228 0 0 76 0 0 30 36 308 306 866 42 126 0 316 38 0 0 
2399 1403 301 44 0 0 0 0 0 0 920 68 266 444 340 548 304 150 36 77 0 200 76 0 32 0 0 0 42 0 0 0 
3249 462 227 270 0 0 0 0 0 0 1214 688 160 76 310 208 96 282 72 194 84 24 160 0 96 0 0 0 0 0 0 0 
3494 395 815 37 0 0 0 0 0 0 1186 608 42 60 91 496 397 402 75 191 106 76 0 30 0 0 0 38 74 0 0 0 
