35 0 0 0 0 0 0 0 0 0 0 0 0 0 0 0 0 0 0 0 0 0 0 0 157 0 0 0 0 0 0 0 
35 2 0 0 0 0 0 0 0 0 0 0 0 0 0 0 0 0 0 0 0 0 0 0 152 0 0 0 0 0 0 0 
21 5 0 0 0 0 0 0 0 0 0 0 0 0 0 0 0 0 0 0 0 0 0 0 108 0 0 0 0 0 0 0 
35 10 0 0 0 0 0 0 0 0 0 0 0 0 0 0 0 0 0 0 0 0 0 0 140 0 0 0 0 0 0 0 
7 9 0 0 0 0 0 0 0 0 0 0 0 0 0 0 0 0 0 0 0 0 0 0 68 0 0 0 0 0 0 0 
29 27 0 0 0 0 0 0 0 0 0 0 0 0 0 0 0 0 0 0 0 0 0 0 90 0 0 0 0 0 0 0 
44 31 0 0 0 0 0 0 0 0 0 0 0 0 0 0 0 0 0 0 0 0 0 0 109 0 0 0 0 0 0 0 
14 7 0 0 0 0 0 0 0 0 0 0 0 0 0 0 0 0 0 0 0 0 0 0 121 0 0 0 0 0 0 0 
46 22 0 0 10 0 0 0 0 0 0 0 0 0 0 0 0 0 0 0 0 0 0 0 125 0 0 0 0 0 0 0 
34 28 1 0 12 0 0 0 0 0 0 0 0 0 0 0 0 0 0 0 0 0 0 0 116 0 0 0 0 0 0 0 
70 69 7 0 19 0 0 0 0 0 0 0 0 0 0 0 0 0 0 0 0 0 0 0 96 0 0 0 0 0 0 0 
98 104 5 0 12 0 0 0 0 0 0 0 0 0 0 0 0 0 0 0 0 0 0 0 95 0 0 0 0 0 0 0 
95 121 0 0 0 0 0 0 0 0 0 0 0 0 0 0 0 0 0 0 0 0 0 0 120 0 0 0 0 0 0 0 
109 132 16 0 10 0 0 0 0 0 0 0 0 0 0 0 0 0 0 0 0 0 0 0 117 0 0 0 0 0 0 0 
92 78 17 0 10 0 0 0 0 0 0 0 0 0 0 0 0 0 0 0 0 0 0 0 74 0 0 0 0 0 0 0 
62 88 4 1 23 0 0 0 0 0 0 0 0 0 0 0 0 0 0 0 0 0 0 0 74 0 0 0 0 0 0 0 
85 93 14 0 11 0 0 0 0 0 0 0 0 0 0 0 0 0 1 0 0 6 0 0 91 0 0 0 0 0 0 0 
117 108 25 8 3 0 0 0 0 0 0 0 4 0 0 0 0 0 0 0 0 4 0 0 88 0 0 0 0 0 0 0 
123 112 19 0 0 0 0 0 0 0 0 0 0 0 0 0 0 0 2 0 0 16 0 0 77 0 0 0 0 0 0 0 
127 115 22 0 0 0 0 0 0 0 0 0 0 0 0 0 0 0 11 0 0 26 0 0 68 0 0 0 0 0 0 0 
98 113 3 0 0 0 0 0 0 0 0 0 0 0 0 0 0 0 3 0 0 22 0 0 67 0 0 0 0 0 0 0 
20 29 0 0 0 0 0 0 0 0 0 0 0 0 0 0 0 0 0 0 0 0 0 0 21 0 0 0 0 0 0 0 
111 118 6 0 0 0 0 0 0 0 0 0 0 0 0 0 0 0 3 0 0 25 0 0 120 0 0 0 0 0 0 0 
82 133 12 0 0 0 0 0 0 0 0 0 0 0 0 0 0 0 12 0 0 32 0 0 51 0 0 0 0 0 0 0 
133 156 0 0 0 0 0 0 0 0 0 0 0 0 0 0 0 0 0 0 0 127 0 0 23 0 0 0 0 0 0 0 
95 119 5 0 0 0 0 0 0 0 0 0 0 0 0 0 0 0 0 1 0 83 1 0 30 0 0 0 0 0 0 0 
95 119 31 0 0 0 0 0 0 0 0 0 0 0 0 0 0 0 3 3 0 22 12 0 52 0 0 0 0 0 0 0 
84 115 22 0 0 0 0 0 0 0 0 0 0 0 0 0 0 0 9 4 0 17 16 0 48 0 0 0 0 0 0 0 
69 83 11 10 0 0 0 0 0 0 0 0 0 0 0 0 0 0 0 0 0 0 5 0 57 0 0 0 0 0 0 0 
112 141 12 12 0 0 0 0 0 0 0 0 0 0 0 0 0 0 0 0 0 0 4 0 89 0 0 0 0 0 0 0 
75 133 3 3 0 0 0 0 0 0 0 0 0 0 0 0 0 0 0 0 0 0 9 0 81 0 0 0 0 0 0 0 
72 70 37 0 0 0 0 0 0 0 0 0 0 0 0 0 0 0 0 0 34 2 10 0 54 0 0 0 0 0 0 0 
73 94 0 0 0 0 0 0 0 0 0 0 0 0 0 0 0 0 0 0 0 3 14 0 66 0 0 0 0 0 0 0 
48 36 77 0 0 0 0 0 0 0 0 0 0 0 0 0 0 0 0 0 58 2 0 0 25 0 0 0 0 0 0 0 
82 35 94 0 0 0 0 0 0 0 0 0 0 0 0 0 0 0 0 0 77 27 0 0 32 0 0 0 0 0 0 0 
93 70 81 0 0 0 0 0 0 0 0 0 0 0 0 0 0 0 0 0 68 16 16 0 57 0 0 0 0 0 0 0 
74 128 11 0 0 0 0 0 0 0 0 0 0 0 0 0 0 0 0 0 0 19 29 0 38 0 0 0 0 0 0 0 
125 176 11 10 0 0 0 0 0 0 0 0 0 0 0 0 0 0 0 0 0 40 51 0 47 0 0 0 0 0 0 0 
55 88 0 1 0 0 0 0 0 0 0 0 0 0 0 0 0 0 0 0 0 33 33 0 26 0 0 0 0 0 0 0 
77 112 0 0 0 0 0 0 0 0 0 0 0 0 0 0 0 0 0 0 0 69 14 0 10 0 0 0 0 0 0 0 
74 118 0 0 0 0 0 0 0 0 0 0 0 0 0 0 0 0 0 0 0 66 4 0 0 0 0 0 0 0 0 0 
52 75 0 0 0 0 0 0 0 0 0 0 0 0 0 0 0 0 0 0 0 32 7 0 10 0 0 0 0 0 0 0 
43 142 0 0 0 0 0 0 0 0 0 0 0 0 0 0 0 0 0 0 0 34 22 0 10 0 0 0 0 0 0 0 
85 148 0 0 0 0 0 0 0 0 0 0 0 0 0 0 0 0 0 0 0 84 5 0 0 0 0 0 0 0 0 0 
65 127 9 0 0 0 0 0 0 0 0 0 0 0 0 0 0 0 0 0 0 61 7 0 0 0 0 0 0 0 0 0 
29 69 20 0 0 0 0 0 0 0 0 0 0 0 0 0 0 0 0 0 0 6 13 0 23 0 0 0 0 0 0 0 
56 80 18 0 0 0 0 0 0 0 0 0 0 0 0 0 0 0 0 0 0 28 8 0 14 0 0 0 0 0 0 0 
80 93 33 1 0 0 0 0 0 0 0 0 0 0 0 0 0 0 33 0 0 32 27 0 6 0 0 0 0 0 0 0 
74 99 0 5 0 0 0 0 0 0 0 0 0 0 0 0 0 0 0 0 0 44 12 0 4 0 0 0 0 0 0 0 
63 57 57 0 0 0 0 0 0 0 0 0 0 0 0 0 0 0 39 1 0 3 13 0 15 0 0 0 0 0 0 0 
99 81 67 4 0 0 0 0 0 0 0 0 0 0 0 0 0 0 77 0 0 43 0 0 0 0 0 0 0 0 0 0 
127 88 122 0 0 0 0 0 0 0 0 0 0 0 0 0 0 0 81 8 8 18 12 0 6 0 0 0 0 0 0 0 
141 156 90 17 0 0 0 0 0 0 0 0 0 0 0 0 0 0 19 10 11 41 11 0 12 0 0 0 0 0 0 0 
95 154 44 11 0 0 0 0 0 0 0 0 0 0 0 0 0 0 16 7 2 48 1 0 1 0 0 0 0 0 0 0 
107 114 68 24 15 0 0 0 0 0 0 0 0 0 0 0 0 0 31 0 0 57 0 0 18 0 0 0 0 0 0 0 
56 77 1 6 1 0 0 0 0 0 0 0 0 0 0 0 0 0 0 0 0 59 0 0 15 0 0 0 0 0 0 0 
115 144 5 17 0 0 0 0 0 0 0 0 0 0 0 0 0 0 0 0 0 93 0 0 0 0 0 0 0 0 0 0 
75 124 2 12 0 0 0 0 0 0 0 0 0 0 0 0 0 0 0 0 0 87 0 0 0 0 0 0 0 0 0 0 
40 68 38 0 0 0 0 0 0 0 0 0 0 0 0 0 0 0 0 0 0 22 14 0 10 0 0 0 0 0 0 0 
103 138 8 18 1 0 0 0 0 0 0 0 0 0 0 0 0 0 0 0 0 79 0 0 1 0 0 0 0 0 0 0 
103 144 11 22 0 0 0 0 0 0 0 0 0 0 0 0 0 0 0 0 0 78 0 0 3 0 0 0 0 0 0 0 
94 90 46 35 0 0 0 23 0 0 0 0 0 0 11 21 18 0 6 0 0 28 0 0 8 0 0 0 0 0 0 0 
100 125 31 25 0 0 0 11 0 0 0 0 0 0 0 2 1 0 2 0 0 49 0 0 16 0 0 0 0 0 0 0 
107 112 26 7 0 0 0 1 0 0 0 0 0 0 1 2 9 0 7 0 0 88 0 0 0 0 0 0 0 0 0 0 
115 65 72 2 31 0 0 7 0 0 0 0 3 0 0 12 33 0 42 0 0 4 0 0 28 0 0 0 0 0 0 0 
165 98 30 15 75 1 0 0 0 0 0 0 22 0 0 0 0 0 0 0 0 28 0 0 76 0 0 0 0 0 0 0 
100 135 35 0 0 0 0 0 0 0 0 0 0 0 0 0 0 0 13 0 0 91 0 0 1 0 0 0 0 0 0 0 
56 77 28 0 1 0 0 0 0 0 0 0 0 0 0 0 0 0 13 0 0 42 0 0 13 0 0 0 0 0 0 0 
147 121 36 11 41 0 0 0 0 0 0 0 4 0 0 0 0 0 0 0 0 13 0 0 37 0 0 0 0 0 0 0 
102 135 43 0 0 0 0 0 0 0 0 0 0 0 0 0 0 0 0 0 0 81 7 0 1 0 0 0 0 0 0 0 
88 90 68 0 0 0 0 0 0 0 0 0 0 0 0 0 0 0 31 0 0 41 0 0 13 0 0 0 0 0 0 0 
85 130 49 0 2 0 0 0 0 0 0 0 0 0 0 0 0 0 5 3 1 4 1 0 3 0 0 0 0 0 0 0 
55 127 27 0 0 0 0 0 0 0 0 0 0 0 0 0 0 0 0 0 0 29 0 0 0 0 0 0 0 0 0 0 
96 96 59 0 0 0 0 0 0 0 0 0 0 0 0 0 0 0 42 0 0 79 0 0 3 0 0 0 0 0 0 0 
86 124 47 0 0 0 0 0 0 0 0 0 0 0 0 0 0 0 20 0 0 71 0 0 6 0 0 0 0 0 0 0 
102 70 82 56 0 7 0 0 0 0 22 0 0 0 0 34 0 0 1 0 0 53 0 0 8 0 0 0 0 0 0 0 
101 132 57 21 18 1 0 0 0 0 2 1 1 0 0 7 0 0 12 1 0 48 1 0 18 0 0 0 0 0 0 0 
175 147 52 0 57 2 0 0 0 0 0 0 13 0 0 0 0 0 0 0 0 62 0 0 60 0 0 0 0 0 0 0 
65 100 43 48 0 24 0 0 0 0 15 2 0 0 0 7 0 0 0 0 0 28 0 0 0 0 0 0 0 0 0 0 
136 134 51 32 22 11 0 0 0 0 11 17 0 0 0 11 0 0 0 0 0 45 0 0 30 0 0 0 0 0 0 0 
76 149 17 0 2 0 0 0 0 0 0 0 0 0 0 0 0 0 0 0 0 65 0 0 3 0 0 0 0 0 0 0 
124 130 77 9 0 0 0 0 0 0 0 0 0 0 0 0 0 0 0 0 0 78 0 0 3 0 0 0 0 0 0 0 
152 114 69 3 48 0 0 0 0 0 0 0 0 0 0 0 0 0 0 0 0 56 0 0 43 0 0 0 0 0 0 0 
121 109 53 0 27 0 0 0 0 0 0 0 0 0 0 0 0 0 0 0 0 39 0 0 28 0 0 0 0 0 0 0 
122 115 43 0 2 0 0 0 0 0 0 0 0 0 0 0 0 0 0 0 0 64 0 0 3 0 0 0 0 0 0 0 
60 81 57 0 0 0 0 0 0 0 0 0 0 0 0 0 0 0 0 0 0 55 0 0 0 0 0 0 0 0 0 0 
119 113 62 10 28 0 0 0 0 0 0 0 0 0 0 0 0 0 0 0 1 31 0 0 29 0 0 0 0 0 0 0 
113 113 123 0 0 0 0 0 0 0 0 0 0 0 0 0 0 0 0 0 2 129 0 0 0 0 0 0 0 0 0 0 
50 97 79 0 0 0 0 0 0 0 0 0 0 0 0 0 0 0 0 0 13 59 0 0 1 0 0 0 0 0 0 0 
108 57 121 0 0 0 0 0 0 0 0 0 0 0 0 0 0 0 0 0 4 98 0 0 0 0 0 0 0 0 0 0 
102 88 119 22 0 11 0 0 0 0 12 0 0 0 0 5 0 0 0 0 27 54 0 0 0 0 0 0 0 0 0 0 
179 172 86 62 0 23 0 0 0 0 22 0 0 0 0 12 0 0 0 0 0 36 0 0 0 0 0 0 0 0 0 0 
154 124 75 62 6 6 0 0 0 0 25 0 0 0 0 38 0 0 0 0 0 62 0 0 4 0 0 0 0 0 0 0 
110 72 60 20 0 1 0 0 0 0 2 0 0 0 0 6 0 0 0 0 0 39 0 0 0 0 0 0 0 0 0 0 
85 44 94 9 0 0 0 0 0 0 0 0 0 0 0 0 0 0 0 0 1 60 0 0 2 0 0 0 0 0 0 0 
124 43 122 9 0 0 0 0 0 0 0 0 0 0 0 0 0 0 0 0 5 84 0 0 0 0 0 0 0 0 0 0 
150 119 138 11 0 0 0 0 0 0 0 0 0 0 0 0 0 0 0 0 10 84 9 0 1 0 0 0 0 0 0 0 
61 76 62 0 2 0 0 0 0 0 0 0 0 0 0 0 0 0 0 0 16 32 0 0 5 0 0 0 0 0 0 0 
101 69 112 0 0 0 0 0 0 0 0 0 0 0 0 0 0 0 0 0 17 59 0 0 0 0 0 0 0 0 0 0 
129 83 148 0 0 0 0 0 0 0 0 0 0 0 0 0 0 0 0 0 75 69 6 0 1 0 0 0 0 0 0 0 
109 93 89 0 0 0 0 0 0 0 0 0 0 0 0 0 0 0 0 0 10 56 10 0 14 0 0 0 0 0 0 0 
116 80 109 2 1 0 0 0 0 0 0 0 0 0 0 0 0 0 0 0 35 51 0 0 2 0 0 0 0 0 0 0 
59 119 67 0 0 0 0 0 0 0 0 0 0 0 0 0 0 0 0 5 23 24 16 0 10 0 0 0 0 0 0 0 
94 101 100 0 0 0 0 0 0 0 0 0 0 0 0 0 0 0 0 0 62 22 0 0 5 0 0 0 0 0 0 0 
163 152 124 0 0 0 0 0 0 0 0 0 0 0 0 0 0 0 1 27 68 2 1 0 0 0 0 0 0 0 0 0 
61 145 59 0 0 0 0 0 0 0 0 0 0 0 0 0 0 0 1 7 25 2 0 0 4 0 0 0 0 0 0 0 
69 85 63 0 0 0 0 0 0 0 0 0 0 0 0 0 0 0 0 2 42 3 0 0 3 0 0 0 0 0 0 0 
34 82 23 0 0 0 0 0 0 0 0 0 0 0 0 0 0 0 0 0 12 0 0 0 6 0 0 0 0 0 0 0 
112 98 80 0 0 0 0 0 0 0 0 0 0 0 0 0 0 0 0 0 50 2 0 0 1 0 0 0 0 0 0 0 
30 90 38 0 0 0 0 0 0 0 0 0 0 0 0 0 0 0 1 0 15 6 0 0 4 0 0 0 0 0 0 0 
88 125 87 0 0 0 0 0 0 0 0 0 0 0 0 0 0 0 0 0 52 2 0 0 6 0 0 0 0 0 0 0 
67 75 58 0 0 0 0 0 0 0 0 0 0 0 0 0 0 0 0 0 38 0 0 0 2 0 0 0 0 0 0 0 
163 87 153 2 0 0 0 0 0 0 0 0 0 0 0 0 0 0 0 0 101 30 0 0 0 0 0 0 0 0 0 0 
84 94 72 0 0 0 0 0 0 0 0 0 0 0 0 0 0 0 0 0 37 17 0 0 7 0 0 0 0 0 0 0 
23 73 36 0 0 0 0 0 0 0 0 0 0 0 0 0 0 0 0 0 35 0 0 0 12 0 0 0 0 0 0 0 
133 117 126 0 0 0 0 0 0 0 0 0 0 0 0 0 0 0 0 0 71 24 0 0 0 0 0 0 0 0 0 0 
104 76 90 5 0 0 0 0 0 0 0 0 0 0 0 0 0 0 0 0 27 32 0 0 5 0 0 0 0 0 0 0 
59 86 79 0 0 0 0 0 0 0 0 0 0 0 0 0 0 0 0 0 66 0 0 0 9 0 0 0 0 0 0 0 
104 125 46 21 3 0 0 0 0 0 0 0 0 0 0 0 0 0 0 0 21 0 0 0 27 0 0 0 0 0 0 0 
76 88 52 9 0 0 0 0 0 0 0 0 0 0 0 0 0 0 0 0 15 10 0 0 2 0 0 0 0 0 0 0 
110 122 85 5 17 10 0 0 0 0 0 0 13 0 0 0 0 0 1 2 39 0 0 0 16 0 0 0 0 0 0 0 
105 145 62 44 22 8 0 0 0 0 0 0 12 0 0 0 0 0 0 0 0 0 0 0 37 0 0 0 0 0 0 0 
115 89 86 21 26 8 0 0 0 0 0 0 19 0 0 0 0 0 0 0 32 3 0 0 37 0 0 0 0 0 0 0 
86 102 89 11 5 15 0 0 0 0 0 0 7 0 0 0 0 0 0 0 42 0 0 0 4 0 0 0 0 0 0 0 
129 85 91 24 15 16 0 0 0 0 0 0 9 0 0 0 0 0 0 0 0 0 0 0 105 0 0 0 0 0 0 0 
147 61 61 0 0 0 0 0 0 0 0 0 0 0 0 0 0 0 0 0 35 19 0 0 119 0 0 0 0 0 0 0 
132 0 0 0 0 0 0 0 0 0 0 0 0 0 0 0 0 0 0 0 0 0 0 0 216 0 0 0 0 0 0 0 
142 107 53 21 0 0 0 0 0 0 0 0 0 0 0 0 0 0 0 0 29 2 7 0 128 0 0 0 0 0 0 0 
7 78 52 0 0 0 0 0 0 0 0 0 0 0 0 0 0 0 0 0 11 2 0 0 6 0 0 0 0 0 0 0 
7 68 54 0 0 0 0 0 0 0 0 0 0 0 0 0 0 0 0 0 11 3 0 0 3 0 0 0 0 0 0 0 
79 90 129 0 0 0 0 0 0 0 0 0 0 0 0 0 0 0 0 0 53 31 0 0 2 0 0 0 0 0 0 0 
65 80 80 0 0 0 0 0 0 0 0 0 0 0 0 0 0 0 0 0 54 2 0 0 1 0 0 0 0 0 0 0 
104 89 119 0 0 0 0 0 0 0 0 0 0 0 0 0 0 0 0 0 76 21 0 0 1 0 0 0 0 0 0 0 
52 90 82 0 0 0 0 0 0 0 0 0 0 0 0 0 0 0 5 6 31 13 1 0 4 0 0 0 0 0 0 0 
30 70 26 0 0 0 0 0 0 0 0 0 0 0 0 0 0 0 0 0 0 0 1 0 2 0 0 0 0 0 0 0 
26 35 37 0 0 0 0 0 0 0 0 0 0 0 0 0 0 0 0 0 16 23 0 0 0 0 0 0 0 0 0 0 
77 93 56 0 0 0 0 0 0 0 0 0 0 0 0 0 0 0 9 16 14 0 0 0 2 0 0 0 0 0 0 0 
43 109 37 0 0 0 0 0 0 0 0 0 0 0 0 0 0 0 2 8 5 2 1 0 3 0 0 0 0 0 0 0 
112 97 125 4 0 0 0 0 0 0 0 0 0 0 0 0 0 0 0 0 46 50 0 0 0 0 0 0 0 0 0 0 
92 69 121 1 0 0 0 0 0 0 0 0 0 0 0 0 0 0 0 0 65 34 0 0 0 0 0 0 0 0 0 0 
129 90 91 9 0 0 0 0 0 0 0 0 0 0 0 0 0 0 0 2 32 38 0 0 4 0 0 0 0 0 0 0 
66 98 68 2 0 0 0 0 0 0 0 0 0 0 0 0 0 0 1 8 2 44 0 0 1 0 0 0 0 0 0 0 
83 128 56 5 0 0 0 0 0 0 0 0 0 0 0 0 0 0 0 0 25 12 1 0 4 0 0 0 0 0 0 0 
96 76 96 0 0 0 0 0 0 0 0 0 0 0 0 0 0 0 4 10 20 37 0 0 0 0 0 0 0 0 0 0 
137 103 124 1 0 0 0 0 0 0 0 0 0 0 0 0 0 0 0 6 41 49 0 0 0 0 0 0 0 0 0 0 
75 56 119 1 0 0 0 0 0 0 0 0 0 0 0 0 0 0 4 20 23 25 0 0 1 0 0 0 0 0 0 0 
97 69 118 7 0 0 0 0 0 0 0 0 0 0 0 0 0 0 1 4 2 74 0 0 0 0 0 0 0 0 0 0 
85 71 81 13 0 0 0 0 0 0 0 0 0 0 0 0 0 0 1 7 13 32 0 0 3 0 0 0 0 0 0 0 
70 72 50 6 0 0 0 0 0 0 0 0 0 0 0 0 0 0 0 0 0 29 0 0 3 0 0 0 0 0 0 0 
118 82 136 2 0 0 0 0 0 0 0 0 0 0 0 0 0 0 12 37 53 27 0 0 0 0 0 0 0 0 0 0 
93 154 60 12 0 0 0 0 0 0 0 0 0 0 0 0 0 0 2 0 0 14 0 0 6 0 0 0 0 0 0 0 
128 143 62 27 0 0 0 0 0 0 0 0 0 0 0 0 0 0 0 0 0 30 5 0 6 0 0 0 0 0 0 0 
37 76 43 20 6 0 0 0 0 0 0 0 0 0 0 0 0 0 0 0 0 19 0 0 5 0 0 0 0 0 0 0 
110 143 84 27 0 0 0 0 0 0 0 0 0 0 0 0 0 0 15 0 0 19 2 0 1 0 0 0 0 0 0 0 
146 153 76 44 0 0 0 0 0 0 0 0 0 0 0 0 0 0 0 0 0 43 4 0 1 0 0 0 0 0 0 0 
109 103 67 26 0 0 0 0 0 0 0 0 0 0 0 0 0 0 4 7 1 33 3 0 1 0 0 0 0 0 0 0 
122 125 69 39 0 0 0 0 0 0 0 0 0 0 0 0 0 0 8 6 0 23 0 0 2 0 0 0 0 0 0 0 
97 78 108 17 0 0 0 0 0 0 0 0 0 0 0 0 0 0 13 23 16 41 0 0 4 0 0 0 0 0 0 0 
124 111 86 46 0 0 0 0 0 0 0 0 0 0 0 4 0 0 6 16 11 57 2 0 1 0 0 0 0 0 0 0 
139 131 81 28 0 0 0 0 0 0 0 0 0 0 0 0 0 0 29 16 12 13 0 0 3 0 0 0 0 0 0 0 
128 130 102 48 0 0 0 0 0 0 0 0 0 0 0 0 0 0 33 30 14 36 0 0 0 0 0 0 0 0 0 0 
85 113 60 43 0 0 0 0 0 0 0 0 0 0 0 0 0 0 1 5 9 46 0 0 3 0 0 0 0 0 0 0 
40 128 26 41 0 0 0 0 0 0 0 0 0 0 0 0 0 0 0 0 0 37 2 0 8 0 0 0 0 0 0 0 
142 169 68 63 0 0 0 0 0 0 0 0 0 0 0 0 0 0 0 0 0 65 11 0 11 0 0 0 0 0 0 0 
121 115 66 10 15 0 0 0 0 0 0 0 0 0 0 0 0 0 11 8 2 16 0 0 8 0 0 0 0 0 0 0 
72 106 62 28 0 0 0 0 0 0 0 0 0 0 0 1 0 0 1 5 0 38 2 0 4 0 0 0 0 0 0 0 
42 66 27 18 0 0 0 0 0 0 0 0 0 0 0 1 0 0 0 0 0 19 0 0 2 0 0 0 0 0 0 0 
36 69 31 0 0 0 0 0 0 0 0 0 0 0 0 0 0 0 23 0 0 2 1 0 4 0 0 0 0 0 0 0 
76 116 62 0 0 0 0 0 0 0 0 0 0 0 0 0 0 0 39 2 0 3 1 0 2 0 0 0 0 0 0 0 
106 120 122 13 0 0 0 2 0 0 0 0 0 0 0 1 3 0 34 23 2 14 0 0 0 0 0 0 0 0 0 0 
89 95 57 6 5 0 0 0 0 0 0 0 0 0 0 0 0 0 17 0 0 0 0 0 5 0 0 0 0 0 0 0 
126 162 63 1 15 0 0 0 0 0 0 0 0 0 0 0 0 0 0 0 0 1 2 0 4 0 0 0 0 0 0 0 
71 123 74 0 0 0 0 0 0 0 0 0 0 0 0 0 0 0 36 17 1 1 0 0 4 0 0 0 0 0 0 0 
79 96 64 0 0 0 0 0 0 0 0 0 0 0 0 0 0 0 35 14 4 0 0 0 4 0 0 0 0 0 0 0 
11 73 10 0 0 0 0 0 0 0 0 0 0 0 0 0 0 0 0 0 0 0 2 0 6 0 0 0 0 0 0 0 
34 121 33 0 0 0 0 0 0 0 0 0 0 0 0 0 0 0 17 6 1 0 3 0 9 0 0 0 0 0 0 0 
83 137 65 0 0 0 0 0 0 0 0 0 0 0 0 0 0 0 30 1 0 1 4 0 4 0 0 0 0 0 0 0 
98 90 89 0 0 0 0 0 0 0 0 0 0 0 0 0 0 0 53 3 0 0 1 0 0 0 0 0 0 0 0 0 
105 131 56 0 0 0 0 0 0 0 0 0 0 0 0 0 0 0 32 1 0 0 3 0 1 0 0 0 0 0 0 0 
57 107 55 0 0 0 0 0 0 0 0 0 0 0 0 0 0 0 34 11 0 4 1 0 0 0 0 0 0 0 0 0 
133 101 136 0 0 0 0 0 0 0 0 0 0 0 0 0 0 0 106 2 0 0 0 0 0 0 0 0 0 0 0 0 
67 103 88 0 0 0 0 0 0 0 0 0 0 0 0 0 0 0 41 1 1 4 0 0 0 0 0 0 0 0 0 0 
111 109 90 0 0 0 0 0 0 0 0 0 0 0 0 0 0 0 65 0 0 1 0 0 0 0 0 0 0 0 0 0 
118 129 139 0 13 0 0 0 0 0 0 0 1 0 0 0 0 0 55 4 0 1 0 0 3 0 0 0 0 0 0 0 
144 160 85 0 18 0 0 0 0 0 0 0 1 0 0 0 0 0 12 0 0 5 0 0 5 0 0 0 0 0 0 0 
59 115 64 0 0 0 0 0 0 0 0 0 0 0 0 0 0 0 40 0 0 6 0 0 0 0 0 0 0 0 0 0 
36 56 40 0 0 0 0 0 0 0 0 0 0 0 0 0 0 0 19 0 0 4 0 0 0 0 0 0 0 0 0 0 
72 89 50 0 1 0 0 0 0 0 0 0 0 0 0 0 0 0 22 0 0 3 1 0 1 0 0 0 0 0 0 0 
106 94 98 0 11 0 0 0 0 0 0 0 0 0 0 0 0 0 32 0 0 2 0 0 4 0 0 0 0 0 0 0 
75 103 83 14 0 0 0 0 0 0 0 0 0 0 0 0 0 0 27 0 0 20 1 0 1 0 0 0 0 0 0 0 
83 59 104 19 0 0 0 0 0 0 0 0 0 0 0 0 0 0 63 0 0 22 0 0 0 0 0 0 0 0 0 0 
27 28 36 22 0 0 0 0 0 0 0 0 0 0 0 0 0 0 0 0 0 20 1 0 0 0 0 0 0 0 0 0 
78 69 103 0 0 0 0 0 0 0 0 0 0 0 0 0 0 0 57 0 0 5 0 0 0 0 0 0 0 0 0 0 
58 84 41 0 0 0 0 0 0 0 0 0 0 0 0 0 0 0 25 0 0 5 2 0 0 0 0 0 0 0 0 0 
127 72 125 44 0 0 0 0 0 0 0 0 0 0 0 0 0 0 32 0 0 46 0 0 0 0 0 0 0 0 0 0 
115 100 102 0 0 0 0 0 0 0 0 0 0 0 0 0 0 0 71 0 0 4 1 0 1 0 0 0 0 0 0 0 
95 108 60 0 0 0 0 0 0 0 0 0 0 0 0 0 0 0 38 0 0 3 2 0 0 0 0 0 0 0 0 0 
56 84 74 24 10 1 0 0 0 0 1 1 0 0 0 3 0 0 0 0 0 10 0 0 2 0 0 0 0 0 0 0 
101 125 62 1 15 0 0 0 0 0 0 0 0 0 0 0 0 0 0 0 0 2 0 0 6 0 0 0 0 0 0 0 
38 96 53 1 0 0 0 0 0 0 0 0 0 0 0 0 0 0 39 0 0 2 7 0 1 0 0 0 0 0 0 0 
70 104 87 0 0 0 0 0 0 0 0 0 0 0 0 0 0 0 65 0 0 8 0 0 0 0 0 0 0 0 0 0 
101 62 56 0 0 0 0 0 0 0 0 0 0 0 0 0 0 0 39 0 0 2 0 0 48 0 0 0 0 0 0 0 
97 35 89 0 0 0 0 0 0 0 0 0 0 0 0 0 0 0 65 0 0 0 0 0 89 0 0 0 0 0 0 0 
125 15 38 0 0 0 0 0 0 0 0 0 0 0 0 0 0 0 28 0 0 0 0 0 134 0 0 0 0 0 0 0 
39 92 48 0 0 0 0 0 0 0 0 0 0 0 0 0 0 0 22 0 0 5 0 0 0 0 0 0 0 0 0 0 
38 31 67 0 0 0 0 0 0 0 0 0 0 0 0 0 0 0 36 0 0 1 0 0 0 0 0 0 0 0 0 0 
57 59 99 0 0 0 0 0 0 0 0 0 0 0 0 0 0 0 59 0 0 2 0 0 0 0 0 0 0 0 0 0 
64 106 82 2 0 0 0 0 0 0 0 0 0 0 0 0 0 0 66 0 0 5 0 0 0 0 0 0 0 0 0 0 
154 119 103 0 0 0 0 0 0 0 0 0 0 0 0 0 0 0 67 0 0 0 0 0 0 0 0 0 0 0 0 0 
98 72 91 0 0 0 0 0 0 0 0 0 0 0 0 0 0 0 68 0 0 2 0 0 0 0 0 0 0 0 0 0 
77 73 81 1 0 0 0 0 0 0 0 0 0 0 0 0 0 0 60 0 0 3 0 0 0 0 0 0 0 0 0 0 
118 113 84 6 0 0 0 0 0 0 0 0 0 0 0 0 0 0 65 0 0 2 0 0 0 0 0 0 0 0 0 0 
86 157 55 2 0 0 0 0 0 0 0 0 0 0 0 0 0 0 33 0 0 4 0 0 0 0 0 0 0 0 0 0 
27 59 40 0 0 0 0 0 0 0 0 0 0 0 0 0 0 0 21 0 0 6 0 0 0 0 0 0 0 0 0 0 
114 142 105 7 0 0 0 0 0 0 0 0 0 0 0 0 0 0 50 0 0 6 0 0 0 0 0 0 0 0 0 0 
49 80 96 0 0 0 0 0 0 0 0 0 0 0 0 0 0 0 44 0 0 0 0 0 0 0 0 0 0 0 0 0 
95 69 79 0 0 0 0 0 0 0 0 0 0 0 0 0 0 0 59 0 0 2 0 0 0 0 0 0 0 0 0 0 
105 103 92 6 0 0 0 0 0 0 0 0 0 0 0 0 0 0 54 0 0 3 0 0 0 0 0 0 0 0 0 0 
101 84 132 11 0 0 0 0 0 0 0 0 0 0 0 0 0 0 62 0 0 11 0 0 0 0 0 0 0 0 0 0 
63 136 47 1 0 0 0 0 0 0 0 0 0 0 0 0 0 0 34 0 0 3 0 0 0 0 0 0 0 0 0 0 
92 100 81 0 0 0 0 0 0 0 0 0 0 0 0 0 0 0 35 0 0 1 0 0 0 0 0 0 0 0 0 0 
109 115 32 0 0 0 0 0 0 0 0 0 0 0 0 0 0 0 21 0 0 2 0 0 0 0 0 0 0 0 0 0 
67 113 50 13 0 0 0 0 0 0 0 0 0 0 0 0 0 0 19 0 0 7 0 0 0 0 0 0 0 0 0 0 
75 146 45 8 0 0 0 0 0 0 0 0 0 0 0 0 0 0 32 0 0 10 0 0 0 0 0 0 0 0 0 0 
146 93 158 49 0 0 0 0 0 0 0 0 0 0 0 2 0 0 53 2 0 39 0 0 0 0 0 0 0 0 0 0 
95 117 70 31 0 0 0 0 0 0 0 0 0 0 0 0 0 0 0 5 0 25 0 0 0 0 0 0 0 0 0 0 
131 65 136 25 0 0 0 0 0 0 0 0 0 0 0 2 0 0 66 0 0 19 0 0 0 0 0 0 0 0 0 0 
140 125 126 11 0 1 0 0 0 0 0 0 0 0 0 1 0 0 69 0 0 0 0 0 0 0 0 0 0 0 0 0 
96 80 107 59 0 0 0 0 0 0 1 0 0 0 0 6 0 0 0 0 0 35 0 0 0 0 0 0 0 0 0 0 
89 85 107 25 0 0 0 0 0 0 0 0 0 0 0 0 0 0 38 0 0 35 0 0 1 0 0 0 0 0 0 0 
95 117 83 1 0 0 0 0 0 0 0 0 0 0 0 0 0 0 57 0 0 4 0 0 0 0 0 0 0 0 0 0 
82 55 97 70 0 0 0 0 0 0 0 0 0 0 0 0 0 0 0 0 1 66 0 0 0 0 0 0 0 0 0 0 
113 66 114 46 0 0 0 0 0 0 0 0 0 0 0 1 0 0 34 0 1 44 0 0 0 0 0 0 0 0 0 0 
86 55 104 82 0 0 0 0 0 0 0 0 0 0 0 1 0 0 0 0 1 89 0 0 0 0 0 0 0 0 0 0 
97 92 82 65 0 0 0 0 0 0 0 0 0 0 0 0 0 0 0 0 0 65 0 0 0 0 0 0 0 0 0 0 
68 56 112 22 0 0 0 0 0 0 0 0 0 0 0 5 0 0 44 0 0 20 0 0 1 0 0 0 0 0 0 0 
47 93 64 28 0 0 0 0 0 0 0 0 0 0 0 0 0 0 3 0 0 37 0 0 0 0 0 0 0 0 0 0 
103 57 139 0 0 0 0 0 0 0 0 0 0 0 0 0 0 0 101 0 0 13 0 0 1 0 0 0 0 0 0 0 
113 91 134 0 0 0 0 0 0 0 0 0 0 0 0 0 2 0 80 0 0 6 0 0 1 0 0 0 0 0 0 0 
88 118 93 1 0 0 0 0 0 0 0 0 0 0 0 0 0 0 54 0 0 5 0 0 0 0 0 0 0 0 0 0 
111 101 107 8 0 0 0 0 0 0 0 0 0 0 0 0 0 0 54 9 0 18 0 0 4 0 0 0 0 0 0 0 
57 89 91 1 0 0 0 0 0 0 0 0 0 0 0 0 0 0 44 0 0 17 0 0 2 0 0 0 0 0 0 0 
99 95 103 1 0 0 0 0 0 0 0 0 0 0 0 0 1 0 50 0 0 1 0 0 0 0 0 0 0 0 0 0 
52 107 53 1 0 0 0 0 0 0 0 0 0 0 0 0 0 0 24 0 0 7 0 0 0 0 0 0 0 0 0 0 
40 49 30 0 0 0 0 0 0 0 0 0 0 0 0 0 0 0 15 0 0 3 0 0 0 0 0 0 0 0 0 0 
93 102 94 4 0 0 0 0 0 0 0 0 0 0 0 0 1 0 62 0 0 9 0 0 1 0 0 0 0 0 0 0 
47 95 57 0 0 0 0 0 0 0 0 0 0 0 0 0 0 0 40 0 0 7 0 0 0 0 0 0 0 0 0 0 
93 88 84 16 5 0 0 0 0 0 0 0 0 0 0 0 0 0 55 0 0 14 0 0 6 0 0 0 0 0 0 0 
58 79 64 16 0 0 0 0 0 0 0 0 0 0 0 0 0 0 48 0 0 20 0 0 2 0 0 0 0 0 0 0 
30 95 35 15 8 0 0 0 0 2 3 0 6 0 0 0 6 0 11 0 0 16 0 0 4 0 0 0 0 0 0 0 
