635 533 461 471 460 344 434 431 399 511 465 411 426 473 445 411 535 494 524 460 545 445 499 410 444 392 454 437 462 466 446 465 
564 452 533 432 435 391 347 457 551 449 420 529 403 506 362 455 502 472 591 425 494 443 433 449 396 488 393 459 507 495 515 416 
638 401 345 409 373 341 350 434 498 471 434 362 375 392 384 394 381 401 445 442 410 419 400 375 408 445 388 430 476 468 398 401 
515 281 284 355 327 340 339 363 345 321 395 344 335 367 368 267 254 350 279 298 287 284 309 263 360 334 332 323 312 308 338 338 
910 692 712 713 712 628 831 597 509 603 700 569 639 724 642 638 651 748 636 766 704 773 536 646 711 749 673 648 597 649 724 604 
517 409 418 427 296 286 305 381 369 325 323 356 469 332 368 343 225 391 373 332 360 353 363 362 373 277 406 391 388 363 401 301 
629 450 438 467 423 491 424 414 488 448 512 357 404 424 375 436 339 510 438 417 454 442 400 450 347 412 434 359 374 455 419 435 
588 500 457 505 478 331 534 462 367 422 434 439 348 445 381 422 434 442 464 500 426 416 428 440 498 415 492 363 429 421 477 375 
257 152 156 163 173 254 225 160 165 197 180 206 177 132 138 152 164 180 169 210 206 175 116 204 165 153 161 164 187 167 129 122 
535 326 380 351 392 305 242 362 390 324 309 347 322 317 331 365 376 378 460 372 318 313 272 306 341 344 348 293 356 419 471 282 
586 432 545 552 406 391 438 443 410 481 389 436 387 496 419 392 513 477 408 485 420 451 430 484 529 395 432 411 444 431 467 553 
876 743 793 719 718 625 674 818 728 794 730 653 694 661 702 705 658 709 726 599 700 669 760 665 794 616 642 681 717 747 668 636 
735 614 478 469 572 479 506 673 495 649 494 595 609 623 470 546 495 691 525 531 595 467 479 590 485 568 523 484 427 456 625 488 
506 526 478 470 441 357 441 490 402 505 360 440 414 514 413 446 522 471 486 463 454 391 414 438 540 376 376 436 490 377 502 516 
307 236 314 242 279 288 210 210 232 238 246 287 290 249 215 213 265 306 236 188 253 287 292 253 235 250 255 253 269 242 280 197 
474 306 356 270 362 341 267 272 276 297 244 257 322 341 278 279 290 338 303 300 352 250 364 271 241 305 333 294 326 225 334 254 
574 306 326 382 394 326 377 346 343 370 383 368 283 382 351 356 397 325 358 360 265 325 342 337 354 427 374 380 356 350 323 389 
684 408 503 450 524 486 452 511 462 440 501 432 444 461 479 465 423 523 460 539 419 477 522 447 497 463 475 481 400 459 465 313 
493 276 337 284 452 387 353 229 337 342 278 372 320 236 296 339 296 273 355 303 379 505 314 243 333 399 303 369 235 371 439 264 
519 373 396 324 363 275 361 379 309 429 376 337 325 295 374 400 461 352 377 321 274 332 405 348 295 294 338 319 378 334 344 295 
680 606 527 533 536 609 497 511 638 646 598 582 620 664 578 567 624 552 585 574 651 497 539 626 551 597 544 626 603 486 668 468 
561 339 424 395 405 403 375 406 380 437 344 361 371 362 355 404 359 435 395 340 337 417 409 366 424 358 333 420 344 421 409 377 
601 365 377 384 395 392 363 396 396 437 360 403 378 429 326 385 359 387 364 379 276 368 412 395 376 397 376 378 459 409 354 422 
301 209 234 262 209 223 212 171 261 231 267 274 143 254 187 277 233 235 237 237 305 226 247 217 222 227 272 258 297 265 215 172 
578 413 393 379 400 442 414 449 426 471 402 420 404 358 424 372 459 414 454 407 331 328 387 384 439 523 381 436 323 378 518 428 
822 681 707 589 590 659 626 632 601 695 661 593 706 751 703 581 529 693 700 762 615 622 567 657 566 617 639 666 611 639 687 548 
646 422 428 489 401 419 449 481 455 289 437 457 401 356 459 341 337 516 404 433 431 416 482 306 460 429 439 388 475 498 408 468 
784 667 658 611 549 660 628 693 630 687 716 600 481 615 670 622 558 703 641 507 589 597 727 645 658 664 646 735 565 649 646 583 
505 354 497 464 468 495 452 526 475 458 507 461 445 431 461 437 473 451 470 458 529 488 457 463 482 461 458 418 445 470 428 364 
595 533 553 475 457 404 403 526 487 546 480 568 468 413 449 530 457 453 582 468 464 462 475 472 478 494 427 487 466 529 613 424 
568 341 302 303 254 359 315 297 221 290 332 304 383 283 357 288 273 358 327 395 362 284 273 383 289 340 359 326 347 325 324 213 
