485 573 83 594 448 382 106 496 17 338 146 26 136 104 157 134 207 347 59 657 265 30 400 297 277 332 145 418 87 394 561 382 
21 35 130 0 186 47 130 46 255 89 82 415 267 96 62 200 47 206 52 113 0 86 180 221 370 84 53 43 28 66 68 173 
65 64 310 268 252 116 26 158 65 305 131 189 93 91 123 68 154 36 281 135 333 256 70 156 222 23 69 92 302 266 131 572 
117 71 72 96 76 250 189 158 137 90 295 196 165 96 11 263 55 197 128 198 93 85 91 153 200 212 223 38 237 315 339 990 
219 67 205 18 89 358 123 9 143 258 134 135 93 378 137 14 35 191 149 125 318 88 198 267 147 53 122 386 164 486 92 823 
229 15 253 7 1 218 96 197 49 125 404 247 240 92 88 272 103 281 275 118 168 151 376 152 314 270 486 1 303 568 347 1009 
185 115 417 205 197 71 14 194 67 256 136 230 116 48 173 273 270 190 6 205 89 88 628 176 165 251 262 21 181 522 439 521 
156 265 36 56 48 136 42 369 13 48 126 50 95 149 190 10 149 12 303 20 217 42 30 328 74 147 204 307 324 0 23 84 
108 119 35 91 36 212 134 44 104 77 166 407 97 45 46 63 52 29 126 109 121 186 95 123 25 120 75 145 104 46 51 245 
208 105 151 214 164 97 36 415 64 113 179 262 221 57 29 79 169 204 55 85 189 161 232 143 128 17 133 41 319 222 184 448 
38 25 33 88 25 0 7 55 89 497 58 157 217 99 131 36 112 150 106 51 37 47 156 19 35 295 50 33 266 209 354 104 
89 42 25 136 381 17 23 280 62 17 52 362 0 1 8 75 17 16 70 248 73 355 140 310 20 3 236 50 208 66 455 259 
49 371 13 126 230 144 1 91 84 308 57 249 101 132 202 547 224 167 283 176 369 254 306 387 96 25 127 409 95 79 169 290 
40 174 81 299 45 101 271 231 47 0 8 343 81 86 65 17 143 12 372 70 63 132 240 106 63 26 85 13 58 345 7 119 
0 20 114 7 0 145 65 145 165 0 203 48 1 100 76 106 155 60 0 262 51 0 287 147 14 169 54 0 239 114 290 463 
188 204 37 197 78 10 0 72 107 66 143 27 95 41 220 270 94 438 71 24 65 47 238 118 170 100 29 174 120 66 194 200 
208 45 82 200 100 330 172 206 44 105 237 168 17 31 94 22 56 212 60 352 110 214 81 59 207 38 155 225 278 150 19 216 
267 42 30 48 530 111 354 38 7 0 78 152 518 186 158 75 416 222 304 43 81 89 347 378 104 136 199 181 282 138 124 261 
87 2 231 6 204 714 29 63 107 285 185 220 244 276 370 4 236 136 69 461 206 94 162 191 70 182 297 343 108 376 79 991 
256 100 287 213 332 24 78 16 239 147 234 500 302 38 201 609 115 392 507 407 486 120 108 42 80 170 45 498 190 60 257 549 
84 131 10 0 115 101 86 369 0 194 24 25 82 30 130 129 121 234 257 15 28 18 106 216 175 2 497 205 173 96 323 440 
79 88 228 19 24 138 183 90 114 93 138 90 269 161 105 159 69 241 170 44 6 223 83 7 296 104 222 217 114 116 221 203 
128 59 199 57 161 51 294 46 152 235 199 92 205 284 79 58 232 334 526 19 338 10 268 96 78 258 209 177 243 243 293 204 
100 15 0 38 47 171 25 95 83 52 14 74 61 23 1 78 153 60 6 11 50 184 149 35 0 17 91 71 54 65 206 183 
58 92 118 153 120 72 119 69 422 81 62 88 160 129 183 213 155 17 475 22 45 34 32 151 17 194 71 97 84 85 66 121 
82 11 24 61 71 605 205 379 264 108 93 418 181 17 218 70 363 153 141 245 163 56 291 89 245 320 25 250 143 580 290 66 
197 161 318 184 193 206 394 95 159 315 382 377 188 38 29 428 405 262 85 166 137 272 158 241 283 423 246 173 341 520 425 1165 
10 55 13 74 12 33 27 14 31 242 404 45 157 10 303 25 143 123 23 51 25 32 229 79 105 70 222 78 92 85 140 476 
10 77 54 40 30 0 9 0 57 120 133 0 2 20 255 50 34 43 119 86 20 132 0 3 101 121 133 0 0 173 5 421 
68 21 167 27 8 116 3 56 103 255 47 64 4 102 69 114 1 148 197 163 51 115 209 145 306 70 69 72 167 77 140 237 
60 109 126 170 90 6 53 66 75 171 353 303 252 103 209 156 167 84 245 21 55 25 8 183 55 105 227 263 130 34 400 130 
