533 2829 2487 2248 1652 1457 464 845 594 693 1016 699 362 126 243 60 29 0 0 0 0 0 0 0 0 0 0 0 0 0 0 0 
186 1050 916 550 614 267 444 363 994 501 165 279 214 132 82 1 290 11 0 0 0 0 0 0 0 0 0 0 0 0 0 0 
14 395 329 23 17 18 180 8 1 10 3 52 15 0 14 0 8 0 0 0 0 0 0 0 0 0 0 0 0 0 0 0 
571 3230 2769 2149 1467 1500 1689 804 627 689 813 658 280 130 127 0 0 27 0 0 0 0 0 0 0 0 0 0 0 0 0 0 
89 225 145 87 370 128 42 29 16 293 163 2 3 22 112 1 63 0 0 0 0 0 0 0 0 0 0 0 0 0 0 0 
607 3875 2637 2766 1765 1678 1594 1049 1410 1635 1266 598 153 339 377 68 152 27 0 0 0 0 0 0 0 0 0 0 0 0 0 0 
357 4112 2522 1845 2328 839 325 418 690 908 59 25 48 98 56 0 0 0 0 0 0 0 0 0 0 0 0 0 0 0 0 0 
190 4853 3543 2230 2349 957 913 506 749 584 370 208 117 143 70 0 298 31 0 0 0 0 0 0 0 0 0 0 0 0 0 0 
89 1118 132 85 119 56 16 81 17 18 480 18 145 2 1 0 12 21 0 0 0 0 0 0 0 0 0 0 0 0 0 0 
6615 37168 25842 17239 12983 9217 6128 4844 3092 1656 2656 2480 432 107 75 36 41 6 0 0 0 0 0 0 0 0 0 0 0 0 0 0 
2874 10654 7648 5521 5022 2762 2488 1420 893 2051 283 238 162 408 190 0 22 3 0 0 0 0 0 0 0 0 0 0 0 0 0 0 
12058 18370 18036 12755 12220 8621 7285 3652 3728 2450 1433 1994 215 642 582 163 32 23 0 0 0 0 0 0 0 0 0 0 0 0 0 0 
1081 5980 3237 2277 1802 904 1025 683 433 1131 42 336 19 266 9 1 41 33 0 0 0 0 0 0 0 0 0 0 0 0 0 0 
8161 17013 11757 8292 5945 3247 2714 1549 2535 1805 655 1040 450 522 206 0 9 0 0 0 0 0 0 0 0 0 0 0 0 0 0 0 
5114 8882 8742 6322 5532 2449 2128 1340 1912 1664 168 103 55 462 68 0 44 0 0 0 0 0 0 0 0 0 0 0 0 0 0 0 
5319 8019 6767 5097 2612 2005 1444 1004 1517 1724 1546 1469 481 164 85 0 4 76 0 0 0 0 0 0 0 0 0 0 0 0 0 0 
6290 10659 9894 6851 5615 3827 3039 2520 2185 1497 1105 806 507 152 75 2 17 42 0 0 0 0 0 0 0 0 0 0 0 0 0 0 
14816 20491 18976 12792 7779 6452 4816 3538 3533 1976 2504 2118 1333 937 75 33 93 0 0 0 0 0 0 0 0 0 0 0 0 0 0 0 
5821 17048 11142 7550 5669 3589 3127 2534 3719 1760 1093 988 658 559 135 5 64 75 0 0 0 0 0 0 0 0 0 0 0 0 0 0 
3074 6221 6033 4799 3686 2740 2999 1214 1930 549 106 324 53 303 32 0 4 0 0 0 0 0 0 0 0 0 0 0 0 0 0 0 
1857 11522 5785 2805 1790 1453 2278 1180 651 607 373 837 229 381 91 0 0 0 0 0 0 0 0 0 0 0 0 0 0 0 0 0 
8301 22749 16687 11517 7722 6522 7712 3861 2764 1059 1150 1011 659 363 155 5 6 0 0 0 0 0 0 0 0 0 0 0 0 0 0 0 
2745 9837 6529 4511 3559 2013 2835 1417 1088 568 454 798 285 122 66 1 4 2 0 0 0 0 0 0 0 0 0 0 0 0 0 0 
2766 16124 13891 11268 7645 5253 4403 3652 2721 744 1400 1102 398 132 22 11 44 3 0 0 0 0 0 0 0 0 0 0 0 0 0 0 
13812 18885 17617 12256 8377 5131 4312 2677 3078 3000 2254 1351 193 125 72 0 0 0 0 0 0 0 0 0 0 0 0 0 0 0 0 0 
2833 10063 7149 5010 3056 1974 2136 1077 1429 817 405 273 72 305 37 0 45 0 0 0 0 0 0 0 0 0 0 0 0 0 0 0 
5071 9468 8093 6707 3018 2671 2660 2574 1742 783 2243 1816 499 17 31 12 4 0 0 0 0 0 0 0 0 0 0 0 0 0 0 0 
1547 4057 4533 4712 1819 1610 2583 988 137 100 577 214 192 56 139 68 36 0 0 0 0 0 0 0 0 0 0 0 0 0 0 0 
5433 18536 13274 8256 5094 4087 4511 2269 3854 1159 1163 1355 829 334 58 4 0 0 0 0 0 0 0 0 0 0 0 0 0 0 0 0 
6956 18820 14327 10610 4573 4454 4660 2068 3776 1096 1356 1280 507 321 129 12 9 9 0 0 0 0 0 0 0 0 0 0 0 0 0 0 
10467 21518 15755 10794 6203 4491 3960 2982 3475 2558 1899 1768 660 317 173 7 4 0 0 0 0 0 0 0 0 0 0 0 0 0 0 0 
7260 13898 10092 7113 4282 2402 1553 920 2127 938 616 900 421 554 74 0 5 0 0 0 0 0 0 0 0 0 0 0 0 0 0 0 
2985 4121 4668 3927 3044 2084 2180 1059 2993 726 347 522 104 603 79 0 9 0 0 0 0 0 0 0 0 0 0 0 0 0 0 0 
5967 12749 12154 10745 6110 5012 4603 3291 5937 2065 540 640 233 745 119 1 0 0 0 0 0 0 0 0 0 0 0 0 0 0 0 0 
12534 10385 11201 9232 5749 5169 4576 2207 5964 1177 820 1150 295 776 200 3 29 29 0 0 0 0 0 0 0 0 0 0 0 0 0 0 
6247 10482 8718 5252 3873 2547 2600 1868 3283 2330 857 1310 530 675 158 0 3 8 0 0 0 0 0 0 0 0 0 0 0 0 0 0 
9019 16821 12637 8532 4503 4922 5555 2550 2593 886 2090 1695 435 620 151 44 1 2 0 0 0 0 0 0 0 0 0 0 0 0 0 0 
7016 12530 8678 6289 4180 2854 2259 2061 1038 962 1164 976 396 490 71 2 35 5 0 0 0 0 0 0 0 0 0 0 0 0 0 0 
3653 6748 7085 5615 3389 4303 4079 1587 808 683 1153 1042 480 321 38 46 19 7 0 0 0 0 0 0 0 0 0 0 0 0 0 0 
7898 24660 15072 9791 5108 3902 3127 2523 2213 1084 1811 1269 417 511 60 21 3 0 0 0 0 0 0 0 0 0 0 0 0 0 0 0 
1359 6157 5690 4390 3242 2254 2535 1661 1977 1305 289 487 36 316 98 23 0 0 0 0 0 0 0 0 0 0 0 0 0 0 0 0 
1889 5618 3089 2022 1729 1227 1408 764 1393 516 167 241 260 437 4 0 0 0 0 0 0 0 0 0 0 0 0 0 0 0 0 0 
8008 14754 11869 9654 5112 4602 4937 2000 1917 1583 823 916 345 240 428 173 3 0 0 0 0 0 0 0 0 0 0 0 0 0 0 0 
2862 14480 8054 5176 3300 2056 1928 1546 2288 313 469 604 291 407 73 0 2 36 0 0 0 0 0 0 0 0 0 0 0 0 0 0 
8634 21058 13050 9010 4926 4526 3044 2964 3371 1915 1812 1690 1061 734 130 2 7 30 0 0 0 0 0 0 0 0 0 0 0 0 0 0 
2976 10316 5784 4822 2654 1690 1553 2182 2614 345 1239 498 113 392 108 0 21 25 0 0 0 0 0 0 0 0 0 0 0 0 0 0 
8943 11676 10937 9529 4862 5124 5825 2471 3487 820 1834 1082 306 527 184 19 7 36 0 0 0 0 0 0 0 0 0 0 0 0 0 0 
8286 14979 12725 9750 5735 3182 2405 1740 3822 2107 1522 1340 733 648 50 18 76 0 0 0 0 0 0 0 0 0 0 0 0 0 0 0 
5023 8952 10044 8827 4426 4115 4628 2006 2635 2322 1530 1644 203 556 280 20 2 14 0 0 0 0 0 0 0 0 0 0 0 0 0 0 
3246 10330 5365 3445 1352 1257 1343 1159 493 851 1445 1965 455 145 24 0 8 2 0 0 0 0 0 0 0 0 0 0 0 0 0 0 
9113 19104 17187 13280 7131 7321 6468 2859 5824 1470 1433 901 362 822 173 5 5 16 0 0 0 0 0 0 0 0 0 0 0 0 0 0 
2010 3175 2146 1246 1352 1159 762 170 333 492 54 662 8 279 119 0 0 0 0 0 0 0 0 0 0 0 0 0 0 0 0 0 
9214 23256 17974 14018 8902 8128 7332 3677 6552 1978 1365 2741 663 1367 163 7 11 15 0 0 0 0 0 0 0 0 0 0 0 0 0 0 
4167 13708 10650 7643 4372 2690 1870 2576 3457 780 1471 533 268 279 60 16 0 0 0 0 0 0 0 0 0 0 0 0 0 0 0 0 
1133 6325 2582 2213 512 769 838 229 397 38 208 232 362 274 0 0 0 0 0 0 0 0 0 0 0 0 0 0 0 0 0 0 
10070 23011 19802 16907 6681 7268 6332 4321 4480 1856 3865 3622 1004 882 195 19 17 0 0 0 0 0 0 0 0 0 0 0 0 0 0 0 
9597 19287 17792 13357 8785 7369 5652 4089 6080 1582 2097 1349 502 656 49 18 47 0 0 0 0 0 0 0 0 0 0 0 0 0 0 0 
9225 14601 13392 10202 5472 5249 5825 3080 2556 979 2000 1117 284 134 527 276 0 0 0 0 0 0 0 0 0 0 0 0 0 0 0 0 
5086 15826 12536 10237 6207 4029 3262 2895 1195 1528 2247 1302 253 128 12 7 0 0 0 0 0 0 0 0 0 0 0 0 0 0 0 0 
8847 17996 19533 16656 7302 6602 5893 4464 4186 1221 3789 1672 469 273 7 5 32 0 0 0 0 0 0 0 0 0 0 0 0 0 0 0 
7204 14096 15539 13915 7419 5994 4826 4176 2357 1750 1630 965 252 132 96 1 13 0 0 0 0 0 0 0 0 0 0 0 0 0 0 0 
7034 14127 16532 12915 7235 5566 5769 3277 4471 1894 1516 336 112 153 112 42 5 0 0 0 0 0 0 0 0 0 0 0 0 0 0 0 
3522 14349 11553 10347 5114 5322 4796 3866 4061 809 1376 625 195 418 64 2 3 0 0 0 0 0 0 0 0 0 0 0 0 0 0 0 
6012 18566 15189 11063 6062 5210 4148 5390 1854 379 4907 2369 467 181 14 17 0 0 0 0 0 0 0 0 0 0 0 0 0 0 0 0 
6477 14021 14624 12239 6186 6366 5103 4520 3293 770 3436 1486 409 130 105 30 23 0 0 0 0 0 0 0 0 0 0 0 0 0 0 0 
10895 24661 19659 14706 7294 7767 7050 5917 4587 991 4729 2210 612 728 245 97 8 0 0 0 0 0 0 0 0 0 0 0 0 0 0 0 
6437 14095 14918 12307 5411 6574 3720 4140 3486 1092 3647 1753 490 214 55 14 3 0 0 0 0 0 0 0 0 0 0 0 0 0 0 0 
5986 11620 11537 9980 5147 3998 3283 3319 1992 910 2259 807 290 61 45 38 11 87 0 0 0 0 0 0 0 0 0 0 0 0 0 0 
6833 13588 11723 10025 5573 4784 3247 3797 2911 831 2281 1426 201 83 46 3 23 0 0 0 0 0 0 0 0 0 0 0 0 0 0 0 
5348 15359 11092 8676 4664 3723 4904 3071 1161 418 2902 1217 262 166 17 18 36 96 0 0 0 0 0 0 0 0 0 0 0 0 0 0 
11052 26575 19595 14444 7525 7207 5317 3619 3682 897 2841 1828 988 337 86 82 116 9 0 0 0 0 0 0 0 0 0 0 0 0 0 0 
5647 17395 13010 10389 5484 5737 5442 3025 3356 1005 1682 1394 420 530 83 3 0 0 0 0 0 0 0 0 0 0 0 0 0 0 0 0 
6418 12906 12986 9402 4416 5419 3578 3630 3567 583 2855 1966 480 134 70 1 7 8 0 0 0 0 0 0 0 0 0 0 0 0 0 0 
10105 21188 15932 12063 6209 6556 4119 4523 5026 1342 2763 2885 687 559 58 46 52 98 0 0 0 0 0 0 0 0 0 0 0 0 0 0 
7811 18935 11665 9774 5049 4718 3346 3421 4114 1122 1556 1878 573 544 19 5 13 0 0 0 0 0 0 0 0 0 0 0 0 0 0 0 
2124 5685 6473 6071 2563 2499 2953 1964 3477 1040 1413 949 187 378 29 0 6 0 0 0 0 0 0 0 0 0 0 0 0 0 0 0 
4631 15340 10935 9105 5058 3914 4124 4397 4253 1215 2293 1174 377 486 104 83 112 0 0 0 0 0 0 0 0 0 0 0 0 0 0 0 
2502 8716 7334 6110 3428 2590 1815 3592 797 316 1869 684 164 14 60 23 28 18 0 0 0 0 0 0 0 0 0 0 0 0 0 0 
2620 9019 8251 7727 3555 2942 2069 2040 2859 918 1274 847 317 67 7 1 0 0 0 0 0 0 0 0 0 0 0 0 0 0 0 0 
5990 13574 10676 9427 3635 4332 4333 3344 3744 825 2264 1276 382 166 43 16 2 1 0 0 0 0 0 0 0 0 0 0 0 0 0 0 
6465 14305 11939 8793 3761 3807 3401 3497 4003 2071 2623 3417 795 395 131 16 5 3 0 0 0 0 0 0 0 0 0 0 0 0 0 0 
7410 17429 10352 6566 4397 3199 2572 2390 2291 1046 1091 759 373 301 8 0 5 0 0 0 0 0 0 0 0 0 0 0 0 0 0 0 
4950 10319 10867 9552 4767 4913 3151 2812 2667 1328 1629 511 111 154 82 0 4 0 0 0 0 0 0 0 0 0 0 0 0 0 0 0 
3952 8755 9650 8649 5122 3836 3349 2706 2532 932 2347 947 168 317 59 15 1 0 0 0 0 0 0 0 0 0 0 0 0 0 0 0 
10900 20322 18964 15367 8336 6426 5413 3824 5734 2165 1776 1332 310 747 229 95 1 1 0 0 0 0 0 0 0 0 0 0 0 0 0 0 
5228 16851 12823 11408 5694 4323 3899 2722 5320 1390 2813 944 304 324 8 10 44 0 0 0 0 0 0 0 0 0 0 0 0 0 0 0 
6129 10668 10587 8717 4039 3157 3606 2201 2345 855 608 404 121 31 33 0 5 0 0 0 0 0 0 0 0 0 0 0 0 0 0 0 
2417 4797 5341 5259 2490 2135 3232 1402 1261 278 888 40 218 58 64 4 0 0 0 0 0 0 0 0 0 0 0 0 0 0 0 0 
2994 5443 6627 6142 1918 2272 3097 1860 2063 634 2162 2028 426 239 55 5 8 50 0 0 0 0 0 0 0 0 0 0 0 0 0 0 
6757 9299 11575 10318 4052 3971 3888 2141 4439 1528 1314 388 165 429 46 10 0 0 0 0 0 0 0 0 0 0 0 0 0 0 0 0 
4034 12120 8164 5767 2542 2536 2004 1398 4436 991 1115 376 171 490 41 3 0 3 0 0 0 0 0 0 0 0 0 0 0 0 0 0 
6958 13349 9434 8024 3691 3791 2991 2092 3821 1153 928 741 563 580 271 49 4 46 0 0 0 0 0 0 0 0 0 0 0 0 0 0 
1872 7099 2461 1728 1097 850 1487 881 499 98 167 169 340 134 14 1 1 0 0 0 0 0 0 0 0 0 0 0 0 0 0 0 
2309 6321 5540 5450 2403 2201 1934 1755 651 143 1220 425 77 59 7 1 0 8 0 0 0 0 0 0 0 0 0 0 0 0 0 0 
1715 5108 5886 5715 2163 2659 4105 1477 1629 317 303 152 63 71 0 0 0 0 0 0 0 0 0 0 0 0 0 0 0 0 0 0 
1307 3922 4222 3667 2568 1653 1780 1027 2342 1218 127 68 25 344 33 0 0 0 0 0 0 0 0 0 0 0 0 0 0 0 0 0 
3933 14357 8776 6787 2975 3351 3074 2971 4604 630 1501 1264 555 247 74 0 2 0 0 0 0 0 0 0 0 0 0 0 0 0 0 0 
3390 11233 9325 9507 3784 3817 2518 2144 5329 1239 914 609 185 433 42 0 4 0 0 0 0 0 0 0 0 0 0 0 0 0 0 0 
3004 5567 6049 5164 3052 1831 2188 1888 2277 645 198 247 108 117 23 1 1 0 0 0 0 0 0 0 0 0 0 0 0 0 0 0 
4928 14802 8246 6049 3592 2823 3246 2071 1884 894 1607 1617 262 430 52 0 5 0 0 0 0 0 0 0 0 0 0 0 0 0 0 0 
6339 15181 12447 10606 7195 3823 3033 2121 5191 1609 1418 394 234 380 18 24 38 1 0 0 0 0 0 0 0 0 0 0 0 0 0 0 
3950 9331 8696 7964 4152 3783 2435 2717 2586 552 667 1017 278 83 83 3 2 0 0 0 0 0 0 0 0 0 0 0 0 0 0 0 
9004 10631 13775 11540 5072 5241 5020 4562 4643 1467 2328 2427 601 450 74 14 24 1 0 0 0 0 0 0 0 0 0 0 0 0 0 0 
3146 5295 5662 4752 3129 2515 2479 3383 2969 832 232 988 88 647 110 0 0 0 0 0 0 0 0 0 0 0 0 0 0 0 0 0 
1451 7144 3935 3865 1841 1809 1568 1906 2462 535 189 194 68 63 17 9 42 3 0 0 0 0 0 0 0 0 0 0 0 0 0 0 
1671 4841 3849 2597 1420 1429 491 754 544 196 1060 820 42 1 1 0 3 0 0 0 0 0 0 0 0 0 0 0 0 0 0 0 
5932 9945 8913 7471 3131 3831 1950 2943 2478 525 1283 1161 347 94 18 0 0 1 0 0 0 0 0 0 0 0 0 0 0 0 0 0 
2255 4264 4384 4622 2153 1724 2057 2093 3239 952 264 306 66 401 15 1 6 0 0 0 0 0 0 0 0 0 0 0 0 0 0 0 
1515 5324 4964 3870 4021 2307 1671 1024 1698 1472 198 415 97 999 23 0 4 0 0 0 0 0 0 0 0 0 0 0 0 0 0 0 
4044 7364 6786 5424 5338 3730 3176 2354 1803 1335 142 712 44 324 63 0 69 5 0 0 0 0 0 0 0 0 0 0 0 0 0 0 
4715 7860 6937 5664 5134 3071 2578 1549 1144 997 596 647 57 441 194 15 5 20 0 0 0 0 0 0 0 0 0 0 0 0 0 0 
6037 12041 11578 11676 5974 5500 6436 2250 4544 2177 1323 758 164 247 84 0 19 9 0 0 0 0 0 0 0 0 0 0 0 0 0 0 
1186 2635 2844 2531 2111 1394 1511 879 611 597 100 193 64 68 28 34 0 0 0 0 0 0 0 0 0 0 0 0 0 0 0 0 
2470 7363 6192 6019 5168 2677 2162 1348 768 466 802 929 71 86 5 9 39 0 0 0 0 0 0 0 0 0 0 0 0 0 0 0 
7062 9694 9837 8010 6683 4345 3528 2614 4158 2270 1181 2045 352 1016 328 9 51 0 0 0 0 0 0 0 0 0 0 0 0 0 0 0 
8469 13376 11382 10146 6575 5177 4972 3612 6639 1592 1438 738 160 985 140 0 5 7 0 0 0 0 0 0 0 0 0 0 0 0 0 0 
3855 5490 6843 5711 3472 2631 3050 1175 1553 848 445 363 277 325 44 2 5 3 0 0 0 0 0 0 0 0 0 0 0 0 0 0 
4889 7046 5588 4639 3395 2523 2610 2057 554 2028 612 553 235 246 154 0 0 0 0 0 0 0 0 0 0 0 0 0 0 0 0 0 
3439 5613 5914 4451 3983 2690 2405 1888 1156 892 1031 979 81 112 178 18 23 0 0 0 0 0 0 0 0 0 0 0 0 0 0 0 
650 1378 1113 631 1810 788 997 786 81 227 27 7 0 23 8 0 0 0 0 0 0 0 0 0 0 0 0 0 0 0 0 0 
966 1151 1130 938 724 208 106 55 242 223 28 13 57 91 9 0 0 0 0 0 0 0 0 0 0 0 0 0 0 0 0 0 
516 3328 370 713 11 6 6 48 209 7 15 20 582 301 0 0 0 0 0 0 0 0 0 0 0 0 0 0 0 0 0 0 
461 3396 507 987 5 7 8 74 567 13 31 40 390 283 0 0 0 0 0 0 0 0 0 0 0 0 0 0 0 0 0 0 
732 3691 690 699 23 10 9 93 807 4 77 13 530 197 10 0 0 0 0 0 0 0 0 0 0 0 0 0 0 0 0 0 
395 1582 175 297 28 16 18 42 278 19 34 56 291 250 3 0 0 0 0 0 0 0 0 0 0 0 0 0 0 0 0 0 
