200 94 58 9 3 10 29 3 5 52 12 1 2 0 0 0 3 0 0 2 0 7 0 0 0 0 0 0 0 0 0 0 
118 8 24 0 51 1 24 0 0 0 0 0 0 0 0 0 0 0 0 0 0 0 0 0 0 0 0 0 0 0 0 0 
235 133 83 0 55 29 29 0 9 0 0 8 6 0 15 0 5 0 0 0 0 4 4 0 0 0 0 4 4 0 0 0 
260 137 29 11 13 4 7 17 0 0 5 15 0 0 0 0 0 0 0 0 0 0 0 0 0 3 0 0 2 4 0 0 
135 2 97 0 0 2 3 0 0 0 11 0 0 0 0 0 0 0 0 0 0 0 0 0 0 0 0 0 0 0 0 0 
58 23 0 11 2 6 3 15 7 4 0 8 0 0 0 0 0 0 0 0 0 0 0 0 0 0 0 0 0 0 0 0 
156 146 76 19 16 17 13 10 0 0 0 0 0 0 0 0 0 0 0 0 0 0 0 0 0 0 0 0 0 0 0 0 
209 226 86 10 29 2 47 5 9 17 0 0 0 6 4 0 0 0 4 0 0 0 0 0 0 0 0 0 0 0 0 0 
155 13 53 18 2 46 34 0 0 0 0 0 5 0 2 5 0 15 0 0 0 0 0 0 0 0 0 0 0 0 0 0 
133 204 18 33 35 12 32 29 0 0 0 10 0 0 0 0 0 0 0 0 0 0 0 0 0 0 0 0 0 0 0 0 
91 16 69 16 0 0 1 13 5 18 15 0 0 0 0 9 0 0 0 0 0 0 0 0 0 0 0 0 0 0 0 0 
192 19 5 16 20 5 9 0 0 0 0 3 0 0 0 23 0 0 0 0 0 0 0 0 0 0 0 0 0 0 0 0 
152 73 27 4 17 23 8 21 6 0 0 0 2 0 0 0 0 0 0 0 2 0 0 0 0 0 0 0 0 0 0 0 
99 0 16 19 3 15 0 0 0 0 0 0 0 0 0 0 0 0 0 0 0 0 0 0 0 0 0 0 0 0 0 0 
141 123 24 46 33 2 0 5 2 18 2 0 9 0 0 0 0 0 0 0 0 0 0 0 2 8 0 0 0 0 0 0 
67 7 8 0 13 20 10 49 0 0 0 5 2 20 0 0 0 0 0 0 0 0 0 0 0 0 0 0 0 0 0 0 
165 29 9 31 0 1 0 27 0 0 0 0 0 2 0 11 9 0 0 0 0 0 0 0 0 0 0 0 0 0 0 0 
164 49 30 35 40 35 30 38 14 26 3 0 36 0 0 0 0 0 0 0 0 0 0 0 0 0 0 0 0 0 0 0 
275 81 21 38 15 19 11 67 0 0 0 0 0 0 0 0 0 0 0 0 1 0 0 0 0 0 0 0 0 0 0 0 
74 71 0 0 6 0 0 0 0 0 0 0 0 0 0 0 0 0 0 0 0 0 0 0 0 0 0 0 0 0 0 0 
246 51 39 33 0 34 0 0 0 17 0 0 0 0 0 4 0 0 0 0 0 0 2 6 0 0 7 1 2 2 1 0 
144 90 47 16 15 20 55 41 32 7 0 8 0 0 0 0 0 5 0 0 0 15 0 0 0 0 0 0 0 0 0 0 
112 51 76 3 30 3 0 0 13 12 0 0 0 0 0 0 0 0 0 0 0 0 0 0 0 0 0 0 0 0 0 0 
183 16 1 30 0 7 31 0 0 0 0 7 14 0 0 0 0 0 0 0 0 0 0 0 0 0 0 0 0 0 0 0 
162 75 12 9 2 24 54 0 0 0 8 0 0 14 0 0 0 0 0 0 0 0 0 0 0 0 0 0 0 0 0 0 
244 265 54 45 123 89 32 11 0 3 7 0 0 14 0 0 0 0 0 0 0 0 0 0 0 0 0 0 0 0 0 0 
285 45 99 33 33 32 38 23 0 0 4 0 0 0 0 0 0 0 0 0 0 0 0 0 0 0 0 0 0 0 0 0 
129 33 111 12 32 10 12 8 38 13 8 3 41 7 0 3 15 0 9 0 1 0 0 1 0 0 0 0 0 0 0 0 
127 0 36 0 0 35 16 32 26 0 0 0 0 0 26 0 0 0 0 0 0 0 0 0 0 0 0 0 0 0 0 0 
296 139 107 31 31 0 2 0 9 0 4 0 14 3 0 2 2 2 4 0 0 0 0 0 0 0 0 0 0 0 0 0 
217 186 116 18 18 62 60 26 6 18 71 11 5 4 0 0 0 10 10 0 0 0 5 0 0 0 0 0 0 0 0 0 
