14920 2337 1150 124 0 0 0 0 0 0 6031 396 1388 1022 904 1263 1822 472 0 515 0 571 126 40 336 136 0 0 0 0 0 0 
13646 2394 451 465 87 0 0 0 0 0 4390 3691 1429 418 662 892 762 97 761 186 301 335 146 64 200 0 0 0 0 0 0 0 
11158 5483 1705 722 0 0 0 0 0 0 5299 115 714 3293 747 681 257 331 973 450 659 887 152 41 0 0 34 0 37 0 0 0 
11006 3813 3026 1305 0 0 0 0 0 0 4944 60 896 1287 782 1001 1454 911 1706 502 407 367 346 84 0 76 0 0 0 0 0 0 
13193 3175 2227 429 223 35 0 0 0 0 5542 292 1107 1667 258 1108 232 1664 406 256 920 613 182 166 0 40 138 34 0 108 0 0 
11004 3460 1963 956 487 165 0 0 0 0 4231 1102 684 757 930 217 312 1700 64 410 1153 901 541 530 180 114 232 285 126 0 0 0 
13344 1690 2193 1435 250 53 0 0 0 0 6170 540 256 830 616 758 846 664 286 1316 324 292 370 336 238 114 152 136 76 42 0 0 
12262 2108 778 1283 642 302 0 0 0 0 5594 378 548 994 580 260 66 562 180 264 524 780 144 954 96 106 646 594 110 0 0 0 
14938 2964 1360 743 49 0 0 0 0 0 5808 932 822 1804 740 1828 542 302 668 336 356 434 42 0 34 106 76 42 42 42 0 0 
11505 1454 918 1660 2827 338 0 0 0 0 5390 30 516 204 878 0 48 654 170 144 612 1064 202 1336 98 1062 444 750 326 196 0 0 
10411 1719 1686 981 184 135 0 0 0 0 4752 302 26 866 1334 465 378 252 728 318 403 912 194 544 168 190 124 160 220 192 0 0 
10893 4416 2051 1269 43 77 0 0 0 0 4520 524 600 1374 1341 665 1458 421 929 143 542 501 246 90 112 278 0 0 442 70 0 0 
12528 2238 730 1073 120 0 0 0 0 0 5218 1269 947 34 1167 626 110 0 732 146 499 224 282 548 234 660 152 82 222 166 0 0 
13426 615 1260 1689 385 178 0 0 0 0 5874 1198 396 0 406 456 186 246 386 314 336 1170 454 0 323 330 208 182 820 230 0 0 
10853 3375 728 2396 1098 276 0 0 0 0 4642 492 868 206 1218 362 66 32 728 374 1600 854 744 344 34 452 486 440 196 290 0 0 
13046 2437 474 1376 232 268 0 0 0 0 5777 1175 440 884 784 48 384 604 296 903 242 665 232 152 68 128 132 38 395 348 0 0 
11225 1496 1778 975 1724 603 0 0 0 0 5373 466 0 455 408 32 1112 1375 306 332 293 636 52 616 672 372 260 248 738 194 0 0 
13470 2924 1876 378 0 0 0 0 0 0 5436 1148 260 627 1445 1169 508 1372 618 148 854 904 208 24 0 0 48 0 0 0 0 0 
15142 1038 1796 110 446 0 0 0 0 0 5424 2650 818 100 256 232 1084 802 652 576 122 62 0 708 350 126 234 0 30 0 0 0 
11661 3152 1039 1738 241 45 0 0 0 0 4642 408 580 1164 1362 262 262 386 1472 772 1166 648 128 114 472 34 40 156 144 0 0 0 
11421 2469 1790 286 0 0 0 0 0 0 4552 745 494 196 1879 820 1336 894 416 732 426 74 104 0 288 42 0 0 0 0 0 0 
9664 3629 3113 556 0 44 0 0 0 0 4450 154 230 1387 1292 610 1808 1484 602 28 242 582 38 190 70 0 24 72 80 42 0 0 
14239 3675 714 534 0 0 0 0 0 0 5364 1046 608 1684 1912 1462 460 438 296 114 904 220 174 0 76 84 110 0 0 40 0 0 
10506 2084 746 1823 397 49 0 0 0 0 4222 504 628 848 996 580 60 448 870 931 964 210 462 324 214 94 340 166 38 34 0 0 
10755 3685 719 1237 792 0 0 0 0 0 4306 151 1812 1024 1243 0 199 722 856 698 698 514 586 90 704 0 268 152 118 0 0 0 
12297 3098 347 1089 428 0 0 0 0 0 4531 2151 1413 720 1166 106 337 248 310 1134 256 215 630 48 80 242 378 0 0 38 0 0 
9543 1963 2117 4020 935 132 0 0 0 0 4330 30 201 300 682 860 120 210 2204 926 1058 726 168 661 272 74 258 850 312 228 0 0 
11694 613 3260 2064 1766 152 0 0 0 0 5108 376 94 0 462 1040 114 670 1202 644 192 694 1070 588 410 102 224 732 554 126 0 0 
11325 1193 3210 2806 1305 90 0 0 0 0 4514 1070 240 231 274 251 458 968 1120 965 250 510 276 622 132 208 708 1238 727 248 0 0 
11671 2101 1295 1103 938 291 0 0 0 0 4773 805 424 1451 1305 262 432 156 150 578 0 76 625 340 207 788 642 702 496 0 0 0 
11269 3116 572 660 2013 0 0 0 0 0 4516 954 1032 964 1030 1139 438 866 108 313 114 294 544 306 994 42 126 204 358 38 0 0 
