197 93 0 0 0 0 0 102 0 93 0 0 0 0 0 0 0 0 0 182 0 0 96 0 0 0 94 0 4 0 298 300 
0 44 0 0 0 0 0 0 0 0 0 0 44 0 44 43 82 0 0 43 44 0 46 0 0 0 0 0 0 44 0 0 
0 16 13 0 0 0 0 2 0 0 11 0 0 0 0 0 0 0 1 0 18 2 0 221 0 0 5 5 0 0 0 0 
28 30 14 1 3 0 4 0 1 0 0 0 30 0 0 0 0 66 0 0 0 0 0 4 3 19 1 0 0 0 47 0 
0 5 0 0 0 0 0 0 0 0 0 0 0 0 0 0 0 3 0 0 0 0 0 0 9 18 0 9 0 1 0 0 
0 59 56 55 113 53 10 58 0 1 11 2 60 68 0 0 0 0 0 10 58 0 0 0 0 0 0 0 1 2 1 0 
0 0 0 16 0 16 0 0 16 0 16 16 0 16 0 0 0 30 0 0 0 0 0 16 0 0 16 0 16 67 16 16 
0 2 0 1 1 0 0 0 0 1 0 0 2 1 1 1 1 0 1 1 0 0 1 1 0 0 1 1 1 1 0 2 
0 245 0 137 169 0 0 25 0 0 0 0 0 0 0 0 0 15 14 143 145 0 150 0 146 160 0 145 0 145 160 0 
0 0 0 0 0 65 0 37 0 0 0 0 0 0 0 23 0 0 25 0 0 0 0 0 0 0 0 79 0 0 25 0 
106 0 0 0 15 0 0 105 0 103 0 0 0 0 112 0 0 149 0 76 0 20 0 42 23 16 0 15 31 0 0 0 
93 0 0 349 21 155 0 0 0 0 0 0 0 0 0 0 107 0 0 0 0 0 105 0 0 104 0 0 0 0 0 0 
61 65 0 0 106 64 64 0 0 124 0 0 0 0 0 65 0 0 13 0 0 0 0 0 0 0 12 164 0 0 0 64 
0 14 0 31 4 2 10 0 0 15 0 8 0 4 0 2 17 0 0 0 0 0 0 13 14 0 0 0 15 14 9 0 
0 0 0 0 0 5 0 0 0 1 99 0 0 0 0 0 0 81 5 0 0 8 0 0 82 0 0 0 0 80 0 0 
0 0 0 4 16 22 18 167 0 0 9 0 0 15 0 0 0 3 0 202 0 0 2 0 0 15 16 0 19 40 5 0 
0 4 0 0 0 24 0 23 0 24 0 0 0 0 0 0 4 44 0 0 0 0 0 0 0 0 0 0 0 5 0 4 
0 0 50 0 0 0 0 0 0 0 27 26 0 0 27 0 26 26 25 0 0 25 88 0 0 50 26 0 0 0 0 25 
0 0 0 0 0 15 0 0 58 43 46 17 0 0 0 44 0 46 0 106 0 14 0 0 0 0 0 0 0 16 0 0 
0 13 0 0 174 0 0 0 173 0 0 178 0 0 0 0 0 0 0 0 0 18 17 221 172 0 17 0 0 0 0 0 
0 0 18 0 0 0 0 0 0 0 0 0 15 0 0 10 0 0 0 0 0 0 0 0 0 0 0 15 0 0 0 0 
0 0 0 0 12 0 97 0 12 12 0 150 231 12 0 0 13 0 0 0 0 0 0 0 166 12 0 0 0 12 0 12 
0 0 0 0 0 0 16 0 0 0 0 0 5 0 0 0 0 4 0 7 0 0 0 0 0 0 10 0 3 0 0 0 
0 0 0 0 0 0 0 0 0 0 0 0 9 0 0 0 0 0 0 0 0 0 0 0 0 0 0 0 0 0 0 0 
5 0 0 0 0 8 0 0 0 0 0 0 0 68 35 0 0 7 0 0 0 0 34 0 16 0 0 0 0 0 0 0 
0 0 0 0 0 0 0 0 0 0 0 0 0 0 0 0 0 0 0 0 0 0 0 0 0 0 0 0 0 0 38 0 
0 0 62 0 0 0 0 0 0 0 0 0 0 0 0 0 0 0 0 0 0 0 0 0 0 0 0 0 0 0 0 0 
16 16 0 0 0 0 17 16 0 0 0 18 0 16 0 0 0 16 16 0 0 0 0 0 16 0 0 28 0 0 0 0 
0 0 0 0 0 0 0 0 0 0 0 0 0 0 0 0 0 0 0 0 0 18 0 0 0 0 0 0 0 0 0 8 
0 0 0 0 0 0 0 7 12 10 0 0 0 0 0 0 4 37 11 0 0 11 15 0 0 11 0 0 0 6 0 0 
0 0 0 0 0 0 0 0 0 0 9 0 7 0 0 0 0 0 0 0 0 0 0 0 0 11 0 0 0 0 0 0 
0 2 0 0 0 0 0 0 0 0 0 26 0 0 0 146 0 26 0 0 0 0 26 0 0 0 0 0 25 27 30 124 
0 0 0 0 0 0 0 0 0 0 0 0 15 0 0 0 0 0 0 0 0 0 0 0 0 0 0 0 2 0 0 0 
0 0 0 0 0 0 0 0 0 0 0 0 0 0 0 0 0 0 0 0 0 0 0 0 0 0 0 0 0 0 0 279 
0 0 0 0 0 0 0 0 0 0 0 0 0 0 0 0 0 0 0 0 0 0 0 12 0 0 0 0 0 0 0 178 
0 0 41 0 0 38 17 51 0 0 40 0 12 31 33 0 0 0 93 0 0 218 12 2 88 0 0 0 0 12 0 0 
8 0 0 0 0 0 0 0 12 13 0 0 0 0 0 0 0 0 0 22 13 0 0 0 14 6 0 16 0 4 0 0 
4 0 6 1 0 0 6 0 0 1 39 0 3 8 0 1 0 1 0 12 0 0 0 0 0 5 0 0 0 6 3 0 
0 0 0 61 0 0 0 0 0 0 0 0 0 0 54 0 0 0 75 0 227 0 15 0 0 0 0 0 157 0 76 0 
0 1 32 0 32 0 0 64 1 0 0 31 2 1 0 0 30 1 30 67 31 1 0 32 62 0 31 0 104 33 35 1 
0 0 0 0 0 0 0 0 30 0 0 0 0 0 0 0 0 0 0 0 0 0 0 0 0 0 0 0 0 0 0 0 
0 0 0 0 0 0 0 0 0 4 0 92 0 0 0 0 0 0 0 0 0 0 6 0 0 0 0 0 0 0 0 0 
23 43 18 121 0 36 0 20 0 50 51 41 21 24 0 32 0 0 0 0 24 19 0 19 20 0 19 54 2 35 0 84 
0 0 0 0 0 0 0 6 0 0 0 0 0 0 0 0 79 0 0 0 0 0 0 9 0 0 0 0 0 79 0 0 
30 0 0 56 37 0 0 0 0 18 0 0 40 10 36 35 0 0 65 0 37 0 10 62 20 12 10 0 19 79 0 27 
0 18 0 27 0 34 0 0 18 9 0 18 0 0 0 0 43 34 18 34 0 18 27 18 18 0 9 18 18 18 17 0 
0 0 0 0 183 0 3 0 0 0 0 0 0 0 0 0 0 0 0 0 0 0 0 0 0 0 0 0 0 0 0 3 
0 2 213 2 0 8 0 17 4 210 1 7 0 17 0 0 2 0 0 0 1 0 0 2 0 0 0 4 0 0 0 0 
39 0 2 0 0 49 81 2 0 0 0 0 0 1 0 35 2 2 0 0 0 0 1 0 0 2 0 2 2 0 0 43 
0 0 0 0 0 0 0 0 0 0 0 92 0 0 0 0 0 0 11 0 0 0 0 0 9 105 4 0 0 2 0 0 
0 0 0 0 20 20 0 0 20 0 19 20 0 0 0 0 20 20 0 0 0 0 0 106 0 0 0 0 0 0 0 20 
0 0 0 0 30 0 0 0 0 0 0 31 0 0 0 0 0 5 0 0 5 32 0 0 0 36 5 0 34 26 0 0 
0 0 0 0 0 0 0 0 0 0 0 0 0 0 0 126 0 0 0 149 0 0 0 0 0 0 0 0 0 0 0 132 
0 55 0 0 0 17 52 0 79 5 0 3 89 0 2 60 18 111 0 0 60 53 54 0 0 15 16 0 0 0 66 110 
0 0 0 6 0 0 0 0 0 0 7 0 0 0 0 0 0 0 7 0 12 0 0 0 0 0 0 0 0 0 0 0 
34 16 34 47 0 104 1 42 28 16 41 50 44 45 0 0 0 16 38 15 16 0 0 13 33 12 0 0 6 0 32 0 
0 0 0 0 0 7 27 0 0 26 0 0 22 21 7 0 0 0 0 20 0 0 0 0 0 0 0 0 0 0 26 40 
0 0 0 0 0 0 0 0 2 0 0 0 0 0 0 0 0 0 0 0 0 0 0 0 0 0 0 0 0 19 0 16 
7 0 0 8 0 0 8 0 8 0 205 0 8 14 0 0 0 0 0 0 0 0 0 0 0 0 198 0 195 198 204 612 
16 0 0 0 0 0 1 0 0 0 0 0 0 0 0 0 0 0 0 14 0 0 0 0 0 0 0 0 0 0 0 0 
0 0 0 0 0 18 0 18 0 0 0 0 0 0 0 0 0 0 0 0 0 0 0 18 0 0 0 25 0 17 0 0 
21 0 0 0 18 0 0 0 0 0 0 0 2 10 2 0 0 0 0 0 0 0 0 0 0 0 0 0 0 0 0 0 
0 0 0 0 8 0 0 10 0 43 0 0 0 0 0 0 12 1 2 0 0 0 0 0 124 39 0 11 0 0 11 11 
0 0 36 35 0 35 19 86 0 0 23 0 0 5 0 42 3 42 70 0 0 0 36 16 34 3 0 0 0 53 0 6 
0 0 11 0 11 4 0 0 105 0 0 0 0 0 0 0 11 9 0 0 0 10 0 116 0 11 4 0 0 11 0 11 
0 0 0 0 0 0 0 0 0 0 0 0 0 0 0 12 0 0 0 0 116 0 0 0 0 0 0 0 0 0 0 0 
0 0 0 0 0 0 16 0 20 0 0 17 0 0 1 0 0 0 0 22 0 0 19 0 1 0 1 18 0 2 18 0 
56 0 135 0 0 60 0 0 0 110 0 0 0 0 0 0 0 56 61 0 0 0 0 0 0 0 0 0 0 72 0 56 
0 0 0 0 0 0 0 0 0 0 0 0 0 0 0 0 0 0 0 0 0 0 0 0 0 0 0 0 0 0 0 41 
0 0 0 0 0 170 0 0 0 67 0 0 0 275 87 0 0 0 0 0 95 0 0 29 0 0 23 0 0 139 14 380 
0 0 0 0 0 0 23 0 0 26 26 0 0 0 0 1 0 27 0 0 0 0 0 0 0 0 0 26 26 0 0 0 
0 18 0 18 18 18 18 0 18 0 0 18 34 0 0 0 17 18 0 0 0 48 0 0 67 0 51 34 0 0 0 0 
14 0 0 0 9 0 47 0 0 0 0 0 10 0 9 0 0 0 0 0 0 9 15 0 0 0 0 0 9 0 9 0 
30 0 0 0 0 0 4 0 0 0 0 0 0 0 33 0 0 0 38 4 23 0 63 0 36 0 0 33 32 0 0 31 
0 0 0 0 0 14 0 9 0 12 1 0 0 9 0 0 0 10 0 0 0 1 0 11 0 0 0 0 0 0 0 14 
0 0 0 0 0 0 0 0 0 0 0 100 0 0 0 0 0 21 0 0 0 0 0 0 0 0 0 143 0 0 0 145 
0 49 0 0 51 0 0 0 0 0 0 0 0 0 0 0 0 50 0 0 0 0 0 111 0 0 0 0 53 262 0 0 
51 0 0 0 0 52 3 0 0 0 100 0 49 51 0 0 0 0 50 0 0 0 101 0 0 0 0 51 0 0 51 0 
45 0 59 0 0 40 12 0 0 43 7 0 0 43 7 1 7 0 0 0 84 0 0 0 43 42 43 43 44 0 0 42 
23 0 0 0 0 0 0 0 0 0 0 0 0 0 0 0 0 0 0 99 0 20 0 0 0 0 0 38 0 0 0 103 
1 0 0 6 0 0 0 0 12 0 0 0 0 2 0 0 0 0 0 0 0 0 0 0 0 69 0 0 0 0 0 65 
0 0 131 0 0 0 0 6 0 0 0 0 0 0 0 0 0 0 7 0 0 131 0 0 8 0 0 0 0 0 0 0 
0 1 0 0 0 0 1 5 0 1 0 1 0 0 4 5 0 5 2 0 1 0 0 0 1 0 0 0 0 0 0 0 
0 0 2 0 0 0 0 0 0 0 0 0 0 0 0 0 0 0 0 0 0 0 0 0 0 0 0 0 0 0 0 0 
0 0 0 0 0 0 0 0 22 0 0 0 24 0 0 43 0 24 0 0 0 0 24 0 24 23 44 0 21 0 0 0 
0 0 0 0 0 0 0 0 0 0 0 0 17 0 0 0 0 0 0 0 0 0 0 0 0 0 0 0 0 0 0 17 
0 0 1 0 1 0 0 0 0 0 0 0 0 0 0 0 0 2 0 0 0 0 0 4 1 0 0 0 0 0 0 279 
91 0 0 0 0 0 84 0 0 0 0 0 14 0 0 105 0 0 0 97 0 0 0 20 0 0 0 0 0 0 0 0 
0 0 0 0 0 0 11 0 0 0 0 0 0 11 11 0 0 0 0 0 0 0 11 11 0 0 20 0 11 0 11 11 
0 0 0 0 0 16 0 0 15 0 16 16 0 0 30 0 0 0 0 0 156 16 16 0 0 158 304 0 0 307 311 617 
16 0 0 0 0 0 0 25 0 0 0 20 12 0 0 0 0 0 12 0 0 0 23 0 16 0 0 0 0 21 25 0 
0 0 1 1 0 0 0 0 0 1 0 0 0 0 41 0 0 1 1 0 11 4 0 0 0 1 1 1 0 0 0 0 
0 14 0 0 0 0 0 87 0 0 133 0 14 79 1 0 0 9 0 21 0 0 89 0 0 19 116 0 172 0 0 18 
121 0 118 0 0 202 0 74 0 117 255 183 0 0 0 119 103 240 253 0 0 0 213 117 264 0 1 0 99 240 0 2 
0 0 0 0 0 0 0 0 0 0 0 0 0 0 1 0 0 0 0 0 0 0 0 0 0 0 0 0 0 0 0 0 
0 0 0 0 0 0 0 0 0 6 0 27 159 0 0 0 0 0 0 0 0 0 0 0 0 0 0 0 0 0 0 0 
18 1 0 0 0 0 0 0 0 0 0 230 0 25 19 252 0 126 0 19 0 0 464 93 0 0 0 0 36 0 232 238 
78 59 0 0 0 0 0 0 0 0 0 0 55 0 0 0 10 0 0 0 0 0 0 0 0 32 0 0 0 0 0 1 
0 16 18 0 0 0 0 0 16 0 17 0 0 2 22 0 0 0 0 0 0 0 0 0 0 0 0 0 17 0 17 0 
25 0 0 0 0 6 6 0 0 0 32 0 46 0 0 0 141 0 0 27 0 0 0 32 27 83 0 0 6 27 0 0 
0 0 0 0 0 0 0 0 6 1 0 0 0 6 12 0 0 0 0 1 0 0 0 0 0 6 0 18 0 0 0 1 
0 15 0 0 0 14 0 158 22 2 0 0 0 0 0 0 0 0 0 0 15 0 19 47 0 32 58 0 14 0 0 154 
0 0 0 85 0 0 0 0 0 0 0 0 0 0 0 0 0 0 0 0 0 0 17 0 0 0 0 0 0 0 57 0 
0 0 208 106 0 0 0 0 0 0 0 0 0 0 0 0 3 0 0 0 0 0 110 0 20 0 108 0 0 106 5 0 
4 5 0 0 31 5 0 0 0 0 65 0 0 0 0 0 0 0 0 126 39 34 0 4 31 40 0 0 0 201 0 29 
0 0 3 0 21 6 0 0 0 0 9 0 4 12 7 7 115 7 0 3 9 5 0 0 12 16 3 3 3 120 0 3 
0 0 0 0 0 0 0 0 0 0 0 0 0 1 0 0 1 0 0 0 0 0 0 0 0 0 0 0 0 0 0 0 
14 11 0 0 0 0 0 8 9 0 0 0 0 0 91 0 0 0 0 9 0 0 18 0 0 0 53 0 9 9 10 14 
0 0 89 0 93 0 0 2 0 213 0 0 0 2 14 0 0 0 6 0 0 0 0 0 65 0 0 0 96 0 96 0 
0 0 91 0 0 0 0 0 0 0 0 0 11 0 0 0 0 0 0 6 0 0 0 0 10 1 0 0 0 0 0 0 
0 0 0 0 41 0 0 0 0 0 0 0 0 0 0 0 0 43 0 0 0 0 0 0 0 0 0 0 0 45 0 67 
46 8 8 14 11 40 8 26 14 40 13 0 0 0 8 14 0 14 0 14 26 49 0 0 0 41 40 0 0 14 22 14 
0 0 0 0 0 0 0 212 0 23 0 0 0 0 0 0 0 1 0 0 0 0 0 0 8 1 0 0 0 0 0 0 
0 0 0 0 0 136 18 0 0 0 0 7 0 135 17 0 14 0 0 0 0 8 0 0 0 9 0 0 0 0 0 0 
0 0 0 0 0 0 0 1 0 0 0 0 0 0 0 0 0 0 0 0 0 0 0 0 0 0 0 0 0 0 0 0 
145 0 0 0 0 0 0 0 0 0 0 0 61 0 0 0 0 0 183 0 0 0 0 0 0 0 0 35 0 0 0 0 
0 260 0 7 18 0 15 119 13 0 0 0 0 14 0 10 117 7 120 10 120 0 0 322 5 0 0 119 120 0 0 0 
0 0 0 0 13 0 0 0 0 0 0 0 0 0 0 0 0 0 0 0 0 8 6 0 8 0 0 7 138 0 0 0 
0 5 36 33 0 0 0 10 0 0 0 3 0 0 173 0 5 4 0 0 2 0 0 0 0 0 0 69 0 0 2 0 
0 0 0 0 17 0 9 0 0 0 0 0 0 0 0 0 0 0 0 0 0 0 0 0 0 0 0 0 0 0 0 11 
0 0 0 0 0 0 0 0 0 0 0 0 0 0 0 0 0 0 0 0 0 0 0 0 0 0 0 0 42 0 0 0 
11 0 0 11 0 0 0 27 0 11 104 22 0 0 0 0 0 0 0 0 0 13 0 2 53 119 0 0 11 0 0 20 
0 0 0 0 0 0 0 0 0 0 0 0 0 0 0 0 0 0 0 10 0 0 0 0 0 0 204 0 0 0 0 0 
0 0 0 0 0 0 0 0 0 0 0 0 0 0 0 0 0 0 0 0 95 0 0 0 0 0 0 64 0 0 0 0 
0 0 0 5 0 0 0 0 0 0 0 5 19 0 0 0 0 0 0 0 0 0 0 4 0 18 0 0 0 0 21 0 
0 0 0 0 0 0 0 0 0 0 0 0 0 0 0 0 0 0 0 0 0 0 0 0 0 0 0 0 0 0 0 40 
0 0 0 0 0 0 0 0 0 14 13 13 15 0 0 0 13 0 0 0 0 13 24 0 0 0 0 13 13 0 0 13 
0 0 0 0 0 0 0 0 0 0 9 0 0 0 0 0 0 0 0 0 0 0 0 0 0 0 0 0 0 0 0 0 
0 16 0 0 0 0 0 0 0 0 109 0 0 0 0 0 0 0 0 0 0 0 0 0 0 0 0 0 0 0 0 2 
0 0 0 45 0 0 0 0 0 0 0 0 0 0 0 0 0 0 0 0 0 0 0 0 0 0 0 0 86 0 0 0 
0 103 0 0 0 0 0 0 0 0 0 37 38 38 0 0 52 0 38 0 40 0 94 0 0 39 39 15 0 0 0 0 
0 0 0 0 0 0 0 0 0 0 0 0 0 0 0 0 0 0 0 0 0 0 0 0 0 0 0 0 0 0 0 20 
0 0 0 0 0 0 0 0 0 0 0 0 0 0 0 0 0 0 0 0 0 0 0 0 0 0 0 11 0 0 0 0 
0 0 0 0 0 14 59 0 15 0 0 0 0 0 0 10 0 0 0 0 0 0 0 0 6 15 0 0 0 15 0 0 
0 0 0 0 0 0 0 0 0 5 0 0 0 0 0 0 0 0 0 0 1 0 0 0 0 0 0 0 0 0 4 0 
0 0 0 0 0 0 0 0 0 0 0 85 0 0 0 0 0 0 0 0 0 0 0 0 0 0 0 0 0 0 30 0 
0 0 0 0 0 0 0 0 0 8 0 0 0 0 0 0 0 0 0 0 0 0 0 0 0 0 0 0 1 0 0 0 
0 0 0 0 0 0 0 0 0 0 0 0 0 0 0 0 0 0 0 0 0 0 0 0 0 0 0 0 0 0 0 121 
0 0 0 0 0 0 0 0 0 0 0 0 0 0 0 0 0 29 0 0 0 0 0 69 0 31 0 0 0 31 0 82 
26 0 0 11 1 11 11 0 1 27 11 217 0 0 11 0 0 0 21 0 11 0 1 11 11 0 1 17 17 0 0 17 
0 0 35 35 35 96 64 35 35 0 46 36 42 0 35 0 0 0 0 36 35 35 0 0 0 35 35 68 0 0 0 0 
33 0 0 0 0 0 0 0 0 37 0 32 0 0 0 0 0 0 67 64 34 0 0 34 0 0 0 34 0 0 0 3 
49 0 0 0 0 91 0 9 53 0 0 0 17 7 0 53 0 0 0 9 0 151 0 9 8 0 0 0 0 0 17 0 
0 0 0 0 0 0 0 0 0 0 0 0 0 0 0 0 0 0 0 0 0 0 0 0 0 0 0 0 0 0 0 0 
29 4 40 0 0 0 0 162 0 0 0 103 0 5 0 0 0 97 0 8 0 0 0 0 0 0 0 0 31 0 0 0 
142 0 11 0 81 10 9 96 0 0 0 0 48 0 0 0 47 0 0 0 97 0 0 0 0 9 0 0 0 11 50 0 
4 0 0 6 0 0 0 0 15 0 0 0 6 0 0 0 0 0 0 0 0 6 0 0 0 5 0 0 0 0 0 7 
0 0 0 7 0 7 0 0 7 7 0 0 0 0 9 0 0 0 0 0 0 0 0 0 0 0 7 0 0 0 7 269 
0 0 59 0 0 0 0 56 0 0 0 58 55 0 0 0 58 3 0 0 0 0 94 0 57 3 3 0 57 0 6 72 
0 0 0 110 0 0 0 0 0 0 0 0 0 0 0 0 7 0 0 8 13 7 0 0 0 0 6 0 0 9 0 0 
10 0 23 0 0 0 0 2 11 0 0 0 0 0 0 11 0 7 0 0 0 0 0 0 0 0 0 0 0 10 14 0 
0 11 0 0 0 2 14 0 7 3 0 0 0 0 0 0 0 0 9 0 0 0 0 0 0 0 2 24 167 0 0 0 
6 0 2 0 12 0 0 0 24 5 0 2 0 5 0 0 0 0 2 0 0 0 2 2 0 0 3 0 11 9 5 0 
0 8 0 0 0 0 0 0 0 8 0 14 0 0 0 14 0 0 3 0 0 8 0 0 0 0 0 0 0 0 8 0 
0 2 0 39 0 0 1 0 0 42 0 53 0 0 0 42 41 41 41 0 0 0 82 1 0 0 0 0 0 80 41 0 
0 0 0 0 0 2 0 0 0 0 0 0 20 19 0 0 0 0 0 0 0 0 0 0 0 0 52 0 0 17 3 0 
17 20 0 0 0 0 12 0 0 0 54 0 0 0 20 12 16 0 0 5 0 0 0 0 0 0 0 0 0 22 0 0 
0 0 0 0 20 0 0 6 0 0 0 0 2 0 0 0 0 0 0 0 0 0 0 0 0 0 0 0 0 0 0 0 
0 0 0 0 0 0 0 40 0 48 74 0 38 0 0 0 0 0 0 0 0 40 0 0 39 0 37 17 0 47 0 100 
0 60 16 52 51 76 0 53 0 0 51 32 52 28 0 0 0 56 0 64 79 100 54 140 32 0 23 0 53 17 50 0 
21 0 23 33 24 0 0 0 0 0 22 0 0 54 0 24 0 0 0 23 0 25 0 0 0 0 0 0 0 53 0 0 
0 6 4 7 0 0 7 0 0 0 0 0 0 0 0 0 0 7 0 0 0 0 0 0 0 0 0 0 7 0 0 0 
0 0 0 0 0 0 0 36 0 83 0 0 0 0 0 0 0 49 15 0 0 13 85 0 0 0 20 0 44 35 0 46 
0 0 0 0 0 0 0 0 0 18 0 21 0 20 0 0 0 0 0 0 18 0 40 0 20 40 0 20 17 27 61 0 
0 0 0 0 0 0 0 0 0 21 0 105 0 0 0 0 0 0 11 0 0 0 0 1 0 49 0 0 0 1 0 0 
6 0 0 0 0 0 0 0 0 0 0 3 0 12 0 0 0 0 0 0 4 0 0 0 2 0 0 0 0 0 170 0 
0 6 0 27 0 0 0 0 0 192 8 0 0 0 0 0 0 0 6 8 0 0 8 0 0 0 8 0 0 0 0 0 
0 0 0 0 1 0 0 0 0 31 0 0 0 0 0 0 0 0 0 0 0 0 0 0 0 0 0 0 115 0 0 0 
0 0 0 0 0 0 0 0 0 0 0 0 0 0 53 0 0 0 0 0 0 0 0 5 0 0 0 0 0 23 0 0 
0 0 0 0 0 0 0 0 0 0 6 0 121 0 0 0 0 0 0 0 0 1 0 0 0 0 2 0 0 0 0 0 
0 0 0 8 0 0 0 8 0 8 0 0 2 0 0 0 91 8 0 8 0 8 0 0 0 0 10 0 0 8 44 17 
11 13 6 13 0 0 0 0 0 27 8 0 7 13 0 12 21 13 0 0 15 0 13 0 13 119 0 13 9 0 0 13 
0 0 0 0 0 0 0 0 0 44 0 0 0 0 0 0 0 0 0 0 0 0 0 0 0 0 0 0 0 32 36 0 
0 0 0 0 0 0 0 11 0 0 0 0 0 0 0 0 0 0 0 0 0 0 0 0 0 0 0 0 0 22 28 0 
0 0 0 0 0 0 0 0 14 0 14 28 14 0 0 0 0 0 0 12 0 0 10 13 0 12 10 0 0 8 15 0 
0 0 0 0 0 0 0 0 75 73 0 0 73 0 78 0 0 73 74 0 0 0 0 0 0 75 0 0 74 0 0 28 
0 0 0 0 0 0 0 118 0 0 0 0 0 0 0 0 0 0 0 0 0 0 0 7 6 0 0 0 8 0 0 0 
0 0 0 1 115 0 0 0 0 0 0 0 0 1 1 0 0 0 0 1 0 0 0 0 0 0 0 40 82 2 0 0 
0 0 0 0 0 0 0 0 0 0 0 20 0 0 0 0 0 0 0 0 0 0 22 0 0 0 0 0 0 0 0 0 
39 0 0 8 21 8 0 0 9 8 0 0 0 0 0 0 0 0 10 3 0 139 0 0 0 0 0 0 0 0 0 9 
0 0 0 0 0 0 0 0 0 0 0 0 0 0 0 12 0 0 0 0 0 0 0 0 0 0 0 0 0 12 272 20 
0 0 0 0 70 0 0 0 0 0 0 187 0 0 0 0 0 0 0 0 0 0 0 221 0 0 0 0 109 0 0 89 
0 34 0 0 0 0 0 0 0 0 0 0 0 0 0 0 0 0 0 2 0 0 0 0 0 0 8 0 0 0 0 0 
0 0 0 0 0 0 0 0 0 0 0 0 0 0 0 0 0 0 0 0 0 0 0 0 0 0 0 0 0 0 0 18 
0 0 0 0 0 0 0 0 0 0 0 0 0 0 0 0 0 0 0 0 0 0 0 0 0 0 0 0 0 0 0 0 
0 0 0 0 0 0 0 111 0 0 0 0 0 0 0 0 0 0 0 5 0 0 0 22 0 0 0 0 0 2 0 0 
0 0 0 1 0 1 0 0 1 0 0 0 0 0 0 0 1 0 0 0 0 4 0 0 0 0 0 1 0 0 0 0 
0 0 25 118 104 0 5 1 0 0 0 104 0 0 7 0 0 16 0 101 0 105 110 0 5 0 203 0 0 0 124 104 
0 0 0 8 0 8 0 0 0 0 0 0 0 0 0 0 0 0 60 0 0 0 8 0 0 0 0 0 0 0 0 0 
0 8 0 0 71 0 16 0 0 9 0 0 0 0 0 8 0 0 0 0 8 0 0 10 0 3 0 9 9 0 0 9 
0 0 0 0 0 0 2 0 0 0 0 0 0 0 0 0 16 0 0 0 11 0 0 0 9 0 25 0 0 0 59 10 
50 0 0 0 0 0 0 50 52 0 52 51 0 0 0 55 0 0 0 136 54 107 0 50 0 0 0 0 0 50 0 0 
0 9 0 9 0 10 0 9 42 40 9 120 0 9 10 39 0 0 16 0 0 0 9 0 0 0 0 0 39 0 80 0 
1 0 0 0 0 0 0 0 0 2 0 0 0 0 174 0 9 0 0 20 7 0 7 26 0 7 31 0 0 0 0 0 
0 0 0 35 0 0 0 0 5 0 0 0 3 0 0 102 0 0 0 62 0 0 0 0 0 0 0 0 0 0 0 0 
16 361 0 41 64 104 0 0 0 0 40 17 41 17 0 64 9 0 17 17 45 133 106 190 41 17 41 8 0 60 0 239 
0 0 1 0 0 0 0 0 0 0 0 0 0 0 0 1 0 0 0 0 0 1 0 0 0 1 0 0 0 0 0 0 
0 1 0 0 7 0 0 5 0 0 2 0 0 0 0 0 3 0 0 3 2 0 0 2 2 0 4 0 0 7 0 0 
0 0 0 0 0 0 0 49 26 0 0 97 57 0 0 0 159 81 0 0 93 0 97 122 0 0 50 164 0 8 0 0 
18 0 0 39 0 0 1 2 0 266 0 0 0 44 0 268 0 74 236 0 222 113 40 47 0 0 0 237 40 0 1 0 
0 0 0 0 0 0 0 0 0 0 0 12 0 0 0 0 0 0 0 0 0 0 0 0 0 0 0 0 0 0 0 0 
11 0 12 0 12 0 0 11 0 0 0 0 0 0 0 0 0 0 0 0 0 0 0 0 12 0 0 0 12 0 0 3 
0 0 0 0 57 12 0 0 0 0 0 0 0 62 15 73 0 0 6 6 0 7 39 0 0 0 0 0 0 0 18 0 
0 0 0 0 0 0 0 0 0 0 0 0 0 0 0 0 0 0 0 0 0 0 0 0 0 0 0 0 0 0 0 0 
3 0 0 2 90 0 0 15 11 0 0 3 0 0 3 0 44 5 3 6 0 0 0 0 41 0 1 0 0 0 1 0 
0 0 0 0 0 18 0 0 0 0 0 0 0 0 0 0 0 0 5 4 0 0 8 0 0 0 0 0 4 4 0 40 
0 0 0 0 0 0 0 0 0 0 0 0 0 0 0 0 0 2 0 6 0 0 0 0 0 0 0 0 0 0 69 0 
0 0 0 0 0 0 0 0 0 0 6 0 0 0 0 0 0 5 0 52 0 0 0 0 0 0 0 0 0 0 0 8 
0 0 0 0 0 0 2 0 0 0 0 0 0 0 0 0 0 0 0 0 0 0 0 0 0 0 0 0 0 0 0 0 
0 0 0 6 0 0 0 0 0 0 0 0 0 0 0 0 0 0 6 7 0 0 0 0 0 0 0 0 0 13 0 0 
6 0 21 0 0 0 0 0 0 0 0 0 7 0 7 0 0 0 202 0 0 0 190 0 0 14 0 12 0 8 0 0 
3 0 0 0 0 0 0 0 0 0 0 0 0 0 0 0 0 0 0 0 12 0 4 25 0 0 0 0 0 0 0 0 
0 0 0 99 0 0 0 0 28 0 0 0 0 0 0 0 0 0 0 15 0 0 0 0 0 0 0 0 0 0 0 0 
0 0 0 10 0 13 11 0 0 0 0 0 0 0 0 10 0 0 18 0 0 0 0 0 18 10 25 0 10 0 0 0 
8 9 0 0 9 77 14 0 0 0 0 147 74 0 0 0 76 0 5 0 0 0 9 0 5 0 0 0 13 30 0 0 
0 0 0 143 0 0 0 0 0 0 2 0 0 2 0 0 0 0 0 28 15 0 0 0 1 0 0 0 0 0 5 0 
13 0 0 0 0 0 0 0 0 0 0 0 0 0 0 0 0 0 0 0 0 0 0 0 0 0 13 0 0 0 0 0 
0 7 0 0 36 0 37 0 7 0 0 7 0 73 7 7 36 0 37 0 36 0 36 70 36 0 0 0 35 35 0 0 
0 1 0 1 0 0 0 0 0 0 0 2 0 0 0 0 0 0 0 4 0 0 1 0 3 2 0 1 0 6 2 0 
0 0 0 0 0 0 0 0 0 0 0 187 0 0 0 0 0 0 0 0 0 132 0 0 0 0 0 0 0 0 0 0 
10 10 0 10 0 11 196 231 0 0 0 0 0 11 20 0 0 0 0 0 0 0 0 11 0 0 11 0 0 11 0 0 
0 0 0 0 0 0 0 0 0 0 0 0 0 0 0 0 0 0 0 0 0 0 0 0 0 0 0 0 0 0 0 0 
0 147 0 0 0 0 11 0 12 0 6 0 0 0 0 0 0 12 0 16 0 0 0 0 0 0 6 0 0 6 0 0 
0 0 60 30 0 0 0 0 0 0 0 0 0 0 31 0 31 0 104 0 0 0 0 0 0 0 30 0 0 236 0 119 
0 0 0 7 0 0 5 0 0 0 6 0 0 0 0 0 0 0 0 0 0 0 11 6 0 0 6 0 0 0 6 0 
0 1 2 0 0 42 3 50 0 0 1 1 1 0 1 2 0 0 0 0 0 0 0 1 0 0 0 0 0 0 0 0 
0 0 0 0 0 0 0 0 0 0 0 0 0 0 0 0 0 0 0 0 0 0 0 0 0 0 0 0 0 0 1 0 
0 0 0 0 0 17 0 0 146 0 157 0 0 0 0 0 148 0 0 148 0 0 0 0 0 0 0 0 148 0 163 0 
0 0 0 0 0 0 7 0 0 0 39 0 0 0 0 11 7 0 0 3 7 0 0 0 0 0 7 0 0 0 7 7 
0 0 0 0 0 0 0 0 0 0 0 0 0 0 0 0 0 0 0 0 0 0 0 88 0 47 0 0 34 0 0 0 
0 0 45 0 0 86 0 46 0 0 0 0 0 46 0 0 0 46 0 45 44 0 88 0 0 46 0 0 43 0 42 86 
0 0 0 0 0 0 0 0 0 0 0 0 0 19 0 38 0 0 0 0 0 0 0 0 0 0 0 0 0 0 71 0 
0 0 0 0 0 0 0 0 0 0 0 0 0 0 0 0 0 0 0 0 0 0 0 0 0 76 0 0 0 0 0 82 
0 19 53 0 0 0 50 49 19 0 0 47 0 0 75 50 0 0 0 0 0 0 140 0 0 0 6 0 14 95 0 19 
0 0 0 0 0 0 0 0 0 0 0 0 0 9 0 0 0 0 0 0 0 0 0 0 0 0 0 0 0 19 0 0 
0 0 0 0 0 0 0 0 0 0 0 0 0 0 0 5 0 0 0 0 0 0 0 0 0 0 0 0 0 0 0 269 
0 0 0 0 0 0 0 0 0 0 0 0 0 0 0 0 0 0 0 0 0 0 0 0 0 0 0 0 0 0 0 0 
0 0 0 0 0 0 0 0 0 0 0 0 0 0 0 0 0 0 0 0 0 0 28 52 0 0 29 0 0 0 0 0 
0 0 0 0 0 0 0 0 0 0 0 0 0 0 0 0 0 0 0 0 0 0 0 0 0 0 0 0 0 0 0 0 
0 0 14 0 0 0 0 0 0 0 0 0 0 26 0 0 0 14 0 66 0 0 20 0 14 0 6 0 0 0 0 0 
175 0 3 0 3 0 0 57 0 0 8 3 9 0 93 0 8 98 0 2 0 7 0 0 0 63 3 48 0 0 8 0 
0 14 0 0 0 0 0 0 91 0 0 0 0 0 0 40 33 41 0 0 53 14 0 0 13 0 0 0 13 0 14 15 
0 0 0 0 0 0 0 0 0 0 0 0 0 0 21 0 0 0 0 0 0 0 0 0 0 0 0 0 0 0 0 0 
0 27 0 0 0 0 0 0 0 0 0 0 0 0 0 27 0 27 53 0 0 0 0 0 0 0 0 0 0 0 27 0 
0 0 0 0 1 1 0 0 1 0 120 0 0 0 1 0 0 0 0 0 0 0 201 0 0 0 0 2 0 0 0 0 
0 0 20 0 0 0 0 0 0 0 0 9 0 0 22 0 0 15 0 0 12 0 15 12 0 12 12 0 0 50 0 0 
0 115 0 182 27 0 0 0 0 0 0 0 5 5 0 180 0 0 0 0 0 0 8 82 0 0 0 0 7 0 0 185 
0 0 0 15 0 0 0 0 0 0 0 0 0 23 0 22 0 0 0 0 0 22 0 0 21 0 14 0 0 0 14 0 
0 0 0 0 0 0 0 0 0 0 0 0 0 0 0 0 0 0 0 0 0 0 0 0 0 0 0 0 0 0 0 0 
0 0 0 0 17 0 0 0 15 66 15 15 67 0 83 0 0 210 16 16 0 0 0 16 0 0 0 0 80 0 123 0 
0 48 0 0 0 0 0 15 0 0 0 0 0 0 0 0 51 8 0 0 0 0 0 0 48 25 0 0 0 0 8 0 
0 0 0 0 16 5 0 0 0 0 0 0 0 0 0 1 2 1 0 4 0 4 0 8 88 0 0 120 2 1 0 0 
0 0 0 0 0 0 0 0 0 0 0 0 0 0 0 0 0 0 0 0 0 0 0 0 0 0 0 0 18 0 0 0 
0 0 0 0 0 0 0 0 0 0 0 0 0 0 0 0 0 0 0 0 0 0 0 0 0 0 0 0 0 0 0 0 
0 0 0 0 0 0 0 0 0 0 0 0 0 0 0 0 0 0 0 0 0 0 0 0 0 0 0 4 0 0 0 0 
13 0 14 0 14 4 0 0 0 0 0 0 14 13 0 0 0 38 2 2 0 0 14 0 0 0 0 0 0 15 0 0 
0 0 0 0 0 0 0 0 0 0 0 0 0 0 0 0 0 0 0 0 0 0 0 0 0 1 1 0 0 0 0 0 
5 0 0 0 1 4 14 4 0 0 14 0 0 0 35 0 0 0 4 0 3 0 0 0 32 0 0 0 2 7 7 6 
0 0 0 0 0 9 0 7 0 10 0 0 8 16 0 0 0 0 0 0 0 0 0 44 9 0 0 0 7 0 0 0 
90 0 0 90 0 0 87 0 0 91 0 92 0 0 0 0 0 44 0 91 82 97 0 0 96 0 91 91 182 0 0 8 
0 0 0 0 0 0 5 0 0 0 0 0 0 0 0 0 0 0 0 0 0 0 0 0 0 0 0 0 0 0 0 0 
10 0 0 11 11 168 0 0 11 0 11 12 0 0 0 11 11 155 0 177 0 0 0 0 0 0 11 0 0 22 11 0 
0 0 0 0 29 0 0 0 0 0 0 0 0 0 0 0 15 0 15 0 0 0 0 15 0 0 0 0 15 0 0 0 
0 0 0 1 1 131 0 0 0 4 2 0 0 0 0 2 0 0 0 2 0 1 1 0 2 0 34 1 1 0 1 2 
5 0 0 98 0 0 0 0 11 0 0 0 9 0 0 0 0 9 0 61 0 0 0 0 54 0 10 0 2 10 0 75 
0 0 31 0 0 0 0 33 0 0 78 0 0 0 0 9 0 0 8 0 0 0 0 0 8 8 8 0 0 0 0 0 
0 0 0 0 0 0 0 0 0 0 0 0 0 0 0 0 0 0 0 0 0 0 0 0 0 0 0 0 0 0 0 0 
0 45 2 0 0 4 0 0 0 0 12 0 0 15 0 0 0 0 0 0 0 13 8 0 0 0 0 6 0 54 0 0 
0 0 16 0 19 0 0 2 22 0 120 57 0 0 16 0 19 0 0 21 15 0 19 0 0 0 0 127 0 18 0 18 
34 0 33 0 34 0 0 160 0 0 0 7 0 0 39 0 0 4 33 0 0 33 0 0 0 0 0 0 0 39 0 38 
64 0 0 0 5 14 66 0 0 0 0 0 0 0 0 0 11 0 0 0 0 70 38 0 6 29 0 0 69 0 0 69 
0 0 0 0 0 0 0 0 0 0 0 0 0 0 4 0 0 0 0 0 10 0 15 0 0 0 0 0 0 0 0 0 
0 0 30 0 0 0 30 0 0 0 0 21 0 36 148 0 0 29 205 0 0 15 52 0 49 40 0 20 29 57 30 2 
0 0 0 0 0 0 0 0 0 0 14 0 0 0 0 0 0 0 1 0 0 0 0 0 0 0 0 0 0 0 0 0 
0 0 0 0 11 0 0 15 0 0 0 0 0 0 0 0 6 18 0 11 0 0 11 2 0 24 0 11 0 10 10 0 
22 42 0 0 23 0 0 23 0 0 42 0 23 34 0 22 0 23 23 0 0 0 0 22 23 0 0 23 0 23 0 42 
0 0 0 0 0 0 0 0 0 0 0 0 0 0 0 0 0 0 0 0 0 0 0 0 0 0 4 0 0 0 0 0 
130 0 0 0 133 0 130 0 0 0 0 131 130 0 0 0 135 132 0 0 0 0 0 129 0 0 172 0 0 0 0 0 
99 0 0 24 0 0 0 0 0 0 0 0 0 0 0 0 0 0 38 0 5 0 0 190 0 0 6 0 0 0 0 0 
0 0 0 1 0 5 0 0 0 0 5 0 0 0 1 0 164 0 0 1 5 0 0 0 0 0 0 0 5 0 5 0 
0 0 0 0 74 74 0 0 0 0 0 0 0 0 0 0 69 0 0 0 0 25 144 0 0 72 0 0 0 0 0 95 
0 0 0 0 0 0 0 0 0 0 0 0 0 0 9 47 0 0 0 0 19 34 0 35 22 0 0 0 227 0 62 0 
0 0 0 0 0 0 0 0 0 0 0 0 0 0 0 0 0 0 0 0 0 0 0 0 0 0 0 0 0 0 0 0 
16 0 0 23 17 32 0 0 0 0 17 0 17 0 0 0 17 14 37 31 0 0 17 0 0 0 0 0 21 16 17 53 
0 0 0 0 52 0 194 0 7 0 0 0 348 0 0 6 7 6 0 0 52 0 7 0 0 0 0 7 0 0 0 0 
0 0 0 0 0 0 0 0 0 0 0 0 0 0 0 0 0 0 0 0 0 0 0 0 0 0 0 18 0 0 0 39 
0 0 0 0 0 0 0 0 0 0 0 0 0 116 0 0 0 0 0 0 0 15 0 0 0 0 0 0 0 15 0 13 
0 0 0 0 220 0 0 0 0 0 0 0 0 0 0 0 18 0 0 0 0 0 116 0 10 0 17 102 0 17 0 17 
0 0 0 0 0 6 0 0 0 0 0 0 0 0 0 0 0 0 0 0 0 0 0 0 0 0 0 0 0 0 0 87 
0 0 0 0 0 8 0 0 0 0 0 0 0 0 0 0 0 0 0 0 0 0 0 0 0 0 0 0 0 0 0 0 
0 0 0 0 0 0 0 0 0 0 0 0 0 0 0 0 4 0 0 0 0 0 0 0 0 0 0 0 0 0 0 0 
23 0 0 0 139 343 0 45 105 213 0 99 108 275 155 0 133 0 48 450 95 86 64 59 59 122 285 297 68 276 0 474 
0 0 0 0 7 0 0 0 0 0 0 0 0 0 0 0 0 0 6 0 0 0 0 0 0 0 0 0 0 0 0 0 
0 0 0 4 0 0 0 0 0 0 0 4 0 0 0 0 0 0 0 0 8 0 0 6 0 0 0 4 0 0 0 0 
0 0 0 0 0 0 0 0 0 0 0 0 0 0 0 0 0 0 0 0 0 0 0 0 0 0 0 0 0 0 0 0 
0 0 0 0 0 154 0 12 0 0 178 14 0 0 0 0 0 0 0 6 0 0 0 0 0 0 7 0 0 0 9 269 
0 0 0 0 0 0 0 0 0 0 1 0 0 0 0 0 0 0 0 0 0 1 0 0 0 0 0 0 33 0 0 51 
0 0 33 0 0 0 0 0 0 36 0 0 0 0 0 0 0 0 0 0 6 7 0 0 0 0 0 7 0 0 0 0 
0 0 0 0 0 0 1 2 0 0 0 97 0 1 0 0 0 81 0 0 93 0 93 126 0 7 0 0 0 0 0 0 
51 0 0 0 50 5 0 0 0 0 6 0 0 0 211 2 96 51 7 3 0 0 0 0 3 51 0 4 0 100 49 25 
10 0 13 0 0 0 0 4 0 0 0 0 0 0 0 0 0 1 0 0 0 0 0 0 0 0 0 29 0 0 0 0 
0 0 183 0 0 0 17 0 0 0 0 0 0 0 2 0 0 0 0 0 0 0 0 0 0 0 0 0 0 0 0 85 
0 2 2 2 1 0 11 0 2 0 0 6 136 0 2 0 0 0 2 0 4 0 0 0 5 2 2 2 0 0 15 0 
3 0 0 0 7 198 0 0 0 36 0 0 0 0 0 2 3 3 6 2 0 0 5 0 3 0 3 0 7 0 6 0 
0 0 0 0 0 0 0 0 0 0 0 0 0 0 0 0 0 0 0 12 0 0 0 0 0 0 0 0 0 12 0 0 
0 0 0 0 9 0 0 0 0 9 0 9 0 10 0 0 11 0 0 0 0 0 0 9 0 0 13 0 9 0 11 269 
0 0 0 0 177 0 28 0 23 32 116 99 190 0 180 223 0 164 397 0 182 95 0 0 41 0 0 439 0 0 178 178 
219 0 1 0 0 0 0 3 0 0 0 0 0 0 0 1 0 0 0 0 0 0 0 1 1 0 0 0 0 0 0 11 
3 0 0 0 0 0 0 0 9 13 0 4 0 0 0 0 0 8 0 0 0 0 0 0 0 0 0 0 3 0 0 81 
0 0 0 0 3 0 0 1 13 0 0 3 0 6 7 0 1 0 14 0 10 0 0 1 0 0 6 0 0 7 0 2 
0 0 0 0 0 0 17 1 0 0 19 0 0 0 0 3 0 0 0 1 0 0 0 0 0 95 0 1 1 1 0 1 
0 84 0 0 78 0 0 0 0 82 0 0 0 0 0 0 0 210 0 0 286 0 85 0 0 0 0 3 0 0 0 0 
0 3 0 0 0 0 0 0 0 0 0 0 0 0 0 0 0 0 0 0 0 0 0 11 0 0 0 0 0 6 0 0 
0 0 0 0 15 0 0 0 126 11 0 0 72 0 0 0 4 0 0 4 0 0 0 0 38 0 4 0 0 0 0 0 
0 0 0 22 0 0 20 8 0 0 0 0 0 22 0 8 21 10 3 0 8 0 0 0 0 0 22 23 21 0 0 0 
34 0 63 7 37 0 0 0 68 0 69 1 35 0 0 7 36 0 0 7 0 25 0 0 0 75 0 30 0 34 44 0 
0 0 0 0 0 0 0 0 0 0 0 0 0 0 0 0 0 0 93 0 0 0 0 20 0 0 0 2 0 0 0 0 
0 13 0 0 13 20 13 0 0 0 13 12 5 0 14 0 0 0 0 0 0 0 14 0 0 0 0 0 15 0 0 0 
0 0 5 0 0 0 0 0 0 0 0 0 0 0 0 0 2 0 0 0 0 0 0 0 0 0 0 0 121 0 7 4 
0 0 218 184 0 4 0 3 0 0 17 372 0 0 0 367 40 0 0 383 0 0 9 0 0 0 0 0 20 0 17 3 
0 1 0 0 0 45 0 0 0 43 0 3 1 3 46 2 44 45 45 0 0 1 5 0 3 0 82 44 0 4 0 3 
0 0 0 0 0 0 0 0 0 0 0 0 16 4 0 16 0 0 0 0 0 0 0 0 18 0 0 16 1 0 0 0 
0 0 0 0 0 0 0 0 0 0 0 0 0 0 0 0 0 0 0 0 0 0 0 0 0 0 0 0 0 0 0 0 
0 0 0 0 115 0 0 0 0 0 0 0 0 0 0 0 0 0 0 8 0 0 0 0 0 2 0 0 82 0 42 0 
0 9 10 0 0 0 0 0 0 0 0 0 25 0 0 27 0 0 0 0 20 0 0 27 27 0 0 0 9 10 0 76 
0 0 0 0 0 0 0 93 0 0 0 0 32 0 0 0 53 0 0 0 0 1 0 0 0 0 0 18 79 0 26 0 
25 2 0 0 0 7 0 0 0 0 0 0 0 0 0 0 0 0 0 0 0 0 0 0 0 0 0 0 0 0 0 0 
0 0 0 0 0 0 0 0 0 0 0 0 0 0 0 0 0 0 0 0 0 0 0 0 0 0 130 0 0 0 0 128 
1 24 0 0 0 26 0 0 0 0 0 0 0 0 0 0 4 0 24 0 2 0 0 0 3 0 0 27 0 0 0 0 
24 0 0 0 0 23 4 23 0 3 20 22 0 23 3 3 20 4 0 7 6 0 20 3 28 0 19 20 2 0 0 21 
0 12 0 0 0 0 0 0 0 0 4 0 0 0 0 0 0 0 0 0 0 16 0 0 0 0 0 0 0 0 0 0 
30 0 0 0 0 0 0 174 0 31 0 0 8 0 0 0 0 0 0 0 0 0 0 0 0 0 78 0 0 0 58 30 
0 0 0 0 0 0 0 0 0 35 0 0 0 0 0 0 0 185 188 0 0 0 0 186 0 0 188 0 0 0 197 182 
0 4 0 0 0 0 0 0 0 0 0 0 0 0 0 0 0 0 0 0 0 0 0 0 0 0 0 0 0 0 0 0 
0 0 0 0 0 0 0 0 0 0 0 0 0 0 0 0 0 0 0 0 0 0 0 0 14 0 0 0 0 0 0 0 
4 79 0 0 0 0 82 79 0 82 0 0 0 0 81 81 0 0 0 0 0 0 81 0 82 0 0 80 0 82 0 0 
0 0 0 0 0 0 0 0 0 0 0 0 0 0 0 0 0 0 0 0 3 0 0 0 0 0 0 0 0 0 7 0 
0 0 0 4 0 0 10 11 10 15 0 0 0 0 0 10 0 0 0 0 3 10 0 0 14 0 0 10 0 11 0 0 
3 0 0 0 0 0 0 0 0 0 0 0 0 0 0 0 0 0 0 0 0 0 0 0 12 0 0 0 0 0 0 0 
12 0 0 15 0 0 0 0 77 0 0 0 0 68 70 0 0 71 0 25 0 0 26 0 85 96 9 158 27 0 179 58 
0 0 19 0 24 103 114 27 27 27 41 38 0 93 0 0 21 36 95 19 0 41 45 0 128 8 100 36 41 36 0 91 
0 0 0 0 0 0 59 0 0 0 0 52 52 0 0 100 0 0 0 0 0 0 0 0 0 0 0 0 0 52 0 41 
0 0 0 0 0 0 0 0 0 0 0 0 0 0 0 0 48 0 0 0 0 0 0 7 0 0 0 0 0 0 0 0 
34 0 0 0 0 35 0 35 0 0 0 0 0 0 35 36 0 37 0 0 0 0 0 0 0 0 101 0 0 0 35 0 
0 51 0 0 0 0 0 0 0 51 97 0 0 0 0 0 0 68 54 0 0 53 0 0 52 0 0 0 46 4 0 0 
22 0 13 0 0 0 0 17 0 0 0 0 0 0 0 13 0 0 0 0 0 0 0 0 0 0 12 13 0 13 0 0 
0 0 0 0 0 0 0 0 0 0 0 0 0 0 0 0 0 0 0 0 0 0 0 0 0 0 0 0 0 0 0 0 
0 0 0 0 0 0 0 0 0 0 0 0 0 0 0 0 0 0 0 0 0 0 0 0 0 0 0 0 0 0 0 0 
8 0 0 0 0 0 0 0 0 0 0 0 0 0 0 0 0 0 0 0 0 119 12 0 0 0 0 0 0 0 0 0 
0 37 55 0 0 0 0 0 0 0 0 0 217 0 0 0 0 0 0 0 0 0 0 0 0 0 0 0 0 0 0 0 
0 0 141 0 0 0 0 0 0 0 0 0 0 0 0 0 0 29 21 0 0 0 0 0 0 0 0 0 0 0 0 13 
0 0 0 0 0 0 0 0 0 0 0 0 0 0 0 0 0 0 0 0 0 0 0 0 5 0 0 0 0 0 0 0 
0 0 67 0 0 24 0 0 0 162 0 3 0 0 50 0 0 0 43 3 103 0 71 0 0 0 2 0 0 21 0 57 
2 3 3 0 2 0 0 0 1 0 2 16 0 0 0 0 0 0 3 0 0 3 169 0 0 0 2 0 6 3 0 0 
0 0 0 0 0 0 68 0 0 0 0 0 0 0 0 0 0 0 0 0 0 0 0 0 0 0 0 0 0 0 0 0 
0 0 0 0 0 0 5 0 7 14 125 0 0 0 26 4 0 0 161 0 13 0 5 11 0 0 96 0 0 14 0 0 
0 0 0 0 0 0 163 0 2 3 2 0 0 0 0 2 0 0 0 0 0 0 0 2 0 0 0 0 0 0 0 0 
0 0 0 0 0 0 0 0 0 0 0 0 0 0 0 0 0 0 0 0 0 0 0 0 0 0 0 0 0 0 6 0 
0 0 0 0 0 0 0 44 0 0 0 0 0 30 0 0 0 0 0 0 0 0 0 69 0 0 0 0 29 0 0 34 
0 40 0 0 0 0 0 0 0 0 0 0 203 39 0 0 41 0 0 10 0 0 0 0 39 39 0 0 38 0 205 0 
1 2 0 2 2 0 0 2 1 7 0 0 2 44 0 1 0 6 0 0 0 0 23 0 6 0 0 124 0 0 24 16 
0 0 0 0 37 26 0 0 53 49 0 0 0 171 0 37 0 51 256 0 40 0 0 0 0 50 50 0 0 0 0 0 
0 0 0 0 0 0 0 0 0 0 0 0 0 0 0 0 0 0 0 0 0 0 0 0 0 3 0 19 0 0 15 0 
116 0 0 2 0 0 0 0 80 0 63 63 0 0 0 0 0 60 0 0 0 0 0 0 21 0 0 0 167 62 0 63 
0 5 0 0 0 1 0 0 0 0 0 2 0 0 3 2 0 0 0 3 0 0 0 0 0 107 3 0 0 44 43 27 
0 0 0 0 0 0 0 0 0 0 0 0 0 0 0 0 0 0 0 0 0 0 0 0 3 0 0 0 0 0 0 0 
0 6 0 0 0 0 0 0 0 0 0 0 0 0 0 12 0 217 0 0 0 0 0 7 0 59 0 34 0 6 0 0 
9 3 129 53 120 0 58 0 8 0 7 8 0 0 0 0 191 0 63 3 182 7 0 7 9 0 56 0 3 93 0 7 
0 0 0 0 0 0 0 0 0 0 0 74 61 0 0 0 0 60 0 0 0 0 0 0 0 0 0 0 0 0 59 0 
0 0 0 0 0 0 0 0 0 0 0 0 0 0 0 22 0 0 0 0 0 0 0 0 0 0 0 0 0 0 0 0 
13 15 0 14 0 0 14 0 14 0 14 0 0 15 0 0 0 0 0 0 44 0 0 0 0 0 26 14 0 26 0 25 
0 0 0 0 0 0 0 0 0 0 0 0 0 0 0 0 10 0 0 0 0 0 0 12 0 12 0 0 0 0 0 15 
0 0 0 0 47 0 11 0 0 0 0 0 0 8 0 0 0 0 0 5 0 0 44 4 0 5 0 0 0 15 5 0 
0 0 0 24 0 0 0 0 0 0 0 0 0 0 0 0 0 0 0 0 0 0 0 0 0 0 0 0 0 0 0 0 
0 0 0 0 0 0 0 8 0 0 0 0 0 0 0 0 0 0 0 0 0 0 0 0 0 0 0 0 0 0 0 0 
0 0 0 0 0 0 0 0 23 0 0 0 0 0 0 0 0 0 0 4 0 0 0 0 0 0 0 0 0 0 0 0 
0 0 0 0 0 0 0 0 0 0 0 0 0 0 0 0 0 0 0 0 0 0 0 0 0 0 0 0 0 0 0 0 
0 0 0 0 0 0 0 0 46 52 0 0 0 0 0 54 57 0 0 0 6 0 0 0 0 0 65 57 54 5 56 108 
87 0 0 0 0 171 0 87 0 0 0 0 0 0 0 0 86 0 6 0 0 175 0 0 0 0 0 0 0 16 86 0 
0 0 0 0 0 0 0 0 0 0 0 0 0 0 0 0 0 0 0 2 0 0 0 0 0 0 0 0 0 0 0 0 
0 0 0 0 0 0 0 0 0 0 0 0 0 0 0 2 0 0 0 0 0 0 6 0 0 0 0 0 0 3 0 0 
0 0 0 0 0 0 0 0 0 0 0 0 0 0 1 0 0 0 0 0 0 9 0 0 0 0 0 0 0 0 0 0 
0 0 0 0 0 0 0 0 0 0 0 0 0 0 0 0 0 0 0 0 0 0 0 0 0 0 0 0 0 0 0 0 
0 0 0 0 0 0 0 0 0 0 0 0 0 0 0 0 0 0 0 0 0 0 99 19 0 0 0 0 0 0 0 35 
0 0 0 0 0 16 16 0 0 0 0 0 16 0 0 23 0 0 0 0 16 0 0 0 0 30 0 0 16 2 14 0 
0 1 0 31 33 33 41 35 185 2 0 34 0 0 1 31 43 0 208 2 0 0 0 0 0 32 0 35 27 0 31 0 
28 73 82 28 82 0 1 0 73 0 0 0 1 8 82 1 71 0 0 0 29 0 0 144 0 102 28 0 0 2 8 73 
13 0 0 0 0 0 0 0 0 18 18 0 29 0 0 0 0 17 17 0 0 34 0 0 17 0 43 27 0 18 0 0 
0 18 29 0 0 0 0 0 0 0 0 28 0 0 0 0 0 0 0 0 0 0 32 0 0 0 0 0 0 0 0 0 
0 0 0 94 5 5 0 0 0 0 0 0 114 0 58 0 0 0 0 0 0 0 0 5 0 0 0 0 0 0 9 0 
0 0 0 0 0 0 0 0 0 0 0 0 0 0 0 43 0 0 0 0 0 0 0 0 0 0 0 0 0 0 0 0 
0 0 0 0 0 0 0 0 0 0 0 0 0 0 0 0 0 0 0 20 0 0 0 0 0 0 0 0 0 0 0 0 
0 0 0 0 0 0 61 0 124 2 0 0 0 0 0 0 0 0 0 0 0 0 0 0 0 0 0 0 0 0 0 0 
0 0 0 0 0 0 0 27 40 48 0 26 0 0 0 26 4 0 0 0 0 0 0 0 0 28 0 26 0 0 4 48 
0 0 7 0 0 7 0 7 0 0 42 0 0 0 42 74 37 0 212 0 0 0 0 1 0 0 0 0 38 0 0 0 
0 0 0 0 0 0 0 0 0 0 0 0 0 0 0 0 0 0 0 0 0 0 0 0 0 0 0 0 0 0 0 0 
7 0 0 0 0 0 0 0 0 0 0 0 0 0 0 0 0 0 0 0 0 0 0 1 0 2 0 9 1 0 0 0 
10 0 0 0 0 11 0 0 0 11 0 0 0 121 0 0 0 0 0 0 0 0 0 0 0 0 0 0 0 0 0 0 
0 0 0 0 0 0 0 0 0 0 2 0 0 0 0 15 0 0 38 0 0 0 0 0 0 0 0 0 2 2 0 0 
0 0 0 0 0 0 0 0 0 0 0 0 0 0 0 0 0 0 0 0 0 0 0 0 0 0 0 0 0 61 0 0 
0 0 0 0 0 0 0 0 0 0 0 0 0 0 0 0 0 0 0 0 0 0 0 0 0 28 0 0 0 0 28 25 
0 0 0 0 0 0 0 0 0 0 0 0 0 0 0 0 10 0 0 0 0 0 0 0 0 0 0 0 0 0 0 0 
0 0 0 0 54 8 0 74 7 79 0 0 0 14 69 0 81 0 17 53 5 5 0 50 0 0 0 8 132 8 9 0 
0 0 0 0 0 0 0 0 0 0 0 0 0 0 0 0 0 0 0 0 0 0 0 0 0 0 0 0 0 0 84 0 
59 0 0 0 0 0 70 8 8 0 0 8 0 0 0 62 0 68 0 60 0 8 0 0 0 0 0 8 0 0 0 0 
0 0 0 0 0 202 0 0 0 0 0 0 158 0 0 0 0 0 0 0 0 0 0 0 0 0 0 0 0 0 0 0 
15 6 13 0 0 10 2 150 4 0 0 0 10 3 10 5 2 10 9 14 0 0 0 3 38 0 0 0 10 186 0 2 
0 0 0 0 0 0 0 0 0 0 83 274 0 0 14 0 0 75 77 90 0 8 0 8 0 0 0 74 0 76 0 32 
0 0 7 0 0 12 0 0 0 0 7 0 0 0 0 0 0 0 0 0 0 0 7 0 0 0 0 0 0 0 0 7 
0 0 0 0 0 0 0 0 0 0 0 0 0 0 0 0 0 0 0 0 0 0 0 0 0 0 0 0 0 8 0 0 
0 0 0 0 14 0 0 14 14 0 0 0 0 0 0 0 0 0 0 0 0 0 0 26 0 0 0 0 0 0 0 0 
0 0 0 0 0 0 0 0 97 29 0 136 0 0 118 0 0 0 0 27 155 28 138 0 139 0 0 129 0 161 138 0 
0 0 0 0 0 0 0 0 0 0 0 0 0 0 0 0 0 0 0 0 0 0 0 0 0 26 25 26 0 0 26 0 
8 5 4 60 3 268 133 133 134 0 3 0 7 0 5 3 138 0 38 1 3 6 141 0 3 195 0 5 0 138 5 0 
0 0 0 0 0 105 0 0 0 0 0 0 6 0 2 0 132 0 0 0 0 0 5 2 65 71 0 0 0 2 0 0 
0 0 0 1 0 0 0 0 0 0 0 0 0 0 0 0 0 0 0 0 0 1 0 0 0 0 0 0 1 1 0 0 
0 0 0 0 0 0 0 0 0 0 0 0 0 0 0 0 0 0 0 0 0 0 6 0 0 0 0 0 2 0 0 0 
0 96 53 0 0 98 361 0 3 0 1 97 98 12 0 0 99 6 0 0 0 99 0 0 0 341 0 0 0 0 98 100 
2 5 2 0 0 0 1 0 0 4 2 0 0 6 0 4 0 2 0 0 0 1 0 0 44 0 0 3 5 2 0 100 
0 3 0 0 0 0 0 0 1 111 0 0 0 0 1 179 78 0 0 103 0 0 0 0 22 0 1 4 0 1 1 0 
0 0 0 0 0 0 0 0 0 0 0 0 0 0 0 0 0 0 0 0 0 0 0 0 0 0 0 0 0 0 0 0 
0 0 0 0 0 0 0 0 0 0 0 0 0 0 0 0 0 0 0 1 0 0 0 0 1 0 2 0 0 0 0 0 
0 17 0 35 0 88 0 0 26 4 0 140 4 0 18 0 0 10 0 0 10 0 0 0 18 10 10 4 0 0 10 0 
27 0 0 19 0 20 0 0 0 0 0 22 0 20 0 0 0 0 0 0 0 0 0 2 0 20 0 0 0 48 0 47 
116 0 249 123 117 0 5 31 119 0 0 0 0 0 0 0 0 244 0 0 123 108 0 0 112 0 0 5 0 112 5 136 
0 0 0 0 0 0 0 0 5 110 0 0 0 0 0 0 0 0 0 32 0 0 0 216 0 0 0 0 0 53 0 59 
0 0 0 0 2 0 0 60 0 0 60 0 60 0 4 0 58 0 0 0 0 60 0 2 0 0 0 0 0 96 0 0 
0 0 0 0 74 0 0 0 0 86 0 0 24 0 0 0 170 0 85 0 0 0 152 0 86 0 0 84 0 0 0 0 
0 11 11 0 0 0 0 0 0 0 0 10 0 0 0 3 0 0 0 0 0 0 0 0 0 0 0 0 0 0 5 56 
52 29 3 3 0 0 0 3 0 0 0 4 2 0 2 4 0 0 0 30 4 4 0 10 0 52 7 73 43 10 0 10 
0 0 0 0 0 0 27 1 0 0 25 0 0 0 1 0 0 0 0 0 0 0 0 11 0 0 28 0 0 0 3 36 
0 0 0 4 0 0 0 0 5 0 294 104 0 0 3 238 0 0 0 0 0 0 0 0 0 0 198 0 291 198 303 621 
0 19 0 20 0 0 0 0 19 0 0 0 0 0 0 0 0 100 0 0 0 21 0 21 19 0 0 0 0 19 0 0 
0 0 0 0 0 0 0 0 0 0 98 0 0 0 0 0 0 0 0 0 0 0 0 0 0 0 0 0 0 0 0 0 
0 13 13 0 0 0 0 0 12 13 11 0 10 10 0 0 0 0 15 23 0 10 10 24 0 0 13 6 0 0 11 0 
0 0 0 15 2 0 0 14 0 0 0 15 0 0 0 0 0 2 0 0 0 0 200 0 0 15 0 0 0 15 3 0 
0 0 0 0 0 0 0 0 0 0 0 0 0 0 0 0 0 0 0 0 0 1 0 2 0 0 0 19 0 4 0 0 
0 0 0 0 0 0 0 0 0 0 0 0 121 0 0 0 0 0 8 0 0 0 0 0 0 0 0 0 0 0 0 0 
0 0 0 0 0 24 0 0 0 23 34 0 0 0 0 0 78 0 0 0 0 0 0 24 23 23 0 0 0 24 0 0 
0 0 0 0 0 0 0 0 0 3 0 0 26 0 0 0 0 7 0 0 0 0 4 0 0 32 1 29 0 0 0 0 
0 0 0 0 0 0 0 0 0 0 0 0 0 0 0 0 0 0 0 0 3 0 0 0 0 0 0 0 2 8 0 0 
0 0 0 0 0 0 0 0 0 69 0 0 0 0 126 0 0 0 0 0 0 0 0 0 63 0 141 0 55 0 58 260 
10 0 0 39 0 9 0 0 0 0 10 0 0 0 0 0 0 0 0 0 0 0 0 0 0 0 10 10 0 1 1 1 
0 0 0 0 0 0 27 0 0 0 0 0 0 0 21 0 22 0 0 0 0 0 0 0 0 0 57 0 0 14 20 215 
0 23 0 0 0 0 0 0 0 134 30 30 0 0 27 25 43 0 0 28 22 0 0 0 0 0 0 14 29 0 0 0 
0 0 0 0 0 0 0 0 0 0 0 0 0 0 129 0 0 0 0 0 0 0 0 0 0 0 0 0 0 0 47 0 
0 0 0 0 10 0 0 0 0 0 221 0 0 0 0 0 0 14 0 0 0 0 0 8 0 0 0 0 6 0 0 0 
0 0 0 0 0 0 0 0 0 0 0 0 0 0 0 0 0 0 0 0 0 0 15 0 0 0 0 0 0 0 0 0 
0 0 0 40 0 0 0 0 0 0 1 0 0 0 0 0 7 40 0 0 0 0 0 0 0 0 0 0 0 0 0 0 
0 77 0 0 0 0 0 0 0 0 0 0 0 0 79 0 0 0 0 80 0 0 0 0 0 0 0 0 0 0 0 0 
0 0 0 0 0 0 0 0 57 0 0 0 0 0 0 0 0 0 0 0 0 0 0 0 0 0 0 0 0 0 0 15 
0 0 0 0 30 0 0 0 0 0 0 0 0 0 0 0 0 0 0 0 20 0 0 0 90 0 0 0 0 18 0 97 
0 0 0 0 0 0 0 0 0 0 0 0 0 0 0 0 0 0 0 0 0 4 0 0 0 0 0 0 0 0 0 0 
0 0 0 0 0 0 0 0 0 0 0 0 0 0 0 0 0 0 0 0 0 0 0 0 0 0 0 0 0 2 2 146 
0 0 0 0 0 0 0 0 0 0 0 0 0 0 0 0 0 0 0 6 0 0 0 0 0 0 0 0 0 0 0 0 
10 0 0 0 0 0 0 0 0 0 0 0 0 0 0 20 15 0 0 0 0 11 0 0 11 0 15 0 0 0 0 0 
0 0 0 0 0 0 0 0 0 0 11 0 0 20 176 30 12 0 0 0 0 0 0 0 0 0 0 0 0 0 0 0 
0 0 0 0 0 0 0 0 0 120 121 0 0 0 0 0 0 0 119 0 0 114 0 0 0 121 118 0 0 153 0 0 
0 0 0 0 0 0 0 0 0 0 0 0 2 0 0 0 0 0 0 0 0 0 0 0 0 0 0 0 0 0 0 0 
0 0 0 0 0 0 0 0 0 0 0 0 0 0 0 0 0 0 0 0 0 0 0 0 0 0 0 0 0 0 0 0 
0 0 2 0 0 0 9 0 0 0 0 0 0 0 0 0 0 3 0 0 0 3 0 3 0 0 0 0 0 0 3 68 
0 0 0 0 0 0 0 0 0 0 0 0 0 0 0 0 0 0 0 0 0 0 0 0 0 0 0 0 0 0 0 0 
0 0 0 0 0 0 0 0 0 0 0 0 0 0 0 0 0 0 0 0 0 0 0 0 0 0 0 0 0 0 0 95 
0 0 52 0 0 0 0 0 0 0 0 0 0 0 0 0 0 0 0 0 0 0 0 0 0 0 0 0 0 0 0 0 
0 0 0 0 0 0 0 0 0 0 0 0 0 0 0 0 0 0 0 0 0 0 0 0 0 0 0 0 0 0 0 0 
0 0 0 6 0 0 0 0 0 0 0 0 2 4 4 0 0 0 0 0 0 0 2 2 0 0 0 0 3 0 3 0 
2 0 0 0 0 0 0 0 0 0 0 19 0 0 0 0 0 0 0 0 0 0 0 0 0 0 0 0 0 0 0 0 
0 0 0 0 0 0 0 51 0 0 0 0 0 0 52 0 0 0 0 0 0 50 0 0 156 0 51 52 0 12 0 0 
0 0 2 0 0 0 3 0 5 116 4 0 2 0 2 0 1 1 5 0 0 0 0 0 2 1 0 0 5 1 0 1 
0 0 0 4 0 74 0 0 0 0 0 45 0 0 0 0 0 51 45 0 0 0 0 0 90 0 6 0 9 0 0 0 
0 0 99 13 0 0 0 5 0 0 9 0 0 0 0 0 0 0 0 116 0 7 0 8 0 0 5 5 0 28 0 0 
0 6 0 0 0 0 0 0 0 0 0 0 0 0 0 0 0 0 0 0 0 0 39 5 0 19 0 15 52 0 64 150 
0 0 0 0 0 38 0 0 0 0 34 0 0 0 0 113 0 0 0 0 0 0 0 0 0 0 0 0 34 0 0 0 
0 0 0 0 4 4 0 0 0 0 0 0 0 0 11 0 0 0 44 0 0 0 4 0 26 0 0 0 64 0 0 86 
0 0 0 4 0 0 0 0 0 0 0 0 0 0 0 1 0 0 4 0 0 0 77 57 0 50 0 0 0 0 0 0 
47 0 66 0 0 0 0 0 0 0 0 0 0 0 0 0 0 0 0 0 34 0 0 0 0 0 0 0 0 36 0 0 
0 8 0 0 0 0 0 0 0 0 0 0 0 0 0 0 0 0 0 0 0 2 0 0 0 0 0 0 0 0 69 0 
16 0 0 0 0 0 0 0 17 132 0 0 0 98 0 0 0 15 98 47 17 49 79 73 32 0 0 0 0 0 0 0 
3 7 0 0 4 0 0 0 81 7 0 0 0 0 0 0 0 81 1 0 0 7 8 0 0 0 7 0 0 0 4 0 
0 0 0 0 0 0 0 0 0 0 0 0 0 0 0 0 0 0 0 0 0 0 0 0 0 0 0 0 0 0 0 0 
0 0 0 0 0 0 0 0 0 0 111 0 0 99 114 0 0 0 99 0 0 0 0 0 18 0 46 0 0 0 0 0 
0 0 86 0 88 0 0 34 0 63 0 0 244 4 0 7 159 78 3 0 0 0 0 0 0 0 152 0 0 1 182 0 
0 0 0 0 0 0 0 0 0 0 5 133 0 0 0 0 0 0 0 0 0 0 0 0 0 6 0 8 0 0 0 0 
22 0 0 0 0 3 0 0 7 0 13 13 0 0 0 13 0 0 0 13 13 0 0 0 4 0 0 0 106 0 3 4 
0 0 0 0 0 0 22 0 5 0 0 157 0 0 3 0 0 0 0 0 0 0 0 0 0 0 0 0 0 0 0 4 
0 18 0 0 0 0 0 0 0 0 0 0 0 0 0 0 0 0 0 0 0 0 0 0 11 2 0 0 0 0 0 0 
25 25 0 0 0 0 25 21 0 0 0 0 3 0 24 0 0 0 25 0 0 0 7 0 0 0 0 0 0 6 48 18 
0 41 0 2 0 0 0 8 60 0 0 0 0 0 39 42 0 0 87 0 0 0 0 0 0 40 0 8 0 0 0 48 
9 9 40 10 2 3 2 0 3 0 117 0 3 0 26 0 2 0 23 2 42 24 0 0 22 7 4 0 14 14 5 0 
0 12 0 0 0 0 1 0 0 1 0 0 0 0 0 0 0 1 0 2 0 0 1 0 0 8 25 9 0 5 0 0 
1 2 0 0 0 0 0 0 0 4 2 0 0 0 0 0 0 5 6 0 0 0 0 0 0 0 0 234 0 3 0 0 
0 2 0 3 0 0 3 3 0 7 0 0 2 0 0 0 0 0 0 4 0 0 0 0 0 5 0 4 10 5 0 46 
0 0 0 4 0 0 0 0 0 1 0 0 0 0 1 0 4 0 2 0 0 0 0 0 0 0 0 0 0 0 14 10 
0 0 0 0 0 0 0 0 0 0 0 0 0 0 0 0 0 0 0 0 0 0 0 0 0 0 0 0 0 0 0 0 
0 0 0 151 0 0 0 0 0 95 105 0 0 0 2 94 0 0 0 0 0 0 0 183 0 37 0 0 0 0 148 0 
3 0 0 0 0 0 0 0 0 0 0 0 0 0 0 0 2 0 0 0 0 1 0 0 0 0 0 0 0 0 0 0 
0 0 0 70 0 0 0 0 0 0 0 0 0 0 0 0 0 0 0 55 0 0 0 0 0 0 0 0 0 0 0 0 
0 0 0 0 0 0 0 0 0 0 0 0 0 1 0 0 0 0 0 0 0 0 0 3 0 0 0 0 0 0 0 0 
0 0 8 14 0 0 1 0 0 117 62 182 0 0 0 0 0 0 0 2 0 31 0 0 0 0 28 0 26 0 0 0 
0 0 14 0 0 0 15 0 18 0 16 0 0 0 13 14 15 0 0 29 0 0 15 0 0 15 0 0 0 15 15 0 
