0 2424 1651 1302 1967 107 109 99 1088 0 0 0 0 0 0 0 0 0 0 0 0 0 0 0 0 0 0 0 0 0 0 0 
0 688 2008 143 216 3 3 3 616 0 0 0 0 0 0 0 0 0 0 0 0 0 0 0 0 0 0 0 0 0 0 0 
0 658 1301 159 3 4 1 595 0 0 0 0 0 0 0 0 0 0 0 0 0 0 0 0 0 0 0 0 0 0 0 0 
0 4749 2773 310 237 951 0 4 0 0 0 0 0 0 0 0 0 0 0 0 0 0 0 0 0 0 0 0 0 0 0 0 
0 8728 5106 2564 5872 196 802 260 0 0 0 0 0 0 0 0 0 0 0 0 0 0 0 0 0 0 0 0 0 0 0 0 
0 11703 9323 0 0 0 0 0 0 0 0 0 0 0 0 0 0 0 0 0 0 0 0 0 0 0 0 0 0 0 0 0 
0 8559 7592 2145 1 5 2 5 0 0 0 0 0 0 0 0 0 0 0 0 0 0 0 0 0 0 0 0 0 0 0 0 
0 20917 13669 0 0 0 0 0 0 0 0 0 0 0 0 0 0 0 0 0 0 0 0 0 0 0 0 0 0 0 0 0 
0 33527 772 175 601 49 27 78 0 0 0 0 0 0 0 0 0 0 0 0 0 0 0 0 0 0 0 0 0 0 0 0 
0 42309 17286 3265 4134 2031 2935 1640 6258 0 0 0 0 0 0 0 0 0 0 0 0 0 0 0 0 0 0 0 0 0 0 0 
0 6351 8458 1315 946 5 2 5 0 0 0 0 0 0 0 0 0 0 0 0 0 0 0 0 0 0 0 0 0 0 0 0 
0 12403 6858 5122 8012 5 3 29 0 0 0 0 0 0 0 0 0 0 0 0 0 0 0 0 0 0 0 0 0 0 0 0 
0 20587 19174 1564 22 40 88 17 70 0 0 0 0 0 0 0 0 0 0 0 0 0 0 0 0 0 0 0 0 0 0 0 
0 28784 19723 5 2 3 3 8 0 0 0 0 0 0 0 0 0 0 0 0 0 0 0 0 0 0 0 0 0 0 0 0 
0 5513 2624 898 1010 608 2046 75 0 0 0 0 0 0 0 0 0 0 0 0 0 0 0 0 0 0 0 0 0 0 0 0 
0 18811 6517 8025 3624 1 1 6 0 0 0 0 0 0 0 0 0 0 0 0 0 0 0 0 0 0 0 0 0 0 0 0 
0 10654 8660 1443 2152 9925 3196 169 0 0 0 0 0 0 0 0 0 0 0 0 0 0 0 0 0 0 0 0 0 0 0 0 
0 2927 8238 0 0 0 0 0 0 0 0 0 0 0 0 0 0 0 0 0 0 0 0 0 0 0 0 0 0 0 0 0 
0 2628 607 296 551 172 110 138 499 0 0 0 0 0 0 0 0 0 0 0 0 0 0 0 0 0 0 0 0 0 0 0 
0 6552 151 413 4 6 3 11 0 0 0 0 0 0 0 0 0 0 0 0 0 0 0 0 0 0 0 0 0 0 0 0 
0 201 637 0 0 0 0 0 0 0 0 0 0 0 0 0 0 0 0 0 0 0 0 0 0 0 0 0 0 0 0 0 
0 934 127 88 504 3 4 2 24 0 0 0 0 0 0 0 0 0 0 0 0 0 0 0 0 0 0 0 0 0 0 0 
0 374 613 233 98 773 0 0 0 0 0 0 0 0 0 0 0 0 0 0 0 0 0 0 0 0 0 0 0 0 0 0 
0 12195 1059 215 528 11 36 78 0 0 0 0 0 0 0 0 0 0 0 0 0 0 0 0 0 0 0 0 0 0 0 0 
0 9682 5112 3788 7387 6346 0 0 0 0 0 0 0 0 0 0 0 0 0 0 0 0 0 0 0 0 0 0 0 0 0 0 
0 12778 5172 2329 7320 5 5 37 0 0 0 0 0 0 0 0 0 0 0 0 0 0 0 0 0 0 0 0 0 0 0 0 
0 8739 2723 9806 26 0 0 0 0 0 0 0 0 0 0 0 0 0 0 0 0 0 0 0 0 0 0 0 0 0 0 0 
0 5120 2776 2377 6537 2015 11 0 0 0 0 0 0 0 0 0 0 0 0 0 0 0 0 0 0 0 0 0 0 0 0 0 
0 5376 544 856 123 105 244 18 15 26 3 0 0 0 0 0 0 0 0 1 130 0 0 0 0 0 0 0 0 0 0 0 
0 16332 20 0 2 7 4 17 0 0 0 0 0 0 0 0 0 0 0 0 0 0 0 0 0 0 0 0 0 0 0 0 
0 2887 1744 1149 526 1487 30 130 23 0 0 0 0 0 0 0 0 0 0 0 0 0 0 0 0 0 0 0 0 0 0 0 
0 5110 2648 7710 319 627 873 0 0 0 0 0 0 0 0 0 0 0 0 0 0 0 0 0 0 0 0 0 0 0 0 0 
0 4637 4088 5976 2097 712 891 53 0 0 0 0 0 0 0 0 0 0 0 0 0 0 0 0 0 0 0 0 0 0 0 0 
0 4449 4517 5817 2535 365 352 1043 0 0 0 0 0 0 0 0 0 0 0 0 0 0 0 0 0 0 0 0 0 0 0 0 
0 2328 2105 233 785 0 0 0 0 0 0 0 0 0 0 0 0 0 0 0 0 0 0 0 0 0 0 0 0 0 0 0 
0 4101 3327 7162 0 0 0 0 0 0 0 0 0 0 0 0 0 0 0 0 0 0 0 0 0 0 0 0 0 0 0 0 
0 12112 14635 2467 5771 14 10 70 0 0 0 0 0 0 0 0 0 0 0 0 0 0 0 0 0 0 0 0 0 0 0 0 
0 4773 8365 2590 363 328 1244 0 0 0 0 0 0 0 0 0 0 0 0 0 0 0 0 0 0 0 0 0 0 0 0 0 
0 3677 2459 7031 189 240 26 0 0 0 0 0 0 0 0 0 0 0 0 0 0 0 0 0 0 0 0 0 0 0 0 0 
0 7288 7911 1435 3140 2720 2981 4172 0 0 0 0 0 0 0 0 0 0 0 0 0 0 0 0 0 0 0 0 0 0 0 0 
0 1855 3325 839 25 27 181 0 0 0 0 0 0 0 0 0 0 0 0 0 0 0 0 0 0 0 0 0 0 0 0 0 
0 669 1512 962 24 71 0 0 0 0 0 0 0 0 0 0 0 0 0 0 0 0 0 0 0 0 0 0 0 0 0 0 
0 6565 6869 2156 4739 8246 21 31 205 0 0 0 0 0 0 0 0 0 0 0 0 0 0 0 0 0 0 0 0 0 0 0 
0 3474 2662 4008 301 65 293 0 0 0 0 0 0 0 0 0 0 0 0 0 0 0 0 0 0 0 0 0 0 0 0 0 
0 4486 2533 2652 519 1140 1282 0 0 0 0 0 0 0 0 0 0 0 0 0 0 0 0 0 0 0 0 0 0 0 0 0 
0 5991 3150 5495 2911 977 3 6 0 0 0 0 0 0 0 0 0 0 0 0 0 0 0 0 0 0 0 0 0 0 0 0 
0 4539 5328 2113 3746 2117 177 116 124 652 0 0 0 0 0 0 0 0 0 0 0 0 0 0 0 0 0 0 0 0 0 0 
0 3499 2521 3255 1400 746 0 0 0 0 0 0 0 0 0 0 0 0 0 0 0 0 0 0 0 0 0 0 0 0 0 0 
0 11920 9053 26013 5824 0 0 0 0 0 0 0 0 0 0 0 0 0 0 0 0 0 0 0 0 0 0 0 0 0 0 0 
0 3155 2505 1534 3398 3838 74 18 0 0 0 0 0 0 0 0 0 0 0 0 0 0 0 0 0 0 0 0 0 0 0 0 
0 4296 2409 2137 3863 1781 5 7 0 0 0 0 0 0 0 0 0 0 0 0 0 0 0 0 0 0 0 0 0 0 0 0 
0 5913 3918 2809 6711 425 2276 0 0 0 0 0 0 0 0 0 0 0 0 0 0 0 0 0 0 0 0 0 0 0 0 0 
0 7076 3826 2306 4132 1628 212 230 98 870 0 0 0 0 0 0 0 0 0 0 0 0 0 0 0 0 0 0 0 0 0 0 
0 4404 5320 2126 2595 324 1009 6 58 41 0 0 0 0 0 0 0 0 0 0 0 0 0 0 0 0 0 0 0 0 0 0 
0 4424 1861 1244 1828 3107 216 157 0 0 0 0 0 0 0 0 0 0 0 0 0 0 0 0 0 0 0 0 0 0 0 0 
0 23100 9432 4917 36666 12591 2078 20 0 0 0 0 0 0 0 0 0 0 0 0 0 0 0 0 0 0 0 0 0 0 0 0 
0 1686 1296 1170 2525 212 39 234 0 0 0 0 0 0 0 0 0 0 0 0 0 0 0 0 0 0 0 0 0 0 0 0 
0 3134 2014 1231 3006 1378 0 0 0 0 0 0 0 0 0 0 0 0 0 0 0 0 0 0 0 0 0 0 0 0 0 0 
0 1740 1028 968 2378 418 0 0 0 0 0 0 0 0 0 0 0 0 0 0 0 0 0 0 0 0 0 0 0 0 0 0 
0 1552 1420 365 520 613 49 19 12 56 0 0 0 0 0 0 0 0 0 0 0 0 0 0 0 0 0 0 0 0 0 0 
0 813 600 440 4538 31 0 0 0 0 0 0 0 0 0 0 0 0 0 0 0 0 0 0 0 0 0 0 0 0 0 0 
0 1621 796 597 475 1208 402 1086 0 0 0 0 0 0 0 0 0 0 0 0 0 0 0 0 0 0 0 0 0 0 0 0 
0 411 350 238 321 941 175 94 567 0 0 0 0 0 0 0 0 0 0 0 0 0 0 0 0 0 0 0 0 0 0 0 
0 846 731 452 388 2201 76 80 26 225 0 0 0 0 0 0 0 0 0 0 0 0 0 0 0 0 0 0 0 0 0 0 
0 2604 1194 1108 968 1182 1274 329 697 1140 0 0 0 0 0 0 0 0 0 0 0 0 0 0 0 0 0 0 0 0 0 0 
0 4401 2691 1444 1942 6459 1209 0 0 0 0 0 0 0 0 0 0 0 0 0 0 0 0 0 0 0 0 0 0 0 0 0 
0 8275 6643 3636 3763 8275 11641 1082 1988 0 0 0 0 0 0 0 0 0 0 0 0 0 0 0 0 0 0 0 0 0 0 0 
0 13255 7512 3526 6470 18484 3040 0 0 0 0 0 0 0 0 0 0 0 0 0 0 0 0 0 0 0 0 0 0 0 0 0 
0 4673 2461 1386 1272 5588 856 20 0 0 0 0 0 0 0 0 0 0 0 0 0 0 0 0 0 0 0 0 0 0 0 0 
0 15762 6356 4226 2586 6323 4295 537 1839 0 0 0 0 0 0 0 0 0 0 0 0 0 0 0 0 0 0 0 0 0 0 0 
0 8787 6316 3365 6890 8538 2263 833 867 0 0 0 0 0 0 0 0 0 0 0 0 0 0 0 0 0 0 0 0 0 0 0 
0 12964 6264 3721 3849 6561 3380 1039 351 1397 0 0 0 0 0 0 0 0 0 0 0 0 0 0 0 0 0 0 0 0 0 0 
0 9741 8241 3110 3054 6611 4658 2929 154 7 0 0 0 0 0 0 0 0 0 0 0 0 0 0 0 0 0 0 0 0 0 0 
0 7017 3795 2547 1877 4116 3877 834 1247 0 0 0 0 0 0 0 0 0 0 0 0 0 0 0 0 0 0 0 0 0 0 0 
0 30646 21916 9941 7438 15002 13510 2219 7272 0 0 0 0 0 0 0 0 0 0 0 0 0 0 0 0 0 0 0 0 0 0 0 
2721 13370 10406 3457 3610 4036 4709 2024 773 577 250 9 4 0 4 4 2 1 4 105 326 72 366 361 61 30 33 44 39 45 29 44 
0 7560 4912 3135 4318 6458 2724 4202 2118 763 0 0 0 0 0 0 0 0 0 0 0 0 0 0 0 0 0 0 0 0 0 0 
0 25571 17961 8981 8967 15623 5492 5783 2734 7741 0 0 0 0 0 0 0 0 0 0 0 0 0 0 0 0 0 0 0 0 0 0 
0 14381 8440 5596 5015 11437 6124 12169 0 0 0 0 0 0 0 0 0 0 0 0 0 0 0 0 0 0 0 0 0 0 0 0 
0 11207 9665 3887 3702 6072 4383 7970 1976 0 0 0 0 0 0 0 0 0 0 0 0 0 0 0 0 0 0 0 0 0 0 0 
0 8901 5475 3118 2299 4556 2500 3481 444 0 0 0 0 0 0 0 0 0 0 0 0 0 0 0 0 0 0 0 0 0 0 0 
0 7919 5260 2711 2795 7207 3613 490 0 0 0 0 0 0 0 0 0 0 0 0 0 0 0 0 0 0 0 0 0 0 0 0 
0 5750 3676 2970 1788 4482 2374 1152 0 0 0 0 0 0 0 0 0 0 0 0 0 0 0 0 0 0 0 0 0 0 0 0 
0 16628 9441 3914 3173 6423 4976 3493 0 0 0 0 0 0 0 0 0 0 0 0 0 0 0 0 0 0 0 0 0 0 0 0 
0 7577 4396 2262 2497 3626 3576 1351 1747 3688 0 0 0 0 0 0 0 0 0 0 0 0 0 0 0 0 0 0 0 0 0 0 
0 6470 3748 3358 2523 4373 7122 394 0 0 0 0 0 0 0 0 0 0 0 0 0 0 0 0 0 0 0 0 0 0 0 0 
0 10915 5942 3107 2328 3336 6351 137 339 364 0 0 0 0 0 0 0 0 0 0 0 0 0 0 0 0 0 0 0 0 0 0 
0 5725 2754 1684 1556 4011 1351 3068 479 248 0 0 0 0 0 0 0 0 0 0 0 0 0 0 0 0 0 0 0 0 0 0 
0 5493 4126 2285 3217 5054 2990 5424 3611 0 0 0 0 0 0 0 0 0 0 0 0 0 0 0 0 0 0 0 0 0 0 0 
0 4967 3327 1554 1451 3488 2254 1290 180 0 0 0 0 0 0 0 0 0 0 0 0 0 0 0 0 0 0 0 0 0 0 0 
0 13063 8039 4418 4074 5733 5426 2565 2833 6670 0 0 0 0 0 0 0 0 0 0 0 0 0 0 0 0 0 0 0 0 0 0 
0 31389 21789 3685 4285 3506 7253 3632 578 0 0 0 0 0 0 0 0 0 0 0 0 0 0 0 0 0 0 0 0 0 0 0 
0 13315 6517 3162 3179 7543 5995 469 951 268 102 1 1 0 0 0 0 0 1 56 124 559 0 0 0 0 0 0 0 0 0 0 
0 10235 6365 3627 3065 9175 5487 1293 3317 72 6 1 0 0 0 0 0 0 0 7 152 0 0 0 0 0 0 0 0 0 0 0 
0 19766 8414 3843 4394 4427 10363 3558 346 0 0 0 0 0 0 0 0 0 0 0 0 0 0 0 0 0 0 0 0 0 0 0 
0 8604 6517 4912 4778 7518 1982 1278 2179 1590 2 0 0 0 0 0 0 0 0 0 0 0 0 0 0 0 0 0 0 0 0 0 
0 18119 8625 6079 5222 7910 8138 2643 626 2325 0 0 0 0 0 0 0 0 0 0 0 0 0 0 0 0 0 0 0 0 0 0 
0 7792 6192 2919 5256 5393 2969 2198 472 0 0 0 0 0 0 0 0 0 0 0 0 0 0 0 0 0 0 0 0 0 0 0 
0 15037 12627 5336 4329 5857 4172 3329 5199 0 0 0 0 0 0 0 0 0 0 0 0 0 0 0 0 0 0 0 0 0 0 0 
0 18634 6815 4477 3344 5655 4270 6212 37 0 0 0 0 0 0 0 0 0 0 0 0 0 0 0 0 0 0 0 0 0 0 0 
0 13127 8698 4575 4248 15306 3181 2370 1850 614 0 0 0 0 0 0 0 0 0 0 0 0 0 0 0 0 0 0 0 0 0 0 
0 7113 4194 2256 2636 5394 2155 4548 312 682 0 0 0 0 0 0 0 0 0 0 0 0 0 0 0 0 0 0 0 0 0 0 
0 10075 7228 4148 3888 5070 5478 7371 3953 0 0 0 0 0 0 0 0 0 0 0 0 0 0 0 0 0 0 0 0 0 0 0 
0 17859 11400 5088 5816 5850 4555 16686 534 525 0 0 0 0 0 0 0 0 0 0 0 0 0 0 0 0 0 0 0 0 0 0 
0 13968 7429 4432 3628 7999 2853 3991 1833 0 0 0 0 0 0 0 0 0 0 0 0 0 0 0 0 0 0 0 0 0 0 0 
0 9215 7438 4447 2899 6634 2996 3686 913 1211 1796 0 0 0 0 0 0 0 0 0 0 0 0 0 0 0 0 0 0 0 0 0 
0 7835 4449 3319 1974 5676 1300 1423 657 438 0 0 0 0 0 0 0 0 0 0 0 0 0 0 0 0 0 0 0 0 0 0 
0 13419 7201 4492 3492 9356 3384 4634 1581 0 0 0 0 0 0 0 0 0 0 0 0 0 0 0 0 0 0 0 0 0 0 0 
0 15225 9183 4954 4103 6813 4073 2108 6688 15 0 0 0 0 0 0 0 0 0 0 0 0 0 0 0 0 0 0 0 0 0 0 
0 14920 3392 3099 2475 5745 2765 3438 1145 0 0 0 0 0 0 0 0 0 0 0 0 0 0 0 0 0 0 0 0 0 0 0 
0 8902 4892 2970 3204 4462 2581 3072 1247 4754 22 1 0 0 0 0 0 0 0 17 42 344 0 0 0 0 0 0 0 0 0 0 
0 8110 4627 2538 2488 4485 1671 1397 2867 62 27 8 1 0 0 0 1 0 1 15 470 0 0 0 0 0 0 0 0 0 0 0 
0 8967 4612 2252 2285 5108 2216 741 2646 140 0 0 0 0 0 0 0 0 0 0 0 0 0 0 0 0 0 0 0 0 0 0 
0 12297 6701 3450 2576 4108 2040 1195 6894 0 0 0 0 0 0 0 0 0 0 0 0 0 0 0 0 0 0 0 0 0 0 0 
0 13678 5568 4364 3360 6545 3563 1873 3371 49 6 4 0 0 0 0 0 0 0 3 16 25 0 0 0 0 0 0 0 0 0 0 
0 5132 3834 1835 1666 3695 1136 554 1230 631 630 0 0 0 0 0 0 0 0 0 0 0 0 0 0 0 0 0 0 0 0 0 
0 6052 4333 2220 2024 3251 1618 1711 3811 1061 0 0 0 0 0 0 0 0 0 0 0 0 0 0 0 0 0 0 0 0 0 0 
0 15408 11931 4054 3405 3019 4016 1882 3774 1284 0 0 0 0 0 0 0 0 0 0 0 0 0 0 0 0 0 0 0 0 0 0 
0 9452 7046 2985 1843 4902 1657 1030 752 1005 810 0 0 0 0 0 0 0 0 0 0 0 0 0 0 0 0 0 0 0 0 0 
0 13311 7813 5012 4330 4868 2247 1380 3436 531 369 0 0 0 0 0 0 0 0 0 0 0 0 0 0 0 0 0 0 0 0 0 
0 30795 10593 6164 7157 5723 2537 1634 1841 5154 184 27 14 9 8 3 6 7 17 255 2240 0 0 0 0 0 0 0 0 0 0 0 
0 11058 5168 3375 5665 3738 1844 1573 2609 885 0 0 0 0 0 0 0 0 0 0 0 0 0 0 0 0 0 0 0 0 0 0 
0 5101 3292 1843 2060 6827 3251 950 3269 449 31 0 0 0 0 0 0 0 5 186 0 0 0 0 0 0 0 0 0 0 0 0 
0 4832 2362 1526 1195 1720 980 588 546 1842 67 1 2 0 1 0 0 0 0 186 0 0 0 0 0 0 0 0 0 0 0 0 
0 11257 8734 6335 3697 7173 3392 1795 2876 2389 0 0 0 0 0 0 0 0 0 0 0 0 0 0 0 0 0 0 0 0 0 0 
0 17883 6959 3973 6243 3571 2501 1621 1081 1892 1624 7 0 0 0 0 0 0 0 0 0 0 0 0 0 0 0 0 0 0 0 0 
0 7130 3858 2551 2061 6975 1537 949 659 633 134 0 0 1 1 1 0 0 0 7 244 0 0 0 0 0 0 0 0 0 0 0 
0 3541 3020 1630 1323 2875 1062 1233 1644 1349 0 0 0 0 0 0 0 0 0 0 0 0 0 0 0 0 0 0 0 0 0 0 
0 10282 5634 5219 3645 5728 3620 1772 1728 4695 538 0 0 0 0 0 0 0 0 0 0 0 0 0 0 0 0 0 0 0 0 0 
0 9748 5338 2200 1719 4310 1477 1004 1215 703 0 0 0 0 0 0 0 0 0 0 0 0 0 0 0 0 0 0 0 0 0 0 
0 5417 4412 1600 1088 1659 973 535 415 1054 186 60 1 9 23 0 0 0 0 9 0 0 0 0 0 0 0 0 0 0 0 0 
0 8953 4470 5871 5536 2887 1831 1346 9488 1059 0 0 0 0 0 0 0 0 0 0 0 0 0 0 0 0 0 0 0 0 0 0 
0 9033 3623 2349 2031 4819 2145 1494 460 949 38 1 0 0 0 0 0 0 1 174 208 0 0 0 0 0 0 0 0 0 0 0 
0 8619 5425 3582 2741 4791 1697 1528 3914 214 617 0 0 0 0 0 0 0 0 0 0 0 0 0 0 0 0 0 0 0 0 0 
0 7348 2920 2389 1549 4347 1552 798 977 232 16 0 2 0 0 0 1 0 0 198 209 0 0 0 0 0 0 0 0 0 0 0 
0 9917 3966 2723 2658 5625 1550 1449 1892 301 20 2 0 0 0 0 0 1 0 38 296 0 0 0 0 0 0 0 0 0 0 0 
0 3578 2175 1245 1155 4012 643 357 332 245 35 8 22 18 25 14 13 23 20 24 1362 0 0 0 0 0 0 0 0 0 0 0 
0 11174 5086 3849 5517 4545 1745 1689 6302 1077 336 0 0 0 0 0 0 0 0 0 109 0 0 0 0 0 0 0 0 0 0 0 
0 6419 5084 2222 1989 5593 2653 1367 676 1502 476 0 0 0 0 0 0 0 0 1 80 0 0 0 0 0 0 0 0 0 0 0 
0 8285 5031 2700 2650 4407 2544 973 581 1711 65 1 0 0 0 0 0 0 0 19 463 0 0 0 0 0 0 0 0 0 0 0 
0 10314 6117 3841 5634 4211 2184 752 527 1635 28 0 0 1 0 0 0 0 0 11 339 0 0 0 0 0 0 0 0 0 0 0 
0 8381 5156 2572 2458 8414 2933 1155 1026 2882 6 0 0 0 0 0 0 0 0 100 9 0 0 0 0 0 0 0 0 0 0 0 
0 9689 5118 2644 2102 3312 1840 1149 551 1647 14 0 0 1 0 0 0 0 0 9 289 0 0 0 0 0 0 0 0 0 0 0 
0 8586 6775 4454 2699 2630 2005 1154 1001 2698 19 0 0 0 0 0 0 0 0 5 188 0 0 0 0 0 0 0 0 0 0 0 
0 5024 3545 2167 1510 2600 1259 1338 696 795 1367 0 0 0 0 0 0 0 0 0 0 0 0 0 0 0 0 0 0 0 0 0 
0 4319 1574 1160 1247 2850 762 631 210 392 272 196 0 27 0 0 0 0 0 14 0 0 0 0 0 0 0 0 0 0 0 0 
0 4587 2524 1702 1215 2012 1048 555 381 1173 80 41 0 0 0 0 0 0 0 0 0 0 0 0 0 0 0 0 0 0 0 0 
0 2860 2012 1259 824 846 824 479 299 677 35 1 0 0 1 0 0 0 0 14 423 0 0 0 0 0 0 0 0 0 0 0 
0 13902 9128 12732 8349 4045 4554 2467 1897 7007 1689 0 0 0 0 0 0 0 0 0 0 0 0 0 0 0 0 0 0 0 0 0 
0 4893 4189 3197 3223 2994 2241 3101 1222 9617 0 0 0 0 0 0 0 0 0 0 0 0 0 0 0 0 0 0 0 0 0 0 
0 9041 6794 4839 7304 3209 3572 2561 1878 5815 2353 13 2 1 0 2 1 0 1 1054 924 0 0 0 0 0 0 0 0 0 0 0 
0 2618 2327 1928 1745 1611 2635 1245 1206 2775 2316 7 6 3 5 9 1 3 2 1806 0 0 0 0 0 0 0 0 0 0 0 0 
0 17679 9167 3418 6680 1659 2871 878 671 1696 402 5 1 5 0 2 0 0 7 368 74 511 0 0 0 0 0 0 0 0 0 0 
0 17774 14460 4702 5989 2589 2611 3019 1801 3275 1251 37 15 23 17 16 9 17 17 278 4470 0 0 0 0 0 0 0 0 0 0 0 
0 17903 6607 2165 5966 735 872 562 424 1597 384 0 0 3 0 0 0 0 0 9 168 0 0 0 0 0 0 0 0 0 0 0 
0 17692 10469 2858 2372 1932 2736 1385 1267 1233 1918 4 0 2 0 0 0 0 0 54 695 6 138 0 0 0 0 0 0 0 0 0 
0 15556 6573 2799 5699 1285 1497 1093 803 1143 1997 14 0 7 2 0 1 0 2 451 157 13 276 0 0 0 0 0 0 0 0 0 
0 3852 4188 1948 1892 1321 1249 1156 937 1210 1014 16 21 13 16 11 17 19 14 404 3225 183 0 0 0 0 0 0 0 0 0 0 
0 3569 3720 1296 1662 964 877 680 581 2178 1300 34 0 22 9 0 0 0 0 35 160 0 0 0 0 0 0 0 0 0 0 0 
0 3638 3049 1401 1614 976 866 615 521 1107 913 5 2 1 0 0 1 0 1 235 843 0 0 0 0 0 0 0 0 0 0 0 
0 6313 5706 2274 2620 2271 1551 1936 1121 2893 607 7 0 4 3 0 0 2 3 238 2509 26 300 0 0 0 0 0 0 0 0 0 
0 18295 15115 5773 4545 2349 2315 2078 1414 4701 3345 21 2 3 4 6 3 6 3 99 1780 0 0 0 0 0 0 0 0 0 0 0 
0 10623 7284 2413 2686 1268 1358 1045 801 2916 1209 0 1 2 1 0 3 2 0 668 66 0 0 0 0 0 0 0 0 0 0 0 
0 3881 3483 1942 1576 721 704 733 597 1917 2029 4 5 2 0 0 1 0 0 83 683 0 0 0 0 0 0 0 0 0 0 0 
0 12088 9852 5225 4140 1832 1440 1292 1249 1609 3520 1 2 12 0 0 0 0 7 152 1285 0 0 0 0 0 0 0 0 0 0 0 
0 5075 4118 1576 1600 846 734 906 652 800 803 3 2 0 0 0 0 0 0 400 1320 44 266 0 0 0 0 0 0 0 0 0 
0 13302 9766 3178 2322 1592 1692 1457 1059 1373 2870 3 1 2 2 0 1 1 2 1100 776 0 0 0 0 0 0 0 0 0 0 0 
0 10334 9853 32013 5641 2731 2215 3693 11860 9251 9006 2868 2310 2787 1107 790 1297 1153 1096 21701 21696 37 472 0 0 0 0 0 0 0 0 0 
0 5565 5941 1538 1748 886 763 776 506 786 2654 13 6 0 0 0 1 1 1 181 128 132 19 151 0 0 0 0 0 0 0 0 
0 13783 10321 5105 4741 3080 2475 4140 2088 2165 1477 118 77 113 66 55 73 69 92 10683 572 1 0 0 0 0 0 0 0 0 0 0 
0 9953 9176 19946 3208 1712 1651 2314 1115 1367 10653 919 548 341 209 213 248 174 242 15853 839 0 0 0 0 0 0 0 0 0 0 0 
0 2380 29159 210824 18633 16610 2155 8034 8916 6647 585533 416924 246860 164686 135126 95337 105553 104027 85206 27753 628 75135 10138 0 0 0 0 0 0 0 0 0 
0 1754 1811 2779 943 493 550 579 773 791 1735 363 339 216 164 134 179 152 165 6231 9328 174 348 0 0 0 0 0 0 0 0 0 
0 982 1382 6046 1995 378 128 221 257 343 6479 3136 2436 1255 718 3784 526 1390 444 365 4650 94 0 0 0 0 0 0 0 0 0 0 
0 151 171 48 70 28 22 40 101 118 387 2 88 2 0 0 0 0 1 216 69 4 282 0 0 0 0 0 0 0 0 0 
0 3416 3050 1602 1791 1588 1599 1201 866 909 885 252 151 122 203 120 81 75 93 324 1173 4844 0 0 0 0 0 0 0 0 0 0 
0 17912 11112 8259 7007 5943 6451 5793 3393 2789 3882 1214 599 321 281 215 224 194 220 14597 1360 0 0 0 0 0 0 0 0 0 0 0 
0 6962 5280 3516 2536 2606 2230 2809 1591 1331 1353 105 30 15 15 29 6 8 17 879 4260 540 0 0 0 0 0 0 0 0 0 0 
0 6716 3809 4345 3254 2632 2704 2837 2180 1745 2386 1167 959 632 572 488 513 488 473 1980 2759 373 23132 0 0 0 0 0 0 0 0 0 
0 5605 4701 3156 1471 1878 1803 1777 955 749 1123 112 13 2 0 5 6 2 1 723 1012 1006 0 0 0 0 0 0 0 0 0 0 
0 4606 3677 1673 856 968 841 1108 716 548 454 17 4 1 3 3 0 0 1 736 574 1009 139 0 0 0 0 0 0 0 0 0 
0 8050 5238 3714 1827 1482 1586 1076 978 625 164 6 1 1 9 2 0 1 2 221 2077 450 0 0 0 0 0 0 0 0 0 0 
0 16655 8021 4303 6128 1770 2091 792 833 714 225 2 2 2 0 0 0 1 0 504 1216 685 44 114 0 0 0 0 0 0 0 0 
0 5074 5820 1372 1009 878 976 525 468 525 201 1 1 3 0 0 0 0 0 406 705 124 365 0 0 0 0 0 0 0 0 0 
0 1828 1349 576 572 452 659 384 304 245 82 0 0 1 0 1 0 0 0 276 751 228 0 0 0 0 0 0 0 0 0 0 
0 6779 6162 2204 1785 2240 2560 1270 1595 810 199 2 2 3 2 0 1 1 1 1771 810 60 0 0 0 0 0 0 0 0 0 0 
0 2484 2557 960 1187 668 931 759 585 593 265 3 0 1 0 0 0 0 0 145 1636 143 71 680 0 0 0 0 0 0 0 0 
0 903 833 532 407 314 347 214 342 155 50 1 1 2 0 0 0 0 0 115 307 9 61 0 0 0 0 0 0 0 0 0 
0 1028 736 556 381 342 249 147 198 189 16 1 0 1 0 0 0 0 0 154 325 0 2 0 0 0 0 0 0 0 0 0 
0 1822 1449 578 730 360 328 334 194 227 85 3 6 3 1 0 3 1 1 29 980 0 0 0 0 0 0 0 0 0 0 0 
0 5375 5363 2193 2028 1650 1091 1107 886 1131 308 0 2 0 1 0 0 1 1 129 889 467 1612 0 0 0 0 0 0 0 0 0 
0 18056 9826 4413 4761 5932 4472 2806 2311 1779 893 15 5 1 5 0 0 4 0 489 6798 17 231 0 0 0 0 0 0 0 0 0 
0 3194 3474 945 743 719 407 367 327 514 118 1 0 0 2 0 2 0 0 49 427 636 72 0 0 0 0 0 0 0 0 0 
0 4192 3294 2148 1848 1103 851 766 661 853 299 2 0 5 3 0 0 0 0 114 1328 159 1056 9 0 0 0 0 0 0 0 0 
0 9683 5797 2790 1957 1375 1237 1111 1003 850 241 6 2 1 2 0 0 1 2 116 881 1832 0 0 0 0 0 0 0 0 0 0 
0 2610 2506 1403 1288 1051 806 791 758 697 268 1 0 0 0 1 0 0 1 106 2888 0 0 0 0 0 0 0 0 0 0 0 
0 4371 4333 1440 1351 1574 1059 1240 826 1089 410 3 1 2 1 0 0 0 1 134 2408 2159 0 0 0 0 0 0 0 0 0 0 
0 1330 1447 482 672 282 205 185 203 250 83 0 0 0 0 0 0 0 0 36 942 0 0 0 0 0 0 0 0 0 0 0 
0 5257 4330 1790 1776 2518 695 704 621 645 312 2 0 2 0 0 0 0 0 117 1630 115 197 0 0 0 0 0 0 0 0 0 
0 2176 2303 916 939 423 368 306 276 328 418 3 0 1 0 0 0 0 0 43 650 297 0 0 0 0 0 0 0 0 0 0 
0 6305 5645 2218 1775 1375 1267 985 852 695 247 2 4 5 3 0 7 1 1 227 1832 40 290 0 0 0 0 0 0 0 0 0 
0 8631 3378 1412 1640 926 1086 447 519 366 288 7 2 10 2 4 4 4 1 103 882 249 355 0 0 0 0 0 0 0 0 0 
0 17965 10640 8538 8359 3587 3466 2975 2536 1855 840 162 96 111 92 80 91 90 83 2929 1763 1922 479 3865 0 0 0 0 0 0 0 0 
0 10242 3990 3151 1658 1356 1589 1288 920 684 240 20 21 14 15 18 18 11 14 147 345 2256 267 20 0 0 0 0 0 0 0 0 
0 7501 6033 9495 4703 533 632 389 298 351 252 4 8 4 3 3 4 8 2 406 598 1169 0 0 0 0 0 0 0 0 0 0 
0 8779 7733 1555 1414 839 990 735 550 668 369 0 2 2 1 3 0 0 3 268 567 598 53 159 0 0 0 0 0 0 0 0 
0 11589 8268 1946 1910 1273 1299 929 710 987 396 9 3 8 3 1 1 1 7 303 2571 1120 0 0 0 0 0 0 0 0 0 0 
0 4227 3306 1752 1612 1065 846 988 608 634 331 2 2 2 4 1 0 2 1 128 1239 135 853 208 0 0 0 0 0 0 0 0 
0 5829 5413 2459 1681 1508 1103 851 713 656 321 8 3 4 3 1 4 2 3 127 1388 44 846 0 0 0 0 0 0 0 0 0 
0 3991 3181 1860 1310 606 843 481 412 683 373 6 7 5 6 3 1 2 3 59 313 584 1058 0 0 0 0 0 0 0 0 0 
0 8569 7303 2993 2571 1503 1706 1278 1041 1300 539 14 8 5 3 1 5 1 5 234 1002 193 2911 0 0 0 0 0 0 0 0 0 
0 6240 6484 2584 5240 1624 1016 1051 741 624 329 53 31 27 22 15 35 26 34 143 693 1497 544 0 0 0 0 0 0 0 0 0 
0 4094 2416 811 1046 754 609 335 280 548 223 1 0 1 0 0 0 0 3 99 304 137 716 0 0 0 0 0 0 0 0 0 
0 6390 4373 1410 1096 722 824 525 385 512 154 2 1 1 1 0 2 1 2 64 271 612 355 41 0 0 0 0 0 0 0 0 
0 2459 1993 924 949 585 482 784 509 453 205 12 8 5 2 3 1 4 5 335 2125 804 234 32 0 0 0 0 0 0 0 0 
0 14966 8987 6857 6008 5277 4560 4787 3589 3328 1340 337 158 116 75 75 93 71 91 1686 2337 778 18706 89 0 0 0 0 0 0 0 0 
0 4000 2830 1566 2119 310 359 283 204 306 80 0 1 2 0 0 0 0 0 186 113 333 7 87 0 0 0 0 0 0 0 0 
0 3752 3227 1542 1224 802 890 841 781 749 339 3 0 1 2 0 0 0 1 111 458 1754 14 0 0 0 0 0 0 0 0 0 
0 2194 873 304 298 197 909 130 60 72 67 0 0 0 0 0 0 0 0 31 81 129 0 0 0 0 0 0 0 0 0 0 
0 262 207 102 116 29 48 49 44 35 21 0 0 0 0 0 0 0 0 5 23 4 74 0 0 0 0 0 0 0 0 0 
0 2646 1747 678 1189 637 440 244 188 273 187 2 0 0 0 1 0 0 0 47 94 208 309 0 0 0 0 0 0 0 0 0 
71 2808 1465 1333 752 1251 611 492 295 250 114 0 0 1 0 0 1 3 0 58 176 102 1063 6 14 0 0 22 0 0 0 0 
0 2695 2139 1150 892 799 574 551 359 285 83 3 0 1 1 0 0 0 0 55 154 547 581 10 0 0 0 0 0 0 0 0 
0 5592 3128 2818 1497 1369 1275 1480 1419 322 107 10 1 1 3 4 1 1 1 55 136 512 705 126 0 0 0 0 0 0 0 0 
0 4247 2684 1452 1050 953 712 728 515 407 91 6 0 0 1 0 1 1 0 71 160 646 553 0 0 0 0 0 0 0 0 0 
0 7352 4032 2974 2312 1977 1640 2246 1081 792 428 73 62 45 45 56 26 35 29 306 528 1435 3620 27 0 0 0 0 0 0 0 0 
0 18486 10543 7452 8775 3559 4984 4067 3284 1929 600 79 7 4 1 1 2 1 7 343 865 2293 3523 0 0 0 0 0 0 0 0 0 
0 8672 5386 2462 4746 1100 1208 848 736 524 133 30 18 17 20 12 19 13 11 67 190 1415 105 36 57 0 0 0 0 0 0 0 
0 2767 1738 1454 803 792 711 777 499 371 147 40 19 9 16 8 6 8 12 169 253 191 1843 0 0 0 0 0 0 0 0 0 
0 3533 1919 1721 1208 972 918 669 416 410 94 2 0 0 0 0 0 1 0 33 124 135 570 211 0 0 0 0 0 0 0 0 
0 6681 3293 3572 1409 965 825 787 447 300 116 15 14 0 8 7 3 3 7 68 116 627 468 174 0 0 0 0 0 0 0 0 
0 5169 2523 2131 874 748 788 656 418 195 104 15 8 22 8 4 9 49 27 58 136 104 549 650 0 0 0 0 0 0 0 0 
0 3499 1441 1798 830 702 565 423 510 266 135 11 2 0 0 0 0 0 0 48 103 162 777 127 0 0 0 0 0 0 0 0 
0 7556 3762 2884 2753 1736 1674 1309 969 821 220 8 2 2 3 0 0 0 2 172 247 400 1530 272 0 0 0 0 0 0 0 0 
0 2492 1611 746 625 621 431 321 231 168 56 2 1 1 0 0 0 0 2 42 67 187 508 24 180 0 0 0 0 0 0 0 
0 1922 914 729 491 590 370 341 257 155 85 2 2 0 2 0 0 1 1 46 91 120 250 89 276 0 0 0 0 0 0 0 
0 4038 1627 1583 921 837 844 674 619 345 128 3 0 1 2 0 0 0 1 99 107 216 766 290 0 0 0 0 0 0 0 0 
0 5024 3031 2744 1458 1003 1066 965 619 414 92 6 2 1 1 1 1 1 1 115 222 267 401 834 0 0 0 0 0 0 0 0 
0 6288 3473 2852 1627 1442 1062 997 744 469 125 5 3 1 2 0 1 1 1 99 203 416 1399 184 0 0 0 0 0 0 0 0 
0 4677 2433 2536 967 1087 759 629 624 373 89 1 1 0 1 0 1 1 0 58 190 185 398 547 0 0 0 0 0 0 0 0 
0 6416 3018 2679 1657 1226 1311 876 528 429 129 7 2 0 1 0 0 0 0 77 166 178 385 642 0 0 0 0 0 0 0 0 
0 15041 7908 6475 7729 4829 3847 3277 2152 1858 973 45 37 31 29 30 69 19 21 814 1064 534 1529 7624 0 0 0 0 0 0 0 0 
0 1391 1258 330 285 274 424 261 243 243 82 0 0 0 3 0 1 0 2 27 99 76 339 537 0 0 0 0 0 0 0 0 
0 15314 6769 3905 3158 2401 3190 2332 2228 2283 587 36 20 28 10 7 11 3 12 290 656 282 987 4397 0 0 0 0 0 0 0 0 
0 16779 12554 2849 2053 1632 1920 1513 1046 881 449 188 5 4 5 1 2 2 0 132 509 123 646 487 452 0 0 0 0 0 0 0 
0 45332 41052 16977 15256 21186 28990 12929 18756 16626 3920 168 204 96 75 85 73 171 52 3228 3852 2658 10927 7713 29321 8 0 0 0 0 0 0 
0 16821 20729 3384 3436 3626 3521 2606 3189 3088 791 153 93 22 32 17 18 32 47 400 1053 293 2248 2785 59 143 0 0 0 0 0 0 
0 15549 18037 5199 5259 6449 7436 3797 4889 6516 878 8 10 10 27 3 12 5 3 411 1035 434 7641 950 1 0 0 0 0 0 0 0 
0 12227 7427 2261 2059 1245 2151 773 553 607 286 4 3 1 3 0 1 1 3 98 362 59 762 181 0 0 0 0 0 0 0 0 
0 6963 7733 2051 2024 1297 1118 1607 974 789 439 23 103 32 10 18 13 118 5 205 836 201 919 524 114 664 0 0 0 0 0 0 
