781 661 612 627 588 476 599 522 548 666 615 575 567 628 580 540 682 647 686 609 667 593 643 560 582 542 625 584 514 611 598 602 
644 524 620 526 513 469 440 548 636 537 502 624 482 591 431 528 591 551 685 506 558 531 513 534 469 574 494 527 507 575 604 493 
936 766 777 771 728 702 737 820 847 853 868 722 738 745 741 773 730 805 844 843 647 763 739 769 778 813 633 785 804 830 761 732 
587 281 356 434 402 394 409 430 419 393 473 442 423 447 450 344 326 417 351 365 358 366 401 342 435 413 416 391 380 378 424 414 
1139 953 934 973 918 859 1092 820 736 819 934 807 868 953 859 842 860 984 867 976 928 1035 704 852 860 956 898 881 725 867 958 818 
667 557 591 559 444 443 391 536 517 471 487 480 616 449 501 489 385 545 518 486 427 484 509 526 537 430 566 538 533 509 543 446 
1083 881 801 879 819 914 861 812 888 834 917 780 772 844 787 825 560 940 855 796 758 854 810 789 740 789 848 767 700 836 834 827 
1142 1069 956 1036 1029 832 1124 979 833 950 990 935 846 1037 945 926 986 985 1019 1026 923 836 994 994 1058 876 968 905 901 867 916 929 
515 441 464 479 491 596 557 460 495 514 519 522 489 461 468 415 392 501 492 453 532 487 435 551 477 458 473 467 527 476 449 449 
831 592 657 645 681 593 523 641 595 625 609 662 615 613 657 658 613 624 746 654 607 607 481 571 647 645 650 616 672 725 758 590 
930 857 852 994 839 816 901 865 826 889 861 828 782 957 811 818 943 911 822 816 829 874 856 933 974 711 836 789 799 835 880 1010 
962 822 860 799 792 701 751 891 797 879 730 731 768 734 780 793 742 800 803 662 773 744 842 744 859 690 708 762 787 813 748 698 
976 842 707 721 794 716 755 932 730 907 642 839 849 862 692 785 753 952 764 770 732 713 718 840 696 812 772 718 576 681 884 697 
1083 1081 946 1050 975 914 1010 1068 999 1040 941 967 916 1084 943 965 1155 999 1014 1057 1013 860 942 1011 1087 847 883 969 1034 883 1064 1090 
441 464 550 461 513 529 424 443 451 456 481 501 541 486 387 478 478 545 448 418 488 496 488 495 460 404 474 464 504 474 492 411 
596 423 488 393 461 459 410 340 424 422 365 394 443 471 402 389 403 483 429 434 476 375 490 336 376 445 468 429 436 352 447 370 
895 621 585 739 717 661 757 677 658 707 744 720 606 735 650 681 716 665 691 703 589 655 658 667 587 745 655 672 584 638 661 696 
1090 775 876 851 938 948 802 913 887 857 915 832 866 901 880 837 769 953 874 792 831 893 976 898 892 859 885 878 845 862 916 756 
623 433 483 418 592 536 492 371 477 480 417 521 445 380 441 482 426 397 493 448 526 656 314 368 467 545 450 516 382 518 598 394 
779 624 551 569 614 509 626 560 551 675 627 581 549 542 613 621 713 594 629 574 502 486 650 600 554 519 576 537 615 544 563 521 
1065 959 905 911 915 1017 754 921 1061 1048 1005 975 1047 1083 969 1001 957 955 968 972 1016 878 861 1035 825 988 922 1013 1002 851 1062 835 
561 339 424 395 405 403 375 406 380 437 344 361 371 362 355 404 359 435 395 340 337 417 409 366 424 358 333 420 344 421 409 377 
847 613 586 630 637 635 624 607 613 660 593 639 610 664 577 611 539 637 632 605 497 527 651 615 629 612 585 591 605 619 567 633 
394 295 322 354 308 309 283 257 336 321 352 372 220 337 273 359 310 328 326 312 305 315 323 299 308 309 361 332 383 337 327 258 
812 639 516 605 618 655 658 674 678 676 635 642 602 578 611 577 679 638 656 629 543 548 605 535 610 744 617 630 532 587 724 630 
1006 881 789 781 778 849 816 836 777 876 847 795 881 930 889 750 621 877 895 930 809 824 766 837 760 784 850 856 801 819 886 718 
1106 884 928 910 839 857 943 870 940 739 893 918 841 803 943 703 786 972 879 917 801 782 865 699 930 872 897 841 933 946 845 893 
957 860 815 806 704 824 832 847 802 844 899 774 654 793 832 773 715 890 812 658 749 797 895 798 747 809 810 909 644 811 808 749 
746 609 711 711 685 726 731 711 705 638 757 669 670 689 677 654 701 699 733 691 754 753 687 690 701 661 665 651 496 681 669 524 
803 737 764 691 670 634 478 791 719 800 736 796 709 647 674 787 699 691 812 720 680 696 704 711 691 722 585 695 678 742 865 626 
873 610 578 579 545 668 613 510 535 551 618 582 692 602 645 577 482 659 633 682 651 558 543 685 538 540 644 638 622 612 614 424 
