2324 753 7 0 55 0 0 0 0 0 0 0 0 0 0 0 0 0 0 0 0 0 0 0 329 0 0 0 0 0 0 0 
2142 2381 145 36 0 0 0 0 0 0 0 0 0 0 0 0 0 0 0 0 7 91 14 0 254 0 0 0 0 0 0 0 
2065 1727 329 12 0 0 0 0 0 0 0 0 0 0 0 0 0 0 7 0 57 126 89 0 58 0 0 0 0 0 0 0 
2527 1852 689 120 12 0 0 23 0 0 0 0 0 0 0 10 12 0 52 14 0 191 15 0 23 0 0 0 0 0 0 0 
2982 1612 709 126 335 23 0 0 0 0 10 8 0 0 0 26 11 0 53 0 0 165 0 0 85 0 0 0 0 0 0 0 
2668 1641 1372 184 109 20 0 0 0 0 10 0 0 0 0 26 0 0 0 0 0 286 0 0 21 0 0 0 0 0 0 0 
2804 537 1892 13 0 0 0 0 0 0 0 0 0 0 0 0 0 0 0 12 135 116 13 0 0 0 0 0 0 0 0 0 
3171 681 1432 153 67 0 0 0 0 0 0 0 19 0 0 0 0 0 0 0 159 24 0 0 382 0 0 0 0 0 0 0 
2667 271 1440 0 0 0 0 0 0 0 0 0 0 0 0 0 0 0 0 27 75 79 0 0 0 0 0 0 0 0 0 0 
3074 883 1534 323 0 0 0 0 0 0 0 0 0 0 0 0 0 0 10 61 37 115 0 0 0 0 0 0 0 0 0 0 
2806 828 956 305 0 0 0 0 0 0 0 0 0 0 0 0 0 0 80 41 0 38 13 0 0 0 0 0 0 0 0 0 
2886 643 1410 68 0 0 0 0 0 0 0 0 0 0 0 0 0 0 135 0 0 0 0 0 0 0 0 0 0 0 0 0 
2768 309 1374 57 0 0 0 0 0 0 0 0 0 0 0 0 0 0 129 0 0 14 0 0 174 0 0 0 0 0 0 0 
2956 686 1364 16 0 0 0 0 0 0 0 0 0 0 0 0 0 0 143 0 0 0 0 0 0 0 0 0 0 0 0 0 
3273 447 1786 614 0 0 0 0 0 0 0 0 0 0 0 0 0 0 135 0 0 77 0 0 0 0 0 0 0 0 0 0 
