8222 1710 1119 142 0 0 0 0 0 0 7078 1270 2420 1570 1322 2340 3188 892 156 788 52 762 182 80 434 228 16 0 0 0 0 0 
7415 2043 525 488 57 0 0 0 0 0 4388 5918 2118 1086 1280 1594 1262 234 1258 490 658 686 228 114 302 14 28 0 14 2 0 0 
6323 4010 1506 660 25 10 0 0 0 0 5544 510 1190 4974 1508 1208 708 836 1988 692 1156 1258 206 110 8 38 146 60 98 30 0 0 
6313 2877 2544 959 0 0 0 0 0 0 5984 246 1242 2244 1096 1840 2208 1694 2956 904 864 768 420 180 14 146 16 0 4 4 0 0 
7065 2402 1827 417 196 70 0 0 0 0 5950 658 1998 2930 586 1696 616 2538 652 630 1428 832 540 366 72 62 276 218 6 244 0 0 
5907 2569 1467 735 435 150 0 0 0 0 4656 1745 1254 1562 1580 532 646 2556 236 590 1634 1150 788 920 314 240 358 496 218 94 0 0 
7045 1587 1566 1055 225 37 0 0 0 0 6954 1092 872 1804 1158 1408 1234 1034 466 1996 462 642 644 538 482 182 260 312 196 76 0 0 
6544 1472 645 1111 588 205 0 0 0 0 6750 952 778 1254 1124 398 228 1080 456 706 942 1338 278 1334 154 302 986 830 218 82 0 0 
7903 2172 1159 564 58 12 0 0 0 0 7566 1960 1288 2598 1598 2776 810 688 932 848 662 596 242 26 60 142 72 114 88 76 0 0 
5905 1274 675 1518 1822 354 0 0 0 0 6254 72 780 548 1528 66 76 880 374 750 876 1570 292 2180 182 1658 666 1376 682 468 0 0 
5620 1408 1150 820 187 87 0 0 0 0 5608 464 171 1480 1888 792 712 506 1310 568 882 1644 218 708 272 224 232 216 306 226 0 0 
5639 3239 1782 1075 60 67 0 0 0 0 4244 1078 980 2476 2516 1102 2274 936 1924 300 960 828 468 132 182 380 30 56 588 144 0 0 
6595 1582 653 935 253 25 0 0 0 0 6135 2066 1232 158 1817 1326 218 90 1174 512 850 544 444 868 418 918 326 102 492 282 0 0 
6935 846 928 1289 366 193 0 0 0 0 6856 2366 755 188 784 642 558 456 794 332 774 1917 620 98 514 602 254 288 1308 550 0 0 
5575 2477 754 2028 749 171 0 0 0 0 4498 1110 1378 554 2036 640 334 198 1336 936 1908 1482 1316 618 168 900 642 622 348 378 0 0 
6709 2098 406 1373 227 202 0 0 0 0 6490 2121 1128 1254 1384 156 490 876 648 1602 585 1375 466 282 154 344 292 78 668 394 0 0 
5841 1160 1403 860 1133 525 0 0 0 0 6254 840 106 814 746 126 1758 1916 552 584 651 954 118 1080 946 678 612 770 1024 346 0 0 
7289 2029 1446 373 20 8 0 0 0 0 7070 1972 590 1316 2158 1902 670 2130 988 366 1220 1126 354 92 48 72 114 56 8 0 0 0 
7858 851 1570 205 343 15 0 0 0 0 6320 4680 1358 272 492 612 1662 1644 1094 950 184 178 102 1096 646 172 346 4 102 2 0 0 
6150 2241 780 1323 292 46 0 0 0 0 5794 728 1006 1948 1984 468 566 846 2002 1098 1526 1236 218 252 792 150 112 284 230 16 0 0 
6120 1757 1590 296 3 0 0 0 0 0 5164 1378 830 496 2831 1474 1970 1634 904 1130 574 258 180 14 424 50 0 0 0 0 0 0 
5057 2798 2289 634 2 42 0 0 0 0 4300 512 576 2132 2352 798 2632 2210 1302 294 478 1308 188 220 166 70 66 142 136 52 0 0 
7553 2779 727 459 10 0 0 0 0 0 6470 1608 1420 2800 2918 2254 746 816 644 288 1312 434 412 12 146 146 152 12 6 90 0 0 
5649 1630 690 1274 399 49 0 0 0 0 4634 724 1200 1330 1568 836 190 802 1580 1428 1338 310 748 488 410 120 586 304 178 74 0 0 
5844 2501 657 1071 581 22 0 0 0 0 4640 506 2744 1354 1930 16 436 1184 1454 968 1270 990 956 418 890 82 396 194 216 14 0 0 
6502 2320 403 904 387 1 0 0 0 0 4800 3460 2126 1246 1790 234 486 862 618 1750 660 416 1110 132 134 346 550 94 0 130 0 0 
4927 1605 1701 2802 777 88 0 0 0 0 3908 142 478 546 1388 1574 178 376 3264 1488 1856 1340 410 1282 708 126 410 1166 498 276 0 0 
6002 658 2543 1630 1274 172 0 0 0 0 5230 690 366 38 1116 1694 346 1156 1662 1094 458 1114 1892 888 690 396 426 1342 916 158 0 0 
5960 1233 2161 2013 1062 142 0 0 0 0 4160 2084 668 564 692 564 630 1404 1822 1448 456 760 798 896 330 526 1116 1900 1118 496 0 0 
6454 1565 954 829 894 209 0 0 0 0 5240 1604 556 2116 1996 452 692 322 388 1054 24 310 808 572 472 1398 1218 1100 728 34 0 0 
6199 2162 556 599 1244 20 0 0 0 0 4550 1908 1822 1850 1438 1356 874 1342 244 582 242 618 818 460 1622 186 266 316 640 98 0 0 
