339 6 12 19 13 6 14 6 0 12 8 6 6 6 6 6 6 8 6 6 6 7 0 7 0 0 0 0 0 0 0 0 
339 6 6 26 13 7 11 8 0 0 12 12 8 8 6 12 7 4 1 6 6 8 0 6 0 0 0 0 0 0 0 0 
336 6 6 23 15 6 7 13 0 1 12 0 19 6 9 7 5 6 6 7 6 4 0 8 0 0 0 0 0 0 0 0 
341 6 6 18 19 5 8 13 0 6 9 2 15 9 3 11 6 3 7 5 6 9 0 5 0 0 0 0 0 0 0 0 
355 6 0 13 16 3 13 10 0 5 17 5 11 11 6 2 3 3 4 5 0 8 0 10 0 0 0 0 0 0 0 0 
346 6 6 18 14 6 13 7 0 4 10 5 19 8 6 10 6 6 3 13 0 0 0 0 0 0 0 0 0 0 0 0 
346 6 0 25 13 6 10 10 0 12 8 4 14 0 0 17 6 6 3 6 8 6 0 0 0 0 0 0 0 0 0 0 
345 7 0 23 16 7 6 12 0 12 9 12 6 0 7 7 7 4 0 0 12 6 0 7 0 0 0 0 0 0 0 0 
350 7 2 13 19 2 10 13 0 6 5 12 14 4 11 8 2 8 0 2 6 4 0 9 0 0 0 0 0 0 0 0 
348 12 8 14 14 0 12 8 0 6 11 2 17 6 0 11 7 11 0 4 13 2 0 6 0 0 0 0 0 0 0 0 
345 13 7 27 12 5 8 6 0 6 7 5 13 8 6 13 2 5 6 0 3 9 0 6 0 0 0 0 0 0 0 0 
346 13 8 29 8 6 7 6 0 14 5 1 12 11 17 8 0 2 0 0 0 3 0 16 0 0 0 0 0 0 0 0 
345 14 11 28 6 6 6 6 0 0 13 6 14 1 1 11 7 11 6 0 0 0 0 20 0 0 0 0 0 0 0 0 
346 12 11 22 13 6 7 7 0 6 12 0 12 12 0 0 20 7 0 0 0 11 0 8 0 0 0 0 0 0 0 0 
346 12 13 20 13 1 12 7 0 6 6 6 12 0 12 0 15 6 6 0 12 1 0 6 0 0 0 0 0 0 0 0 
345 12 6 32 7 7 12 1 0 1 0 7 24 1 0 0 0 0 2 13 12 12 0 18 0 0 0 0 0 0 0 0 
346 13 14 18 12 5 2 12 0 6 1 12 13 11 2 0 0 9 4 13 12 1 0 6 0 0 0 0 0 0 0 0 
345 13 13 17 15 0 6 13 0 5 7 7 13 0 10 4 10 3 0 12 0 11 0 8 0 0 0 0 0 0 0 0 
348 10 9 23 18 2 8 12 0 0 10 4 10 4 4 12 9 1 0 10 1 1 0 16 0 0 0 0 0 0 0 0 
349 0 6 33 16 6 14 12 2 6 2 2 0 5 3 4 14 6 2 9 6 5 0 8 0 0 0 0 0 0 0 0 
340 6 12 18 10 4 12 10 4 6 10 10 6 7 8 6 6 8 4 6 7 0 0 6 0 0 0 0 0 0 0 0 
340 6 6 25 9 4 13 9 4 0 13 6 13 12 7 4 6 7 4 3 8 0 0 6 0 0 0 0 0 0 0 0 
339 7 7 21 11 6 8 11 6 4 9 0 19 12 5 7 7 2 12 0 6 0 4 4 0 0 0 0 0 0 0 0 
346 7 5 15 12 6 7 12 6 8 12 2 16 6 3 5 2 4 12 0 2 2 6 4 0 0 0 0 0 0 0 0 
351 6 2 17 9 5 12 9 5 0 14 6 22 15 5 5 5 2 5 3 0 0 2 2 0 0 0 0 0 0 0 0 
345 7 4 23 9 3 13 9 3 7 9 4 19 3 6 6 6 10 12 7 0 0 0 0 0 0 0 0 0 0 0 0 
347 7 0 23 9 5 11 9 5 17 9 8 5 0 6 11 6 2 3 2 10 2 0 0 0 0 0 0 0 0 0 0 
345 6 0 21 12 6 8 12 6 6 12 12 8 5 6 2 6 5 0 0 14 0 6 6 0 0 0 0 0 0 0 0 
352 7 5 8 12 7 6 12 7 5 0 10 19 13 1 12 1 12 4 0 5 0 6 0 0 0 0 0 0 0 0 0 
346 13 7 24 7 6 6 7 6 7 12 0 17 8 6 6 6 7 2 0 13 0 0 0 0 0 0 0 0 0 0 0 
345 12 6 27 6 6 8 6 6 8 6 6 12 7 13 6 0 6 6 0 0 0 0 8 0 0 0 0 0 0 0 0 
