197 0 0 0 0 0 0 0 0 0 0 0 0 0 0 0 0 0 0 0 0 0 0 0 0 0 0 0 4 0 204 203 
0 93 0 0 0 0 0 2081 0 93 0 0 0 0 0 0 0 0 0 182 0 0 96 0 0 0 94 0 0 0 94 97 
0 44 0 0 0 0 0 0 0 0 0 0 44 0 44 43 82 0 0 43 44 0 46 0 0 0 0 0 0 44 0 0 
0 0 0 0 0 0 0 0 0 0 0 0 0 0 0 0 0 0 0 0 0 0 0 0 0 0 0 0 0 0 0 0 
0 5 13 0 0 0 0 0 0 0 0 0 0 0 0 0 0 0 0 0 0 0 0 221 0 0 5 5 0 0 0 0 
0 11 0 0 0 0 0 2 0 0 11 0 0 0 0 0 0 0 1 0 18 2 0 0 0 0 0 0 0 0 0 0 
0 0 0 0 3 0 2 0 0 0 0 0 0 0 0 0 0 0 0 0 0 0 0 4 0 0 0 0 0 0 0 0 
28 30 14 1 0 0 2 0 1 0 0 0 30 0 0 0 0 66 0 0 0 0 0 0 3 19 1 0 0 0 47 0 
0 5 0 0 0 0 0 0 0 0 0 0 0 0 0 0 0 0 0 0 0 0 0 0 0 0 0 0 0 1 0 0 
0 0 0 0 0 0 0 0 0 0 0 0 0 0 0 0 0 3 0 0 0 0 0 0 9 18 0 9 0 0 0 0 
0 1 2 0 113 0 10 0 0 0 11 2 0 10 0 0 0 0 0 10 0 0 0 0 0 0 0 0 1 0 0 0 
0 58 54 55 0 53 0 58 0 1 0 0 60 58 0 0 0 0 0 0 58 0 0 0 0 0 0 0 0 2 1 0 
0 0 0 0 0 0 0 0 0 0 0 0 0 0 0 0 0 0 0 0 0 0 0 0 0 0 0 0 0 37 0 0 
0 0 0 16 0 16 0 0 16 0 16 16 0 16 0 0 0 30 0 0 0 0 0 16 0 0 16 0 16 401 16 16 
0 0 0 0 0 0 0 0 0 0 0 0 0 0 0 0 0 0 0 0 0 0 0 0 0 0 0 0 0 0 0 0 
0 2 0 1 1 0 0 0 0 1 0 0 2 1 1 1 1 0 1 1 0 0 1 1 0 0 1 1 1 1 0 2 
0 0 0 0 0 0 0 0 0 0 0 0 0 0 0 0 0 0 0 0 0 0 7 0 0 0 0 0 0 0 0 0 
0 245 0 137 169 0 0 25 0 0 0 0 0 0 0 0 0 15 14 143 145 0 143 0 146 160 0 145 0 145 160 0 
0 0 0 0 0 0 0 37 0 0 0 0 0 0 0 334 0 0 25 0 0 0 0 0 0 0 0 79 2563 0 25 0 
0 0 0 0 0 65 0 0 0 0 0 0 0 0 0 0 0 0 0 0 0 0 384 0 0 0 0 0 0 0 0 0 
106 0 0 0 0 0 0 0 0 0 0 0 0 0 0 0 0 0 0 0 0 0 0 0 0 0 0 0 0 0 0 0 
0 0 0 0 15 0 0 105 0 103 0 0 0 0 112 0 0 149 0 76 0 20 0 42 23 16 0 15 31 0 0 0 
93 0 0 309 21 0 0 0 0 0 0 0 0 0 0 0 107 0 0 0 0 0 105 0 0 104 0 0 0 0 0 0 
0 0 0 40 0 155 0 0 0 0 0 0 0 0 0 0 0 0 0 0 0 0 0 0 0 323 576 316 0 0 0 0 
0 0 0 0 44 374 0 0 0 0 0 0 0 0 0 0 287 0 13 0 0 0 0 0 0 0 12 0 0 0 0 0 
61 65 0 0 62 64 64 0 0 124 0 0 0 0 0 65 0 0 0 0 0 0 0 0 0 0 0 164 0 0 0 64 
0 0 0 17 0 0 10 0 0 0 0 8 0 0 0 0 0 0 0 0 0 0 0 0 0 0 0 0 0 0 7 0 
0 14 0 14 4 2 0 0 0 15 0 0 0 4 0 2 17 0 0 0 0 0 0 13 14 0 0 0 15 14 2 0 
0 0 0 0 0 5 0 0 0 0 0 0 0 0 0 0 0 0 5 0 0 8 0 0 0 0 0 0 0 0 0 0 
0 0 0 0 0 0 0 0 0 1 99 0 0 0 0 0 0 81 0 0 0 0 0 0 82 0 0 0 0 80 0 0 
0 0 0 0 16 1298 18 0 0 0 0 0 0 15 0 0 0 0 0 202 0 0 2 0 0 1496 16 0 19 32 0 0 
0 0 0 4 0 6 0 167 0 0 9 0 0 0 0 0 0 3 0 0 0 0 0 0 0 0 0 0 0 8 5 0 
0 4 0 0 0 24 0 23 0 24 0 0 0 0 0 0 4 44 0 0 0 0 0 0 0 0 0 0 0 0 0 4 
0 0 0 0 0 0 0 0 0 0 0 0 0 0 0 0 0 0 0 0 0 0 0 0 0 0 0 0 0 5 0 0 
0 0 50 0 0 0 0 0 0 0 27 26 0 0 27 0 26 26 25 0 0 25 88 0 0 50 26 0 2563 0 0 25 
0 0 0 0 0 0 0 0 0 0 0 0 0 0 0 0 0 0 0 0 0 0 0 0 0 0 0 0 0 0 0 0 
0 0 0 0 0 0 0 0 44 43 46 0 0 0 0 44 0 46 0 90 0 0 0 0 0 0 0 0 0 0 0 0 
0 0 0 0 0 15 0 0 14 0 0 17 0 0 0 0 0 0 0 16 0 14 0 0 0 0 0 0 0 16 0 0 
0 13 304 0 174 0 0 0 173 0 0 178 0 0 0 0 0 0 0 0 0 18 17 221 172 0 17 0 0 0 0 0 
0 0 0 0 0 0 0 0 0 0 0 0 0 0 0 0 0 0 0 0 0 0 0 0 0 0 0 0 0 0 0 0 
0 0 0 0 0 0 0 0 0 0 0 0 0 0 0 10 0 0 0 0 0 0 0 0 0 0 0 0 0 0 0 0 
0 0 18 0 0 0 0 0 0 0 0 0 15 0 914 0 0 0 0 0 0 0 0 0 0 0 0 15 0 0 916 972 
0 0 0 0 12 0 97 0 12 12 0 0 0 12 0 0 13 0 0 0 0 0 0 0 12 12 0 0 0 12 0 12 
0 0 0 0 0 0 0 0 0 0 0 150 231 0 0 0 0 0 0 1516 0 0 0 0 154 0 0 0 0 0 0 0 
0 0 0 0 0 0 16 0 0 0 0 0 5 0 0 0 0 4 0 7 0 0 0 0 0 0 10 0 3 0 0 0 
0 0 0 0 0 0 0 0 0 0 0 0 0 0 0 0 0 0 0 0 0 0 0 0 0 0 0 0 0 0 0 0 
0 0 0 0 0 0 0 0 0 0 0 0 0 0 0 0 0 0 0 0 0 0 0 0 0 0 0 0 0 0 0 0 
0 0 0 0 0 0 0 0 0 0 0 0 9 0 0 1641 0 0 0 0 0 0 0 0 0 0 0 0 0 0 0 0 
5 0 0 0 0 8 0 0 0 0 0 0 0 68 35 0 0 7 0 0 0 0 34 0 16 0 0 0 0 0 0 0 
0 0 0 0 0 0 0 0 0 0 0 0 0 0 0 0 0 0 0 0 0 0 0 0 0 0 0 0 0 0 0 0 
0 0 0 0 0 0 0 0 0 0 0 0 0 0 0 0 0 0 0 0 0 0 0 0 0 0 0 0 0 0 0 0 
0 0 0 0 0 0 0 0 0 0 0 0 0 0 0 0 0 0 0 0 0 0 0 0 0 0 0 0 0 363 38 0 
0 0 0 0 0 0 0 0 0 0 0 0 0 0 0 0 0 0 0 0 0 0 0 0 0 0 0 0 0 0 0 0 
0 0 62 0 0 0 0 0 0 0 0 0 0 0 0 0 0 0 0 0 0 0 0 0 0 0 0 0 0 0 0 0 
16 16 0 0 0 0 17 16 0 0 0 18 0 16 0 0 0 16 16 0 0 0 0 0 16 0 0 28 0 0 0 0 
0 0 0 0 0 0 0 0 0 0 0 0 0 0 0 0 0 0 0 0 0 0 0 0 0 0 0 0 0 0 0 0 
0 0 0 0 0 0 0 0 0 0 0 0 0 0 0 0 0 0 0 0 0 7 0 0 0 0 0 0 0 0 0 8 
0 0 0 0 0 0 0 0 0 0 0 0 0 0 0 0 0 0 0 0 0 11 0 0 0 0 0 0 0 0 0 0 
0 0 0 0 0 355 0 335 0 361 357 0 0 0 356 344 346 37 0 0 0 11 2 355 0 11 0 0 0 0 412 0 
0 0 0 0 0 0 0 0 12 0 0 0 0 0 0 0 4 0 11 0 0 0 13 0 0 0 0 0 0 6 0 0 
0 0 0 0 0 0 0 0 0 0 9 0 7 0 0 0 0 0 0 0 0 0 0 0 0 11 0 0 0 0 0 0 
0 0 0 0 0 0 0 0 0 0 0 0 0 0 0 0 0 0 0 0 0 0 0 0 0 0 0 0 0 0 0 0 
0 0 0 0 0 0 542 0 0 0 0 26 0 0 0 146 0 26 0 0 0 0 26 0 0 0 0 0 566 25 28 5 
0 2 0 0 0 0 0 0 0 0 0 0 0 0 0 0 0 0 0 0 0 0 0 0 0 0 0 0 0 2 2 119 
2264 0 0 0 0 0 0 0 0 0 0 0 0 0 0 0 0 0 0 0 0 0 0 0 0 0 0 0 317 0 0 0 
0 0 0 0 0 0 0 0 0 0 0 0 15 0 0 0 0 0 0 0 0 0 0 0 0 0 0 0 2 0 0 0 
0 0 0 0 0 0 0 0 0 0 0 0 0 0 0 0 0 0 0 0 0 0 0 0 0 0 0 0 0 0 0 0 
0 0 0 0 0 0 0 0 0 0 0 0 0 0 0 0 0 0 0 0 0 0 0 0 0 0 0 0 0 0 0 279 
0 0 754 0 0 0 0 0 0 747 743 0 0 0 0 0 0 745 0 0 0 0 749 0 0 0 750 0 0 0 1483 170 
0 0 0 0 0 0 0 0 0 0 0 0 0 0 0 0 0 0 0 0 0 0 0 12 0 0 0 0 0 0 0 8 
0 0 0 0 0 0 0 0 0 0 0 0 0 0 0 0 0 0 0 0 0 0 0 0 0 0 0 0 0 0 0 0 
0 0 41 0 0 38 17 51 0 0 40 0 12 31 33 0 0 0 93 0 2539 218 12 2 88 0 0 0 0 12 0 0 
0 0 0 0 0 0 0 0 0 0 0 0 0 0 0 0 0 0 0 0 0 0 0 0 0 0 0 0 0 0 0 0 
8 0 0 0 0 0 0 0 12 13 0 0 0 0 0 0 0 0 0 22 13 0 0 0 14 6 0 16 0 4 0 0 
4 0 6 1 0 0 6 0 0 1 39 0 3 8 0 1 0 1 0 12 0 0 0 0 0 5 0 0 0 6 3 0 
0 0 0 0 0 0 0 0 0 0 0 0 0 0 0 0 0 0 0 0 0 0 0 0 0 0 0 0 0 0 0 0 
0 0 0 61 0 0 0 0 0 0 0 0 0 0 54 0 0 0 75 0 227 0 0 0 0 0 0 0 157 0 76 0 
0 0 0 0 0 0 0 0 0 0 0 0 0 0 0 0 0 0 0 0 2539 0 15 0 0 0 0 0 0 0 0 0 
0 1 0 0 0 0 0 2 1 0 0 0 2 1 0 0 0 1 1 6 0 1 0 1 0 0 0 0 0 1 3 1 
0 0 32 0 32 0 0 62 0 0 0 31 0 0 0 0 30 0 29 61 31 0 0 31 62 0 31 0 104 32 32 0 
0 0 0 0 0 0 0 0 0 0 0 0 0 0 0 0 0 0 0 0 0 0 0 0 0 0 0 0 0 0 0 0 
0 0 0 0 0 0 0 0 30 0 0 0 0 0 0 0 0 0 0 0 0 0 0 0 0 0 0 0 0 0 0 0 
0 0 0 0 0 0 0 0 0 4 0 0 0 0 0 0 0 0 0 0 0 0 6 0 0 0 0 0 0 0 0 0 
0 0 0 0 0 0 0 0 0 0 0 92 0 0 0 0 0 0 0 0 0 0 0 0 0 0 0 0 0 0 0 0 
0 0 0 56 0 36 0 0 0 36 0 41 0 0 0 0 0 0 0 0 0 0 0 0 0 0 2085 35 0 35 0 19 
23 43 18 65 0 0 0 20 0 14 51 0 21 24 0 32 0 0 0 0 24 19 0 19 20 0 19 19 2 0 0 65 
0 0 0 0 0 0 0 2 0 0 0 0 0 0 0 0 0 0 0 0 0 0 0 9 0 0 0 0 0 0 0 0 
0 0 0 0 0 0 0 4 0 0 0 0 0 0 0 0 79 0 0 0 0 0 0 0 0 0 0 0 0 79 0 0 
21 0 0 19 0 0 0 0 0 0 0 0 0 0 0 0 0 0 0 0 0 0 0 22 20 2 0 0 19 34 246 27 
9 0 0 37 37 0 0 0 0 18 0 0 40 10 36 35 0 0 65 0 37 0 10 40 0 10 10 0 1332 45 0 0 
0 18 0 18 0 34 0 0 18 0 0 18 0 0 0 0 34 34 18 18 0 18 18 18 18 0 0 18 18 18 0 0 
0 0 0 9 0 0 0 0 0 9 0 0 0 0 0 0 9 0 0 16 0 0 9 0 0 0 9 0 0 0 17 0 
0 0 0 0 0 0 0 0 0 0 0 0 0 0 0 0 0 0 0 0 0 0 0 0 0 0 0 0 0 0 0 0 
0 0 0 0 183 0 3 0 0 0 0 0 0 0 0 0 0 0 0 0 0 0 0 0 0 0 0 0 0 0 0 3 
0 2 213 2 0 1 0 1 0 1 1 0 0 0 0 0 1 0 0 0 1 0 0 2 0 0 2085 4 0 0 0 0 
0 0 0 0 0 7 0 16 4 209 0 7 0 17 0 0 1 0 0 0 0 0 0 0 0 0 0 0 0 0 0 0 
39 0 2 0 0 49 81 2 0 0 0 0 0 1 0 3 2 2 0 0 0 0 1 0 0 2 0 2 2 0 0 43 
0 0 0 0 0 0 0 0 0 0 0 0 0 0 0 32 0 0 0 0 0 0 0 0 0 0 0 0 0 0 0 0 
0 0 0 0 0 0 0 0 0 0 0 0 0 0 0 0 0 0 0 0 0 0 0 0 0 0 0 0 0 0 0 0 
0 0 0 0 0 0 0 0 0 0 0 92 0 0 0 0 0 0 11 0 0 0 0 0 9 105 4 0 0 2 0 0 
0 0 0 0 0 0 0 0 0 0 0 0 0 0 0 0 0 0 0 0 0 0 0 0 0 0 0 0 0 0 0 0 
0 0 0 0 20 20 0 0 20 0 19 20 0 0 0 0 20 20 0 0 0 0 0 106 0 0 0 0 0 0 0 20 
0 0 0 0 0 0 0 0 0 0 0 0 0 0 0 0 0 5 0 0 5 0 0 0 0 5 5 0 0 0 0 0 
0 0 0 0 30 0 0 0 0 0 0 31 0 0 0 0 0 0 0 0 0 32 0 0 0 31 0 0 34 26 0 0 
0 0 0 0 0 0 0 0 0 0 0 0 0 0 0 0 0 0 0 0 0 0 0 0 0 0 0 0 0 0 0 0 
0 0 0 0 0 0 0 0 0 0 0 0 0 0 0 126 0 0 0 149 0 0 0 0 0 0 0 0 0 0 0 132 
0 55 0 0 0 0 52 0 79 5 0 0 54 0 2 60 0 111 0 0 60 53 54 0 0 15 16 0 0 0 49 78 
0 0 0 0 0 17 0 0 0 0 0 3 35 0 0 0 18 0 0 0 0 0 0 0 0 0 0 0 0 0 17 32 
0 0 0 6 0 0 0 0 0 0 7 0 0 0 0 0 0 0 7 0 12 0 0 0 0 0 0 0 0 0 0 0 
0 0 0 0 0 0 0 0 0 0 0 0 0 0 0 0 0 0 0 0 0 0 0 0 0 0 0 0 1332 0 0 0 
34 0 34 31 0 103 0 41 12 0 41 34 44 45 0 0 0 16 38 0 0 0 0 13 331 12 0 0 6 0 0 0 
0 16 0 16 0 1 1 1 16 16 0 16 0 0 0 0 415 0 0 15 16 0 0 0 0 0 0 0 0 0 32 0 
0 0 0 0 0 0 27 0 0 0 0 0 22 21 0 0 0 0 0 0 0 0 0 0 0 0 0 0 0 0 22 40 
0 297 0 0 0 7 0 0 0 26 0 0 0 0 7 0 0 0 0 20 0 0 0 0 0 0 0 0 0 0 4 0 
0 0 0 0 0 0 0 0 2 0 0 0 0 0 0 0 0 0 0 0 0 0 0 0 0 0 0 0 0 0 0 16 
0 0 0 0 293 0 0 0 0 0 0 0 0 0 0 0 0 0 0 0 0 0 0 0 0 0 0 0 0 19 0 0 
0 0 0 0 0 0 0 0 0 0 197 0 0 0 0 0 0 0 0 0 0 393 253 0 0 0 198 0 195 198 598 612 
7 0 0 8 0 0 8 0 8 0 8 0 8 14 0 0 0 0 0 0 0 0 0 0 0 0 0 0 0 0 0 0 
0 0 0 0 0 0 0 0 0 0 0 0 0 0 0 0 0 0 0 0 0 0 0 0 0 0 0 0 0 0 0 0 
16 0 0 0 0 0 1 0 0 0 0 0 0 0 0 0 0 0 0 14 0 0 0 0 0 0 0 0 0 0 0 0 
0 0 0 0 0 0 0 0 0 0 0 0 0 0 0 0 0 0 0 0 0 0 0 0 0 0 0 0 0 0 0 0 
0 2346 0 0 0 18 0 18 0 0 0 0 0 0 0 0 0 0 0 0 0 0 0 18 0 0 0 25 0 17 0 0 
0 0 0 0 18 0 0 0 0 0 0 0 0 0 0 0 0 0 0 0 0 0 0 0 0 0 0 0 0 0 0 0 
21 0 0 0 0 0 0 0 0 0 0 0 2 10 2 0 0 0 0 0 0 0 0 0 0 0 0 0 0 0 0 0 
0 0 0 0 8 1004 0 10 0 43 0 0 0 0 0 0 12 1 2 0 0 0 0 0 124 22 0 11 0 0 11 11 
0 0 0 0 0 0 0 0 0 0 0 0 0 0 0 0 0 0 0 0 0 0 0 0 0 17 0 0 0 0 0 0 
0 0 0 0 0 0 14 50 0 0 0 0 0 0 0 0 0 0 70 0 0 0 0 10 0 0 0 0 0 0 0 0 
0 0 36 35 0 35 5 36 0 0 23 0 0 5 0 42 3 42 0 0 0 0 36 6 34 3 0 0 0 53 0 6 
0 0 11 0 11 0 0 0 105 0 0 0 0 0 0 0 11 0 0 0 0 10 0 116 0 11 0 0 0 11 0 11 
0 0 0 0 0 4 0 0 0 0 0 0 0 0 0 0 0 9 0 0 0 0 0 0 0 0 4 0 0 0 0 0 
0 0 0 0 0 0 0 0 0 0 0 0 0 0 0 12 0 0 0 0 116 0 0 0 0 0 0 0 0 0 0 0 
0 0 0 0 0 0 0 0 0 0 0 0 0 0 0 0 0 0 0 0 0 0 0 0 0 0 0 0 0 0 0 0 
0 0 0 0 0 0 16 0 20 0 0 17 0 0 1 0 0 0 0 22 0 0 19 0 1 0 1 18 0 2 18 0 
0 0 0 289 0 300 286 0 296 0 0 296 0 287 0 0 0 0 0 0 0 0 0 0 309 0 0 0 2939 429 0 291 
0 0 135 0 0 60 0 0 0 0 0 0 0 0 0 0 0 56 61 0 0 0 0 0 2590 0 0 0 0 72 0 56 
56 0 0 0 0 0 0 0 0 110 0 0 0 0 0 0 0 0 0 0 0 0 0 0 0 0 0 0 0 0 0 0 
0 0 0 0 0 740 0 0 0 0 0 0 0 0 679 0 0 0 0 0 0 0 914 0 0 0 0 0 0 0 0 0 
0 0 0 0 0 0 0 0 0 0 0 0 0 0 0 0 0 0 0 0 0 0 0 0 0 0 0 0 0 0 0 41 
0 0 0 0 0 0 0 0 0 0 0 0 0 0 0 0 0 0 0 0 0 0 0 29 0 0 23 0 0 0 14 18 
0 0 0 0 0 170 0 0 0 67 0 0 1070 275 87 0 0 0 0 0 1187 0 1808 0 0 0 0 0 0 139 0 362 
0 0 0 0 0 0 0 0 0 0 0 0 0 0 0 0 0 0 0 0 0 0 0 0 0 0 0 0 0 0 0 0 
0 0 0 0 0 0 23 0 0 26 26 0 0 0 0 1 0 27 0 0 0 0 0 0 0 0 0 26 26 0 0 0 
0 18 0 18 18 18 18 0 18 0 0 18 34 0 0 0 17 18 0 0 0 48 0 0 67 0 51 34 0 0 0 0 
0 0 0 0 0 0 0 0 0 0 0 0 0 0 0 0 0 0 0 0 0 0 0 0 0 0 0 0 0 0 0 0 
0 0 0 0 0 0 0 0 0 0 0 0 0 0 0 0 0 0 0 0 0 0 0 0 0 0 0 0 0 0 0 0 
14 0 0 0 9 0 47 0 0 0 0 0 10 0 9 0 0 0 0 0 0 9 15 0 0 0 0 0 9 0 9 0 
30 0 0 0 0 0 4 0 0 0 0 0 0 0 33 0 0 0 38 4 0 0 0 0 36 0 0 33 32 0 0 31 
706 0 0 0 700 0 355 462 0 0 0 0 359 0 0 353 0 0 0 0 23 0 63 313 0 0 355 0 0 0 0 0 
0 0 0 0 0 0 0 9 0 12 1 0 0 9 0 0 0 10 0 0 0 1 0 11 0 0 0 0 0 0 0 14 
0 0 0 0 0 14 0 0 0 0 0 0 0 0 0 0 0 0 0 0 0 0 0 0 0 0 0 0 0 0 0 0 
0 0 0 0 0 0 0 0 819 0 0 0 0 0 0 0 0 0 0 0 0 0 0 0 0 0 0 136 0 0 0 145 
0 0 695 0 0 0 0 0 0 0 0 100 0 0 0 0 0 21 0 0 0 0 0 0 0 0 0 7 0 0 0 0 
0 0 0 0 0 0 0 0 0 0 0 0 0 0 0 0 0 0 0 0 0 0 0 0 0 0 0 0 0 157 0 0 
0 49 0 0 51 0 0 0 0 0 0 0 0 0 0 0 0 50 0 0 0 0 0 111 0 0 0 0 53 105 0 0 
0 0 0 0 0 0 3 0 0 0 0 0 0 0 0 0 0 0 0 0 0 0 0 0 0 0 0 0 0 0 0 0 
51 0 0 0 0 52 0 0 0 0 100 0 49 51 0 0 0 0 50 0 0 0 101 0 0 0 0 51 0 0 51 0 
0 0 0 0 0 0 0 0 0 0 0 0 0 1 0 1 0 0 0 0 0 0 0 0 0 0 0 0 0 0 0 0 
45 0 59 0 0 40 12 0 0 43 7 0 0 42 7 0 7 0 0 0 84 0 0 0 43 42 43 43 44 0 0 42 
0 0 0 0 0 0 0 0 2060 0 0 0 0 0 0 0 0 0 0 0 0 0 0 0 0 0 0 0 0 0 0 103 
23 0 0 0 0 0 0 0 0 0 0 0 0 0 0 0 0 0 859 99 0 20 0 0 0 0 0 38 0 0 0 0 
0 0 0 0 0 0 0 0 0 0 0 0 0 2 0 0 0 0 0 0 0 0 0 0 0 0 0 0 0 0 0 0 
1 0 0 6 0 0 0 402 12 0 0 0 0 0 0 0 0 0 0 0 0 0 0 0 0 69 0 0 0 0 0 65 
0 0 0 0 0 0 0 0 0 0 0 0 0 0 0 0 0 0 0 0 0 0 0 0 0 0 0 0 0 0 0 0 
0 0 131 0 0 0 0 6 0 0 0 0 0 0 0 0 0 0 7 0 0 131 0 0 8 0 0 0 0 0 0 0 
0 0 0 0 0 0 0 5 0 0 0 0 0 0 4 5 0 5 0 0 0 0 0 0 0 0 0 0 0 0 0 0 
0 1 0 0 0 0 1 0 0 1 0 1 0 0 0 0 0 0 2 0 1 0 0 0 1 0 0 0 0 0 0 0 
0 0 0 0 0 0 0 0 0 0 0 0 0 0 0 0 0 0 0 0 0 0 0 0 0 0 0 0 0 0 0 0 
0 0 2 0 0 0 0 0 0 0 0 0 0 0 0 0 0 0 0 0 0 0 0 0 0 0 0 0 0 0 0 0 
0 0 0 0 0 1282 0 0 22 0 0 0 24 0 0 43 0 24 0 0 0 0 24 0 24 1504 44 0 21 0 0 0 
0 0 0 0 0 0 0 0 0 0 0 0 0 0 0 0 0 0 0 0 0 0 0 0 0 323 324 316 0 0 0 0 
0 0 0 0 0 0 0 0 0 0 0 0 0 0 0 0 0 0 0 0 0 0 0 0 0 0 0 0 0 0 0 0 
0 0 0 0 0 0 0 0 0 0 0 0 17 0 0 0 0 0 0 0 0 0 0 0 0 0 0 0 0 0 0 17 
0 0 0 0 0 0 0 0 0 0 0 0 0 0 0 0 0 0 0 0 0 0 0 0 0 0 0 0 0 0 0 279 
0 0 1 0 1 0 0 0 0 0 0 0 0 0 0 0 0 2 0 0 0 0 0 4 1 0 0 0 0 0 0 0 
91 0 0 0 0 0 84 0 0 0 0 0 0 0 0 105 0 0 0 97 0 0 0 20 0 0 0 0 0 0 0 0 
0 0 0 0 0 0 0 0 0 0 0 0 14 0 0 0 0 0 0 0 0 0 0 0 0 0 0 0 0 0 0 0 
0 0 0 0 0 0 11 0 0 0 0 0 0 11 11 0 0 0 0 0 0 0 11 11 0 0 20 0 11 0 11 11 
0 0 0 0 0 0 0 0 0 0 0 0 0 0 0 0 0 0 0 0 0 0 0 0 0 0 0 0 0 0 0 0 
0 0 0 0 0 16 0 0 15 0 16 16 0 0 30 0 0 0 0 0 0 16 16 0 0 0 0 0 0 0 0 0 
0 0 0 0 0 0 0 0 0 0 0 0 0 0 0 0 0 0 0 0 156 0 0 0 0 158 304 0 0 307 311 617 
6 0 0 0 0 0 0 25 0 0 0 20 0 0 0 0 0 0 0 0 0 0 23 0 5 0 0 0 0 0 24 0 
10 0 0 0 0 0 0 0 0 0 0 0 12 0 0 0 0 0 12 0 0 0 0 0 11 0 0 0 0 21 1 0 
0 0 0 0 0 0 0 0 0 0 0 0 0 0 0 0 0 0 0 0 11 0 0 0 0 0 0 0 0 0 0 0 
0 0 1 1 0 0 2058 0 0 1 0 0 0 0 41 0 0 1 1 0 0 4 0 0 0 1 1 1 0 0 0 0 
0 0 0 0 0 0 0 0 0 0 0 0 0 0 0 0 0 0 0 0 0 0 0 0 0 0 0 0 0 0 0 18 
0 14 0 0 0 0 0 87 0 0 133 0 14 79 1 0 0 9 0 21 2539 0 89 0 0 19 116 0 172 0 0 0 
121 0 118 0 0 0 0 0 0 117 159 183 0 0 0 118 0 119 253 0 0 0 0 117 167 0 0 0 0 240 0 0 
0 0 0 0 0 202 0 74 0 0 96 0 0 0 0 1 103 121 0 0 0 0 213 0 97 0 1 0 99 0 0 2 
0 0 0 0 0 0 0 0 0 0 0 0 0 0 0 0 0 0 0 0 0 0 0 0 0 0 0 0 0 0 0 0 
0 0 0 0 0 0 0 0 0 0 0 0 0 0 1 0 0 0 0 0 0 0 0 0 0 0 0 0 0 0 0 0 
0 0 0 0 0 0 0 0 0 6 0 0 159 0 0 0 0 0 0 0 0 0 0 0 0 0 0 0 0 0 0 0 
0 0 0 0 0 0 0 0 0 0 0 27 0 0 0 0 0 0 0 0 0 0 0 0 0 0 0 0 0 0 0 0 
0 1 0 0 0 0 0 0 0 0 0 0 0 25 0 0 0 99 0 0 0 0 0 93 0 0 0 0 0 0 476 0 
18 0 0 233 0 0 0 0 0 0 0 230 0 0 19 252 2879 27 0 19 0 0 705 0 0 0 0 0 271 0 232 238 
78 59 0 0 0 0 0 0 0 0 0 0 55 0 0 0 10 0 0 0 0 0 0 0 0 32 0 0 0 0 0 0 
0 0 0 0 0 0 0 0 0 0 0 0 0 0 0 0 0 0 0 0 0 0 0 0 0 0 0 0 0 0 0 1 
0 16 18 0 0 0 0 0 16 0 17 0 0 2 22 0 0 0 0 0 0 0 0 0 0 0 0 0 17 0 17 0 
0 0 0 0 351 0 0 0 0 0 0 888 0 0 694 355 2476 0 0 0 0 0 0 0 0 349 0 0 0 0 0 0 
0 0 0 0 0 0 0 0 0 0 0 0 46 0 0 0 114 0 0 0 0 0 0 0 0 83 0 0 1332 0 0 0 
25 0 0 0 0 6 6 0 0 0 32 0 0 0 0 0 27 0 0 27 0 296 0 32 27 0 0 0 2649 27 0 0 
0 0 0 0 0 0 0 0 6 1 0 0 0 6 12 0 0 0 0 0 0 0 0 0 0 6 0 18 0 0 0 0 
0 0 0 0 0 0 0 0 0 0 0 0 0 0 0 0 0 0 0 1 0 0 0 0 0 0 0 0 0 0 0 1 
0 15 0 0 0 14 0 158 22 2 0 0 0 0 0 0 0 0 0 0 15 0 19 47 0 32 58 0 14 0 0 0 
0 0 0 0 0 0 0 0 0 0 0 0 0 0 0 0 0 0 0 0 0 0 0 0 0 0 0 0 0 0 0 154 
0 0 0 0 0 0 0 0 0 0 0 0 0 0 0 0 0 0 0 0 0 0 17 0 0 0 0 0 0 0 57 0 
0 0 0 85 0 0 0 0 0 0 0 0 0 0 0 0 0 0 0 0 0 0 0 0 0 0 0 0 0 0 0 0 
0 0 0 0 0 0 0 0 0 0 0 0 0 0 0 0 3 0 0 0 0 0 0 0 20 0 0 0 0 0 5 0 
0 0 208 106 0 0 0 0 0 0 240 0 0 0 0 0 0 0 0 0 0 0 110 0 0 0 108 0 0 106 0 0 
4 5 0 0 0 5 0 0 0 0 0 0 0 0 0 0 0 0 0 0 0 0 0 0 0 5 0 0 0 0 0 0 
0 0 0 0 31 0 0 0 0 0 65 0 0 0 0 0 0 0 0 126 39 34 0 4 31 35 0 0 0 201 0 29 
0 0 0 0 0 0 0 0 0 0 0 0 0 0 0 5 0 0 0 0 0 0 0 1892 0 0 0 0 0 3 0 0 
0 0 3 0 21 6 0 0 0 0 9 0 4 12 7 2 115 7 0 3 9 5 0 0 12 16 3 3 3 117 0 3 
0 0 0 0 0 0 0 0 0 0 0 0 0 0 0 0 0 0 0 0 0 0 0 0 0 0 0 0 0 0 0 0 
0 0 0 0 0 0 0 0 0 0 0 0 0 1 0 0 1 0 0 0 0 0 0 0 0 0 0 0 0 0 0 0 
14 11 0 0 0 0 0 8 9 0 0 0 0 0 91 0 0 0 0 9 468 0 18 0 0 0 0 0 9 9 10 0 
0 0 0 0 0 0 0 0 0 0 0 0 0 0 0 0 0 0 0 0 0 0 0 0 0 0 53 0 0 0 0 14 
0 0 89 0 93 0 0 2 0 213 0 0 0 2 14 0 0 0 6 0 0 0 0 0 0 0 0 0 96 0 96 0 
0 0 0 0 0 0 0 0 0 0 0 0 0 0 0 0 0 0 0 0 0 0 0 0 65 0 0 0 0 0 0 0 
0 0 0 0 0 0 0 0 0 0 0 0 0 0 0 0 0 0 0 0 0 0 0 0 0 0 0 0 0 0 0 0 
0 0 91 0 0 0 0 0 0 0 0 0 11 0 0 0 0 0 0 6 0 0 0 0 10 1 0 0 0 0 0 0 
0 0 0 0 0 0 0 0 0 0 0 0 0 0 0 0 0 0 0 0 0 0 438 0 0 0 0 0 0 0 0 67 
0 0 0 0 41 558 0 0 0 0 0 0 0 0 0 0 0 43 0 0 2645 0 0 0 0 0 0 0 0 45 0 0 
46 0 0 14 0 40 0 26 14 40 13 0 0 0 0 14 0 14 0 14 26 41 0 0 0 41 40 0 0 14 14 14 
0 8 8 0 11 0 8 0 0 0 0 0 0 0 8 0 0 0 0 0 0 8 0 0 0 0 0 0 0 0 8 0 
0 0 0 0 0 0 0 0 0 0 0 0 0 0 0 0 0 0 0 0 0 0 0 0 8 0 0 0 0 0 0 0 
0 0 0 0 0 0 0 212 0 23 0 0 0 0 0 0 0 1 0 0 0 0 0 0 0 1 0 0 0 0 0 0 
0 0 0 0 0 136 18 0 0 0 0 0 0 135 17 0 14 0 0 0 0 8 0 0 0 0 0 0 0 0 0 0 
0 0 0 0 0 0 0 0 0 0 275 7 0 0 0 0 0 0 0 0 0 0 0 0 0 9 0 0 0 0 0 0 
0 0 0 0 0 0 0 1 0 0 0 0 0 0 0 0 0 0 0 0 0 0 0 0 0 0 0 0 0 0 0 0 
0 0 0 0 0 0 0 0 0 0 0 0 0 0 0 0 0 0 0 0 0 0 0 0 0 0 0 0 0 0 0 0 
145 0 0 0 0 0 0 0 0 0 0 0 61 0 0 0 0 0 183 0 0 0 0 0 0 0 0 35 0 0 0 0 
0 0 0 0 0 0 0 0 0 0 0 0 0 0 0 0 0 0 0 0 0 0 0 0 0 0 0 0 0 0 0 0 
0 253 0 7 7 0 9 2098 7 0 0 0 0 0 0 0 117 7 120 10 120 0 0 322 0 0 0 119 120 0 0 0 
0 7 0 289 11 300 292 0 302 0 0 296 0 301 0 10 0 0 0 0 0 0 0 0 314 0 0 0 2939 429 0 291 
0 0 0 0 0 0 0 0 0 0 0 0 0 0 0 0 0 0 0 0 0 0 0 0 0 0 0 0 0 0 0 0 
0 0 0 0 13 0 0 0 2690 0 0 0 0 0 0 0 0 0 0 0 0 8 6 0 8 0 0 7 138 0 0 0 
0 0 36 0 0 0 0 0 0 0 0 0 1716 0 173 0 0 4 0 0 0 0 0 0 0 0 0 69 0 0 0 0 
0 5 0 33 0 0 0 10 0 0 0 3 0 0 0 0 5 0 0 0 2 0 0 0 0 0 0 0 0 0 2 0 
0 0 0 0 0 0 9 0 0 0 0 0 0 0 0 0 0 0 0 0 0 0 0 0 0 0 0 0 0 0 0 11 
0 0 0 0 17 0 0 0 0 0 0 0 0 0 0 0 0 0 0 0 0 0 0 0 0 0 0 0 0 0 0 0 
0 0 0 0 0 0 0 0 0 0 0 0 1080 0 0 0 1055 0 0 0 0 0 0 0 0 1086 0 0 42 0 0 955 
0 0 0 0 0 0 0 0 0 0 0 0 0 0 0 0 0 0 0 0 0 0 0 0 0 0 0 0 0 0 0 0 
11 0 0 11 0 0 0 27 0 11 13 22 0 0 0 0 0 0 0 0 0 13 0 2 11 2651 0 0 11 1958 2039 20 
0 0 0 0 0 0 0 0 0 0 91 0 0 0 0 0 0 0 0 0 0 0 0 0 42 119 0 0 0 0 0 0 
0 0 0 0 0 0 0 0 0 0 0 0 0 0 0 0 0 0 0 0 0 0 0 0 0 0 0 0 0 0 0 0 
0 0 0 0 0 0 0 0 272 0 0 0 0 0 0 0 0 0 0 10 0 2719 0 0 0 0 204 0 0 0 0 0 
0 0 0 0 0 0 0 0 0 0 0 0 0 0 0 0 0 0 0 0 0 0 0 0 0 0 0 64 0 0 0 0 
0 0 0 0 0 0 0 0 0 0 0 0 0 0 0 0 0 0 0 0 95 0 0 0 0 0 0 0 0 0 0 0 
0 0 0 0 0 0 0 0 0 0 0 0 0 0 0 0 0 0 0 0 0 0 0 0 0 0 0 0 0 0 0 0 
0 0 0 5 0 0 0 0 288 0 0 5 19 0 0 0 0 0 0 0 0 0 0 4 0 18 0 0 0 0 21 0 
0 0 0 0 0 0 0 0 0 0 0 0 0 0 0 0 0 0 0 0 0 0 0 0 0 0 0 0 0 0 0 0 
0 0 0 0 0 0 0 0 0 0 0 0 0 0 0 0 0 0 0 0 0 0 0 0 0 0 0 0 0 0 0 40 
0 0 0 0 0 0 0 0 0 14 13 13 15 0 0 0 13 0 0 0 0 13 24 0 0 0 0 13 13 0 0 13 
0 0 0 0 0 0 0 0 0 0 0 0 0 0 0 0 0 0 0 0 0 0 0 0 0 0 0 0 0 0 0 0 
0 0 0 0 0 0 0 0 0 0 0 0 0 0 0 0 0 0 0 0 0 0 0 0 0 0 0 0 0 0 0 274 
0 0 0 0 0 0 0 0 0 0 9 0 0 0 0 0 0 0 0 0 0 0 0 0 0 0 0 0 0 0 0 0 
0 16 0 0 0 0 0 0 0 0 109 0 0 0 0 0 0 0 0 0 0 0 0 0 0 0 0 0 0 0 0 2 
0 0 0 0 0 0 0 0 0 0 0 0 0 0 0 0 0 0 0 0 0 0 0 0 0 0 0 0 0 0 0 0 
0 0 0 45 0 0 0 0 0 0 0 0 0 0 0 0 0 0 0 0 0 0 0 0 0 0 0 0 86 0 0 0 
0 0 0 0 0 0 0 0 0 0 0 0 0 0 0 0 0 0 0 0 0 0 0 0 0 0 0 0 0 0 0 0 
0 85 0 0 0 0 0 0 0 0 0 37 38 38 0 0 52 0 38 0 40 0 94 0 0 39 39 15 0 0 0 0 
0 18 0 0 0 0 0 0 0 0 0 0 0 0 0 0 0 0 0 0 0 0 0 0 0 0 0 0 0 0 0 0 
0 0 0 0 0 260 0 0 0 0 0 0 0 0 0 0 0 0 0 258 0 0 0 0 0 0 0 0 0 0 0 260 
0 0 0 0 0 0 0 0 0 0 0 0 0 0 0 0 0 0 0 0 0 0 0 0 0 0 0 0 0 0 0 0 
0 0 0 0 0 0 0 0 0 0 0 0 0 0 0 0 0 0 0 0 0 0 0 0 0 0 0 0 0 0 0 0 
0 0 0 0 0 0 0 0 0 0 0 0 0 0 0 0 0 0 0 0 0 0 0 0 0 0 0 11 0 0 0 0 
0 0 0 0 0 0 59 0 0 0 0 0 0 0 0 10 0 0 0 0 0 0 0 0 0 0 0 0 0 0 0 0 
0 0 0 0 0 14 0 0 15 0 0 0 0 0 0 0 0 0 0 0 0 0 0 0 6 15 0 0 0 15 0 0 
0 0 0 0 0 0 0 0 0 0 0 0 0 0 0 0 0 0 0 0 1 0 0 0 0 0 0 0 0 0 4 0 
0 0 0 0 0 0 0 0 0 5 0 0 0 0 0 0 0 0 0 0 0 0 0 0 0 0 0 0 0 0 0 0 
0 0 0 0 0 0 0 0 0 0 0 0 0 0 0 0 0 0 0 0 0 0 0 0 0 0 0 0 0 0 30 0 
2264 0 0 0 0 0 0 0 0 0 0 85 0 0 0 0 0 0 0 0 0 0 0 0 0 0 0 0 0 0 0 0 
0 0 0 0 0 0 0 0 0 0 0 0 0 0 0 0 0 0 0 0 0 0 0 0 0 0 0 0 1 0 0 0 
0 0 0 0 0 0 0 0 0 8 0 0 0 0 0 0 0 0 0 0 0 0 0 0 0 0 0 0 0 0 0 0 
0 0 0 0 0 0 0 0 0 0 0 0 0 0 0 0 0 0 0 0 0 0 0 0 0 0 0 0 0 0 0 0 
0 0 0 0 0 0 0 0 0 0 0 0 0 0 0 0 0 0 0 0 0 0 0 0 0 0 0 0 0 0 0 121 
0 0 0 0 0 0 0 0 0 0 0 0 0 0 0 0 0 29 0 0 0 0 0 0 0 31 0 0 0 31 0 0 
0 0 0 0 0 0 0 0 0 0 0 0 0 0 0 0 0 0 0 0 0 0 0 69 0 0 0 0 0 0 0 82 
16 0 0 0 1 0 0 0 1 0 0 0 0 0 0 0 0 0 4 0 0 0 1 0 0 0 1 0 0 0 0 0 
10 0 0 11 0 11 11 0 0 27 11 217 0 0 11 0 2476 0 17 0 11 0 0 11 11 0 0 17 17 0 0 17 
0 0 35 35 35 96 64 35 35 0 46 36 42 0 35 0 0 0 0 36 35 35 0 0 0 35 35 68 0 0 0 0 
0 0 0 0 0 0 0 0 0 0 0 0 0 0 0 0 0 0 0 0 0 0 0 0 0 0 0 0 0 0 0 0 
0 0 0 0 0 0 0 0 0 0 0 0 0 0 0 0 0 0 0 0 0 0 0 0 0 0 0 0 0 0 0 3 
33 0 0 0 0 0 0 0 0 37 0 32 0 0 0 0 0 0 67 64 34 0 0 34 0 0 0 34 0 0 0 0 
43 0 0 0 0 43 0 0 45 0 0 0 0 0 0 53 0 0 0 2785 0 138 0 0 0 0 0 0 0 0 0 0 
6 0 0 0 0 48 0 9 8 0 0 0 17 7 1119 2421 0 0 0 9 0 13 0 9 8 0 0 0 0 0 263 0 
0 0 0 0 0 0 0 0 0 0 0 0 0 0 0 0 0 0 0 0 0 0 0 0 0 0 0 0 0 0 0 0 
0 0 0 0 0 0 0 0 0 0 0 0 0 0 0 0 0 0 0 0 0 0 0 0 0 0 0 0 0 0 0 0 
0 0 0 0 0 0 0 162 0 0 0 103 0 0 0 0 0 0 0 8 0 0 0 0 0 0 0 0 253 0 0 0 
29 4 40 0 0 0 0 0 0 0 0 0 0 5 0 0 0 97 0 0 0 0 0 0 0 0 0 0 31 0 0 0 
142 0 11 0 0 10 9 96 2690 0 0 0 48 0 0 0 47 0 0 0 97 0 0 0 0 9 0 0 0 11 50 0 
0 0 0 0 81 0 0 0 0 0 0 0 0 0 0 0 0 0 0 0 0 0 0 0 0 0 0 0 0 0 0 0 
0 0 0 0 0 0 0 0 0 0 0 0 0 0 0 1641 0 0 0 0 0 0 0 0 0 0 0 0 0 0 0 0 
4 0 0 6 0 0 0 0 15 0 0 0 6 0 0 0 0 2067 0 0 0 6 0 0 0 5 0 0 0 0 0 7 
0 0 0 7 0 7 0 0 7 7 0 0 0 0 9 0 0 0 0 0 0 0 0 0 0 0 7 0 0 0 7 0 
0 0 0 0 0 0 0 0 0 0 0 0 0 0 0 0 0 0 0 0 0 0 0 0 0 0 0 0 0 0 0 269 
0 0 59 0 0 0 0 56 0 0 0 58 55 0 0 0 58 3 0 0 0 0 94 0 57 3 3 0 57 0 6 58 
0 0 0 0 0 0 0 0 0 0 0 0 0 0 0 0 0 0 0 0 0 0 0 0 0 0 0 0 0 0 0 14 
0 0 0 0 0 0 0 0 0 0 0 0 0 0 0 0 0 0 0 0 0 0 0 0 0 0 0 0 0 2 0 0 
0 0 0 110 0 0 0 0 0 0 0 0 0 0 0 0 7 0 0 8 13 7 0 0 0 0 6 0 0 7 0 0 
10 0 23 0 0 0 0 0 11 0 0 0 0 0 0 11 0 7 0 0 0 0 0 0 0 0 0 0 0 381 14 0 
0 0 0 0 0 0 0 2 0 0 0 0 0 0 0 0 0 0 0 0 0 0 0 0 0 0 0 0 0 0 0 0 
0 0 0 0 0 0 0 0 0 0 0 0 0 0 0 0 0 0 0 0 0 0 0 0 0 0 0 0 0 0 0 0 
0 11 0 0 0 2 14 0 7 3 0 0 0 0 0 0 0 0 9 0 0 0 0 0 0 0 2 24 167 0 0 0 
0 0 0 0 0 0 0 0 0 0 0 0 0 0 0 0 0 0 0 0 0 0 0 0 0 0 0 0 0 0 0 0 
6 0 2 0 12 355 0 328 24 356 357 2 0 5 356 344 346 0 2 0 0 0 2 357 0 0 3 0 11 9 417 0 
0 0 0 0 0 0 0 0 0 0 0 0 0 0 0 0 0 0 3 0 0 0 0 0 0 0 0 0 0 0 0 0 
0 8 0 0 0 0 0 0 0 8 0 14 0 0 0 14 0 0 0 0 0 8 0 0 0 0 0 0 0 0 8 0 
0 2 0 0 0 0 1 0 0 0 0 0 0 0 0 0 0 0 0 0 0 0 0 1 0 0 0 0 0 0 0 0 
0 0 0 39 0 0 0 0 0 42 0 53 0 0 0 42 1871 41 41 0 0 0 82 0 0 0 0 0 0 80 41 0 
0 0 0 0 0 0 0 366 0 0 0 0 20 19 0 0 0 0 0 0 0 0 0 0 0 0 52 0 0 17 0 0 
0 0 0 0 0 2 0 0 0 0 0 0 0 0 0 0 0 0 0 0 0 0 0 0 0 0 0 0 0 0 3 0 
17 20 0 0 0 0 12 0 0 0 54 0 0 0 20 12 16 0 0 5 0 0 0 0 0 0 0 0 0 22 0 0 
0 0 0 0 0 0 0 0 0 0 0 0 0 0 0 0 0 0 0 0 0 0 0 0 0 0 0 0 0 0 0 0 
0 0 0 0 20 0 0 6 0 0 0 0 2 0 0 0 0 0 0 0 0 0 2569 0 0 0 0 0 0 0 0 0 
0 0 0 0 0 0 0 0 0 0 0 0 0 0 0 0 0 0 0 0 0 0 0 0 0 0 0 0 0 0 0 0 
0 0 0 0 0 0 0 288 0 48 36 0 0 0 0 0 0 0 0 0 0 0 0 0 0 0 37 17 0 0 0 100 
0 0 0 0 0 0 0 40 0 0 38 0 38 0 0 0 0 0 0 0 0 40 0 0 39 0 0 0 0 47 0 0 
0 0 0 52 0 0 0 53 0 0 51 0 52 0 0 0 0 0 0 47 52 0 0 0 0 0 0 0 53 0 50 0 
0 60 16 0 51 76 0 0 0 0 0 32 0 28 0 0 0 56 0 17 27 100 54 140 32 0 23 0 0 17 0 0 
21 0 23 33 24 0 0 0 0 0 22 0 0 54 0 24 0 0 0 23 0 25 0 0 0 0 0 0 0 53 0 0 
0 0 0 0 0 0 0 0 0 0 0 0 0 0 0 0 0 0 0 0 0 0 0 0 0 0 0 0 0 0 0 0 
0 6 0 7 0 0 7 0 0 0 0 0 0 0 0 0 0 7 0 0 0 0 0 0 0 0 0 0 7 0 0 0 
0 0 4 0 0 0 0 0 0 0 0 0 0 0 0 0 0 0 0 0 468 0 0 0 0 0 0 0 0 0 0 0 
0 0 0 0 0 0 0 36 0 36 0 0 0 0 0 0 0 0 0 0 0 0 0 0 0 0 20 0 0 18 0 0 
0 0 0 0 0 0 0 0 0 47 0 0 0 0 0 0 0 49 15 0 0 13 85 0 0 0 0 0 44 17 0 46 
0 0 0 0 0 492 0 0 0 0 0 21 0 20 0 0 0 0 0 0 0 0 40 0 20 40 0 20 0 27 0 0 
0 0 0 0 0 0 0 0 0 18 0 0 0 0 0 0 0 0 0 0 18 0 0 0 0 0 0 0 17 0 61 0 
0 0 0 0 0 0 0 0 0 0 0 0 0 0 0 0 0 0 0 0 0 0 0 1 0 49 0 0 0 1 0 0 
0 0 0 0 0 0 0 0 0 21 0 105 0 0 0 0 0 0 11 0 0 0 0 0 0 0 0 0 0 0 0 0 
0 0 0 0 0 0 0 0 0 0 0 3 0 0 0 0 0 0 0 0 4 0 0 0 2 0 0 0 0 0 2 0 
6 0 0 0 0 0 0 0 0 0 0 0 0 12 0 0 0 0 0 2785 0 0 0 0 0 0 0 0 0 0 168 0 
0 0 0 0 0 0 0 0 0 192 8 0 0 0 0 0 0 0 6 8 0 0 8 0 0 0 8 0 2643 0 0 0 
0 6 0 27 0 0 0 0 0 0 0 0 0 0 0 0 0 0 0 0 0 0 0 0 0 0 0 0 0 0 0 0 
0 0 0 0 1 0 0 0 0 31 0 0 0 0 0 0 0 0 0 0 0 0 0 0 0 0 0 0 115 0 0 0 
0 0 0 0 0 0 0 0 0 0 0 0 0 0 0 0 0 0 0 0 0 0 0 0 0 0 0 0 0 0 0 0 
0 0 0 0 0 0 0 0 0 0 0 0 0 0 0 0 0 0 0 0 0 0 0 0 0 0 0 0 0 6 0 0 
0 0 0 0 0 0 0 0 0 0 0 0 0 0 53 0 0 0 0 0 0 0 0 5 0 0 0 0 0 17 0 0 
0 0 0 0 0 0 0 0 0 0 0 0 0 0 0 0 0 0 0 0 0 1 0 0 0 0 2 0 0 0 0 0 
0 0 0 0 0 0 0 0 0 0 6 0 121 0 0 0 0 0 0 0 0 0 0 0 0 0 0 0 0 0 0 0 
0 0 0 0 0 0 0 0 0 0 0 0 2 0 0 0 0 0 0 0 0 0 0 0 0 0 0 0 0 0 44 0 
0 0 0 8 0 0 0 8 0 8 0 0 0 0 0 0 91 8 0 8 0 8 0 0 0 0 10 0 0 8 0 17 
0 0 6 0 0 797 0 0 0 14 8 0 7 0 843 0 21 822 0 0 15 791 0 0 13 2651 0 0 9 1645 0 0 
11 13 0 13 0 0 0 0 0 13 0 0 0 13 0 12 0 13 0 0 0 0 13 0 0 119 0 13 0 0 0 13 
0 0 0 0 0 0 0 0 0 44 0 0 0 0 0 0 0 0 0 0 0 0 0 0 0 0 0 0 0 20 0 0 
0 0 2768 0 452 0 0 0 0 0 381 0 393 0 0 0 0 0 0 0 0 0 454 455 0 0 0 0 0 12 36 0 
0 0 0 0 0 0 0 0 0 0 0 0 0 0 0 0 0 0 0 0 0 0 0 0 0 0 0 0 0 258 28 0 
0 0 0 0 0 0 0 11 0 0 0 0 0 0 0 0 0 0 0 0 0 0 0 0 0 0 0 0 0 0 0 0 
0 0 0 0 0 0 0 0 14 0 14 14 14 0 0 0 0 0 0 0 0 0 0 13 0 12 0 0 0 0 15 0 
0 0 0 0 0 0 681 680 0 0 686 14 0 0 0 0 0 0 0 12 0 0 10 0 0 0 688 0 0 8 0 0 
0 0 0 0 0 0 0 0 0 0 0 0 0 0 7 0 0 0 0 0 0 0 0 0 0 0 0 0 0 0 0 0 
2264 0 0 0 0 0 0 0 75 73 0 0 73 0 71 0 0 73 74 0 0 0 0 0 0 75 0 0 74 0 0 28 
0 0 0 0 0 0 0 0 0 0 0 0 0 0 0 0 0 0 0 0 0 0 0 0 0 0 0 0 0 0 0 0 
0 0 0 0 0 0 0 118 0 0 0 0 0 0 0 0 0 0 0 0 0 0 0 7 6 0 0 0 8 0 0 0 
0 0 0 0 0 0 0 0 0 0 0 0 0 0 0 0 0 0 0 0 0 0 0 0 0 0 0 0 0 0 0 0 
0 349 0 1 115 0 0 0 0 0 0 0 0 1 1 0 0 0 859 1 0 0 0 723 0 0 0 40 82 2 0 0 
0 0 0 0 0 0 0 0 0 0 0 20 0 0 0 0 0 0 0 0 0 0 0 0 0 0 0 0 0 0 0 0 
0 0 0 0 0 0 0 0 0 0 0 0 0 0 0 0 0 0 0 0 0 0 22 0 0 0 0 0 0 0 0 0 
0 0 0 0 0 0 0 0 0 0 0 0 0 0 0 0 0 0 0 0 0 0 0 0 0 0 0 0 0 0 0 0 
419 0 0 8 21 8 0 0 9 8 0 0 0 0 0 0 0 0 10 3 0 139 0 0 0 0 0 0 0 0 0 410 
0 0 0 0 0 0 0 0 0 0 0 0 0 0 0 12 0 0 0 0 0 0 0 0 0 0 0 0 0 12 272 0 
0 0 0 0 0 0 0 0 0 0 0 0 0 0 0 0 0 0 0 0 0 0 0 0 0 0 0 0 0 0 0 20 
0 0 304 0 70 0 0 0 0 0 0 187 0 0 0 0 0 0 0 1516 0 0 0 221 0 0 0 0 109 0 0 0 
0 0 0 0 0 0 0 0 0 0 0 0 0 0 0 0 0 0 0 0 0 0 0 0 0 0 0 0 0 0 0 89 
0 34 0 0 0 0 0 0 0 0 0 0 0 0 0 0 0 0 0 0 0 0 0 0 0 0 8 0 0 0 0 0 
0 0 0 0 0 0 0 0 0 0 0 0 0 0 0 0 0 0 0 2 0 0 0 0 0 0 0 0 0 0 0 0 
0 0 0 0 0 0 0 0 0 0 0 0 0 0 0 0 0 0 0 0 0 0 0 0 0 0 0 0 0 0 0 18 
0 0 0 0 0 0 0 0 0 0 0 0 0 0 0 0 0 0 0 0 0 0 0 0 0 0 0 0 0 0 0 0 
0 0 0 0 0 0 0 0 0 0 0 0 0 0 0 0 0 0 0 0 0 0 0 0 0 0 0 0 0 0 0 0 
0 0 0 0 0 0 0 0 0 0 0 0 0 0 0 0 0 0 0 0 0 0 0 0 0 606 0 0 0 0 0 0 
0 0 0 0 0 0 0 0 0 0 0 0 0 0 0 0 0 0 0 5 253 0 0 0 0 0 0 0 0 0 0 0 
0 0 0 0 0 0 0 111 0 0 0 0 0 0 0 0 0 0 0 0 0 0 0 22 0 0 0 0 0 2 0 0 
0 0 0 1 0 1 0 0 0 0 0 0 0 0 0 0 1 0 0 0 0 4 0 0 0 0 0 1 0 0 0 0 
0 0 0 0 0 0 0 0 1 0 0 0 0 0 0 0 0 1116 0 1247 0 0 0 0 0 0 0 0 0 0 1707 0 
0 0 25 118 104 0 0 0 0 0 0 104 0 0 7 0 0 16 0 101 0 100 110 0 0 0 203 0 0 0 124 104 
0 653 0 0 0 0 5 1 0 0 574 0 1714 0 0 0 0 0 0 0 0 5 0 556 565 0 560 0 565 556 0 0 
0 0 0 8 0 8 0 0 0 0 0 0 0 0 0 0 0 0 60 1247 0 0 8 0 0 0 0 0 0 0 0 0 
0 0 0 0 0 0 0 0 0 0 0 0 0 0 0 0 0 0 0 0 0 0 0 0 0 0 0 0 0 0 0 0 
0 0 0 0 71 0 0 0 0 0 2345 0 0 0 0 0 0 0 0 0 0 0 0 0 0 3 0 0 0 0 0 0 
0 8 0 0 0 0 16 0 0 9 0 0 0 0 0 8 0 0 0 0 8 0 0 10 0 0 0 9 9 0 0 9 
0 0 0 0 0 0 0 0 0 0 0 0 0 0 0 0 0 0 0 528 439 0 0 0 0 0 0 0 0 450 42 0 
0 0 0 0 0 374 2 0 0 0 0 0 0 0 0 0 303 0 0 0 11 0 0 0 9 0 25 0 0 0 17 10 
0 0 0 0 0 0 0 50 52 0 52 0 0 0 0 55 0 0 0 131 54 0 0 0 0 0 0 0 0 0 0 0 
50 0 0 0 0 0 0 0 0 0 0 51 0 0 0 0 0 0 0 5 0 107 0 50 0 0 0 0 0 50 0 0 
0 9 0 9 0 10 0 9 42 40 9 120 0 9 9 39 0 0 10 0 0 0 9 0 0 0 0 0 39 0 80 0 
0 0 0 0 0 0 0 0 0 0 0 0 0 0 1 0 0 0 6 0 0 0 0 0 0 0 0 0 0 0 0 0 
0 0 0 0 0 0 0 0 0 0 0 0 0 0 174 0 9 0 0 0 7 0 7 7 0 7 0 0 2563 0 0 0 
1 0 0 0 0 0 0 0 0 2 0 0 0 0 0 0 0 0 0 20 0 0 0 19 0 0 31 0 0 0 0 0 
0 0 0 0 0 0 0 0 0 0 0 0 3 0 0 0 0 0 0 62 0 0 0 0 0 0 0 0 0 0 0 0 
0 0 0 35 0 0 0 0 5 0 2345 0 0 0 0 102 0 0 0 0 0 0 0 0 0 0 0 0 1089 0 0 0 
16 206 0 0 17 0 0 0 0 0 0 17 0 17 0 17 0 0 17 17 45 133 17 148 0 17 0 0 0 0 0 239 
0 155 0 41 47 104 0 0 0 0 40 0 41 0 0 47 9 0 0 0 0 0 89 42 41 0 41 8 0 60 0 0 
430 0 0 585 0 0 0 0 0 584 0 0 0 0 581 0 0 573 0 0 578 1 0 0 0 0 0 579 0 0 0 584 
0 0 1 0 0 0 0 0 0 0 0 0 0 0 0 1 0 0 0 0 0 0 0 0 0 1 0 0 0 0 0 0 
0 1 0 0 0 478 0 0 0 476 2 0 0 0 0 0 518 0 0 0 2 493 490 2 0 0 976 0 0 488 0 0 
0 0 0 0 7 0 0 5 0 756 756 0 0 0 0 0 3 0 0 3 0 0 0 0 2 0 2 0 0 0 0 0 
0 0 0 0 0 0 0 0 0 0 0 97 0 0 0 0 0 81 0 0 93 0 94 122 0 0 0 0 0 0 0 0 
0 0 0 0 0 270 0 49 26 0 0 0 57 0 0 0 159 0 0 0 0 0 3 0 0 0 50 164 0 8 0 0 
0 0 0 39 0 0 0 0 0 266 0 0 0 44 0 268 0 74 236 0 222 113 40 41 0 0 0 236 40 0 0 0 
18 0 0 0 0 0 1 2 0 0 0 0 0 0 0 0 0 0 0 0 0 0 0 6 0 0 0 1 0 0 1 0 
0 0 0 0 0 0 0 0 0 0 0 0 0 0 0 0 0 0 0 0 0 0 0 0 0 0 0 0 0 0 0 0 
0 0 0 0 0 0 0 0 0 0 0 12 0 0 0 0 0 0 0 0 0 0 0 0 0 0 0 0 0 0 0 0 
0 0 0 0 0 0 0 0 0 0 0 0 0 0 0 0 0 0 0 0 0 0 0 0 0 0 0 0 0 0 0 3 
11 0 12 0 12 0 0 11 0 0 0 0 0 0 0 0 0 0 0 0 0 0 0 0 12 0 0 0 12 0 0 0 
0 0 0 0 0 12 0 0 0 0 0 0 0 0 15 68 0 0 6 0 0 0 39 0 0 0 0 0 0 0 8 0 
0 0 0 0 57 0 0 0 0 0 0 0 0 62 0 5 0 0 0 6 0 7 0 0 0 0 0 0 0 0 10 0 
0 0 0 0 0 0 0 0 0 0 0 0 0 0 0 0 0 0 0 0 0 0 0 0 0 0 0 0 0 0 0 0 
0 0 0 0 0 0 0 0 0 0 0 0 0 0 0 0 0 0 0 0 0 0 0 0 0 0 0 0 0 0 0 0 
0 0 0 0 90 0 0 0 0 0 0 0 0 0 0 0 0 0 0 0 0 0 0 0 0 0 0 0 0 0 0 0 
3 0 0 2 0 0 0 15 11 0 0 3 0 0 3 0 44 5 3 6 2483 0 0 0 41 0 1 0 0 0 1 0 
0 0 0 0 0 18 0 0 0 0 0 0 0 0 0 0 0 0 5 0 0 0 8 0 0 0 0 0 0 0 0 40 
0 0 0 0 0 0 0 0 0 0 0 0 0 0 0 0 0 0 0 4 0 0 0 0 0 0 0 0 4 4 0 0 
0 0 0 0 0 0 0 0 0 0 0 0 0 0 0 0 0 0 0 6 0 0 0 0 0 0 0 0 0 0 69 0 
0 0 0 0 0 0 0 0 0 0 0 0 0 0 0 0 0 2 0 0 0 0 0 0 0 0 0 0 0 0 0 0 
0 0 0 0 0 0 0 0 0 0 6 0 0 0 0 0 0 5 0 52 0 0 0 0 0 0 0 0 0 0 0 4 
0 0 0 0 0 0 0 0 0 0 0 0 0 0 0 0 0 0 0 0 0 0 0 0 0 0 0 0 0 0 0 4 
0 0 0 0 0 0 2 0 0 0 0 0 0 0 0 0 0 0 0 0 0 0 0 0 0 0 0 0 0 0 0 0 
0 0 0 0 0 0 0 0 0 0 0 0 0 0 0 0 0 0 0 0 0 0 0 0 0 0 0 0 0 0 0 0 
0 0 0 0 0 0 0 0 0 0 0 0 0 0 0 0 0 0 0 0 0 0 0 0 0 0 0 0 0 0 0 0 
0 0 0 6 0 0 0 0 0 0 0 0 0 0 0 0 0 0 6 7 0 0 0 0 0 0 0 0 0 13 0 0 
6 0 7 0 0 1004 0 0 0 0 0 0 7 0 7 0 0 0 114 0 0 0 0 0 0 410 0 12 0 8 0 0 
0 2150 14 0 2256 0 0 0 0 0 0 0 0 0 0 0 0 0 88 0 0 0 190 0 0 14 0 0 2322 0 0 0 
3 0 0 0 0 0 0 0 0 0 0 0 0 0 0 0 0 0 0 0 12 0 4 0 0 0 0 0 0 0 0 0 
0 0 0 0 0 0 0 0 0 0 0 0 0 0 0 0 0 0 0 0 0 0 0 25 0 0 0 0 0 0 0 0 
0 0 2768 99 0 0 0 0 0 0 0 0 0 0 0 0 0 0 0 0 0 0 0 0 0 0 0 0 0 0 0 0 
0 0 0 0 0 0 0 0 28 0 0 0 0 0 0 0 0 0 0 15 0 0 0 0 0 0 0 0 0 0 0 0 
0 0 0 0 0 0 0 0 0 0 0 0 0 0 0 0 0 0 0 0 0 0 0 0 0 0 0 0 0 0 0 0 
0 0 0 10 0 13 11 0 0 0 0 0 0 0 0 10 0 0 18 0 0 0 0 0 18 10 25 0 10 0 0 0 
8 9 0 0 9 77 0 0 0 0 0 147 74 0 0 0 76 0 5 0 0 2719 9 0 5 0 0 0 0 30 0 0 
0 402 0 0 0 0 14 0 0 0 0 0 0 0 0 0 0 0 0 0 0 0 0 0 0 0 0 0 13 0 0 0 
0 0 0 143 0 0 0 0 0 0 0 0 0 0 0 0 0 0 0 28 15 0 0 0 0 0 0 0 0 0 5 0 
0 0 0 0 0 0 0 0 0 0 2 0 0 2 0 0 0 0 0 0 0 0 0 0 1 0 0 0 0 0 0 0 
0 0 0 0 0 0 0 0 0 0 0 0 0 0 0 0 0 0 0 0 0 0 0 0 0 0 0 0 0 0 0 0 
13 0 0 0 0 0 0 0 0 0 0 0 0 0 0 0 0 0 0 0 0 0 0 0 0 0 13 0 0 0 0 0 
0 7 0 0 36 0 37 0 7 0 0 7 0 73 7 7 36 0 37 0 36 0 36 70 36 0 0 0 35 35 0 0 
0 0 0 0 0 0 0 0 0 0 0 0 0 0 0 0 0 0 0 0 0 0 0 0 0 0 0 0 0 0 0 0 
0 0 0 0 0 740 0 0 0 0 0 0 0 0 679 0 0 0 0 0 0 0 914 0 0 0 0 0 0 0 0 0 
0 1 0 1 0 0 0 0 0 0 0 2 0 0 0 0 0 0 0 4 0 0 1 0 3 2 0 1 0 6 2 0 
0 0 0 0 0 0 0 0 0 0 0 187 0 0 0 0 0 0 0 0 0 132 0 0 0 0 1055 0 0 0 0 0 
0 0 0 0 0 797 0 0 0 0 0 0 0 0 843 0 0 822 0 0 0 791 0 0 0 2651 0 0 0 1645 0 0 
0 0 0 0 0 0 0 0 0 0 0 0 0 0 0 0 0 0 0 0 0 0 0 0 0 0 0 0 0 0 0 0 
10 10 0 10 0 11 196 231 0 0 0 0 0 11 20 0 0 0 0 0 0 0 2841 11 0 0 11 0 0 11 0 0 
0 0 0 0 0 0 0 0 0 0 0 0 0 0 0 0 0 0 0 0 0 0 0 0 0 0 0 0 0 0 0 0 
0 0 0 0 0 0 0 0 0 0 0 0 0 0 0 0 0 0 0 0 0 0 0 0 0 0 0 0 0 0 0 0 
0 0 0 0 0 0 0 0 0 0 0 0 0 0 0 0 0 0 0 0 0 0 0 0 0 0 0 0 0 0 0 0 
0 147 0 0 0 0 11 0 12 0 6 0 0 0 0 0 0 12 0 16 0 0 0 0 0 0 6 0 0 6 0 0 
0 0 0 0 0 0 0 0 0 0 0 0 0 338 0 0 0 0 69 0 0 0 0 0 0 0 0 0 0 35 0 119 
0 0 60 30 0 0 0 0 0 0 0 0 0 0 31 0 31 0 35 0 0 0 0 0 0 0 30 0 0 201 0 0 
0 0 0 7 0 0 0 0 0 0 0 0 0 0 0 0 0 0 0 0 0 0 11 0 0 0 0 0 0 0 0 0 
0 0 0 0 0 0 5 0 0 0 6 0 0 0 0 0 0 0 0 0 0 0 0 6 0 0 6 0 0 0 6 0 
0 0 0 0 0 42 2 0 0 0 0 0 0 0 2099 0 0 0 0 0 0 0 0 0 0 0 0 0 0 0 0 0 
0 1 2 0 0 0 1 50 0 0 1 1 1 0 1 2 0 0 0 0 0 0 0 1 0 0 0 0 0 0 0 0 
0 0 0 0 0 0 0 0 0 0 0 0 0 0 0 0 0 0 0 0 0 0 0 0 0 0 0 0 0 0 0 0 
0 0 0 0 0 0 0 0 0 0 0 0 0 0 0 0 0 0 0 0 0 0 0 0 0 0 0 0 0 0 1 0 
0 0 0 0 0 287 0 681 0 0 0 0 0 0 0 0 0 0 0 0 0 0 0 0 0 0 0 0 0 0 0 0 
0 0 0 0 0 0 0 0 146 0 157 0 0 0 0 0 148 0 0 148 0 0 0 0 0 0 0 0 148 0 163 0 
400 0 0 0 0 0 7 0 0 0 39 0 0 0 0 11 7 0 0 0 7 0 0 0 0 0 7 0 0 0 7 7 
0 0 0 0 0 0 0 0 0 0 0 0 0 0 0 0 0 0 0 3 0 0 0 0 0 0 0 0 0 0 0 0 
0 0 0 0 0 0 0 0 0 0 0 0 0 0 0 0 0 0 0 0 0 0 0 0 0 47 0 0 0 0 0 0 
2264 0 0 0 0 0 0 0 0 0 0 0 0 0 0 0 0 0 0 0 0 0 0 88 0 0 0 0 351 0 0 0 
0 0 45 0 0 86 0 46 0 0 0 0 0 46 0 0 0 46 0 0 44 0 88 0 0 46 0 0 43 0 42 45 
0 0 0 0 0 0 0 0 0 0 0 0 0 0 0 0 0 0 0 45 0 0 0 0 0 0 0 0 0 0 0 41 
0 0 0 0 0 0 0 0 0 0 0 0 0 19 0 0 0 0 0 0 0 0 0 0 0 0 0 0 0 0 0 0 
0 0 0 0 0 0 0 0 0 0 0 0 0 0 0 38 0 0 0 0 0 0 0 0 0 0 0 0 0 0 989 0 
0 0 0 0 0 0 0 402 0 0 0 0 0 0 0 0 0 0 0 0 0 0 0 0 0 69 0 0 0 0 0 82 
0 0 0 0 0 0 0 0 0 0 0 0 0 0 0 0 0 0 0 0 0 0 0 0 0 7 0 0 0 0 0 0 
0 0 49 0 0 0 50 49 0 0 0 47 0 0 0 50 0 0 0 928 0 0 140 0 0 0 0 0 0 95 0 0 
0 19 4 0 0 0 0 0 19 0 0 0 0 0 75 0 0 0 0 0 0 0 0 0 0 2665 6 0 14 0 0 19 
0 0 0 0 0 0 0 0 0 0 0 0 0 0 0 0 0 0 0 0 0 0 0 0 0 0 0 0 0 0 0 0 
0 0 0 0 0 0 0 0 0 0 0 0 0 9 0 0 0 0 0 0 0 0 0 0 0 0 0 0 0 19 0 0 
0 0 0 0 0 0 0 0 0 0 0 0 0 0 0 5 0 0 0 0 0 0 0 0 0 0 0 0 0 0 0 0 
0 0 0 0 0 0 0 0 0 0 0 0 0 0 0 0 0 0 0 0 0 0 0 0 0 0 0 0 0 0 0 269 
0 0 0 0 0 0 0 0 0 0 0 0 0 0 0 0 0 0 0 0 0 0 0 0 0 0 0 0 0 0 0 0 
0 0 0 0 0 0 0 0 0 0 0 0 0 0 0 0 0 0 0 0 0 0 0 0 0 0 0 0 0 0 0 0 
0 0 0 0 0 0 0 0 0 0 0 0 0 0 0 0 0 0 0 0 0 0 0 0 0 0 0 0 0 371 0 0 
0 0 0 0 0 0 0 0 0 0 0 0 0 0 0 0 0 0 0 0 0 0 28 52 0 0 29 0 0 0 0 0 
0 0 0 0 0 0 0 0 0 0 0 0 0 0 0 0 0 0 0 0 0 0 0 0 0 0 0 0 0 0 0 0 
0 0 0 0 0 0 0 0 0 0 0 0 0 0 0 0 0 0 0 0 0 0 0 0 0 0 0 0 0 0 0 0 
0 0 14 0 0 0 0 0 0 0 0 0 0 26 0 0 0 14 0 66 0 0 20 0 14 0 6 0 0 0 0 0 
0 0 0 0 0 0 0 0 330 0 0 0 0 0 0 0 0 0 0 0 0 0 0 0 0 0 0 0 0 0 0 0 
0 0 0 0 3 0 0 57 0 0 8 0 9 0 90 0 8 92 0 0 0 7 0 0 0 2 0 48 0 236 8 0 
175 0 3 0 0 0 294 0 0 0 0 3 0 0 3 0 0 6 0 2 0 0 0 0 273 61 3 0 0 0 0 0 
0 0 0 0 0 0 0 0 91 0 0 0 0 0 0 40 28 0 0 0 39 0 0 0 0 0 0 0 0 0 0 0 
0 14 0 0 0 0 0 0 0 0 0 0 0 0 0 0 5 41 0 0 14 14 0 1928 13 0 0 0 13 0 14 15 
0 0 0 0 0 0 0 0 0 0 0 0 0 0 21 0 0 0 0 0 0 0 0 0 0 0 0 0 0 0 0 0 
0 0 0 0 0 0 0 0 0 0 0 0 0 0 0 0 0 0 0 0 0 0 0 0 0 0 0 0 0 0 0 0 
0 27 0 0 0 0 0 0 0 0 0 0 0 0 0 27 0 27 53 0 0 0 0 0 0 0 0 0 0 0 27 0 
0 0 0 0 0 0 0 0 0 0 0 0 0 0 0 0 0 0 0 0 0 0 0 0 0 0 0 0 0 0 0 0 
0 0 0 0 0 0 0 0 0 0 120 0 0 0 1 0 0 0 0 0 0 0 201 0 0 0 0 2 0 0 0 0 
0 0 0 0 1 1 0 0 1 0 0 0 0 0 0 0 0 0 0 0 0 0 0 0 0 0 0 0 0 0 0 0 
0 0 0 0 0 0 0 0 0 0 0 4 0 0 22 0 0 0 0 0 0 0 4 0 0 0 0 0 253 50 0 0 
0 0 20 0 0 0 0 0 0 0 0 5 285 0 0 0 0 15 0 0 12 0 11 12 0 12 12 0 0 0 0 0 
0 0 0 182 0 0 0 0 0 0 0 0 0 0 0 180 0 0 0 0 0 0 0 0 0 0 0 262 0 1422 0 871 
0 115 0 0 27 0 0 1979 0 0 0 0 5 5 0 0 0 0 0 0 0 0 8 82 0 0 0 0 7 0 0 0 
0 0 0 15 0 0 0 0 0 0 0 0 0 23 0 22 0 0 0 0 0 22 0 0 21 0 14 0 0 0 14 0 
0 0 0 0 0 0 0 0 0 0 0 0 0 0 0 0 0 0 0 0 0 0 0 0 0 0 0 0 0 1422 0 686 
0 0 0 0 0 0 0 0 0 0 0 0 0 0 0 0 0 0 0 0 0 0 0 0 0 0 0 0 0 0 0 0 
0 0 0 0 0 0 0 0 0 0 0 0 0 0 0 0 0 0 0 0 0 0 0 0 0 0 0 0 0 0 0 0 
0 0 0 0 0 0 0 0 0 66 0 0 67 0 83 0 0 210 0 0 0 0 0 0 0 0 0 0 80 0 123 0 
0 0 0 0 17 0 0 0 15 0 15 15 0 0 0 0 0 0 16 16 0 0 0 16 0 0 0 0 0 0 0 0 
0 48 0 0 0 0 0 15 0 0 0 0 0 0 0 0 51 8 0 0 0 0 0 0 48 25 0 0 0 0 8 0 
0 0 0 0 0 0 0 0 0 0 0 0 0 0 0 0 0 0 0 0 0 0 0 0 0 0 0 0 0 0 0 0 
0 0 0 0 0 0 0 0 0 0 0 0 0 0 0 0 0 0 0 0 0 0 0 2 0 0 0 0 0 0 0 0 
0 0 0 0 16 5 0 0 0 0 0 0 0 0 0 1 2 1 0 4 0 4 0 6 88 0 0 120 2 1 0 0 
0 0 0 0 0 0 0 0 0 0 0 0 0 0 0 0 0 0 0 0 0 0 0 0 0 0 0 0 18 0 0 0 
0 0 0 0 0 0 0 0 0 0 0 0 0 0 0 0 0 0 0 0 0 0 0 0 0 0 0 0 0 0 0 0 
0 0 0 0 0 0 0 0 0 0 0 0 0 0 0 0 0 0 0 0 0 0 0 0 0 0 0 0 0 0 0 0 
0 0 0 0 0 0 0 0 0 0 0 0 0 0 0 0 0 0 0 0 0 0 0 0 0 0 0 0 0 0 0 0 
0 0 0 0 0 0 0 0 0 0 0 0 0 0 0 0 0 0 0 0 0 0 0 0 0 0 0 0 0 0 0 0 
0 0 0 0 0 0 0 0 0 0 0 0 0 0 0 0 0 0 0 0 0 0 0 0 0 0 0 4 0 0 0 0 
0 0 0 0 0 4 0 0 0 0 0 0 0 0 0 0 0 38 2 2 0 0 0 0 0 0 0 0 0 0 0 0 
13 0 14 0 14 0 0 0 0 0 0 0 14 13 0 0 0 0 0 0 0 0 14 0 0 0 0 0 0 15 0 0 
0 0 0 512 0 0 0 0 0 0 0 0 0 0 0 0 0 0 305 0 0 0 0 0 0 0 0 0 0 0 0 0 
0 0 0 0 0 0 0 0 0 0 0 0 0 0 0 0 0 0 0 0 0 0 0 0 0 1 1 0 0 0 0 0 
0 0 0 0 0 0 0 0 0 0 0 0 0 0 32 0 0 0 0 0 0 0 0 0 32 0 0 0 0 0 7 0 
5 0 0 0 1 4 14 4 0 0 14 0 0 0 3 0 0 0 4 0 3 0 0 0 0 0 0 0 2 7 0 6 
0 0 0 0 0 0 0 0 0 0 0 0 0 0 0 0 0 0 0 0 0 0 0 0 0 0 0 0 0 0 0 0 
399 0 0 0 0 9 0 7 0 10 0 501 8 16 0 0 0 0 0 0 0 0 0 44 9 402 0 0 7 0 0 0 
0 0 0 0 0 0 0 0 0 2 0 0 0 0 0 0 0 44 0 0 82 4 0 0 0 0 2085 0 0 0 0 8 
90 0 0 90 0 0 87 0 0 89 0 92 0 0 0 0 0 0 0 91 0 93 0 0 96 0 91 91 182 0 0 0 
0 0 0 0 0 0 0 0 0 0 0 0 0 0 0 0 0 0 0 0 0 0 0 0 0 0 0 0 0 0 0 0 
0 0 0 0 0 0 5 0 0 0 0 0 0 0 0 0 0 0 0 0 0 0 0 0 0 0 0 0 0 0 0 0 
10 0 0 11 11 0 0 0 11 0 11 12 0 0 0 11 11 0 0 0 0 0 0 0 0 0 11 0 0 22 11 0 
0 0 0 0 0 168 0 0 0 0 0 0 0 0 0 0 0 155 0 177 0 0 0 0 0 0 0 0 248 0 0 0 
0 0 0 0 0 0 0 0 0 0 0 0 0 0 0 0 0 0 0 0 0 0 0 0 0 0 0 0 0 0 0 0 
0 0 0 0 29 0 0 0 0 0 0 0 0 0 0 0 15 0 15 0 0 0 0 15 0 0 0 0 15 0 0 0 
0 0 0 1 1 0 0 0 0 4 2 0 0 0 0 2 0 0 0 2 0 1 1 0 2 0 0 1 1 0 1 2 
0 0 0 0 0 131 0 0 0 0 0 0 0 0 0 0 0 0 0 0 0 0 0 0 0 0 34 0 0 0 0 0 
0 0 0 11 0 0 0 0 0 0 0 0 9 0 0 0 0 0 0 0 0 0 0 0 10 0 10 0 0 10 0 0 
5 0 0 87 0 0 0 0 11 0 0 0 0 0 0 0 0 9 0 647 0 0 0 0 2834 0 0 0 2 0 0 75 
0 0 31 0 0 0 0 33 0 0 78 0 0 0 0 0 0 0 0 0 0 0 0 0 0 0 0 0 0 0 0 0 
0 0 0 0 0 0 0 0 0 0 0 0 0 0 0 9 0 0 8 0 0 0 0 0 8 8 8 0 0 0 0 0 
0 0 0 0 0 0 0 0 0 0 0 0 0 0 0 0 0 0 0 0 0 0 0 0 0 0 0 0 0 0 0 0 
0 0 0 0 0 0 0 0 0 0 0 0 0 0 0 0 0 0 0 0 0 0 0 0 0 0 0 0 0 0 0 0 
0 0 0 0 0 0 0 0 0 0 0 0 0 0 0 0 0 0 0 0 0 0 0 0 0 0 0 0 0 54 0 341 
0 45 2 0 0 4 0 0 0 0 12 0 900 15 0 0 0 0 0 0 0 13 8 0 0 0 0 6 0 0 0 0 
0 0 16 0 0 0 0 2 0 0 96 0 0 0 16 0 19 0 0 0 1544 0 19 0 0 0 0 0 0 0 0 18 
0 0 2768 0 19 0 0 0 22 0 24 57 0 0 0 0 0 0 0 21 0 0 0 0 0 0 0 127 0 18 0 0 
0 0 0 0 0 0 0 0 0 0 0 0 0 0 0 0 0 0 0 0 0 0 0 0 0 0 0 0 0 0 0 0 
34 0 33 0 34 0 0 160 0 0 0 7 0 0 39 0 0 4 33 0 309 33 0 0 0 0 0 0 2563 39 0 38 
64 0 0 0 5 14 66 0 0 0 0 0 0 0 0 0 11 0 0 0 0 70 38 0 6 29 0 0 69 0 0 69 
0 0 0 0 0 0 0 0 0 0 0 0 0 0 0 0 0 0 0 0 0 0 0 0 0 0 0 0 0 0 0 0 
0 0 0 0 0 0 0 0 0 0 0 0 0 0 4 0 0 0 0 0 10 0 0 0 0 0 0 0 0 0 0 0 
0 0 0 0 0 1004 0 0 0 0 0 0 0 0 0 0 0 0 0 0 0 0 15 0 0 0 0 0 0 0 0 0 
0 0 0 0 0 492 0 0 0 0 0 21 0 0 0 0 0 0 205 0 0 15 52 0 20 40 0 20 0 27 0 2 
0 0 30 0 0 0 30 0 0 0 0 0 0 36 148 0 0 29 0 0 0 0 0 0 29 0 0 0 29 30 30 0 
0 0 0 0 0 0 0 0 0 0 14 0 0 0 0 0 0 0 1 0 0 0 0 0 0 0 0 0 0 0 0 0 
0 0 0 0 0 0 0 0 0 0 0 0 0 0 0 0 0 0 0 0 0 0 0 0 0 0 0 0 0 0 0 0 
0 0 0 0 11 0 0 0 0 0 0 0 0 0 0 0 2482 18 0 11 0 0 11 2 0 20 0 5 0 0 3 0 
0 0 0 0 0 0 0 15 0 0 0 0 0 0 0 0 0 0 0 0 0 0 0 0 0 4 0 6 0 10 7 0 
0 0 0 0 0 0 0 0 0 0 0 0 0 0 0 0 0 0 0 0 0 0 0 0 0 0 0 0 0 0 0 19 
22 42 0 0 23 0 0 23 0 0 42 0 23 34 0 22 0 23 23 0 0 0 0 22 23 0 0 23 0 23 0 23 
0 0 0 0 0 0 0 0 0 0 0 0 0 0 0 0 0 0 0 0 0 0 0 0 0 0 0 0 0 0 0 0 
0 0 0 0 0 0 0 0 0 0 0 0 0 0 0 0 0 0 0 2785 0 0 0 0 0 0 4 0 0 0 0 0 
130 0 0 0 133 0 130 0 0 0 0 131 130 0 0 0 135 132 0 0 0 0 0 129 0 0 172 0 0 0 0 0 
0 0 0 0 0 0 0 0 0 0 0 0 0 0 0 0 0 0 0 0 0 0 0 0 0 0 0 0 0 0 0 0 
99 0 0 24 0 0 0 0 0 0 0 0 0 0 0 0 0 0 38 0 5 0 0 0 0 0 6 0 0 0 0 0 
0 0 0 0 0 0 0 0 0 0 0 0 0 0 0 0 0 0 0 0 0 0 0 190 0 0 0 0 0 0 0 0 
0 0 0 1 0 0 0 0 0 0 0 0 0 0 1 0 164 0 0 1 0 0 0 0 0 0 0 0 0 0 5 0 
0 0 0 0 0 5 0 0 0 0 5 0 0 0 0 0 0 0 0 0 5 0 0 0 0 0 0 0 5 0 0 0 
0 0 0 0 0 0 0 0 0 0 0 0 0 0 0 0 0 0 0 0 0 0 0 0 0 0 0 0 0 0 0 0 
0 0 0 0 74 74 0 0 0 0 0 0 0 0 0 0 69 0 0 0 0 25 144 0 0 72 0 0 0 0 0 95 
0 0 0 0 0 0 0 0 0 0 0 0 0 0 0 0 0 0 0 2785 0 34 0 0 0 0 0 0 0 0 0 0 
0 0 0 0 0 558 0 0 0 0 0 0 0 0 9 47 0 0 0 0 19 0 0 35 22 0 0 0 227 0 62 0 
0 0 0 0 0 0 0 0 0 0 0 0 0 0 0 0 0 0 0 0 0 0 0 0 0 0 0 0 0 1422 0 686 
0 0 0 0 0 0 0 0 0 0 0 0 0 0 0 0 0 0 0 0 0 0 0 0 0 0 0 0 0 0 0 0 
0 0 0 0 0 0 0 0 0 0 0 0 0 0 0 0 0 0 0 0 0 0 0 0 0 0 0 0 0 0 0 0 
16 0 0 23 17 32 2515 0 0 0 17 0 17 0 0 0 17 14 37 31 0 0 17 0 0 0 0 0 21 16 17 53 
0 0 0 0 0 0 0 0 0 0 0 0 0 0 0 0 0 0 0 0 0 0 0 0 0 0 0 0 0 0 0 0 
0 0 0 0 52 0 194 0 7 0 0 0 348 0 0 2427 7 6 0 0 52 0 7 0 0 0 0 7 0 0 0 0 
0 0 0 0 0 0 0 0 0 0 0 0 0 0 0 0 0 0 0 0 0 0 0 0 0 0 0 18 0 0 0 39 
0 0 0 0 0 0 0 0 0 0 0 0 0 0 0 0 0 0 0 0 0 0 0 0 0 0 0 0 0 0 0 0 
0 1308 0 0 0 0 0 0 0 0 0 0 0 0 0 0 0 0 0 0 0 15 0 0 0 0 0 0 0 0 0 1296 
0 1308 0 0 0 0 0 0 0 0 0 0 0 116 0 0 0 0 0 0 0 0 0 0 0 0 0 0 0 15 0 1283 
0 0 0 0 0 0 0 0 0 0 0 0 0 0 0 0 0 0 0 0 0 0 0 0 0 0 0 0 0 0 0 0 
0 0 0 0 485 0 0 0 0 0 0 0 561 0 0 0 18 0 0 0 0 0 116 0 10 0 17 102 0 17 0 17 
0 0 0 0 0 6 0 0 0 0 0 0 0 0 0 0 0 0 0 0 0 0 0 0 0 0 0 0 0 0 0 0 
0 0 0 0 0 0 0 0 0 0 0 0 0 0 0 0 0 0 0 0 0 0 0 0 0 0 0 0 0 0 0 87 
0 0 0 0 0 0 0 0 0 0 0 0 0 0 0 0 0 0 0 0 0 0 0 0 0 0 0 0 0 0 0 0 
0 0 0 0 0 8 0 0 0 0 0 0 0 0 0 0 0 0 0 0 0 0 0 0 0 0 0 0 0 0 0 0 
0 0 0 0 0 0 0 0 0 0 0 0 0 0 0 0 4 0 0 0 0 0 0 0 0 0 0 0 0 0 0 0 
0 0 0 0 0 0 0 0 0 0 0 0 0 0 0 0 0 0 0 0 0 0 0 0 0 0 0 0 0 0 0 0 
0 0 0 0 0 0 0 0 0 0 0 0 0 0 0 0 0 0 0 0 0 0 0 0 0 0 0 0 0 0 0 0 
23 0 0 0 139 343 0 45 105 213 0 99 108 275 155 0 133 0 48 450 95 86 1872 59 59 122 285 297 68 276 0 474 
0 0 0 0 7 0 0 0 0 0 0 0 0 0 0 0 0 0 6 0 0 0 0 0 0 0 0 0 0 0 0 0 
0 0 0 0 0 0 0 0 0 0 0 0 0 0 0 0 0 0 0 0 0 0 0 0 0 0 0 0 0 0 0 0 
0 0 0 0 0 0 0 0 0 0 0 0 0 0 0 0 0 0 0 0 8 0 0 0 0 0 0 0 0 0 0 0 
0 0 0 4 0 0 0 0 0 0 0 4 0 0 0 0 0 0 0 0 0 0 0 6 0 0 0 4 0 0 0 0 
0 0 0 0 0 0 0 0 0 0 0 0 0 0 0 0 0 0 0 0 0 0 0 0 0 0 0 0 0 0 0 0 
0 0 0 0 0 0 0 0 0 0 0 0 0 0 0 0 0 0 0 0 0 0 0 0 0 0 0 0 0 0 0 0 
0 0 0 0 0 0 0 0 0 0 0 0 0 0 0 0 0 0 0 0 0 0 0 0 0 0 0 0 0 0 0 269 
0 0 0 0 0 154 0 12 0 0 178 14 0 0 0 0 0 0 0 6 0 0 0 0 0 0 7 0 0 0 9 0 
0 0 0 0 0 0 0 0 0 0 0 0 0 0 0 0 0 0 0 0 0 0 0 0 0 0 0 0 33 0 0 51 
0 0 0 0 0 0 0 0 0 0 1 0 0 0 0 0 0 0 0 0 0 1 0 0 0 0 0 0 0 0 0 0 
0 0 0 0 0 0 0 0 0 0 0 0 0 0 0 0 0 0 0 0 6 7 0 0 0 0 0 7 0 0 0 0 
0 0 33 0 0 0 0 0 0 36 0 0 0 0 0 0 0 0 0 0 0 0 0 0 0 0 0 0 0 0 0 0 
0 0 0 0 0 0 1 2 0 0 0 97 0 0 0 0 0 81 0 0 93 0 93 126 0 0 0 0 0 0 0 0 
0 0 0 0 0 0 0 0 0 0 0 0 0 1 0 0 0 0 0 0 0 0 0 0 0 7 0 0 0 0 0 0 
0 0 0 0 0 0 0 0 0 0 0 0 0 0 211 0 0 0 0 0 0 0 0 0 0 0 0 0 0 0 0 0 
51 0 0 0 50 5 0 0 0 0 6 0 0 0 0 2 96 51 7 3 0 0 0 0 3 51 0 4 0 100 49 25 
10 0 13 0 0 0 0 0 0 0 0 0 0 0 0 0 0 0 0 0 0 0 0 0 0 0 0 29 0 0 0 0 
0 0 0 0 0 0 0 4 0 0 0 0 0 0 0 0 0 1 0 0 0 0 0 0 0 0 0 0 0 0 0 0 
0 0 0 0 0 0 0 0 0 0 0 0 0 0 0 0 0 0 0 0 0 0 0 0 0 0 0 0 0 0 0 0 
0 0 183 0 0 0 17 0 0 0 0 0 0 0 2 0 0 0 0 0 0 0 0 0 0 0 0 0 0 0 0 85 
0 2 2 2 1 0 0 0 2 0 0 2 2 0 2 0 0 0 2 0 0 0 0 0 5 2 2 2 0 0 4 0 
0 334 0 334 322 0 11 304 0 0 0 4 134 0 331 0 0 0 0 330 4 331 2902 0 0 0 662 403 0 0 11 0 
3 0 0 0 7 198 0 0 0 36 0 0 0 0 0 2 3 3 6 2 0 0 5 0 3 0 3 0 7 0 6 0 
0 0 0 0 0 0 0 0 0 0 0 0 0 0 0 0 0 0 0 0 0 0 0 0 0 0 0 0 0 0 0 0 
0 0 0 0 0 0 0 0 0 0 0 0 0 0 0 0 0 0 0 12 0 0 0 0 0 0 0 0 0 12 0 0 
0 0 0 0 0 0 0 0 0 0 0 0 0 0 0 0 0 0 0 0 0 0 0 0 0 0 0 0 0 0 0 0 
0 0 0 0 9 0 0 0 0 9 0 9 0 10 0 0 11 0 0 409 0 0 0 9 0 0 13 0 9 0 11 0 
0 0 0 0 0 0 0 0 0 0 0 0 0 0 0 0 0 0 0 0 0 0 0 0 0 0 0 0 0 0 0 269 
0 0 0 0 0 0 27 0 0 0 116 99 0 0 238 223 0 164 217 0 182 95 0 0 41 0 0 75 0 0 374 0 
283 0 0 0 177 0 1 0 23 32 0 0 190 0 180 0 0 0 180 0 0 0 0 0 0 0 0 364 0 0 178 178 
0 0 0 0 0 0 0 1 0 0 0 0 0 0 0 0 0 0 0 0 0 0 0 0 1 0 0 0 0 0 0 11 
219 0 1 0 0 0 0 2 0 0 0 0 0 0 0 1 0 0 0 0 0 0 0 1 0 0 0 0 0 0 0 0 
3 0 0 0 0 0 0 0 9 13 0 4 0 0 0 0 0 8 0 0 0 0 0 0 0 0 0 0 3 0 0 13 
0 0 0 0 0 0 0 0 0 0 0 0 0 0 0 0 0 0 0 0 0 0 0 0 0 0 0 0 0 0 0 68 
0 0 0 0 0 0 0 1 1 0 0 0 0 0 0 0 0 0 0 0 0 0 0 0 0 0 0 0 0 0 0 2 
0 0 0 0 3 0 0 0 12 0 0 3 0 6 7 0 1 0 14 0 10 0 0 1 0 0 6 0 0 7 0 0 
0 0 0 0 0 0 0 0 0 0 0 0 0 0 0 0 0 0 0 0 0 0 0 0 0 0 0 0 0 0 0 0 
0 0 0 0 0 0 17 1 0 0 19 0 0 0 0 3 0 0 0 1 0 0 0 0 0 95 0 1 1 1 0 1 
0 84 0 0 78 0 0 0 0 82 0 0 0 0 0 0 0 210 0 0 85 0 85 0 0 0 0 3 0 0 0 0 
0 0 0 0 0 466 0 0 0 0 0 0 0 0 0 0 0 0 0 0 201 0 0 0 0 0 0 0 0 0 0 0 
0 0 0 0 0 0 0 0 0 0 0 0 0 0 0 0 0 0 0 0 0 0 0 11 0 0 0 0 0 6 0 0 
0 3 0 0 0 0 0 0 0 0 0 0 0 0 0 0 0 0 0 0 0 0 0 0 0 0 0 0 0 0 0 0 
0 0 2768 477 15 0 0 0 126 11 0 0 72 0 0 0 4 0 0 4 0 0 0 0 38 0 4 0 0 0 0 0 
0 0 0 0 0 0 0 0 0 0 0 0 0 0 0 0 0 0 0 0 0 0 0 0 0 0 0 0 0 0 0 0 
0 0 0 0 0 0 20 8 0 0 0 0 378 0 0 8 0 7 0 0 8 0 0 0 0 0 0 0 0 0 0 0 
0 0 0 22 0 0 0 1979 0 0 0 0 0 22 0 0 21 3 3 0 0 0 0 0 0 0 22 23 21 0 0 0 
34 0 63 0 37 0 0 0 68 0 69 0 35 0 0 0 36 0 0 0 0 0 0 0 0 68 0 23 0 34 37 0 
0 0 0 7 0 0 0 0 0 0 0 1 0 0 0 7 0 0 0 7 0 25 0 0 0 7 0 7 0 0 7 0 
0 0 0 0 0 0 0 0 0 0 0 0 0 0 0 0 0 0 19 0 0 0 0 20 0 0 0 2 0 0 0 0 
0 0 0 278 0 0 0 0 0 0 0 0 0 0 0 0 0 0 74 0 0 0 0 0 0 0 452 0 0 0 0 0 
0 13 0 0 13 20 13 0 0 0 13 12 5 0 14 0 0 0 0 0 0 0 14 0 0 0 0 0 15 0 0 0 
0 0 0 0 0 0 0 0 0 0 0 0 0 0 0 0 0 0 0 0 0 0 0 0 0 0 0 0 0 0 0 0 
0 0 5 0 0 0 0 0 0 0 0 0 0 0 0 0 2 0 0 0 0 0 0 0 0 0 0 0 0 0 0 0 
0 0 0 0 0 0 0 0 0 0 0 0 0 0 0 0 0 0 0 0 0 0 0 0 0 0 0 0 121 0 7 4 
0 0 33 0 0 0 0 3 0 0 0 0 0 0 0 15 31 0 0 0 0 0 0 0 0 0 0 0 14 0 17 3 
0 0 185 529 0 4 0 0 0 0 17 372 0 0 0 352 9 0 0 383 0 2719 9 0 0 0 0 0 6 0 0 0 
0 1 0 0 0 0 0 0 0 0 0 0 1 3 4 2 1 1 0 0 0 1 1902 0 3 0 0 1 0 4 0 3 
0 0 0 0 0 45 0 0 0 43 0 3 0 0 42 0 43 44 45 0 0 0 0 0 0 0 82 43 0 0 0 0 
0 0 0 0 0 0 0 0 0 0 0 0 16 4 0 16 0 0 0 0 0 0 0 0 18 0 0 16 0 0 0 0 
0 0 0 0 0 0 0 0 0 0 0 0 0 0 0 0 0 0 0 0 0 0 0 0 2790 0 0 0 1 0 0 0 
0 0 0 0 0 0 0 0 0 0 0 0 0 0 0 0 0 0 0 0 0 0 0 0 0 0 0 0 0 0 0 0 
0 0 0 0 0 0 0 0 0 0 0 0 0 0 0 0 0 0 0 0 0 0 0 0 0 0 0 0 0 0 0 0 
0 0 0 0 0 0 0 0 0 0 0 0 0 0 0 0 0 0 0 0 0 0 0 0 0 2 0 0 0 0 0 0 
0 349 0 0 115 0 0 0 0 0 0 0 0 0 0 0 0 0 859 8 0 0 0 723 0 0 0 0 82 0 42 0 
0 0 0 0 0 0 0 0 0 0 0 0 25 0 0 27 0 0 0 0 20 0 0 27 27 0 0 0 0 0 0 54 
0 9 10 0 0 0 0 0 0 0 0 0 0 0 0 0 2476 0 0 0 0 0 0 0 0 0 0 0 9 10 0 22 
0 0 0 0 0 0 0 0 0 0 0 0 0 0 0 0 2 0 0 0 0 1 0 0 0 0 0 0 0 0 0 0 
0 0 0 0 0 0 0 93 0 0 0 0 32 0 0 0 51 0 0 0 0 0 0 0 0 0 0 18 79 0 26 0 
0 2 0 0 0 7 0 0 0 0 0 0 0 0 0 0 0 0 0 0 0 0 0 0 0 0 0 0 0 0 0 0 
25 0 0 389 0 0 0 1731 0 0 0 0 0 0 0 701 0 0 0 0 0 0 0 0 0 0 0 0 0 0 0 0 
0 0 0 0 0 0 0 0 0 0 0 0 0 0 0 0 0 0 0 0 0 0 0 0 0 0 0 0 0 0 0 0 
0 0 0 0 0 0 0 0 0 0 0 0 0 0 0 0 0 0 0 0 0 0 0 0 0 0 130 0 0 0 0 128 
1 0 0 0 0 0 0 0 0 0 0 0 0 0 0 0 4 0 0 0 2 0 0 0 3 0 0 0 0 0 0 0 
0 24 0 0 0 26 0 0 0 0 0 0 0 0 0 0 0 0 24 0 0 0 0 0 0 0 0 27 0 0 0 0 
24 0 0 0 0 23 4 23 0 0 20 22 0 23 3 3 20 4 0 7 6 0 20 3 28 0 19 20 2 0 0 21 
0 0 0 0 0 0 0 0 0 3 0 0 0 0 0 0 0 0 0 0 0 0 0 0 0 0 0 0 0 0 0 0 
0 12 0 0 0 0 0 0 0 0 4 0 0 0 0 0 0 0 0 0 0 0 0 0 0 0 0 0 0 0 0 0 
0 0 0 0 0 0 0 0 0 0 0 0 0 0 0 0 0 0 0 0 0 16 0 0 0 0 0 0 0 0 0 0 
30 0 0 0 0 0 0 174 0 31 0 0 8 0 0 0 0 426 0 258 0 0 0 0 0 0 1775 0 0 1624 58 30 
0 0 0 0 0 0 0 0 0 0 0 0 0 0 0 0 0 0 0 0 0 0 0 0 0 0 0 0 0 0 0 0 
0 0 0 0 0 0 0 0 0 35 0 0 419 0 0 0 0 0 0 0 0 0 0 0 0 0 0 0 0 0 0 0 
0 0 0 0 0 0 2515 0 0 0 0 0 0 0 0 0 0 185 188 0 0 0 0 186 0 0 188 0 0 0 197 578 
0 4 0 0 0 0 0 0 0 0 0 0 0 0 0 0 0 0 0 0 0 0 0 0 0 0 0 0 0 0 0 0 
0 0 0 0 0 0 2515 0 0 0 333 0 0 0 0 0 0 0 0 0 0 0 0 0 0 0 0 0 0 0 0 0 
0 0 0 0 0 0 0 0 0 0 0 0 0 0 0 0 0 0 0 0 0 0 0 0 14 0 0 0 0 0 0 0 
0 0 0 0 0 0 0 0 0 0 0 0 0 0 0 0 0 0 0 0 0 0 0 0 0 0 0 0 0 1524 0 1554 
300 79 0 0 0 0 82 79 0 82 0 0 0 0 375 81 0 0 0 0 0 0 81 0 82 0 0 80 296 380 0 0 
0 0 0 0 0 0 0 0 0 0 0 0 0 0 0 0 0 0 0 0 0 0 0 0 0 0 0 0 0 0 0 0 
0 0 0 0 0 0 0 0 0 0 0 0 0 0 0 0 0 0 0 0 0 0 0 0 0 0 0 0 0 0 0 0 
0 0 0 0 0 0 0 0 0 0 0 0 0 0 695 0 0 0 0 0 3 0 0 0 0 0 0 0 0 0 7 0 
0 0 0 0 0 0 0 0 0 0 0 0 0 0 0 0 0 0 0 0 0 0 0 0 0 0 0 0 0 0 0 0 
0 0 0 4 0 0 10 11 10 15 0 0 0 0 0 10 0 0 0 0 3 10 0 0 14 0 0 10 0 11 0 0 
0 0 0 0 0 0 0 0 0 0 0 0 0 0 0 0 0 0 0 0 0 0 0 0 0 0 0 0 0 0 0 0 
3 0 0 0 0 0 0 0 0 0 0 0 0 0 0 0 0 0 0 1516 0 0 0 0 12 0 0 0 0 0 0 0 
0 0 0 0 0 0 0 0 0 0 0 0 0 0 0 0 0 0 0 0 0 0 0 0 0 0 9 0 0 0 8 0 
12 0 0 15 0 0 0 0 77 0 0 0 0 68 70 0 0 71 0 25 0 0 26 0 85 96 0 158 27 0 171 58 
0 0 19 0 19 19 114 19 19 27 0 38 0 0 808 0 21 36 95 19 0 24 0 0 87 8 19 36 0 36 0 0 
0 0 0 0 5 84 0 8 8 0 41 0 0 93 0 0 0 0 0 0 0 17 45 0 41 0 81 0 41 0 0 91 
0 0 0 0 0 0 59 0 0 0 0 52 52 0 0 100 0 0 0 0 0 0 0 0 0 0 0 0 0 52 0 41 
0 0 0 0 0 0 0 0 0 0 0 0 0 0 0 0 0 0 0 0 0 0 0 0 0 0 0 0 0 0 0 0 
0 0 0 0 0 0 0 0 0 0 0 0 0 0 0 0 48 0 0 0 0 0 0 7 0 0 0 0 0 0 0 0 
0 0 0 0 0 0 0 0 0 0 0 0 0 0 0 0 0 0 0 0 0 0 0 0 0 0 0 0 0 0 0 0 
0 604 0 0 0 0 0 599 0 0 0 0 0 601 0 0 0 0 0 0 0 0 0 0 0 0 0 0 0 0 0 595 
34 0 0 0 0 35 0 35 0 0 0 0 0 0 35 36 0 37 0 0 0 0 0 0 0 0 101 0 0 0 35 0 
0 51 0 0 0 0 0 0 0 51 97 0 0 0 0 0 0 68 54 0 0 53 0 0 52 0 0 0 46 0 0 0 
0 0 0 0 0 0 0 0 0 0 0 0 0 0 0 0 0 0 0 0 0 0 0 0 0 0 0 0 0 4 0 0 
0 0 0 0 0 0 0 0 0 0 0 0 0 0 0 0 0 0 0 0 0 0 0 0 0 0 0 0 0 0 0 0 
22 0 13 0 0 0 0 17 0 0 0 0 0 0 0 13 0 0 0 0 0 0 0 0 0 0 12 13 0 13 0 0 
0 0 0 0 0 0 0 0 0 0 0 0 0 0 0 0 0 0 0 0 0 0 0 0 0 606 0 0 0 0 0 0 
0 0 0 0 0 0 0 0 0 0 0 0 0 0 0 0 0 0 0 0 0 0 0 0 0 0 0 0 0 0 0 0 
0 0 0 0 0 0 0 0 0 0 0 0 0 0 0 0 0 0 0 0 0 0 0 0 0 0 0 0 0 0 0 0 
0 0 0 0 0 0 0 0 0 0 0 0 0 0 0 0 0 0 0 0 0 0 0 0 0 0 0 0 0 0 0 0 
0 0 0 0 0 0 0 0 0 0 0 0 0 0 0 0 0 0 0 0 0 119 0 0 0 0 0 0 0 0 0 0 
8 0 0 0 0 0 0 0 0 0 0 0 0 0 0 0 0 0 0 0 0 0 12 0 0 0 0 0 0 0 0 0 
0 0 0 0 0 0 0 0 0 0 0 0 0 0 0 0 0 0 0 0 0 0 0 0 0 0 0 0 0 0 0 0 
0 37 55 0 0 0 0 0 0 0 0 0 217 0 0 0 344 0 0 0 0 0 0 0 0 0 0 556 0 0 0 0 
0 0 141 0 0 0 0 0 0 0 0 0 0 0 0 0 0 0 0 0 0 0 0 0 0 0 0 0 0 0 0 0 
0 0 0 0 0 0 0 0 1228 0 0 0 0 0 0 0 0 29 21 0 0 0 0 0 0 0 0 0 0 0 0 13 
0 0 0 0 0 0 0 0 0 0 0 0 0 0 0 0 0 0 0 0 0 0 0 0 5 0 0 0 0 0 0 0 
0 0 0 0 0 0 0 0 0 0 0 0 0 0 0 0 0 0 0 0 0 0 0 0 0 0 0 0 0 0 0 0 
0 0 0 0 0 0 0 0 0 162 0 0 0 0 0 0 0 0 0 0 0 0 0 0 0 0 2 0 0 0 0 57 
0 0 374 0 0 24 0 0 0 0 0 3 0 0 617 0 0 0 43 3 103 0 71 0 0 0 0 0 0 21 0 0 
2 3 3 0 2 0 0 0 1 0 2 16 0 0 0 0 0 0 3 0 0 3 169 0 0 0 2 0 6 3 0 0 
0 0 0 0 0 0 0 0 0 0 0 0 0 0 0 0 0 0 0 0 1529 0 0 0 0 0 0 0 0 0 0 0 
0 0 0 0 0 0 68 0 0 0 0 0 0 0 0 0 0 0 0 0 0 0 0 0 0 0 0 0 0 0 0 0 
0 0 0 0 0 0 0 0 0 0 0 0 0 0 0 0 0 0 0 0 0 0 0 0 0 0 0 0 0 0 0 0 
0 0 0 0 0 0 5 0 7 14 125 0 0 0 26 4 0 0 161 0 0 0 5 0 0 0 96 452 0 0 0 0 
0 0 0 0 0 0 0 0 0 0 0 0 0 0 0 0 0 0 0 0 1542 0 0 11 0 0 488 0 0 14 0 0 
0 0 0 0 0 0 0 0 0 3 0 0 0 0 0 0 0 0 0 0 0 0 0 0 0 0 0 0 0 0 0 0 
0 0 0 0 0 0 163 0 2 0 2 0 0 0 0 2 0 0 0 0 0 0 0 2 0 0 0 0 0 0 0 0 
0 0 0 0 0 0 0 0 0 0 0 0 0 0 0 0 0 0 0 0 0 0 0 0 0 0 0 0 0 0 6 0 
0 0 0 0 0 0 0 0 0 0 0 0 0 0 0 0 0 0 0 0 0 0 0 0 0 0 0 0 0 0 0 0 
0 0 0 0 0 0 0 44 0 0 0 0 0 0 0 0 0 0 0 0 0 0 0 0 0 0 0 0 29 0 0 34 
0 0 0 0 0 0 0 0 0 0 0 0 0 30 0 0 1830 0 0 0 0 0 0 69 0 0 0 0 0 0 0 0 
0 0 0 0 0 0 0 0 0 0 0 0 203 39 0 0 0 0 0 10 0 0 362 0 0 0 0 0 0 0 205 0 
0 40 0 0 0 0 0 0 0 0 0 0 0 0 0 0 41 0 0 0 0 0 0 0 39 39 0 0 38 0 0 0 
1 2 0 0 2 0 0 2 1 7 0 0 2 44 0 1 0 6 0 0 0 2719 0 0 6 0 0 124 0 0 24 16 
0 0 0 2 0 0 0 0 0 0 0 0 0 0 0 0 0 0 0 0 0 0 23 0 0 0 0 0 0 0 0 0 
0 0 0 0 0 0 0 0 0 0 0 0 0 15 0 0 0 0 0 0 0 0 0 0 0 0 0 0 0 0 0 0 
0 0 0 0 37 26 0 0 53 49 0 0 0 156 0 37 0 51 256 0 40 0 0 0 0 50 50 452 0 0 0 0 
0 0 0 0 0 0 0 0 0 0 0 0 0 0 0 0 0 0 0 0 0 0 0 0 0 3 0 0 0 0 0 0 
0 0 0 0 0 0 0 0 0 0 0 0 0 0 0 0 0 0 0 0 0 0 0 0 0 0 0 19 0 0 15 0 
116 0 0 2 0 0 0 0 80 0 63 63 0 0 0 0 0 60 0 409 0 0 0 0 21 0 0 0 167 62 0 63 
0 0 0 0 0 0 0 0 0 0 0 0 0 0 0 0 0 0 0 0 0 0 0 0 0 0 0 0 0 0 0 0 
0 5 0 0 0 1 0 0 0 0 0 2 0 0 3 2 0 0 0 3 0 0 0 0 0 0 3 0 0 5 2 27 
0 0 0 0 0 0 0 0 0 0 0 0 0 0 0 0 0 0 0 0 0 0 0 0 0 107 0 0 0 39 41 0 
0 0 0 0 0 0 0 0 0 0 0 0 0 0 0 0 0 0 0 0 0 0 0 0 0 0 0 0 2643 0 0 0 
0 0 0 0 0 0 0 0 0 0 0 0 0 0 0 0 0 0 0 0 0 0 0 0 3 0 0 0 0 0 0 0 
0 0 0 0 0 0 0 0 0 0 0 0 0 0 0 0 0 210 0 0 0 0 0 7 0 0 0 0 0 6 0 0 
0 6 0 0 0 0 0 0 0 0 0 0 0 0 0 12 0 7 0 0 0 0 0 0 0 59 0 34 0 0 0 0 
0 3 68 0 3 0 6 0 8 0 0 0 0 0 0 0 139 0 0 3 8 7 0 7 3 0 56 0 3 0 0 0 
9 0 61 53 117 0 52 0 576 0 7 8 0 0 0 0 52 0 63 0 174 0 0 0 6 0 0 0 0 93 0 7 
0 0 0 0 0 0 0 0 0 0 0 59 61 0 0 0 0 60 0 0 0 0 0 0 0 0 0 0 0 0 59 0 
0 0 0 0 0 0 0 0 0 0 0 15 0 0 0 0 0 0 0 0 0 0 0 0 0 0 0 0 0 0 0 0 
0 0 0 0 0 0 0 0 0 0 0 0 0 0 0 22 0 0 0 0 0 0 0 0 0 0 0 0 0 0 0 0 
0 0 0 0 0 0 0 0 0 0 0 0 0 0 0 0 0 0 0 0 0 0 0 0 0 0 0 0 0 0 0 0 
13 15 0 14 0 0 14 0 14 0 14 0 0 15 0 0 0 0 0 0 44 0 0 0 0 0 26 14 0 26 0 0 
0 0 0 0 0 0 0 0 0 0 0 0 0 0 0 0 0 0 0 0 0 0 0 0 0 368 0 0 0 0 0 25 
0 0 0 0 0 0 0 0 0 0 0 0 0 0 0 0 10 0 0 0 0 0 0 12 0 12 0 0 0 0 0 0 
0 0 0 0 0 0 0 0 0 0 0 0 0 0 0 0 0 0 0 0 0 0 0 0 0 0 0 0 0 0 0 15 
0 0 0 0 47 0 11 0 0 0 0 0 0 8 0 0 0 0 0 5 0 0 0 4 0 5 0 0 0 15 5 0 
0 0 0 0 0 0 0 0 0 0 0 0 0 0 0 0 0 0 0 0 0 0 44 0 0 0 0 0 0 0 0 0 
0 0 0 0 0 0 0 0 0 0 0 0 0 0 0 0 0 0 0 0 0 0 0 0 0 0 0 0 0 0 0 0 
0 0 0 24 0 0 0 0 0 0 0 0 0 0 0 0 0 0 0 0 0 0 0 0 0 0 0 0 0 0 0 0 
0 0 0 0 0 0 0 0 0 0 0 0 0 0 914 0 0 0 0 0 0 0 0 0 0 0 0 0 0 0 916 972 
0 0 0 0 0 0 0 8 0 0 0 0 0 0 0 0 0 0 0 0 0 0 0 0 0 0 0 0 0 0 0 0 
0 0 0 0 0 0 0 0 23 0 0 0 0 0 0 0 0 0 0 4 0 0 0 0 0 0 0 0 0 0 0 0 
0 0 0 0 0 0 0 0 0 0 0 0 0 0 0 0 0 0 0 0 0 0 0 0 0 0 0 0 0 0 0 0 
0 0 0 0 0 0 0 0 0 0 0 0 0 0 0 0 0 0 0 0 0 0 0 0 0 0 0 0 0 0 0 0 
0 0 0 0 0 0 0 0 0 0 0 0 1716 0 0 0 0 0 0 0 0 0 0 0 0 0 0 0 0 0 0 0 
0 0 0 0 0 0 0 0 0 0 0 0 0 0 0 0 0 0 0 0 0 0 0 0 0 0 0 0 0 0 0 0 
0 0 0 0 0 0 0 0 46 52 0 0 0 0 0 54 57 0 0 0 252 0 0 0 0 0 65 57 54 5 56 108 
87 0 0 0 0 171 0 87 0 0 0 0 0 0 0 0 86 0 0 0 2645 175 0 0 0 0 0 0 0 0 86 0 
0 0 0 0 0 0 0 0 0 0 0 0 0 0 0 0 0 0 6 0 0 0 0 0 0 0 0 0 0 16 0 0 
0 0 0 0 0 0 0 0 0 0 0 0 0 0 0 0 0 0 0 0 0 0 0 0 0 0 0 0 0 0 0 0 
0 0 0 0 0 0 0 0 0 0 0 0 0 0 0 0 0 0 0 2 0 0 0 0 0 0 0 0 0 0 0 0 
0 0 0 0 0 0 0 0 0 0 0 0 0 0 0 0 0 0 0 0 0 0 0 0 0 0 0 0 0 3 0 0 
0 0 0 0 0 0 0 0 0 0 0 0 0 0 0 2 0 0 0 0 0 0 6 0 0 0 0 0 0 236 0 0 
0 0 0 0 0 0 0 0 0 0 0 0 0 0 0 0 0 0 0 0 0 9 0 0 0 0 0 0 0 0 0 0 
0 0 0 0 0 0 0 0 0 0 0 0 0 0 1 0 0 0 0 0 0 0 0 0 0 0 0 0 0 0 0 0 
0 0 0 0 0 0 0 0 0 0 0 0 0 0 0 0 0 0 0 0 0 0 0 0 0 0 0 0 0 0 0 0 
0 0 0 0 0 0 0 0 0 0 0 0 0 0 0 0 0 0 0 0 0 0 0 0 0 0 0 0 0 0 0 0 
0 0 0 0 0 0 0 0 0 0 0 0 0 0 0 0 0 0 0 0 0 0 99 0 0 0 0 0 0 0 0 0 
0 0 0 0 0 0 0 0 0 0 0 0 0 0 0 0 0 0 0 0 0 0 0 19 0 0 0 0 0 0 0 35 
0 0 0 0 0 0 0 0 0 0 0 0 0 0 0 23 0 0 0 0 0 0 0 0 0 0 0 0 0 2 0 0 
0 0 0 0 0 16 16 0 0 0 0 0 16 0 0 0 0 0 0 0 1545 0 0 0 0 30 0 0 16 0 14 0 
0 0 0 31 33 33 41 32 158 0 0 34 0 0 0 31 43 0 208 0 0 0 0 0 0 32 0 34 0 0 31 0 
0 1 0 0 0 0 0 3 27 2 0 0 0 0 1 0 0 0 0 2 0 0 0 0 0 0 0 1 27 0 0 0 
28 0 2777 28 9 0 0 0 0 0 0 0 0 8 8 0 0 0 0 0 29 0 0 0 0 29 28 0 0 2 8 0 
0 73 73 0 73 0 1 0 73 0 0 0 1 0 74 1 71 0 0 0 0 0 0 144 0 73 0 0 0 0 0 73 
0 0 0 0 0 0 0 0 0 0 0 0 11 0 0 0 0 0 0 0 0 0 0 0 0 0 0 0 0 0 0 0 
13 0 0 0 0 0 0 0 0 18 18 0 18 0 0 0 0 17 17 0 0 34 0 0 17 0 43 27 0 18 0 0 
0 0 528 0 0 0 0 0 0 0 0 28 0 0 0 0 0 0 0 0 0 0 32 0 0 0 0 0 500 0 0 0 
0 18 0 0 0 0 0 0 0 0 0 0 0 0 0 0 0 0 0 0 0 0 0 0 0 0 0 0 0 0 0 0 
0 0 0 0 5 5 0 0 0 0 0 0 0 0 0 0 0 0 0 0 0 0 0 5 0 0 0 0 0 0 9 0 
0 0 0 94 0 0 0 0 0 0 0 0 114 0 58 554 0 0 0 0 0 0 0 0 0 0 0 0 0 0 0 0 
0 0 0 0 0 0 0 0 0 0 0 0 0 0 0 0 0 0 0 0 0 0 0 0 0 0 0 0 0 0 0 0 
0 0 639 0 0 760 0 0 0 0 642 0 0 441 0 43 0 0 0 0 0 642 652 0 0 0 0 0 0 0 0 0 
0 0 0 0 0 0 0 0 0 0 0 0 0 0 0 0 0 0 0 0 0 0 0 0 0 0 0 0 0 0 0 0 
0 0 0 0 0 0 0 0 0 0 0 0 0 0 0 0 0 0 0 20 0 0 0 0 0 0 0 0 0 0 0 0 
0 0 0 0 0 0 0 0 0 0 0 0 0 0 0 0 0 0 0 0 0 0 0 0 0 0 0 0 0 0 0 0 
0 0 0 0 0 0 353 0 124 2 0 0 0 0 0 0 0 0 0 0 0 0 0 1928 0 0 0 0 0 0 0 0 
0 0 0 345 0 0 0 27 40 48 0 26 0 0 251 26 4 0 0 0 0 0 0 0 0 28 0 26 0 0 4 48 
0 0 0 0 0 0 0 0 0 0 0 0 0 0 0 0 0 0 0 0 0 0 0 0 0 0 0 0 1089 0 0 0 
0 0 7 0 0 7 0 7 0 0 42 0 0 0 42 74 37 0 212 0 0 0 0 1 0 0 0 0 38 0 0 0 
0 0 0 0 0 0 0 0 0 0 0 0 0 0 0 0 0 0 0 0 0 0 0 0 0 0 0 0 0 0 0 0 
0 0 0 0 0 0 0 0 0 0 0 0 0 0 0 0 0 0 0 0 0 0 0 0 0 0 0 0 0 0 0 0 
0 0 0 0 0 0 0 0 0 0 0 0 0 0 0 0 0 0 0 0 0 0 0 0 0 0 0 0 0 0 0 0 
7 0 0 0 0 0 0 0 0 0 0 0 0 0 0 0 0 0 0 0 0 0 0 1 0 0 0 9 1 0 0 0 
0 0 0 0 0 0 0 0 0 0 0 0 0 0 0 0 0 0 0 0 0 0 0 0 0 2 0 0 0 0 0 0 
0 0 0 0 0 0 0 0 0 0 0 0 0 0 0 0 0 0 0 0 0 0 0 0 0 0 0 0 0 0 0 0 
10 0 0 0 0 11 0 0 0 11 0 0 0 121 0 0 0 0 0 0 0 0 0 0 2052 0 0 0 0 0 0 0 
0 0 0 0 0 0 0 0 0 0 0 0 0 0 0 0 0 0 0 0 0 0 0 0 0 0 0 0 0 0 0 0 
0 0 0 0 0 0 0 0 0 0 2 0 0 0 695 15 0 0 38 0 0 0 0 0 0 0 0 0 2 2 0 0 
0 0 0 0 0 0 0 0 0 0 0 0 0 0 0 0 0 0 0 0 0 0 0 0 0 0 0 0 0 0 0 0 
0 0 0 0 0 0 0 0 0 0 0 0 0 0 0 0 0 0 0 0 0 0 0 0 0 0 0 0 0 61 0 0 
0 0 0 0 0 0 0 0 0 0 0 0 0 0 0 0 0 0 0 0 0 0 0 0 0 0 0 0 0 0 0 0 
0 0 0 233 0 0 0 0 0 0 0 0 0 0 0 0 0 0 0 0 0 0 0 0 0 28 0 0 0 0 28 25 
0 0 0 0 0 0 0 0 0 0 0 0 0 0 0 0 0 0 0 0 0 0 0 0 0 0 0 0 0 0 0 0 
0 0 0 0 0 0 0 0 0 0 0 0 0 0 0 0 10 0 0 0 0 0 0 0 0 0 0 0 0 0 0 0 
0 0 0 0 54 0 0 65 0 79 0 0 0 6 69 0 71 0 0 53 5 5 0 50 0 0 0 0 132 0 0 0 
0 0 0 0 0 8 0 9 7 0 0 0 0 8 0 0 10 0 17 0 0 0 0 0 0 0 0 8 0 8 9 0 
0 0 3200 0 0 0 0 0 0 0 0 0 0 0 0 0 0 0 330 0 0 268 0 0 0 276 0 0 0 0 84 0 
0 0 0 0 0 0 0 0 0 0 0 0 1138 0 0 0 1113 0 0 0 1135 0 0 0 0 0 0 0 0 0 0 1137 
0 0 0 0 0 0 0 0 0 0 0 0 0 0 0 0 0 0 0 0 0 0 0 0 0 0 0 0 0 0 0 0 
59 0 0 0 0 0 70 8 8 0 0 8 0 0 0 62 2879 68 0 60 0 8 0 0 0 0 0 8 0 0 0 0 
0 0 0 0 0 202 0 0 0 0 0 0 158 0 0 0 0 0 0 0 0 0 0 0 0 0 0 0 0 0 0 0 
0 0 0 0 0 0 0 0 0 0 0 0 0 0 0 0 0 0 0 0 0 0 0 0 0 0 0 0 0 0 0 0 
0 0 0 0 0 0 0 0 0 0 0 0 0 0 0 0 0 0 0 0 0 0 0 0 0 0 0 0 0 0 0 0 
15 6 13 0 0 10 2 150 4 0 0 0 10 3 10 5 2 10 9 14 0 0 0 3 38 0 0 0 10 186 0 2 
0 0 0 0 0 0 0 0 0 0 83 76 0 0 14 0 0 75 77 90 0 8 0 8 0 0 0 74 0 76 0 14 
0 0 0 0 0 0 0 0 0 0 0 198 0 0 0 0 0 0 0 0 0 0 0 0 0 0 0 0 0 0 0 18 
0 0 7 0 0 12 0 0 0 0 7 0 0 0 0 1235 0 0 0 0 0 0 7 0 0 0 0 0 0 0 0 7 
0 0 0 0 0 0 0 0 0 0 0 0 0 0 0 0 0 0 0 0 0 0 0 0 0 0 0 0 0 0 0 0 
0 0 0 0 0 0 0 0 0 0 0 0 0 0 0 0 0 0 0 0 0 0 0 0 0 0 0 0 0 0 0 0 
430 0 0 585 0 0 0 0 0 584 0 0 0 0 581 0 0 573 0 0 578 0 0 0 0 0 0 579 0 8 0 584 
0 0 0 0 0 0 0 0 0 0 0 0 0 0 0 0 0 0 0 0 0 0 0 0 0 0 0 0 0 0 0 0 
0 0 0 0 14 0 0 14 14 0 0 0 0 0 0 0 0 0 0 0 0 0 0 26 0 0 0 0 0 0 0 0 
0 0 0 0 0 0 0 0 97 335 0 136 0 0 118 0 0 0 0 27 155 28 138 0 139 0 0 129 0 161 138 0 
0 0 0 0 0 0 0 0 0 0 0 0 0 0 0 0 0 0 0 0 0 0 0 0 0 0 0 0 0 0 0 0 
0 0 0 0 0 0 0 0 0 0 0 0 0 0 0 0 0 0 0 0 0 0 0 0 0 26 25 26 0 0 26 0 
0 0 0 0 0 0 0 0 0 0 0 0 0 0 0 0 0 0 0 0 0 0 0 0 0 0 0 0 0 0 0 0 
0 0 0 0 0 0 0 0 0 0 0 0 0 0 0 0 0 0 0 0 0 0 0 0 0 0 0 0 0 1422 0 686 
8 5 4 60 3 268 133 133 134 0 3 0 7 0 5 3 138 0 38 1 3 6 141 0 3 195 0 5 0 138 5 0 
0 0 0 0 0 105 0 0 0 0 0 0 6 0 2 0 132 0 0 0 435 0 5 2 0 71 0 0 0 2 0 0 
0 0 0 0 0 0 0 0 0 0 0 0 0 0 0 0 0 0 0 0 0 0 0 0 65 0 0 0 0 0 0 0 
0 0 0 1 0 0 0 0 0 0 0 0 0 0 0 0 0 0 0 0 0 1 0 0 0 0 0 0 1 1 0 0 
0 0 0 0 0 0 0 0 0 0 0 0 0 0 0 0 0 0 0 0 0 0 0 0 0 0 0 0 0 0 0 0 
0 0 0 0 0 0 0 0 0 0 0 0 0 0 0 0 0 0 0 0 0 0 0 0 0 0 0 0 0 0 0 0 
0 0 0 0 0 0 0 0 0 0 0 0 0 0 0 0 0 0 0 0 0 0 6 0 0 0 0 0 2 0 0 0 
0 96 0 0 0 98 361 0 3 0 1 97 98 12 0 0 99 6 0 0 0 99 0 1928 0 341 0 0 0 0 98 100 
0 0 53 0 0 0 0 0 0 0 0 0 0 0 0 0 0 0 0 0 0 0 0 0 0 0 0 0 0 0 0 0 
0 0 0 0 0 0 0 0 0 0 0 0 0 2 0 0 0 0 0 0 0 0 0 0 40 0 0 3 0 0 0 99 
2 5 2 0 0 0 1 0 0 4 2 0 0 4 0 4 0 2 0 0 0 1 0 0 4 0 0 0 5 2 0 1 
0 3 0 0 0 0 0 0 1 111 0 0 0 0 1 179 0 0 0 103 0 0 0 0 0 0 1 0 0 1 1 0 
0 0 0 0 0 0 0 0 0 0 0 0 0 0 0 0 78 0 0 0 0 0 0 0 22 0 0 4 0 0 0 0 
0 0 0 0 0 0 0 0 0 0 0 0 0 0 0 0 0 0 0 0 0 0 0 0 0 0 0 0 0 0 0 0 
0 0 0 0 0 0 0 0 0 0 0 0 0 0 0 0 0 0 0 0 0 0 0 0 0 0 0 0 0 0 0 0 
0 0 0 0 0 0 0 0 0 0 0 0 0 0 0 0 0 0 0 1 0 0 0 0 1 0 2 0 0 0 0 0 
0 0 0 0 0 0 0 0 0 0 0 0 0 0 0 0 0 0 0 0 0 0 0 0 0 0 0 0 0 0 0 0 
0 10 0 10 0 0 0 0 0 0 0 140 0 0 18 0 0 10 0 0 10 0 0 0 18 10 10 0 0 0 10 0 
0 7 0 25 0 88 0 0 26 4 0 0 4 0 0 2421 0 0 0 0 0 0 0 0 0 0 0 4 0 0 0 0 
27 0 0 19 0 20 0 0 0 0 0 22 0 20 0 0 0 0 0 0 0 0 0 2 0 20 0 0 0 48 0 47 
0 0 0 0 0 0 0 0 0 0 0 0 0 0 0 0 0 0 0 0 0 0 0 0 0 0 0 0 0 0 0 0 
0 0 0 0 0 0 0 26 0 0 0 0 0 0 0 0 0 0 0 0 0 0 0 0 0 0 0 5 0 0 0 0 
116 0 249 123 117 0 5 371 119 0 0 0 0 0 0 0 0 244 0 0 123 108 0 0 112 0 0 0 0 112 5 136 
0 0 0 0 0 0 0 0 0 110 0 0 0 0 0 0 0 0 0 32 0 0 2569 216 0 288 0 0 0 53 0 59 
0 0 0 0 0 0 0 0 5 0 0 0 0 0 0 0 0 0 0 0 0 0 0 0 0 0 0 0 0 0 0 0 
0 0 0 0 2 0 0 60 0 0 60 0 60 0 4 0 58 0 0 0 0 60 0 2 0 0 452 0 0 96 0 0 
0 0 0 0 0 0 0 0 0 0 0 0 0 0 0 0 0 0 0 0 0 0 0 0 0 0 0 0 0 0 0 0 
0 0 0 0 74 0 0 0 0 0 0 0 24 0 0 0 0 0 0 0 0 2719 0 0 0 0 0 0 0 0 0 0 
0 0 0 0 0 0 0 0 0 86 0 0 0 0 0 0 170 0 85 0 0 0 152 0 86 0 0 84 0 0 0 0 
0 0 0 0 0 0 0 0 0 0 0 0 0 0 0 0 0 0 0 0 0 0 0 0 0 0 0 0 0 0 0 1028 
0 11 11 0 0 0 0 1979 0 0 0 10 0 0 0 3 0 0 0 0 0 0 0 0 0 0 0 0 0 0 5 0 
0 0 0 0 0 0 0 0 0 0 0 4 0 0 0 0 0 0 0 0 0 4 0 0 0 0 4 0 0 0 0 0 
52 29 3 3 0 0 404 3 0 0 0 0 2 0 2 4 0 0 0 30 4 0 0 10 0 52 3 73 43 10 0 10 
0 0 0 0 0 0 14 0 0 0 0 0 0 0 0 0 0 0 0 0 2539 0 0 11 0 0 0 0 0 0 0 0 
0 0 0 0 0 0 13 1 0 0 25 0 0 0 1 0 0 0 0 0 0 0 0 0 0 0 28 0 0 0 3 36 
0 0 0 4 0 0 0 0 5 0 97 104 0 0 3 238 0 0 0 0 0 0 0 0 0 0 0 0 1428 0 99 9 
0 0 0 0 0 0 0 0 0 0 197 0 0 0 0 0 0 0 0 0 0 393 253 0 0 0 198 0 195 198 598 612 
0 19 0 20 0 0 0 0 19 0 0 0 0 0 0 0 0 100 0 0 0 21 0 21 2609 0 0 0 0 19 0 0 
0 0 0 0 0 0 0 0 0 0 0 0 0 0 0 0 0 0 0 0 0 0 0 0 0 0 0 0 0 0 0 0 
0 0 0 0 0 0 0 0 0 0 0 0 0 0 0 0 0 0 0 0 0 0 0 0 0 0 0 0 0 0 0 0 
0 0 0 0 0 0 0 0 0 0 98 0 0 0 0 0 0 0 0 0 0 0 0 0 0 0 0 0 0 0 0 0 
0 0 0 0 0 0 0 0 0 0 0 0 10 10 0 0 0 0 0 10 0 10 10 0 0 0 0 6 0 0 11 0 
0 13 13 0 0 0 0 0 12 13 11 0 0 0 0 0 0 0 874 13 0 0 0 747 0 0 13 0 0 0 0 0 
0 0 0 15 2 0 0 0 0 0 0 0 0 0 0 0 0 2 0 0 0 0 0 0 320 0 0 0 0 0 3 0 
0 0 0 0 0 0 0 14 0 0 0 15 0 0 0 0 0 0 0 0 0 0 200 0 0 15 0 0 0 333 0 0 
461 0 0 990 0 0 453 448 0 0 0 0 0 0 0 466 0 901 0 457 0 0 0 446 0 0 0 19 0 0 0 930 
0 0 0 0 0 0 0 0 0 0 0 0 0 0 0 0 0 0 0 0 0 1 0 2 0 0 0 0 0 4 0 0 
0 0 0 0 0 0 0 0 0 0 0 0 121 0 0 0 0 0 0 0 0 0 0 0 0 0 0 0 0 0 0 0 
0 0 0 0 0 0 0 0 0 0 0 0 0 0 0 0 0 0 8 0 0 0 0 0 0 0 0 0 0 0 0 0 
0 0 0 0 0 0 0 0 0 0 0 0 0 0 0 0 78 0 0 0 0 0 0 0 0 0 0 0 0 0 0 0 
0 0 0 0 0 24 0 0 0 471 34 0 593 0 0 0 534 0 0 1318 0 0 444 24 23 23 0 0 0 464 0 0 
0 0 0 0 0 0 0 0 0 0 0 0 26 0 0 0 0 0 0 0 0 0 0 0 0 32 1 29 0 0 0 0 
0 0 0 0 0 0 0 0 0 3 0 0 0 0 0 0 0 7 0 0 0 0 4 0 0 0 0 0 0 0 0 0 
0 0 0 0 0 0 0 0 0 0 0 0 0 0 0 0 0 0 0 0 0 0 0 0 0 0 0 0 0 0 0 0 
0 0 0 0 0 0 0 0 0 0 0 0 0 0 0 0 0 0 0 0 3 0 0 0 0 0 0 0 2 8 0 0 
0 0 0 0 0 0 0 0 0 0 0 0 0 0 126 0 0 0 0 0 0 0 0 0 63 0 141 0 55 0 44 250 
0 0 0 0 0 0 0 0 0 69 0 0 0 0 0 0 0 0 0 0 0 0 0 0 0 0 0 0 0 0 302 10 
0 0 0 0 0 0 0 0 0 0 0 0 0 0 0 0 0 0 0 0 0 0 0 0 0 0 0 0 0 1 1 1 
10 0 0 39 0 9 0 0 0 0 10 0 0 0 0 0 0 0 0 0 0 0 0 0 0 0 10 10 0 0 0 0 
0 0 0 0 0 0 6 0 0 0 0 0 738 0 0 0 745 0 0 620 0 0 0 0 0 0 0 0 0 14 0 490 
0 0 0 0 0 0 21 0 0 0 0 0 0 0 21 0 22 0 0 0 0 0 0 0 0 0 57 0 0 0 20 23 
0 23 0 0 0 0 0 0 0 134 30 30 1714 0 27 25 43 0 0 28 22 0 0 0 0 0 0 14 29 0 0 0 
0 0 0 0 0 0 0 0 0 0 0 0 0 0 0 0 0 0 0 0 0 0 0 0 0 0 0 0 0 0 0 0 
0 0 0 0 0 0 0 0 0 0 0 0 0 0 129 0 0 0 0 0 0 0 0 0 0 0 0 0 2643 0 47 0 
0 0 0 0 0 0 0 0 0 0 0 0 0 0 0 0 0 0 0 0 0 0 0 0 0 0 0 0 0 0 0 0 
0 0 0 0 0 0 0 0 0 0 221 0 0 0 0 0 0 0 0 0 0 0 0 0 0 0 0 0 0 0 0 0 
0 0 0 0 10 0 0 0 0 0 0 0 0 0 0 0 0 14 0 0 0 0 0 8 0 0 0 0 6 0 0 0 
0 0 0 0 0 0 0 0 0 0 0 0 0 0 0 0 0 0 0 0 0 0 0 0 0 0 0 0 0 0 0 0 
0 0 0 0 0 1004 0 0 0 0 0 0 0 0 0 0 0 0 0 0 0 0 15 0 0 0 0 0 0 0 0 0 
0 0 0 0 0 0 0 0 0 0 1 0 0 0 0 0 7 0 0 0 0 0 0 0 0 0 0 0 0 0 0 0 
0 0 0 40 0 0 0 0 0 0 0 0 0 0 0 0 0 40 0 0 0 0 0 0 0 0 0 0 0 0 0 0 
0 0 695 0 0 0 0 0 0 0 0 0 0 0 0 0 0 0 0 0 0 0 0 0 272 0 0 0 0 0 0 0 
0 77 0 0 0 0 0 0 0 0 0 0 0 0 79 0 0 0 0 80 0 0 0 0 0 0 0 0 2643 0 0 0 
0 0 0 0 0 0 0 0 0 0 0 0 0 0 0 0 0 0 0 0 0 0 0 0 0 0 0 0 0 0 0 0 
0 0 0 0 0 0 0 0 57 0 0 0 0 0 0 0 0 0 0 586 0 0 0 372 0 0 0 0 0 0 0 15 
1215 0 0 0 30 0 0 0 0 0 0 0 0 0 0 0 0 0 0 0 0 0 0 0 0 0 0 0 0 18 0 0 
0 0 0 0 0 0 0 0 0 0 0 0 0 0 0 0 0 0 0 0 20 0 0 0 90 0 0 0 0 0 0 1905 
0 0 0 0 0 0 0 0 0 0 0 0 0 0 0 0 0 0 0 0 0 0 0 0 0 0 0 0 0 0 0 0 
0 0 0 0 0 0 0 0 0 0 0 0 0 0 0 0 0 0 0 0 0 4 0 0 0 0 0 0 0 0 0 0 
0 0 0 0 0 0 0 0 0 0 0 0 0 0 0 0 0 0 0 0 0 0 0 0 0 0 0 0 0 0 0 15 
0 0 0 0 0 0 0 0 0 0 0 0 0 0 0 0 0 0 0 0 0 0 0 0 0 0 0 0 0 2 2 131 
0 0 0 0 0 0 0 0 0 0 0 0 0 0 0 0 0 0 0 6 0 0 0 0 0 0 0 0 0 0 0 0 
0 0 0 0 0 0 0 0 0 0 0 0 0 0 0 0 0 0 0 0 0 0 0 0 0 0 0 0 0 0 0 0 
0 0 0 0 0 0 0 0 0 0 0 0 0 0 0 0 4 0 0 0 0 0 0 0 0 0 4 0 0 0 0 0 
10 0 0 0 0 0 0 0 0 0 0 0 0 0 0 20 11 0 0 0 0 11 0 0 11 0 11 630 2643 0 0 0 
0 0 0 0 0 0 0 0 0 0 0 0 0 0 176 0 0 0 0 0 0 0 0 0 0 0 0 0 0 0 0 0 
0 653 0 0 0 0 0 0 0 0 585 0 1714 20 0 30 12 0 0 0 0 0 0 556 560 0 560 0 565 556 0 0 
0 0 0 0 0 0 0 0 0 0 0 0 0 0 0 0 0 0 0 0 0 0 0 0 0 0 0 0 0 0 0 0 
0 0 0 0 0 0 0 0 0 120 121 0 0 0 0 0 0 0 119 0 0 114 0 0 0 121 118 0 0 153 0 0 
0 0 0 0 0 0 0 0 0 0 0 0 0 0 0 0 0 0 0 0 0 0 0 0 0 0 0 0 0 0 0 0 
0 0 0 0 0 0 0 0 0 0 0 0 2 0 0 0 0 0 0 0 0 0 0 0 0 0 0 0 0 0 0 0 
0 0 0 0 0 0 0 0 0 0 0 0 0 0 0 0 0 0 0 0 0 0 0 0 0 0 0 0 0 0 0 0 
0 0 0 0 0 0 0 0 0 0 0 0 0 0 0 0 0 0 0 0 0 0 0 0 0 0 0 0 0 0 0 0 
0 0 2 0 0 0 413 0 0 0 0 0 0 0 0 0 0 3 0 0 0 3 0 0 0 0 0 0 0 0 3 0 
0 1308 0 0 0 0 0 0 0 0 0 0 0 0 0 0 0 0 0 0 0 0 0 3 0 0 0 0 0 0 0 1351 
0 0 0 0 0 0 0 0 0 0 0 0 0 0 0 0 0 0 0 0 0 0 0 0 0 0 0 0 0 0 0 0 
0 0 0 0 0 0 0 0 0 0 0 0 0 0 0 0 0 0 0 0 0 0 0 0 0 0 0 0 0 0 0 0 
0 0 0 0 0 0 0 0 0 0 0 0 0 0 0 0 0 0 0 0 0 0 0 0 0 0 0 0 0 0 0 0 
0 0 0 0 0 0 0 0 0 0 0 0 0 0 0 0 0 0 0 0 0 0 0 0 0 0 0 0 0 0 0 95 
0 0 52 0 0 0 0 0 0 0 0 0 0 0 0 0 0 0 0 0 0 0 0 0 0 0 0 0 0 0 0 0 
0 0 0 0 0 0 0 0 0 0 0 0 0 0 0 0 0 0 0 0 0 0 0 0 0 0 0 0 0 0 0 0 
0 0 0 0 0 0 0 0 0 0 0 0 0 0 0 0 0 0 0 0 0 0 0 0 0 0 0 0 0 0 0 0 
0 0 0 0 0 0 0 0 0 0 0 0 0 0 0 0 0 0 0 0 0 0 0 0 0 0 0 0 0 0 0 452 
0 0 0 0 0 0 0 0 0 0 0 0 0 0 0 0 0 0 0 0 0 0 0 0 0 0 0 0 0 0 0 0 
0 0 0 6 0 355 0 328 0 351 357 0 2 4 360 344 346 0 0 0 0 0 2 357 0 0 0 0 3 0 415 0 
2 0 0 243 0 0 0 0 0 0 0 19 0 707 0 0 0 0 0 314 0 0 0 0 0 0 0 0 0 0 0 0 
0 0 0 0 0 0 0 0 0 0 0 0 0 0 0 0 0 0 0 0 0 0 0 0 0 0 0 0 0 0 0 0 
0 0 0 0 0 0 0 51 0 0 0 0 0 0 52 0 0 0 0 0 0 50 0 0 76 0 2136 52 0 12 0 0 
0 0 0 0 0 0 0 0 0 0 0 0 0 0 0 0 0 0 0 0 0 0 0 0 80 0 0 0 0 0 0 0 
0 0 0 0 0 0 0 0 5 116 4 0 0 0 0 0 0 0 5 0 0 0 0 0 0 0 0 0 5 0 0 0 
251 0 641 0 0 760 3 0 0 0 642 0 2 0 2 0 1 1 0 0 0 642 652 0 2 1 0 0 0 1 0 1 
0 0 0 0 0 71 0 0 0 0 0 45 593 0 0 0 534 51 45 1318 0 0 0 0 90 0 6 0 0 0 0 0 
0 0 0 4 0 3 0 0 0 0 0 0 0 0 0 0 0 0 0 0 0 0 0 0 368 0 0 0 9 0 0 0 
0 0 0 0 0 0 0 5 0 0 0 0 0 0 0 0 0 0 0 0 0 0 0 8 0 0 5 0 0 0 0 0 
0 0 99 13 0 0 0 0 0 0 9 0 0 0 0 0 0 0 0 116 0 7 0 0 0 0 0 5 0 28 0 0 
0 0 0 0 0 0 0 0 0 0 0 0 0 0 0 0 0 0 0 0 0 0 0 0 0 0 0 1 0 0 0 18 
0 6 0 0 0 0 0 0 0 0 0 0 0 0 0 0 0 0 0 0 0 0 39 5 0 19 0 14 52 0 64 132 
0 0 0 0 0 0 0 0 0 0 0 0 0 0 0 113 0 0 0 0 0 0 0 0 0 0 0 0 0 0 0 0 
0 0 0 0 0 38 0 0 0 0 34 0 0 0 0 0 0 0 0 0 0 0 0 0 0 0 0 0 34 0 0 0 
0 0 0 0 4 4 0 0 0 0 0 0 0 0 11 0 0 0 0 0 0 0 4 0 0 0 0 0 6 0 0 0 
0 0 0 0 0 0 0 0 0 0 0 0 0 0 0 0 0 0 44 0 0 0 0 0 26 0 0 0 58 0 0 86 
0 0 0 4 0 0 0 0 0 0 0 0 0 0 0 1 0 0 4 0 0 0 77 57 0 0 0 0 0 0 0 0 
0 0 0 0 0 0 0 0 0 0 0 0 0 0 0 0 0 0 0 0 0 0 0 0 0 50 0 0 0 0 0 0 
0 0 66 0 0 0 0 0 0 0 0 0 0 0 0 0 0 0 0 0 0 0 0 0 0 0 0 0 0 0 0 0 
47 0 0 0 0 0 0 0 0 0 0 0 0 0 0 0 0 0 0 0 34 0 0 0 0 0 0 0 0 36 0 0 
0 8 0 0 0 0 0 0 0 0 0 0 0 0 0 0 0 0 0 0 0 0 0 0 0 0 0 0 0 0 0 0 
0 0 0 0 0 0 0 0 0 0 0 0 0 0 0 0 0 0 0 928 0 2 0 0 0 0 0 0 0 0 69 0 
16 0 0 0 0 0 2515 0 17 0 0 0 0 0 0 0 0 15 0 0 17 0 30 25 32 0 0 0 0 0 0 0 
0 0 0 0 0 0 0 0 0 132 0 0 0 98 0 0 0 0 98 47 0 49 49 48 0 0 0 0 0 0 0 0 
3 7 0 0 4 0 2515 0 81 7 0 0 0 0 0 0 0 81 0 0 0 7 8 0 0 0 7 0 0 0 4 0 
0 0 0 0 0 0 0 0 0 0 0 0 0 0 0 0 0 0 1 0 0 0 0 0 0 0 0 0 0 0 0 0 
0 0 0 0 0 0 0 0 0 0 0 0 0 0 0 0 0 0 0 0 0 0 0 0 0 0 0 0 0 0 0 0 
0 0 0 0 0 0 0 0 0 0 0 0 0 0 0 0 0 0 0 0 0 0 0 0 0 0 0 0 0 0 0 0 
0 0 0 0 0 0 0 0 0 0 0 0 0 99 114 0 0 0 99 0 0 0 0 0 0 0 46 0 0 0 0 0 
0 0 0 0 0 0 0 0 0 0 111 0 0 0 0 0 0 0 0 0 0 0 0 0 18 0 0 0 0 0 0 0 
0 0 86 0 88 0 0 1979 0 63 0 0 232 4 0 7 159 78 0 0 0 0 0 0 0 0 152 0 0 0 181 0 
0 0 0 0 0 0 0 34 0 0 0 0 12 0 0 0 0 0 3 0 0 0 0 0 0 0 0 0 0 1 1 0 
0 0 0 0 0 0 0 0 0 0 5 133 0 0 0 0 0 0 0 0 0 0 0 0 0 2671 0 8 0 0 0 0 
0 0 0 0 0 0 0 0 0 0 0 0 0 0 0 0 0 0 0 0 0 0 0 0 0 0 0 0 0 0 0 0 
22 0 0 0 0 0 0 0 0 0 13 13 0 0 0 13 2476 0 0 13 13 0 0 0 0 0 0 0 24 0 0 0 
0 0 0 0 0 3 0 0 7 0 0 0 0 0 247 0 0 0 0 0 0 0 0 0 4 0 0 0 82 0 3 4 
0 0 0 0 0 0 4 0 5 0 0 157 0 0 3 0 0 0 0 0 0 0 0 0 0 0 0 0 0 0 0 4 
0 0 0 0 0 0 18 0 0 0 0 0 0 0 0 0 0 0 0 0 0 0 0 0 0 0 0 0 0 0 0 0 
0 18 0 0 0 0 0 0 0 0 0 0 0 0 0 0 0 0 0 0 0 0 0 0 11 0 0 0 0 0 0 0 
0 0 0 0 0 0 0 0 0 0 0 0 0 0 0 0 0 0 0 0 0 0 0 0 0 2 0 0 0 0 0 0 
0 0 0 0 0 0 0 0 2060 0 0 0 3 0 0 0 0 0 0 0 0 0 7 0 0 0 0 0 0 6 556 3 
25 25 0 0 0 0 25 21 0 0 0 0 0 0 24 0 0 0 25 0 0 0 0 0 0 0 0 0 0 0 48 15 
0 41 0 0 0 0 0 8 60 0 0 0 0 0 39 42 0 0 87 0 0 0 0 0 0 40 0 8 0 0 0 48 
0 0 0 2 0 0 0 0 0 0 0 0 0 0 0 0 0 0 0 0 0 0 0 0 0 0 0 0 0 0 0 0 
0 0 24 0 2 3 2 0 3 0 100 0 3 0 26 0 2 0 23 2 42 0 0 0 22 7 4 0 4 4 5 0 
9 9 16 10 0 0 0 0 0 0 17 0 0 0 0 0 0 0 0 0 0 24 0 0 0 0 0 0 10 10 0 1808 
0 0 0 0 0 0 1 0 0 1 0 0 0 0 0 0 0 1 0 2 0 0 1 0 0 2 0 0 0 0 0 0 
0 12 0 0 0 0 0 0 0 0 0 0 0 0 0 0 0 0 0 0 0 0 0 0 0 6 25 9 0 5 0 0 
1 2 0 0 0 0 0 0 0 4 2 0 0 0 0 0 0 5 6 0 0 0 0 0 0 0 0 234 0 3 0 0 
0 0 0 0 0 0 0 0 0 0 0 0 0 0 0 0 0 0 0 0 0 0 0 0 0 0 0 0 0 0 0 0 
0 2 0 0 0 0 3 3 0 7 0 0 2 0 0 0 0 0 0 4 0 0 0 0 0 0 0 4 10 5 0 0 
0 0 0 3 0 0 0 0 0 0 0 0 0 0 0 0 0 0 0 0 0 0 0 0 0 5 0 0 0 0 0 46 
0 0 0 4 0 0 0 0 0 0 0 0 0 0 0 0 4 0 2 0 0 0 0 0 0 0 0 0 0 0 14 0 
0 0 0 0 0 0 0 0 0 1 0 0 0 0 1 0 0 0 0 0 0 0 0 0 0 0 0 0 0 0 0 10 
0 0 0 0 0 0 0 0 0 0 0 0 0 0 0 0 0 0 0 0 0 0 0 0 0 0 0 0 0 0 0 0 
0 0 0 0 0 0 0 0 0 0 0 0 0 0 0 0 0 0 0 0 0 0 0 0 0 0 0 0 0 0 0 0 
0 0 0 0 0 0 0 0 0 0 0 0 0 0 2 0 0 0 0 0 0 0 0 0 0 0 0 0 0 0 0 0 
0 0 0 151 0 0 0 0 0 95 105 0 0 0 0 94 0 0 0 0 0 0 0 183 0 37 0 0 0 0 148 0 
0 0 0 0 0 0 0 0 0 0 0 0 0 0 0 0 0 0 0 0 0 0 0 0 0 0 0 0 0 1524 0 1554 
3 0 0 0 0 0 0 0 0 0 0 0 0 0 0 0 2 0 0 0 0 1 0 0 0 0 0 0 0 0 0 0 
0 0 0 0 0 0 0 0 0 0 0 0 0 0 0 0 0 0 0 0 0 0 0 0 0 0 0 0 0 0 0 0 
0 0 0 70 0 0 0 0 0 0 0 0 0 0 0 0 0 0 0 55 0 0 0 0 0 0 0 0 0 0 0 0 
0 0 0 0 0 0 0 0 0 0 0 0 0 1 0 0 0 0 0 0 0 0 0 0 0 0 0 0 0 0 0 0 
0 0 0 0 0 0 0 0 0 0 0 0 0 0 0 0 0 0 0 0 0 0 0 3 0 0 0 0 0 0 0 0 
0 0 0 0 0 0 1 0 0 0 0 182 0 0 0 0 0 0 0 2 2602 0 0 0 0 0 0 0 0 0 0 0 
0 0 8 14 0 0 0 0 0 117 62 0 0 0 0 0 0 0 0 0 0 31 0 0 0 0 28 0 1358 0 0 0 
0 0 14 0 0 0 15 0 18 0 16 0 1070 0 13 14 15 0 0 29 1092 0 15 0 0 15 0 0 0 15 15 0 
0 0 0 0 0 0 0 0 0 0 0 0 0 0 0 0 0 0 0 0 0 0 0 0 0 0 0 0 0 1524 0 1554 
