0 29 17 7 9 2 3 2 2 11 2 9 4 2 9 11 7 2 15 10 6 5 10 6 17 5 10 12 0 0 0 0 
0 38 24 10 12 7 5 5 9 13 7 11 11 5 15 15 13 7 19 11 12 16 22 16 23 15 14 37 0 0 0 0 
0 33 16 23 23 16 23 20 9 23 7 18 7 8 23 16 15 14 14 21 18 34 23 16 16 25 25 23 0 0 0 0 
0 61 48 28 30 16 22 22 13 32 23 28 21 21 29 29 23 20 40 31 25 46 40 31 52 22 48 57 0 0 0 0 
0 38 24 18 27 16 11 11 15 21 19 14 9 11 19 21 23 22 27 24 24 13 27 21 27 21 16 30 0 0 0 0 
0 43 42 24 29 14 20 16 16 21 15 31 13 15 20 27 13 15 25 25 16 33 26 19 29 30 34 34 0 0 0 0 
0 9 3 9 5 3 1 6 1 5 3 5 9 2 7 7 3 9 6 12 13 8 10 6 7 9 5 21 0 0 0 0 
0 1 3 3 0 2 2 4 2 1 0 1 0 3 0 3 2 1 3 0 4 3 4 2 4 1 0 1 0 0 0 0 
0 13 4 4 4 7 2 4 1 6 1 6 2 4 8 4 4 0 1 3 1 7 8 2 5 1 4 14 0 0 0 0 
0 21 21 12 16 10 21 9 14 11 10 9 5 9 6 11 13 9 6 10 14 11 12 12 9 6 12 5 0 0 0 0 
0 14 2 6 4 2 2 0 0 7 0 2 1 1 9 4 2 0 3 4 3 7 2 2 6 2 6 9 0 0 0 0 
0 10 15 14 15 2 6 21 21 16 29 19 27 18 23 14 24 17 28 16 34 29 29 22 44 28 28 48 0 0 0 0 
0 20 21 10 15 12 8 13 10 6 15 21 12 11 7 20 4 18 13 11 16 19 10 8 12 13 17 10 0 0 0 0 
0 41 49 36 31 21 28 20 25 23 27 42 17 33 24 27 13 28 34 29 30 54 35 32 43 29 45 41 0 0 0 0 
0 9 3 9 7 3 3 12 1 7 7 11 23 9 13 10 5 13 14 13 19 18 14 13 21 15 25 45 0 0 0 0 
0 59 53 32 31 26 29 34 19 27 15 28 10 14 23 25 24 26 22 36 20 35 32 27 29 26 28 28 0 0 0 0 
0 56 61 50 44 36 36 45 28 31 31 32 16 31 25 32 37 34 14 43 37 44 47 26 35 38 38 21 0 0 0 0 
0 41 41 27 29 22 34 24 31 18 15 16 12 17 24 15 22 12 7 21 23 22 18 5 18 18 11 16 0 0 0 0 
0 18 16 18 27 16 11 16 11 20 21 10 11 13 9 17 22 18 9 10 23 10 12 14 10 13 10 13 0 0 0 0 
0 24 19 30 37 50 41 39 30 27 38 18 18 22 27 31 44 39 21 22 31 29 23 23 43 29 23 24 0 0 0 0 
0 7 17 25 30 36 24 25 34 27 48 17 18 23 30 27 30 35 32 29 35 36 42 34 44 48 33 37 0 0 0 0 
0 32 34 25 33 26 33 25 30 12 36 15 12 13 13 26 22 20 19 19 16 20 23 15 16 31 14 22 0 0 0 0 
0 25 42 32 17 20 19 26 16 17 12 16 5 14 22 11 26 17 7 17 28 12 24 9 17 26 12 14 0 0 0 0 
0 37 61 32 28 15 40 45 37 30 22 35 13 36 37 20 48 27 14 32 52 28 25 16 33 45 30 17 0 0 0 0 
0 19 17 10 9 7 6 8 7 14 16 4 6 8 6 8 6 10 5 9 6 11 8 10 7 16 11 6 0 0 0 0 
0 12 19 13 15 12 8 13 11 16 20 4 10 6 5 10 9 9 6 6 11 7 12 13 5 19 8 11 0 0 0 0 
0 10 14 23 29 42 42 40 30 25 48 22 11 12 30 20 48 39 26 23 29 26 30 30 45 30 20 33 0 0 0 0 
0 15 2 16 13 18 27 31 6 14 15 16 9 8 13 13 24 21 19 7 21 17 13 11 27 15 11 18 0 0 0 0 
0 37 62 35 26 12 37 46 36 23 17 35 18 35 45 19 45 27 19 25 42 31 21 16 27 38 24 11 0 0 0 0 
0 21 37 20 18 9 26 25 21 16 18 22 8 24 25 10 32 16 9 22 32 17 18 9 23 32 19 13 0 0 0 0 
0 34 32 34 28 27 26 19 22 24 24 19 19 21 17 21 23 13 23 15 27 24 13 22 31 30 31 18 0 0 0 0 
0 29 23 29 26 38 36 15 17 22 14 13 22 21 17 19 24 14 11 13 18 19 8 13 29 21 22 6 0 0 0 0 
0 21 22 18 14 21 20 12 14 21 19 6 11 12 9 9 16 11 3 12 12 13 8 12 15 21 14 9 0 0 0 0 
0 14 26 21 15 17 16 2 16 18 20 9 21 26 17 16 24 14 29 28 19 4 27 15 22 21 14 15 0 0 0 0 
0 20 27 27 20 18 17 16 19 22 18 21 13 18 17 17 20 10 29 28 26 27 21 44 40 49 45 39 0 0 0 0 
0 17 16 8 10 11 7 8 11 12 16 3 10 5 7 7 10 11 7 8 16 19 17 18 7 21 14 13 0 0 0 0 
0 11 11 3 7 8 2 4 11 3 6 3 10 2 9 6 9 8 6 1 11 10 12 15 6 15 5 6 0 0 0 0 
0 22 31 19 19 13 14 8 14 19 15 8 7 12 16 15 16 13 8 12 26 15 24 16 17 21 21 22 0 0 0 0 
0 16 20 5 8 9 10 8 10 10 5 6 6 12 7 15 18 11 8 8 17 12 16 12 16 23 20 18 0 0 0 0 
0 32 23 15 13 15 8 14 11 11 7 7 9 20 2 8 14 9 6 9 15 5 6 6 11 18 6 4 0 0 0 0 
0 24 22 11 10 14 8 18 9 7 11 17 13 15 10 4 9 6 17 9 7 16 19 7 13 8 7 49 0 0 0 0 
0 2 0 2 1 0 0 3 0 0 2 2 4 4 2 0 2 2 8 0 0 6 7 0 4 0 2 43 0 0 0 0 
0 13 3 6 5 2 2 1 0 7 1 4 4 3 10 3 4 0 4 3 0 7 13 1 7 2 5 37 0 0 0 0 
0 24 0 11 7 2 2 0 0 10 0 7 0 2 14 6 2 0 2 4 0 8 4 2 10 2 8 16 0 0 0 0 
0 13 15 9 17 3 16 5 7 3 3 15 4 7 6 12 1 14 14 7 9 19 8 4 9 14 13 10 0 0 0 0 
0 43 35 31 21 18 21 15 19 17 8 23 8 12 26 20 12 18 5 27 16 25 19 19 10 17 14 15 0 0 0 0 
0 13 8 11 9 12 8 11 13 8 27 11 11 5 12 20 9 18 11 17 11 20 15 28 9 24 10 10 0 0 0 0 
0 10 14 12 11 12 11 11 16 12 23 10 10 6 12 19 12 12 10 10 18 13 11 15 9 21 7 8 0 0 0 0 
0 8 12 8 5 2 5 3 7 10 3 5 1 3 5 4 6 3 2 5 12 4 3 4 3 3 4 1 0 0 0 0 
0 2 4 0 1 2 1 0 0 2 2 3 1 1 2 2 1 2 2 2 3 1 7 1 4 1 2 3 0 0 0 0 
0 23 11 16 13 19 20 11 10 12 10 10 14 10 11 14 15 10 2 10 13 21 8 9 20 12 15 9 0 0 0 0 
0 30 12 18 16 30 28 16 16 16 10 10 18 18 12 12 22 10 2 10 16 16 4 6 22 14 14 4 0 0 0 0 
0 22 26 23 24 11 15 18 22 18 17 12 18 11 19 19 21 13 18 24 13 21 17 27 21 25 31 26 0 0 0 0 
0 13 18 10 6 7 4 11 12 8 8 5 4 5 5 2 8 4 8 4 16 7 15 7 10 12 7 6 0 0 0 0 
0 13 11 15 7 2 10 8 3 4 2 4 4 8 1 4 1 1 5 8 4 9 4 0 5 5 3 2 0 0 0 0 
0 38 44 11 21 12 17 9 20 23 19 12 16 23 15 17 28 13 23 21 36 15 26 11 29 29 27 19 0 0 0 0 
0 66 56 27 21 31 28 29 13 35 24 30 10 28 17 20 24 17 12 28 22 19 26 6 17 18 16 10 0 0 0 0 
0 97 75 40 32 40 40 32 20 43 29 29 22 38 30 28 28 17 15 29 20 23 28 11 19 19 19 6 0 0 0 0 
0 11 10 3 5 7 3 10 5 11 10 4 9 12 7 3 6 1 7 4 4 5 8 2 9 0 3 29 0 0 0 0 
0 1 0 1 2 0 0 3 0 0 1 1 2 2 1 0 1 0 8 0 0 3 6 0 8 0 1 22 0 0 0 0 
0 1 9 1 0 2 1 1 0 2 1 1 6 3 1 0 5 1 3 2 0 3 17 0 2 2 1 37 0 0 0 0 
0 2 3 1 2 0 1 1 0 1 1 6 6 3 4 0 1 0 4 0 0 5 14 0 5 2 1 24 0 0 0 0 
0 20 0 10 4 2 2 0 0 9 0 4 0 2 11 6 2 0 2 4 0 7 3 2 10 1 7 14 0 0 0 0 
0 9 5 10 13 11 8 10 10 16 6 12 5 10 3 6 10 3 9 13 9 10 20 22 21 28 14 14 0 0 0 0 
0 10 14 7 8 9 4 7 10 8 13 2 5 4 5 7 10 9 4 7 9 7 10 12 6 23 5 9 0 0 0 0 
0 34 16 15 15 13 11 13 9 15 9 11 7 8 12 7 8 10 9 11 10 32 19 19 13 16 26 23 0 0 0 0 
0 33 26 5 10 10 10 10 9 13 11 7 7 10 9 10 16 6 10 14 33 19 25 10 21 22 27 20 0 0 0 0 
0 34 30 23 27 12 14 17 13 31 12 14 11 25 15 13 26 11 26 13 43 21 30 18 31 44 25 18 0 0 0 0 
0 36 31 8 12 8 9 14 15 10 16 14 10 7 10 8 18 8 20 8 41 28 26 12 30 31 31 24 0 0 0 0 
0 54 53 21 20 28 27 26 16 33 19 24 17 24 14 20 17 17 14 25 21 23 25 14 19 15 13 10 0 0 0 0 
0 48 59 33 21 28 27 30 14 35 24 33 10 31 18 25 24 16 15 38 28 29 38 14 24 26 27 14 0 0 0 0 
0 22 22 4 12 14 10 20 11 21 20 8 15 24 14 7 10 4 6 10 10 8 6 4 9 3 4 17 0 0 0 0 
0 73 58 23 29 30 29 34 24 39 28 27 17 26 19 20 26 13 13 25 23 18 17 6 13 13 10 17 0 0 0 0 
0 7 1 1 1 0 1 2 0 1 3 1 2 7 1 0 2 1 4 0 0 4 6 1 4 1 1 22 0 0 0 0 
0 1 5 1 0 1 1 1 0 1 1 1 5 3 1 0 3 1 6 1 0 3 13 0 6 1 1 30 0 0 0 0 
0 2 0 1 4 0 0 0 0 1 0 7 2 2 6 0 0 0 0 0 0 1 0 0 1 2 0 1 0 0 0 0 
0 5 0 0 5 0 0 0 0 2 0 7 1 4 5 0 0 0 0 0 0 3 0 0 0 2 0 1 0 0 0 0 
0 14 7 3 6 3 1 2 2 3 1 4 2 3 10 3 4 5 0 4 2 4 2 9 7 10 3 5 0 0 0 0 
0 60 46 25 45 28 24 14 23 21 12 18 10 10 12 3 3 8 7 9 11 17 18 5 6 2 9 13 0 0 0 0 
0 13 23 18 13 18 17 7 8 14 4 6 15 12 15 13 3 10 13 10 7 8 10 15 5 10 6 3 0 0 0 0 
0 32 44 24 15 17 15 20 7 26 22 24 6 20 17 12 18 14 9 30 21 20 20 9 16 20 21 7 0 0 0 0 
0 10 14 2 4 7 4 8 5 11 9 3 9 11 7 3 5 2 3 4 4 2 10 2 4 0 3 11 0 0 0 0 
0 3 0 0 4 0 0 0 0 2 0 8 2 3 5 0 0 0 0 0 0 2 0 0 1 2 0 1 0 0 0 0 
0 11 30 22 22 5 27 20 15 27 7 15 4 15 19 23 21 5 21 9 25 20 22 6 21 35 29 14 0 0 0 0 
0 59 54 33 35 12 22 22 15 37 22 33 17 20 30 35 27 15 45 31 30 33 45 25 46 32 38 39 0 0 0 0 
0 43 22 20 25 26 33 25 32 18 9 13 14 10 16 14 16 13 4 14 21 23 15 6 20 19 7 7 0 0 0 0 
0 32 33 14 20 20 22 18 26 15 20 6 10 12 13 15 17 18 9 16 16 18 19 17 19 31 12 13 0 0 0 0 
0 24 29 17 36 29 20 32 28 30 30 13 11 18 20 22 37 35 13 19 27 32 30 32 27 29 28 29 0 0 0 0 
0 26 42 28 29 33 40 37 24 23 28 22 5 17 34 23 39 30 12 26 36 23 21 14 41 24 21 25 0 0 0 0 
0 19 32 44 23 14 28 22 33 40 31 33 18 49 38 18 36 27 29 38 54 52 56 22 64 58 50 70 0 0 0 0 
0 47 79 50 30 17 36 52 38 22 20 34 15 32 54 20 54 28 15 28 53 30 25 14 25 42 23 12 0 0 0 0 
0 26 23 23 16 21 23 15 17 17 12 9 15 20 11 12 24 19 24 8 14 18 12 14 21 11 9 4 0 0 0 0 
0 24 14 20 19 32 31 14 17 24 12 9 21 17 13 12 22 10 9 14 16 16 4 4 23 16 14 4 0 0 0 0 
0 15 20 10 8 13 10 12 12 22 19 10 5 8 3 8 9 8 9 9 14 15 13 23 16 32 21 14 0 0 0 0 
0 17 15 14 10 8 5 6 12 7 10 8 6 8 6 12 9 4 14 7 13 10 8 12 12 22 15 13 0 0 0 0 
0 3 1 2 0 2 1 0 0 0 0 0 0 0 1 2 1 0 2 0 0 0 2 1 2 3 1 5 0 0 0 0 
0 1 1 2 0 3 0 0 2 0 0 0 1 1 1 0 1 0 0 0 1 1 0 0 2 2 1 4 0 0 0 0 
0 4 7 11 7 4 5 5 1 3 2 7 4 6 5 5 1 6 9 2 2 12 5 1 6 7 6 4 0 0 0 0 
0 20 24 22 12 9 14 6 10 4 3 13 3 12 9 8 1 13 10 8 9 14 7 5 4 7 13 12 0 0 0 0 
0 27 32 29 10 16 13 8 11 7 3 12 1 12 22 4 8 7 3 11 13 8 9 2 5 6 8 13 0 0 0 0 
0 22 9 10 10 7 10 11 6 16 5 18 4 4 12 12 7 21 6 33 6 36 17 44 8 14 22 16 0 0 0 0 
0 26 15 16 11 22 6 8 8 14 15 9 9 11 13 15 14 10 6 16 9 11 8 19 11 17 21 2 0 0 0 0 
0 18 8 14 8 15 15 15 8 9 5 5 9 10 6 6 11 5 2 7 8 9 2 3 12 7 7 2 0 0 0 0 
0 2 2 6 1 0 2 8 1 1 1 1 0 3 0 0 0 0 4 2 1 1 1 0 4 0 0 0 0 0 0 0 
0 15 6 15 6 9 8 5 6 9 4 12 1 5 7 9 6 1 6 9 4 9 5 8 16 12 14 13 0 0 0 0 
0 9 9 7 6 6 6 12 11 11 8 6 14 5 11 12 8 7 6 14 4 11 7 11 15 20 15 18 0 0 0 0 
0 7 8 6 4 3 4 2 5 8 5 2 2 4 4 1 3 2 4 6 10 8 16 7 6 10 12 9 0 0 0 0 
0 14 14 8 12 7 5 2 11 12 6 7 3 5 6 1 8 2 8 11 13 11 23 7 8 10 20 9 0 0 0 0 
0 32 18 2 6 2 6 7 6 4 13 10 7 9 10 0 12 2 10 0 26 15 9 2 19 13 17 5 0 0 0 0 
0 34 31 7 11 13 10 11 16 8 11 11 11 6 12 23 31 18 15 19 40 20 35 20 34 29 37 43 0 0 0 0 
0 53 51 17 28 13 23 18 24 28 21 17 18 20 21 28 30 12 21 27 40 23 32 10 31 30 33 30 0 0 0 0 
0 35 31 6 12 12 8 17 24 9 24 5 19 18 11 12 7 8 5 17 8 9 13 11 11 10 4 13 0 0 0 0 
0 88 86 37 29 39 37 40 16 53 39 47 14 36 25 26 37 23 17 49 36 37 41 15 32 29 32 16 0 0 0 0 
0 69 35 16 34 24 16 11 14 18 7 15 7 7 7 2 1 2 4 3 7 6 8 2 4 3 5 6 0 0 0 0 
0 76 60 45 52 31 16 24 28 20 16 16 12 11 15 8 8 12 11 14 10 18 18 13 10 6 11 14 0 0 0 0 
0 24 18 14 19 8 8 13 12 8 7 7 6 8 6 6 5 5 9 4 2 15 7 5 9 2 5 5 0 0 0 0 
0 15 33 18 19 17 18 12 21 26 17 10 25 22 19 18 17 20 22 19 20 18 16 18 20 17 16 17 0 0 0 0 
0 36 14 18 22 24 33 27 31 14 4 8 15 6 12 12 10 9 2 10 12 22 12 2 16 16 4 6 0 0 0 0 
0 22 18 15 16 19 14 14 13 13 9 5 18 11 11 12 16 12 11 6 11 18 8 16 16 25 12 9 0 0 0 0 
0 19 22 7 7 10 6 4 8 15 5 5 4 12 6 6 12 5 7 6 11 8 9 25 13 27 15 7 0 0 0 0 
0 14 4 10 4 12 4 4 10 8 6 20 8 10 8 10 4 2 9 6 11 20 8 18 20 22 12 8 0 0 0 0 
0 10 20 11 9 11 11 5 13 15 14 6 14 15 15 13 17 11 18 23 13 7 11 17 20 27 20 26 0 0 0 0 
0 2 2 0 0 0 0 0 0 0 0 0 0 0 0 6 2 0 0 0 1 0 1 1 0 3 0 6 0 0 0 0 
0 1 6 13 5 1 3 10 2 1 4 1 1 13 6 2 5 9 7 3 3 13 7 0 8 8 7 0 0 0 0 0 
0 5 14 16 11 4 11 15 4 12 4 6 5 25 10 9 9 13 14 4 7 19 12 2 12 18 15 3 0 0 0 0 
0 22 17 24 7 12 4 9 12 18 14 16 7 12 12 5 13 17 7 20 12 13 10 18 11 18 20 12 0 0 0 0 
0 14 10 14 11 13 1 8 4 4 16 4 8 6 7 7 7 8 4 10 11 4 8 17 9 14 13 2 0 0 0 0 
0 31 18 17 20 25 18 14 11 16 11 11 11 13 10 7 22 12 4 13 10 11 7 11 17 13 17 11 0 0 0 0 
0 4 4 10 0 0 4 11 2 2 2 2 0 6 0 0 0 0 2 4 2 2 0 0 2 0 0 0 0 0 0 0 
0 43 37 8 22 13 11 15 21 22 24 13 20 22 17 11 14 13 7 18 13 15 17 10 16 11 9 14 0 0 0 0 
0 18 19 7 10 8 8 7 8 10 14 7 11 13 9 6 9 5 3 12 7 12 6 3 7 5 5 1 0 0 0 0 
0 9 12 5 10 5 6 8 4 9 6 7 9 5 5 9 7 10 14 11 10 14 7 11 25 16 14 13 0 0 0 0 
0 26 19 6 6 9 3 5 12 3 7 3 7 5 11 15 18 14 8 10 23 17 22 29 20 39 17 25 0 0 0 0 
0 15 26 20 17 12 12 13 20 23 21 9 16 21 23 18 22 17 32 28 30 22 16 39 39 54 44 55 0 0 0 0 
0 12 14 10 9 3 5 4 10 5 12 3 13 5 6 8 9 6 16 9 11 9 9 15 5 9 12 16 0 0 0 0 
0 4 2 0 0 0 0 0 0 0 0 1 0 1 0 2 2 0 0 0 0 0 0 0 1 2 0 2 0 0 0 0 
0 3 4 7 3 1 2 5 0 1 2 2 2 10 3 2 4 4 7 1 3 9 7 1 6 4 2 1 0 0 0 0 
0 2 7 15 5 2 4 12 2 2 6 2 2 15 6 4 7 11 8 4 2 16 11 0 11 11 7 0 0 0 0 0 
0 18 19 8 13 7 12 4 15 6 11 7 17 13 14 15 11 7 3 13 10 21 8 8 14 4 10 7 0 0 0 0 
0 32 23 27 29 21 21 23 21 19 32 37 34 14 30 28 15 32 22 19 21 53 22 30 25 26 21 22 0 0 0 0 
0 24 37 24 16 21 10 18 15 18 27 27 25 18 22 27 7 27 16 10 15 43 21 22 26 26 23 13 0 0 0 0 
0 19 31 22 20 16 18 11 21 21 30 7 26 22 22 19 24 15 34 29 24 18 23 34 28 35 36 39 0 0 0 0 
0 12 24 14 12 16 14 2 16 14 17 7 21 19 13 14 21 10 29 24 12 3 23 16 20 18 17 16 0 0 0 0 
0 7 5 3 1 0 1 1 3 0 1 2 1 3 5 5 3 4 2 3 5 3 5 14 7 22 7 8 0 0 0 0 
0 3 2 0 1 0 1 0 0 0 0 3 1 1 0 1 2 0 2 0 1 0 1 1 1 1 0 2 0 0 0 0 
0 23 15 22 12 11 11 9 10 14 17 25 26 11 17 22 3 16 16 3 14 36 17 19 10 18 13 5 0 0 0 0 
0 18 24 26 23 19 15 14 14 21 21 38 46 17 20 35 2 20 22 6 20 51 23 25 9 28 21 11 0 0 0 0 
0 16 25 14 15 16 20 2 18 14 28 7 28 21 13 16 21 14 23 24 12 10 22 20 14 16 11 10 0 0 0 0 
0 12 16 15 10 12 12 1 12 11 17 9 22 18 12 10 18 15 28 21 17 6 28 20 18 22 13 20 0 0 0 0 
0 8 3 4 8 5 12 5 6 3 3 4 2 5 9 8 7 8 12 4 8 10 16 7 15 20 17 12 0 0 0 0 
0 10 20 11 6 9 9 10 5 8 10 14 6 17 10 19 6 14 15 10 19 25 20 21 30 25 24 21 0 0 0 0 
0 2 2 0 2 0 1 0 2 0 0 2 1 1 0 1 1 2 4 0 1 4 3 2 1 1 0 4 0 0 0 0 
0 28 24 23 15 7 16 8 15 7 19 20 9 26 13 17 7 17 29 14 17 24 20 22 18 19 20 19 0 0 0 0 
0 23 24 17 26 12 11 5 11 8 14 19 12 11 14 16 4 17 20 15 16 26 16 8 16 27 18 22 0 0 0 0 
0 18 7 10 20 10 7 10 9 9 10 9 5 10 12 15 20 15 8 10 19 11 8 8 8 4 8 13 0 0 0 0 
0 17 16 24 25 22 17 10 16 15 17 9 9 19 15 14 17 24 16 14 26 19 20 10 26 18 23 26 0 0 0 0 
0 10 16 26 25 15 9 15 11 10 9 17 4 8 12 7 14 14 11 16 15 18 13 12 12 20 8 5 0 0 0 0 
0 20 5 46 3 21 2 17 2 10 3 1 0 2 0 8 0 12 1 1 0 1 17 5 0 11 0 3 0 0 0 0 
0 20 5 42 5 20 4 17 3 11 5 2 1 3 2 9 1 14 4 1 0 2 18 3 2 15 0 3 0 0 0 0 
0 4 6 5 14 11 13 11 2 9 14 7 9 2 27 7 12 4 9 2 8 11 14 3 15 8 22 3 0 0 0 0 
0 9 11 2 14 10 14 10 2 6 15 10 12 3 17 7 11 3 3 5 6 13 10 2 9 7 17 4 0 0 0 0 
0 42 55 37 26 22 26 20 15 29 25 25 9 25 26 16 19 15 12 24 15 21 26 11 24 22 22 10 0 0 0 0 
0 18 35 26 28 16 18 9 10 18 13 13 9 14 22 12 8 14 7 11 7 8 9 9 7 10 13 2 0 0 0 0 
0 27 36 21 19 19 17 16 10 22 18 18 5 16 21 12 15 11 9 16 12 18 18 9 16 9 10 7 0 0 0 0 
0 13 11 7 11 12 7 20 13 7 8 10 10 20 16 6 7 7 5 4 3 16 10 8 4 7 5 2 0 0 0 0 
0 15 6 2 9 13 5 15 6 18 6 12 7 12 10 4 9 4 6 5 1 16 7 6 10 1 8 28 0 0 0 0 
0 39 37 33 22 9 30 9 12 14 8 24 7 20 23 12 14 12 16 18 24 23 12 19 17 23 17 12 0 0 0 0 
0 12 20 11 10 5 8 10 12 13 8 14 4 9 12 8 13 9 14 12 26 20 8 16 30 23 23 11 0 0 0 0 
0 28 22 27 12 5 26 7 4 6 5 15 4 15 8 5 4 8 15 7 20 20 11 17 13 25 13 12 0 0 0 0 
0 43 28 32 23 12 27 11 8 20 11 15 10 31 9 8 16 13 18 10 23 19 12 32 26 33 19 23 0 0 0 0 
0 24 27 24 10 13 9 16 7 13 13 13 7 20 13 9 12 9 16 21 12 18 26 8 23 16 17 28 0 0 0 0 
0 2 0 2 0 0 0 4 0 0 2 2 8 4 3 0 2 0 7 0 0 6 28 1 8 0 2 42 0 0 0 0 
0 16 6 1 4 0 6 0 2 2 4 6 6 8 8 0 10 2 5 0 7 9 6 0 9 4 12 2 0 0 0 0 
0 25 20 5 15 0 7 7 8 8 7 4 8 10 13 4 8 12 13 4 20 17 7 5 14 15 15 7 0 0 0 0 
0 2 1 1 1 0 0 1 2 1 1 0 0 1 1 1 2 2 0 3 0 4 2 4 2 2 3 4 0 0 0 0 
0 27 22 24 20 23 20 13 20 12 24 12 11 10 16 10 14 11 9 12 13 20 16 12 12 20 7 20 0 0 0 0 
0 4 6 8 10 3 3 5 6 8 6 4 3 9 5 4 4 8 8 5 10 10 16 5 17 13 20 15 0 0 0 0 
0 20 26 35 30 13 26 30 17 22 19 25 20 30 22 18 28 19 32 16 33 46 33 31 36 32 29 35 0 0 0 0 
0 19 18 35 24 13 28 10 24 13 9 22 7 33 21 18 31 33 47 16 33 19 16 39 19 26 35 28 0 0 0 0 
0 16 29 46 31 14 27 8 6 9 9 9 4 16 16 19 14 13 28 6 17 7 3 17 14 9 5 8 0 0 0 0 
0 5 8 1 4 8 7 2 0 1 1 0 1 0 7 0 0 0 2 2 2 3 1 1 0 3 2 2 0 0 0 0 
0 26 22 14 17 10 11 7 12 26 4 6 18 20 6 6 17 10 8 7 18 11 13 19 22 28 15 17 0 0 0 0 
0 18 21 14 10 9 12 8 11 6 6 25 3 13 2 13 5 9 12 13 9 17 9 10 17 17 16 11 0 0 0 0 
0 11 11 14 19 7 15 17 16 26 14 10 16 12 12 13 17 7 8 23 4 14 21 20 18 24 19 22 0 0 0 0 
0 37 30 16 19 7 9 10 12 23 14 12 9 11 12 12 17 7 24 26 26 18 29 14 25 16 28 24 0 0 0 0 
0 16 29 14 17 14 7 16 7 20 12 14 5 14 6 18 23 14 16 31 37 22 25 11 26 22 26 31 0 0 0 0 
0 8 7 9 4 6 6 6 4 4 7 3 2 16 5 4 4 6 6 4 2 11 7 4 6 6 5 0 0 0 0 0 
0 8 3 2 5 9 6 4 9 1 5 8 2 9 3 5 2 4 1 6 8 6 7 16 5 5 4 1 0 0 0 0 
0 17 7 6 15 12 4 6 7 5 8 4 6 3 4 9 8 4 1 10 3 1 4 17 6 7 15 3 0 0 0 0 
0 20 18 15 30 21 8 12 12 16 14 10 10 9 14 17 14 15 8 24 16 12 13 29 15 24 32 9 0 0 0 0 
0 10 4 5 8 7 0 4 3 7 8 3 4 2 2 8 4 5 4 7 3 3 4 7 7 11 12 2 0 0 0 0 
0 4 10 1 4 5 6 5 15 1 5 1 11 9 5 6 5 3 4 7 5 10 2 2 3 0 6 1 0 0 0 0 
0 23 14 6 4 5 3 3 8 2 4 2 3 4 7 13 10 10 5 10 22 19 20 27 18 41 15 20 0 0 0 0 
0 7 5 1 4 4 3 0 2 1 4 2 4 5 1 3 3 2 1 1 2 5 1 1 1 1 1 1 0 0 0 0 
0 15 24 17 15 12 10 5 20 12 18 7 18 17 13 13 19 10 35 22 19 8 22 21 22 20 25 33 0 0 0 0 
0 9 4 1 2 0 2 0 2 0 0 3 2 3 2 2 2 1 4 2 5 0 4 9 5 10 2 4 0 0 0 0 
0 13 13 17 16 13 14 12 11 11 21 28 24 12 14 25 5 19 13 10 14 30 13 12 7 15 11 12 0 0 0 0 
0 13 0 8 2 2 2 2 2 0 2 2 2 2 2 8 4 4 4 10 6 10 0 4 2 4 3 12 0 0 0 0 
0 14 7 21 5 11 4 13 18 6 8 3 0 4 5 10 1 9 3 0 5 2 17 7 4 12 0 2 0 0 0 0 
0 5 5 7 5 5 3 3 2 2 3 3 6 6 9 6 7 2 6 1 4 7 4 3 3 2 2 1 0 0 0 0 
0 13 3 3 12 5 14 14 3 9 3 7 11 14 9 4 10 2 7 5 8 5 8 4 6 15 11 6 0 0 0 0 
0 13 12 3 3 6 3 4 3 5 4 6 3 5 8 6 6 8 11 7 11 10 4 12 23 23 7 13 0 0 0 0 
0 12 4 0 2 4 0 0 2 3 0 0 0 0 2 0 4 2 0 2 0 2 2 2 2 0 0 0 0 0 0 0 
0 5 3 0 0 0 3 2 0 3 2 1 0 0 0 0 0 1 2 4 1 1 1 0 0 0 0 3 0 0 0 0 
0 3 2 0 0 0 0 0 0 3 0 0 0 0 0 0 0 0 0 2 0 0 1 0 0 0 0 3 0 0 0 0 
0 9 13 8 22 8 7 36 0 6 0 9 7 11 7 12 20 3 15 1 0 15 12 32 3 10 12 7 0 0 0 0 
0 27 23 16 26 21 21 36 11 15 4 11 24 21 14 17 31 11 13 6 7 18 13 21 15 17 26 15 0 0 0 0 
0 8 16 55 18 6 31 2 2 8 4 4 2 8 8 10 14 4 37 2 14 4 2 18 10 4 7 2 0 0 0 0 
0 11 22 32 16 6 28 16 12 11 6 10 9 15 11 7 21 11 24 8 18 10 9 14 13 16 11 5 0 0 0 0 
0 14 10 8 3 5 8 7 7 5 7 6 8 6 8 3 8 3 4 10 13 7 6 3 13 15 8 19 0 0 0 0 
0 15 20 6 6 2 7 4 7 3 2 22 8 11 3 8 0 9 7 7 8 10 4 5 8 8 5 11 0 0 0 0 
0 11 11 6 17 3 9 9 8 11 5 20 8 14 4 9 9 10 8 10 7 12 17 12 8 11 6 14 0 0 0 0 
0 4 2 6 17 4 6 12 10 20 8 4 10 12 6 4 18 6 4 10 2 8 28 18 8 12 2 16 0 0 0 0 
0 12 14 4 23 5 7 10 4 20 8 2 4 4 2 8 24 8 16 19 24 16 4 3 5 0 8 16 0 0 0 0 
0 14 32 15 6 10 9 15 5 19 13 12 4 15 5 7 8 11 8 27 16 20 18 16 14 17 24 14 0 0 0 0 
0 12 7 3 8 3 4 0 4 4 2 1 2 0 2 1 2 2 3 2 6 14 11 6 4 9 5 4 0 0 0 0 
0 16 9 9 9 11 2 4 4 9 12 11 4 6 2 8 7 8 8 12 3 5 6 8 7 12 13 14 0 0 0 0 
0 11 4 6 3 1 4 1 6 5 11 7 1 3 4 4 7 6 15 11 5 11 10 9 29 22 21 13 0 0 0 0 
0 5 6 7 11 6 4 4 5 7 3 4 3 4 7 5 5 4 5 8 1 3 4 4 4 3 5 8 0 0 0 0 
0 17 10 5 7 9 10 5 5 6 11 0 2 5 3 6 4 3 2 4 3 3 3 2 3 2 2 1 0 0 0 0 
0 20 6 10 18 2 6 23 22 5 8 7 5 13 9 4 10 8 9 4 1 14 8 8 2 12 8 4 0 0 0 0 
0 9 10 8 29 4 11 29 22 6 9 8 7 18 11 4 10 10 15 4 5 14 12 13 3 13 10 4 0 0 0 0 
0 5 0 3 1 0 0 2 0 2 0 1 3 4 4 2 3 1 3 1 1 4 3 1 0 5 1 0 0 0 0 0 
0 5 7 4 16 6 6 23 0 6 0 6 6 7 8 7 16 3 11 0 0 11 11 20 4 7 11 8 0 0 0 0 
0 1 1 2 17 10 15 26 1 3 1 15 11 11 8 11 26 4 11 0 0 10 8 27 4 8 20 12 0 0 0 0 
0 16 23 33 14 4 19 5 6 6 4 22 3 13 5 12 7 10 28 7 13 10 5 11 8 7 8 7 0 0 0 0 
0 19 28 6 8 1 9 7 7 3 2 28 2 12 1 12 1 7 7 7 10 8 8 3 4 5 5 6 0 0 0 0 
0 15 20 7 17 4 9 9 12 12 5 27 7 16 5 10 7 9 8 11 7 12 18 11 9 11 6 14 0 0 0 0 
0 21 12 12 12 10 9 2 6 3 4 5 4 5 5 7 3 5 7 8 10 25 11 17 12 19 13 6 0 0 0 0 
0 17 18 12 12 9 6 9 10 8 14 4 4 4 6 9 13 13 6 9 14 22 15 25 14 28 14 12 0 0 0 0 
0 8 11 3 6 11 6 0 3 3 0 2 2 5 2 4 0 5 0 2 1 4 1 2 1 0 1 0 0 0 0 0 
0 5 4 3 1 7 4 0 1 0 1 0 1 1 0 4 0 1 0 2 1 2 2 0 0 0 0 0 0 0 0 0 
0 17 6 10 18 2 6 24 22 6 8 6 7 16 10 6 10 8 10 4 2 14 10 8 2 12 8 4 0 0 0 0 
0 12 3 8 9 2 4 13 11 4 4 3 5 11 6 7 7 4 6 2 2 10 7 4 1 7 4 2 0 0 0 0 
0 14 2 4 3 0 7 6 0 1 2 5 1 2 1 7 5 0 1 0 1 4 6 0 1 4 2 1 0 0 0 0 
0 5 11 2 4 0 2 7 2 1 0 15 0 2 0 10 0 0 0 1 4 0 8 0 1 0 0 0 0 0 0 0 
0 2 1 3 2 0 2 3 0 1 0 3 0 0 0 7 0 3 2 0 5 1 5 1 1 1 1 0 0 0 0 0 
0 3 1 1 2 0 5 4 1 0 0 5 3 0 1 5 1 0 0 0 2 0 5 2 1 2 1 0 0 0 0 0 
0 6 8 7 4 6 5 3 4 1 2 7 4 2 3 7 1 4 3 5 4 6 6 5 6 4 8 5 0 0 0 0 
0 41 30 31 35 24 34 34 18 20 6 21 18 27 21 18 19 14 9 10 21 13 18 8 14 24 16 12 0 0 0 0 
0 4 3 1 2 1 1 0 0 3 1 1 2 1 3 1 2 1 0 5 2 1 3 4 5 2 2 3 0 0 0 0 
0 13 15 13 11 13 10 10 6 8 4 3 7 10 10 9 2 10 9 9 6 3 6 6 5 8 2 2 0 0 0 0 
0 17 14 12 13 9 8 3 4 14 2 7 9 8 14 9 2 7 7 7 4 7 3 9 8 3 9 10 0 0 0 0 
0 28 31 22 17 12 8 15 10 24 15 16 6 20 12 9 14 8 12 20 22 24 25 12 21 27 21 12 0 0 0 0 
0 26 7 1 22 0 8 14 8 4 6 4 10 12 20 7 9 14 13 9 12 13 0 8 11 9 3 9 0 0 0 0 
0 2 0 2 4 0 0 1 0 1 1 4 2 3 4 0 1 0 7 0 0 4 4 0 8 0 1 21 0 0 0 0 
0 17 8 19 31 30 21 45 16 25 15 17 12 22 16 23 39 39 26 15 28 23 26 16 37 19 15 33 0 0 0 0 
0 23 12 15 24 22 17 15 14 18 12 12 10 15 15 14 27 18 6 10 20 11 7 8 18 9 12 9 0 0 0 0 
0 4 12 13 8 4 6 0 2 0 2 6 4 0 4 4 2 4 6 4 0 8 4 2 2 8 8 4 0 0 0 0 
0 33 32 33 19 17 13 14 14 7 7 17 4 10 16 3 4 10 8 9 16 11 9 4 5 7 8 14 0 0 0 0 
0 8 5 0 8 2 1 2 2 2 3 4 0 1 1 3 1 0 1 2 5 4 0 2 0 0 5 0 0 0 0 0 
0 22 15 2 22 7 6 4 6 7 9 9 2 2 9 7 8 6 6 14 9 13 2 0 3 2 8 1 0 0 0 0 
0 24 13 2 11 4 6 2 6 6 8 9 4 6 13 4 9 4 5 10 10 11 5 0 7 3 11 2 0 0 0 0 
0 26 18 2 5 6 9 4 6 5 7 10 6 3 7 12 14 5 9 9 23 7 20 6 22 15 19 20 0 0 0 0 
0 2 14 11 12 3 6 24 6 14 3 7 7 7 10 4 6 5 8 10 4 7 5 5 9 9 5 16 0 0 0 0 
0 95 67 50 59 40 24 16 28 22 21 17 9 12 16 6 6 5 7 8 12 13 19 3 5 2 6 9 0 0 0 0 
0 28 26 10 26 14 6 14 14 11 10 12 8 13 10 10 6 7 10 10 8 17 13 7 12 5 12 11 0 0 0 0 
0 29 33 22 32 14 6 26 27 11 13 16 6 23 17 17 7 7 14 9 8 32 18 11 15 6 10 10 0 0 0 0 
0 23 21 16 14 9 7 8 14 11 13 9 10 9 8 15 9 5 16 8 15 9 11 13 13 23 17 28 0 0 0 0 
0 11 7 4 4 3 5 0 3 0 3 4 2 0 1 6 4 0 4 2 2 3 9 5 3 7 0 13 0 0 0 0 
0 17 13 16 10 15 4 9 12 18 14 12 10 6 7 12 15 11 6 17 9 9 7 18 9 17 24 15 0 0 0 0 
0 26 29 24 12 26 15 15 6 14 11 5 5 8 16 14 16 15 1 14 12 7 6 15 12 11 15 9 0 0 0 0 
0 4 5 13 13 9 7 10 11 7 8 16 10 8 16 15 14 10 21 17 17 10 17 9 18 16 23 16 0 0 0 0 
0 12 9 6 9 5 8 3 4 5 0 4 6 6 6 14 6 8 0 8 4 16 8 11 12 4 6 8 0 0 0 0 
0 37 26 10 25 11 6 10 16 17 19 10 18 7 15 16 11 10 9 18 9 9 12 16 16 13 20 18 0 0 0 0 
0 19 42 23 17 25 13 21 13 28 23 31 34 27 27 35 9 29 27 19 29 43 25 31 39 34 30 22 0 0 0 0 
0 25 73 20 15 27 9 25 15 29 26 25 15 42 26 46 12 42 26 35 38 39 28 40 68 41 57 27 0 0 0 0 
0 21 15 16 10 10 11 3 13 11 18 10 15 13 13 13 14 11 16 12 10 17 16 17 12 13 9 5 0 0 0 0 
0 14 26 14 12 18 20 2 22 14 37 8 36 22 12 18 26 15 26 28 12 12 25 32 12 18 14 12 0 0 0 0 
0 13 14 16 15 12 18 8 9 12 28 8 21 18 17 11 17 10 19 17 19 12 27 21 17 14 12 13 0 0 0 0 
0 17 26 22 20 19 23 4 17 18 28 9 28 28 19 17 25 15 29 28 21 9 32 23 24 22 16 16 0 0 0 0 
0 25 17 4 7 6 8 4 11 5 7 7 6 12 19 11 6 10 15 12 12 20 12 7 12 18 10 14 0 0 0 0 
0 10 10 6 3 6 6 4 12 6 7 4 6 3 13 5 6 8 10 9 9 17 13 12 28 21 17 15 0 0 0 0 
0 2 0 0 0 0 0 1 0 0 0 2 0 0 0 0 0 0 2 0 2 0 0 0 2 2 0 3 0 0 0 0 
0 16 7 8 2 2 1 2 4 3 8 3 10 2 7 8 3 4 4 5 8 4 8 11 7 8 14 11 0 0 0 0 
0 29 36 19 35 20 19 17 16 15 14 25 16 12 25 12 7 14 12 15 23 17 20 9 17 11 19 16 0 0 0 0 
0 19 23 12 27 23 19 13 9 11 13 20 10 4 7 7 4 6 15 8 14 12 9 2 10 12 15 8 0 0 0 0 
0 21 12 12 31 14 8 14 12 17 13 12 6 18 15 15 30 26 11 10 25 10 11 10 15 3 10 13 0 0 0 0 
0 16 12 8 20 10 10 12 8 15 15 11 5 9 18 13 14 14 7 9 17 13 15 5 14 7 15 9 0 0 0 0 
0 22 16 10 28 14 14 12 14 9 19 13 17 14 17 13 21 18 8 9 15 15 17 12 10 8 15 16 0 0 0 0 
0 5 2 4 3 9 10 6 0 3 6 3 9 6 5 3 5 3 2 3 5 7 5 5 6 5 14 2 0 0 0 0 
0 38 45 33 21 14 40 25 20 23 17 33 9 29 27 14 31 22 18 29 38 26 22 17 25 37 27 16 0 0 0 0 
0 53 37 43 23 8 46 11 7 10 12 26 9 38 18 11 12 21 29 17 23 38 9 26 19 35 19 25 0 0 0 0 
0 2 0 2 0 0 0 3 0 0 2 2 10 4 3 0 2 0 8 0 0 6 36 1 10 0 2 42 0 0 0 0 
0 8 3 0 2 0 3 1 1 1 2 3 5 4 5 0 5 1 4 0 3 5 21 1 9 2 6 1 0 0 0 0 
0 16 6 0 4 0 6 0 2 2 4 6 6 8 9 0 10 2 6 0 6 10 6 0 10 4 12 2 0 0 0 0 
0 28 10 3 25 1 9 16 9 4 5 4 13 13 23 8 7 14 15 9 15 16 1 6 16 11 5 9 0 0 0 0 
0 13 2 7 16 2 7 17 2 3 2 2 7 9 16 4 2 5 11 5 10 9 2 2 15 7 3 6 0 0 0 0 
0 27 15 9 19 10 7 6 12 20 9 10 8 15 6 5 18 7 12 8 19 13 15 16 12 29 11 7 0 0 0 0 
0 8 11 3 8 3 9 9 14 3 11 16 8 9 5 18 9 10 7 9 6 3 14 7 10 10 15 17 0 0 0 0 
0 6 2 0 0 0 2 4 0 0 6 0 0 0 0 2 0 2 0 0 2 0 6 2 0 0 2 1 0 0 0 0 
0 6 3 0 1 0 1 0 1 1 0 1 2 1 0 0 2 1 4 4 4 0 4 7 5 6 5 5 0 0 0 0 
0 9 4 3 3 2 5 1 3 0 3 3 1 1 2 2 5 0 4 3 4 5 6 7 3 2 1 3 0 0 0 0 
0 12 8 14 21 6 9 10 9 8 5 7 9 5 6 6 6 6 3 6 6 13 7 8 6 12 8 10 0 0 0 0 
0 10 6 4 4 2 4 4 0 9 0 19 6 19 6 4 4 2 4 6 3 4 6 4 2 5 2 0 0 0 0 0 
0 22 15 17 24 10 21 19 11 24 8 15 19 33 19 9 18 5 6 12 13 10 21 9 10 19 16 9 0 0 0 0 
0 5 5 2 2 1 2 2 1 9 1 4 3 9 3 4 4 6 1 3 2 5 6 3 2 6 4 7 0 0 0 0 
0 1 3 0 0 0 0 0 0 2 0 2 1 0 0 0 0 4 0 0 0 5 2 2 0 3 1 2 0 0 0 0 
0 12 4 0 2 4 4 0 1 4 0 0 0 0 2 0 4 2 0 4 0 1 1 2 2 0 0 0 0 0 0 0 
0 0 0 0 0 0 2 0 1 0 0 1 0 2 0 0 0 0 1 0 0 1 1 0 1 0 1 1 0 0 0 0 
0 16 8 10 10 16 12 6 8 7 6 6 13 11 6 7 10 7 1 5 7 13 2 3 16 11 9 5 0 0 0 0 
0 18 19 7 6 5 16 11 7 4 10 11 11 18 18 6 19 9 4 14 16 12 14 3 23 22 14 18 0 0 0 0 
0 9 9 19 10 5 11 3 8 12 6 8 11 18 12 9 9 9 12 12 14 19 14 11 11 14 8 16 0 0 0 0 
0 3 2 0 0 1 1 0 1 2 0 0 7 1 1 1 0 0 1 0 3 1 1 2 1 2 0 4 0 0 0 0 
0 38 35 14 27 10 10 9 11 22 10 12 9 4 9 12 22 8 21 18 18 12 16 9 17 6 14 16 0 0 0 0 
0 11 14 4 22 6 7 11 4 20 8 2 5 4 2 8 24 8 17 18 25 17 4 3 6 0 8 16 0 0 0 0 
0 13 1 0 2 2 1 0 0 0 6 0 0 0 0 1 2 2 1 7 0 2 2 0 15 20 22 0 0 0 0 0 
0 17 11 6 8 3 2 4 16 7 23 8 6 12 8 7 9 7 16 11 19 24 19 12 25 24 17 13 0 0 0 0 
0 9 5 4 9 1 2 4 5 7 4 4 3 3 7 4 6 6 6 10 2 7 5 5 11 18 13 9 0 0 0 0 
0 15 4 5 5 2 2 5 0 0 12 1 3 5 3 2 5 3 2 1 2 2 0 0 0 1 0 0 0 0 0 0 
0 29 6 7 5 1 1 4 3 2 12 1 2 6 3 0 1 4 2 2 4 4 2 0 0 3 0 1 0 0 0 0 
0 2 0 2 2 0 0 2 0 2 0 2 2 2 6 0 4 2 6 2 0 4 2 2 0 8 2 0 0 0 0 0 
0 2 1 2 10 3 6 16 0 3 0 7 6 7 5 6 13 2 10 1 0 5 7 15 3 10 16 5 0 0 0 0 
0 3 3 4 21 8 10 28 6 12 3 9 10 14 8 10 24 4 9 5 1 13 22 31 7 13 12 13 0 0 0 0 
0 15 7 14 18 6 12 7 6 14 3 8 7 13 9 7 7 3 8 8 5 16 17 20 9 16 11 12 0 0 0 0 
0 15 10 13 15 7 8 3 0 6 0 7 2 1 9 9 0 4 10 2 7 20 6 11 11 17 13 2 0 0 0 0 
0 8 4 6 0 0 0 4 0 5 0 7 0 0 0 4 2 13 2 2 4 3 6 2 0 2 2 0 0 0 0 0 
0 4 4 1 3 4 4 2 6 1 2 3 7 1 4 4 4 6 2 0 5 2 5 6 2 6 2 4 0 0 0 0 
0 13 15 13 12 6 4 13 6 4 8 9 3 4 3 4 10 8 7 3 15 10 12 5 6 13 8 7 0 0 0 0 
0 6 2 10 18 16 16 33 8 20 8 12 12 14 10 14 24 25 18 10 14 19 20 12 28 18 10 26 0 0 0 0 
0 10 12 19 12 15 15 28 8 16 10 9 7 11 8 7 12 16 14 6 32 17 16 11 22 18 9 18 0 0 0 0 
0 40 36 38 21 22 13 12 13 10 5 14 3 9 20 13 6 9 5 7 17 11 4 4 10 11 7 13 0 0 0 0 
0 25 7 0 4 0 6 0 2 2 9 7 6 8 10 0 10 2 4 0 9 8 6 0 10 4 12 2 0 0 0 0 
0 20 4 0 2 0 3 0 1 1 8 4 3 4 7 0 5 1 2 0 6 4 3 0 6 2 6 1 0 0 0 0 
0 19 17 6 5 6 10 7 7 5 4 8 5 4 7 13 14 8 7 10 21 8 19 6 19 15 21 24 0 0 0 0 
0 5 20 17 26 13 10 9 13 20 9 11 11 10 19 13 5 10 12 13 6 7 9 20 7 14 7 23 0 0 0 0 
0 26 27 26 24 9 5 24 23 12 12 12 5 19 12 16 8 4 14 9 8 30 13 9 18 4 7 10 0 0 0 0 
0 13 10 2 2 1 1 5 4 4 2 1 6 12 3 7 4 8 7 7 2 2 11 12 6 13 4 8 0 0 0 0 
0 13 16 12 9 11 2 5 3 11 9 4 7 3 6 2 12 3 3 7 11 3 3 8 7 6 10 2 0 0 0 0 
0 29 34 16 17 10 6 12 7 21 20 16 9 11 5 12 8 8 8 15 12 9 10 8 14 15 14 16 0 0 0 0 
0 23 62 18 13 26 6 24 15 27 24 23 15 35 24 38 11 37 18 33 27 31 25 31 50 32 45 24 0 0 0 0 
0 21 16 19 8 9 11 3 11 17 16 11 15 13 13 13 11 11 16 11 10 14 13 11 12 12 9 5 0 0 0 0 
0 7 12 7 6 8 8 1 11 8 11 4 12 12 6 11 12 7 13 12 8 6 12 11 7 8 6 4 0 0 0 0 
0 3 0 0 0 0 2 0 4 0 0 0 0 2 0 4 2 2 10 0 2 6 4 2 2 1 0 0 0 0 0 0 
0 2 0 0 0 0 0 0 0 0 0 2 0 0 0 0 0 0 1 0 2 0 0 0 2 2 0 3 0 0 0 0 
0 2 0 0 0 0 0 1 0 0 0 2 0 0 0 0 0 0 2 0 1 0 0 0 1 2 0 3 0 0 0 0 
0 0 4 0 4 0 0 0 0 0 1 2 0 0 0 0 0 2 0 0 0 2 7 2 0 2 0 0 0 0 0 0 
0 30 28 12 8 16 7 5 9 10 13 5 14 6 15 14 7 12 18 15 26 10 20 28 15 17 29 20 0 0 0 0 
0 13 14 12 14 14 8 5 3 10 9 1 15 1 19 14 11 4 8 12 10 7 10 14 8 10 24 12 0 0 0 0 
0 25 18 25 15 9 36 9 2 11 8 16 6 25 15 7 12 12 14 14 10 19 7 21 12 23 19 10 0 0 0 0 
0 0 2 0 1 0 0 1 0 1 0 0 3 0 1 0 1 0 1 0 1 0 19 1 5 0 1 0 0 0 0 0 
0 0 0 0 0 0 0 0 0 0 0 0 0 0 0 0 0 0 0 0 0 0 0 0 0 0 0 0 0 0 0 0 
0 6 6 3 2 2 3 5 0 1 0 1 0 4 2 5 1 3 0 0 1 0 1 0 2 2 2 6 0 0 0 0 
0 7 6 2 4 2 5 3 0 4 2 3 4 9 3 3 3 2 3 3 3 1 3 2 3 3 2 2 0 0 0 0 
0 1 0 0 0 0 0 0 0 0 0 0 0 0 0 0 0 0 4 0 0 0 0 0 1 0 0 0 0 0 0 0 
0 2 7 12 0 1 1 7 1 6 6 0 5 2 1 1 1 0 12 0 5 5 0 8 3 3 0 7 0 0 0 0 
0 9 16 12 7 4 14 17 11 9 7 8 12 14 8 5 15 9 14 7 17 14 7 11 11 17 8 9 0 0 0 0 
0 2 0 3 5 1 1 1 2 2 4 4 0 2 3 4 1 1 1 2 1 0 2 6 2 1 4 3 0 0 0 0 
0 14 14 10 9 8 6 5 3 9 2 3 6 5 8 5 0 6 5 7 3 3 2 8 3 4 5 4 0 0 0 0 
0 35 15 7 25 20 19 15 24 26 17 15 4 6 6 7 15 7 10 13 9 15 15 3 10 16 14 4 0 0 0 0 
0 15 3 6 2 5 2 4 1 2 9 0 0 5 9 2 5 4 3 3 1 1 6 0 7 11 10 0 0 0 0 0 
0 18 6 9 11 9 7 16 0 6 7 7 5 9 6 7 16 6 9 3 1 8 13 16 5 8 15 9 0 0 0 0 
0 3 1 6 16 11 14 30 4 12 4 13 11 11 7 13 25 15 16 5 7 13 14 18 17 13 19 18 0 0 0 0 
0 25 12 14 12 5 2 17 19 3 7 13 4 16 14 12 6 0 12 5 7 30 5 8 14 1 5 8 0 0 0 0 
0 28 31 23 32 15 6 24 27 9 15 15 6 21 17 19 7 7 13 11 9 32 21 10 17 5 9 10 0 0 0 0 
0 8 15 10 23 21 16 20 15 12 15 13 3 23 10 12 20 20 16 23 22 23 23 12 24 23 22 23 0 0 0 0 
0 0 0 0 0 0 0 0 0 0 0 0 0 0 0 0 0 0 0 0 0 0 0 0 0 0 0 0 0 0 0 0 
0 0 0 0 0 0 0 0 0 0 0 0 0 0 0 0 0 0 0 0 0 0 0 0 0 0 0 0 0 0 0 0 
0 23 9 4 7 11 9 4 5 5 2 4 3 1 6 3 6 4 1 6 5 8 4 2 5 6 1 3 0 0 0 0 
0 1 0 0 0 0 0 0 0 0 0 0 0 0 0 0 0 0 4 0 0 0 0 0 1 0 0 0 0 0 0 0 
0 1 0 2 0 0 0 2 0 4 0 0 0 0 1 1 1 0 5 1 2 1 0 2 3 0 0 1 0 0 0 0 
0 1 5 14 0 0 0 6 0 6 4 0 0 0 1 1 1 0 6 1 2 4 0 7 1 3 0 2 0 0 0 0 
0 0 0 0 0 0 0 0 0 0 0 0 0 0 0 0 0 0 3 0 0 0 0 0 0 0 0 0 0 0 0 0 
0 14 19 9 19 10 15 7 7 18 5 6 4 17 4 7 7 7 9 9 4 17 9 9 12 19 12 8 0 0 0 0 
0 12 17 8 19 11 13 7 18 17 17 21 12 10 11 15 19 20 21 7 18 21 20 14 16 24 33 31 0 0 0 0 
0 0 2 0 1 0 0 0 0 0 0 0 0 0 0 0 0 0 2 0 0 0 0 1 2 10 18 0 0 0 0 0 
0 16 3 9 0 6 0 4 4 5 7 1 0 4 9 2 4 5 4 0 0 2 5 1 8 9 9 1 0 0 0 0 
0 25 8 10 1 7 4 8 8 3 13 1 0 6 11 3 4 6 0 3 1 1 9 0 10 6 0 0 0 0 0 0 
0 1 3 8 0 0 0 6 0 6 2 0 0 0 1 1 1 0 3 1 2 2 0 3 6 3 0 2 0 0 0 0 
0 0 0 0 0 0 0 2 0 2 2 0 0 0 1 0 0 0 2 0 2 0 0 0 3 1 0 0 0 0 0 0 
0 9 17 7 9 5 13 12 16 7 3 0 6 7 4 6 5 4 5 6 3 4 4 0 10 4 4 0 0 0 0 0 
0 30 56 35 22 11 23 33 33 18 11 16 11 20 26 13 27 18 12 17 29 18 12 10 12 18 14 2 0 0 0 0 
0 8 7 0 3 1 1 1 1 3 1 1 5 0 0 3 2 0 2 0 3 3 5 1 0 8 0 9 0 0 0 0 
0 26 30 33 8 17 13 6 12 8 0 13 2 12 20 2 4 8 3 8 10 7 7 2 0 2 8 13 0 0 0 0 
0 10 13 12 5 9 5 4 9 8 2 8 0 3 12 5 4 7 10 11 10 8 14 5 7 11 9 26 0 0 0 0 
0 6 5 2 3 3 4 5 5 6 5 9 7 5 7 8 3 8 8 11 8 11 10 12 14 13 16 25 0 0 0 0 
0 38 33 13 24 15 14 5 5 13 4 10 4 3 8 6 3 3 4 3 6 9 8 1 3 0 5 6 0 0 0 0 
0 123 73 71 65 45 19 13 33 19 18 16 11 11 11 6 2 2 3 6 13 10 17 1 4 4 2 2 0 0 0 0 
0 75 75 42 33 34 35 34 26 50 29 36 27 36 30 32 35 17 32 46 37 31 41 22 38 38 32 28 0 0 0 0 
0 6 18 2 0 8 4 4 6 12 2 6 0 2 6 6 6 0 10 2 10 12 10 32 15 24 20 8 0 0 0 0 
0 0 0 0 0 0 0 0 0 0 0 0 0 0 0 0 0 0 0 0 0 0 0 0 0 0 0 0 0 0 0 0 
0 1 1 0 0 0 0 0 0 0 0 0 0 0 0 1 1 0 0 0 0 0 0 0 0 1 0 1 0 0 0 0 
0 10 8 9 5 4 1 0 2 7 2 6 0 2 6 3 11 5 4 6 3 6 2 0 2 2 4 0 0 0 0 0 
0 3 3 2 2 1 1 0 0 5 2 4 0 4 3 2 3 4 3 4 2 2 1 0 1 2 3 1 0 0 0 0 
0 3 0 0 2 0 2 0 1 2 0 1 1 0 0 0 1 2 0 1 0 2 1 1 2 1 2 0 0 0 0 0 
0 18 3 3 4 1 3 0 0 3 3 3 4 5 1 6 2 4 1 0 3 0 2 3 0 1 0 3 0 0 0 0 
0 9 19 17 14 11 10 16 22 15 14 15 12 15 28 23 25 17 41 24 26 20 34 25 33 40 47 49 0 0 0 0 
0 3 2 0 0 1 0 0 0 0 0 1 0 0 0 2 2 0 1 0 0 0 0 0 0 2 0 9 0 0 0 0 
0 16 3 12 3 2 5 2 5 5 7 12 7 3 6 6 3 5 8 0 5 15 9 7 7 11 5 3 0 0 0 0 
0 11 21 6 9 4 3 5 12 3 12 7 9 6 6 9 13 8 8 6 13 15 15 7 7 16 10 16 0 0 0 0 
0 19 75 34 15 35 16 37 19 41 34 31 21 49 25 58 15 47 24 54 45 44 53 53 67 43 63 30 0 0 0 0 
0 1 3 1 5 4 1 7 3 6 10 5 3 20 6 3 7 3 5 3 2 4 4 3 6 1 4 7 0 0 0 0 
0 3 0 0 0 0 0 0 0 0 0 0 0 0 0 3 0 0 9 0 0 1 0 2 0 2 0 0 0 0 0 0 
0 17 20 27 14 13 5 8 14 18 14 22 10 11 13 10 9 24 19 13 23 23 23 9 25 25 23 26 0 0 0 0 
3 19 7 30 4 19 5 19 3 11 3 1 2 6 1 9 3 14 5 7 6 6 19 8 5 17 6 11 0 0 0 0 
0 25 47 32 26 28 16 27 16 27 13 13 11 19 21 31 23 18 18 28 26 26 15 24 27 31 31 31 0 0 0 0 
0 12 29 11 10 17 12 11 10 12 5 12 13 13 18 7 12 9 7 6 5 12 5 14 6 6 3 3 0 0 0 0 
0 3 6 4 3 9 7 5 3 11 5 3 3 10 15 1 11 6 3 0 1 5 2 3 1 1 2 1 0 0 0 0 
0 7 7 7 1 7 4 6 3 6 4 3 4 12 12 2 7 6 2 0 1 6 3 3 3 1 2 1 0 0 0 0 
0 14 12 18 4 6 4 6 6 1 8 6 5 11 14 2 3 1 1 1 5 5 4 2 2 4 1 1 0 0 0 0 
0 4 2 0 0 0 1 0 0 0 0 0 0 0 0 0 0 0 0 0 0 0 1 0 3 24 0 0 0 0 0 0 
0 7 4 0 2 0 2 0 0 1 0 2 0 2 0 1 1 4 0 0 1 1 0 0 4 3 7 0 0 0 0 0 
0 22 15 13 15 7 5 4 8 25 4 5 9 15 2 5 13 7 6 4 15 8 9 15 17 44 13 9 0 0 0 0 
0 9 4 0 3 1 4 0 2 1 2 3 3 7 7 0 6 4 2 0 6 5 4 0 6 6 9 1 0 0 0 0 
0 21 6 4 12 10 9 4 7 3 6 5 3 4 4 5 5 4 1 5 8 10 5 1 6 11 2 3 0 0 0 0 
0 43 25 29 26 28 28 18 26 16 24 16 14 19 18 10 22 12 2 14 17 23 17 8 15 14 10 24 0 0 0 0 
0 22 26 19 18 19 12 14 12 10 12 9 5 9 18 14 9 11 15 14 16 21 11 10 21 10 19 24 0 0 0 0 
0 17 16 3 15 7 8 13 25 13 14 15 9 19 18 10 28 26 25 16 23 27 19 27 27 24 24 30 0 0 0 0 
0 38 33 8 30 20 21 17 27 33 30 47 21 74 20 17 41 60 70 19 33 55 49 67 64 28 87 65 0 0 0 0 
0 32 36 0 17 22 20 18 51 17 25 27 12 66 32 19 61 63 48 20 45 38 25 45 34 37 40 32 0 0 0 0 
0 12 22 18 22 11 14 8 5 7 7 7 3 15 13 15 7 11 14 7 12 5 2 10 9 7 3 7 0 0 0 0 
0 19 27 13 20 17 11 13 12 11 18 5 7 10 13 12 14 18 7 9 16 13 10 12 12 16 9 13 0 0 0 0 
0 17 17 3 4 5 3 1 3 1 3 2 2 2 2 6 10 4 3 7 16 4 10 4 10 11 12 11 0 0 0 0 
0 2 0 0 0 0 0 1 0 0 0 0 0 0 1 0 2 0 0 0 0 0 0 0 2 2 3 0 0 0 0 0 
0 25 23 7 9 7 9 4 2 7 2 7 3 1 13 8 6 2 14 9 5 2 9 5 12 5 7 10 0 0 0 0 
0 8 11 0 4 12 10 3 0 0 0 0 2 0 10 0 0 0 3 1 0 2 0 0 0 0 0 1 0 0 0 0 
0 14 12 4 12 16 8 6 2 5 6 2 5 0 7 7 7 4 2 8 3 2 3 11 5 7 12 5 0 0 0 0 
0 27 12 13 27 16 3 11 5 10 12 4 8 0 5 17 11 7 2 13 6 2 6 18 10 14 25 7 0 0 0 0 
0 17 11 7 22 13 4 18 11 6 7 5 6 3 4 8 6 6 3 11 4 3 11 8 4 9 15 6 0 0 0 0 
0 1 3 1 0 1 1 2 12 0 0 0 2 1 0 1 0 0 2 2 0 1 5 1 0 1 15 1 0 0 0 0 
0 5 5 3 0 2 1 3 12 0 2 0 3 2 3 4 3 3 2 4 2 5 4 9 4 14 6 7 0 0 0 0 
0 6 12 7 6 12 7 1 14 10 11 6 17 14 10 7 14 7 28 17 13 4 27 27 24 18 32 34 0 0 0 0 
0 0 5 0 10 8 10 4 30 0 14 4 0 4 11 19 4 1 4 2 12 4 12 6 3 4 4 2 0 0 0 0 
0 1 4 0 10 5 4 3 16 0 7 1 0 4 8 11 4 2 4 2 7 3 10 4 2 3 2 0 0 0 0 0 
0 6 5 0 8 5 3 1 18 2 5 2 0 3 7 7 5 2 2 3 7 3 6 3 3 3 1 0 0 0 0 0 
0 13 21 11 21 9 20 36 12 10 4 15 17 20 12 13 27 11 13 6 13 19 14 24 11 21 14 14 0 0 0 0 
0 1 0 1 7 4 2 0 3 0 2 7 1 3 1 1 1 0 0 1 0 0 0 4 1 0 0 0 0 0 0 0 
0 2 0 0 7 5 4 2 8 0 12 19 2 4 5 3 2 1 3 2 3 3 1 5 5 1 4 5 0 0 0 0 
0 9 3 2 11 4 2 0 3 4 6 9 0 7 4 3 4 3 4 2 6 3 2 1 4 3 3 6 0 0 0 0 
0 6 2 3 2 0 2 0 2 2 6 8 0 4 0 0 4 4 19 6 0 2 2 5 14 6 12 12 0 0 0 0 
0 5 2 4 2 0 2 0 2 2 5 8 0 4 0 0 4 4 19 4 0 2 2 6 14 5 12 12 0 0 0 0 
0 1 15 2 25 6 9 8 2 1 5 3 5 8 6 0 3 4 8 0 6 6 6 10 3 1 2 2 0 0 0 0 
0 5 16 4 18 6 17 15 4 8 3 6 7 13 3 2 14 6 13 1 7 7 14 14 14 11 9 15 0 0 0 0 
0 2 1 2 13 5 6 24 0 2 0 8 8 8 6 6 21 3 8 1 0 9 9 16 3 9 14 6 0 0 0 0 
0 0 0 2 17 9 14 26 0 3 0 17 10 10 5 16 21 2 14 0 0 14 7 31 2 9 13 9 0 0 0 0 
0 2 2 3 13 7 12 14 0 5 0 8 7 10 4 10 14 1 10 2 0 21 7 26 5 12 14 10 0 0 0 0 
0 10 9 6 10 8 6 0 2 4 2 1 1 3 0 4 0 2 0 3 0 3 0 1 0 2 1 0 0 0 0 0 
0 11 10 6 12 14 4 1 4 4 1 2 4 4 3 4 0 4 1 2 0 1 0 2 0 2 2 3 0 0 0 0 
0 3 3 4 9 7 8 0 1 2 2 2 0 1 0 9 0 2 0 6 1 7 3 5 1 4 3 5 0 0 0 0 
0 17 12 5 11 3 11 5 4 1 4 12 2 2 11 9 4 8 12 5 2 1 3 6 7 7 10 6 0 0 0 0 
0 23 30 28 5 11 10 9 8 3 1 9 1 8 14 5 3 8 3 7 9 5 6 2 2 4 9 9 0 0 0 0 
0 21 6 0 10 2 3 8 5 4 10 6 7 10 11 4 5 8 6 6 6 10 1 5 6 7 6 6 0 0 0 0 
0 12 11 2 15 1 1 3 2 3 2 7 1 3 5 3 1 0 2 5 6 5 0 0 1 0 1 0 0 0 0 0 
0 16 12 0 17 3 2 4 4 4 5 7 0 2 2 6 2 0 2 8 12 7 0 0 0 0 6 0 0 0 0 0 
0 70 50 28 47 29 17 13 16 20 11 18 10 15 15 8 5 11 15 11 18 19 16 9 28 13 11 14 0 0 0 0 
0 35 21 24 49 25 5 10 9 11 6 6 5 21 9 11 7 7 2 16 4 8 15 3 13 11 7 3 0 0 0 0 
0 24 15 17 20 11 8 5 6 8 7 4 2 7 6 4 1 2 8 9 6 4 7 2 5 4 3 3 0 0 0 0 
0 12 3 2 2 1 1 0 2 1 1 2 4 2 0 2 1 1 6 7 7 2 8 4 3 18 5 22 0 0 0 0 
0 2 6 3 4 3 1 1 5 2 2 5 3 2 4 5 4 1 1 1 0 3 3 2 1 3 0 0 0 0 0 0 
0 12 9 13 5 16 5 4 2 10 6 2 4 5 6 2 12 9 0 10 4 2 4 21 5 6 14 0 0 0 0 0 
0 12 8 12 2 16 4 4 2 10 6 2 4 4 6 2 12 6 0 10 6 2 4 20 6 6 11 0 0 0 0 0 
0 14 14 11 19 11 9 13 16 11 15 9 19 4 18 16 16 16 16 17 14 27 22 24 41 36 36 40 0 0 0 0 
0 33 25 7 23 11 4 5 12 8 15 5 16 15 29 8 14 13 18 16 16 29 17 12 37 36 30 23 0 0 0 0 
0 18 1 5 7 0 2 0 2 0 0 2 0 0 0 2 0 2 0 0 0 0 4 0 1 1 0 3 0 0 0 0 
0 15 12 13 9 6 5 6 15 8 12 10 8 11 8 5 8 6 11 5 19 16 13 16 20 21 14 25 0 0 0 0 
0 19 31 14 19 6 22 20 19 24 14 21 7 23 23 13 33 12 9 25 33 22 17 14 26 25 20 4 0 0 0 0 
0 21 11 13 19 5 15 29 8 11 7 4 7 10 13 5 3 9 15 8 27 15 9 5 18 13 6 10 0 0 0 0 
0 36 27 14 19 7 3 5 7 32 4 12 8 11 7 14 15 7 19 12 18 16 23 26 30 19 24 24 0 0 0 0 
0 20 17 1 13 7 10 11 19 8 12 15 6 24 7 9 16 22 18 11 20 18 23 26 25 14 22 21 0 0 0 0 
0 19 15 7 5 8 12 7 19 9 5 11 4 22 9 6 11 21 12 14 21 10 16 15 10 17 20 18 0 0 0 0 
0 5 3 3 6 4 2 6 4 8 5 10 8 17 8 6 14 1 9 13 9 5 11 2 4 4 4 5 0 0 0 0 
0 24 19 31 58 18 41 33 21 24 8 16 25 28 18 9 21 7 9 9 13 13 18 15 15 29 25 13 0 0 0 0 
0 12 7 4 5 3 3 2 4 3 1 1 5 0 0 1 6 3 0 2 3 7 8 1 2 3 3 1 0 0 0 0 
0 10 10 4 2 2 3 4 8 2 0 1 8 2 2 4 13 2 0 5 8 5 7 1 4 5 13 1 0 0 0 0 
0 17 4 1 2 2 2 2 0 0 2 3 12 11 4 3 4 3 0 2 1 9 4 1 11 9 10 13 0 0 0 0 
0 23 7 10 7 1 9 6 1 1 3 5 9 7 1 5 6 5 1 9 2 16 5 3 6 9 7 8 0 0 0 0 
0 28 10 20 13 4 12 9 4 2 1 4 1 2 2 7 7 6 3 18 2 20 7 4 2 8 4 2 0 0 0 0 
0 38 21 10 11 3 6 9 9 12 17 6 10 10 4 7 12 8 5 5 5 2 5 4 3 5 3 8 0 0 0 0 
0 38 18 11 9 3 2 8 5 6 17 4 8 9 5 5 6 7 4 4 5 6 4 2 3 3 2 6 0 0 0 0 
0 7 4 6 3 2 3 0 2 3 1 1 3 4 4 2 6 4 0 10 3 8 5 5 7 5 3 3 0 0 0 0 
0 13 24 21 10 10 18 26 13 11 9 10 7 16 10 3 13 13 10 7 35 17 12 9 20 25 13 9 0 0 0 0 
0 14 16 26 6 11 13 32 9 10 10 5 2 5 4 0 0 9 6 6 37 18 14 8 11 13 9 10 0 0 0 0 
0 18 23 28 9 14 7 6 7 6 4 7 1 5 10 2 3 3 3 7 7 4 5 0 2 8 5 11 0 0 0 0 
0 3 2 13 7 8 4 0 6 6 2 0 0 2 0 6 0 0 0 7 1 1 2 4 1 6 0 2 0 0 0 0 
0 11 10 6 1 5 4 2 11 7 5 1 4 20 2 16 0 12 9 12 1 2 19 11 3 16 1 12 0 0 0 0 
0 10 13 6 1 6 3 3 11 9 7 2 6 16 3 15 0 14 12 13 1 6 22 12 5 16 2 11 0 0 0 0 
0 57 50 11 19 15 14 14 21 34 30 17 15 22 10 29 8 10 12 17 14 9 17 18 12 14 23 27 0 0 0 0 
0 9 41 15 6 16 5 15 9 22 17 12 12 28 10 30 6 26 6 24 20 14 19 22 27 13 28 12 0 0 0 0 
0 8 13 10 6 7 7 1 9 21 9 5 10 10 6 10 11 7 12 11 8 1 11 12 6 7 8 5 0 0 0 0 
0 3 0 0 0 0 1 1 2 0 0 1 0 1 0 1 1 1 7 0 1 2 2 1 1 2 0 2 0 0 0 0 
0 1 2 0 2 0 0 1 0 0 1 2 0 0 0 0 0 1 0 0 0 1 3 1 0 2 0 0 0 0 0 0 
0 0 4 0 4 0 0 0 0 0 2 2 0 0 0 0 0 2 0 0 0 2 7 2 0 1 0 0 0 0 0 0 
0 32 13 20 10 13 2 4 11 9 12 4 20 5 13 16 9 9 14 17 18 13 22 22 13 10 23 12 0 0 0 0 
0 12 13 12 9 16 3 3 10 10 7 0 10 6 5 9 13 4 25 18 7 5 17 16 4 1 4 0 0 0 0 0 
0 20 22 18 16 9 15 16 14 12 13 12 9 16 16 16 15 5 1 10 14 5 8 5 12 7 8 14 0 0 0 0 
0 11 10 3 4 6 11 9 5 7 4 3 6 6 5 7 3 3 2 0 3 5 5 2 9 5 3 3 0 0 0 0 
0 9 15 7 7 4 14 15 11 7 4 8 12 13 8 4 13 9 8 6 15 10 7 6 8 16 8 7 0 0 0 0 
0 41 28 12 15 7 13 19 15 13 21 11 18 19 13 7 20 13 8 9 17 10 13 8 11 21 10 13 0 0 0 0 
0 7 6 6 4 2 2 6 9 3 4 4 2 5 3 3 3 0 6 1 4 10 4 3 5 0 1 4 0 0 0 0 
0 7 19 11 13 10 12 16 10 6 2 7 14 6 7 9 2 12 7 6 9 3 5 9 8 11 4 11 0 0 0 0 
0 6 17 11 14 7 8 12 7 7 5 5 6 4 9 11 2 8 8 4 6 3 5 10 2 10 4 6 0 0 0 0 
0 1 1 4 4 2 1 3 1 2 6 8 4 1 4 6 3 6 3 2 2 2 5 8 8 6 6 16 0 0 0 0 
0 0 1 0 0 0 0 0 0 0 0 0 0 0 0 0 0 0 3 0 0 0 0 2 1 12 18 0 0 0 0 0 
0 9 18 7 9 5 13 12 17 7 3 0 5 7 4 6 5 4 6 6 3 4 4 0 10 10 12 0 0 0 0 0 
0 5 6 8 6 1 4 7 11 10 1 2 3 3 5 1 3 3 0 2 2 5 3 2 1 4 7 20 0 0 0 0 
0 5 5 4 8 2 2 2 8 7 1 3 0 6 4 0 1 3 0 1 1 8 2 4 1 4 7 20 0 0 0 0 
0 91 75 62 67 42 21 31 32 24 14 12 22 16 12 18 8 9 10 7 12 17 17 7 11 7 5 4 0 0 0 0 
0 0 0 0 0 0 0 0 0 0 0 0 0 0 0 0 0 0 0 0 0 0 0 0 0 0 0 0 0 0 0 0 
0 0 0 0 0 0 0 0 0 0 0 0 0 0 0 0 0 0 0 0 0 0 0 0 0 0 0 0 0 0 0 0 
0 8 4 11 18 5 12 11 5 13 3 6 7 12 8 4 16 4 5 7 9 3 14 5 10 14 12 5 0 0 0 0 
