22 0 0 1 1 0 2 0 0 1 1 0 0 2 0 0 0 0 0 0 0 1 0 1 0 0 0 0 0 0 0 0 
20 0 0 2 1 1 0 1 0 1 0 1 0 1 0 0 0 0 2 1 0 0 0 0 0 0 0 0 0 0 0 0 
22 0 0 1 1 0 2 0 0 1 1 0 0 0 0 1 0 1 0 2 0 0 0 0 0 0 0 0 0 0 0 0 
21 0 0 3 0 1 1 0 0 2 0 0 0 0 0 0 2 0 0 0 1 1 0 0 0 0 0 0 0 0 0 0 
21 0 0 2 1 1 0 1 0 1 0 1 0 0 1 1 1 0 0 0 0 0 0 1 0 0 0 0 0 0 0 0 
22 0 0 0 2 0 1 1 0 0 1 1 0 0 2 0 0 1 0 0 1 0 0 0 0 0 0 0 0 0 0 0 
21 0 0 3 0 1 1 0 0 2 0 0 0 1 1 0 0 0 0 0 0 0 0 2 0 0 0 0 0 0 0 0 
21 1 2 0 1 0 1 0 0 0 1 0 1 1 0 1 0 0 0 0 0 1 0 1 0 0 0 0 0 0 0 0 
20 1 2 2 0 1 0 0 0 1 0 0 1 0 0 0 1 1 0 0 0 2 0 0 0 0 0 0 0 0 0 0 
22 0 0 1 1 0 2 0 0 1 1 0 0 0 1 0 1 0 0 0 2 0 0 0 0 0 0 0 0 0 0 0 
21 1 2 0 1 0 0 1 0 0 0 1 1 1 0 0 0 0 2 0 1 0 0 0 0 0 0 0 0 0 0 0 
20 1 2 2 0 1 0 0 0 1 0 0 1 0 0 0 0 0 2 1 1 0 0 0 0 0 0 0 0 0 0 0 
22 0 0 1 1 0 1 1 0 1 0 1 0 0 1 0 0 2 0 1 0 0 0 0 0 0 0 0 0 0 0 0 
21 1 2 0 1 0 1 0 0 0 1 0 1 0 0 1 0 1 0 1 0 1 0 0 0 0 0 0 0 0 0 0 
21 1 2 0 1 0 0 1 0 0 0 1 1 0 0 2 1 0 0 0 0 0 0 1 0 0 0 0 0 0 0 0 
22 0 0 1 1 0 2 0 0 0 2 0 0 0 0 0 0 2 0 0 0 1 0 1 0 0 0 0 0 0 0 0 
21 0 0 2 1 1 0 1 0 0 0 2 0 2 0 0 0 1 0 1 0 0 0 0 0 0 0 0 0 0 0 0 
22 0 0 1 1 0 2 0 0 0 2 0 0 0 1 1 0 0 0 2 0 0 0 0 0 0 0 0 0 0 0 0 
21 0 0 3 0 1 1 0 0 0 1 1 0 0 0 2 0 0 0 0 1 1 0 0 0 0 0 0 0 0 0 0 
22 0 0 0 2 0 1 1 0 0 1 1 0 0 0 2 1 0 0 0 1 0 0 0 0 0 0 0 0 0 0 0 
21 0 0 2 1 1 0 1 0 0 0 2 0 0 1 0 2 0 0 0 0 0 0 1 0 0 0 0 0 0 0 0 
22 0 0 1 1 0 2 0 0 0 2 0 0 0 0 1 1 0 0 0 2 0 0 0 0 0 0 0 0 0 0 0 
21 1 1 1 1 0 1 0 0 0 1 0 1 1 0 0 0 1 0 0 1 1 0 0 0 0 0 0 0 0 0 0 
20 1 1 3 0 1 0 0 0 0 0 1 1 0 1 1 0 0 0 0 0 2 0 0 0 0 0 0 0 0 0 0 
21 0 0 3 0 1 1 0 0 0 1 1 0 0 0 0 1 1 0 0 0 0 0 2 0 0 0 0 0 0 0 0 
21 1 1 1 1 0 0 1 0 0 0 1 1 1 0 1 0 1 0 0 0 0 0 1 0 0 0 0 0 0 0 0 
20 1 1 3 0 1 0 0 0 0 0 1 1 2 0 0 0 0 0 1 1 0 0 0 0 0 0 0 0 0 0 0 
22 0 0 1 1 0 1 1 0 0 1 1 0 0 2 0 1 0 0 1 0 0 0 0 0 0 0 0 0 0 0 0 
21 1 1 1 1 0 1 0 0 0 1 0 1 0 1 1 0 0 0 1 0 1 0 0 0 0 0 0 0 0 0 0 
21 1 1 1 1 0 0 1 0 0 0 1 1 0 0 3 0 0 0 0 0 0 0 1 0 0 0 0 0 0 0 0 
22 0 0 0 2 0 0 2 0 0 2 0 0 1 0 0 0 0 1 0 0 2 0 0 0 0 0 0 0 0 0 0 
21 0 0 3 0 1 1 0 0 0 0 0 2 1 0 0 1 0 0 0 0 1 0 1 0 0 0 0 0 0 0 0 
21 0 0 1 1 0 1 1 0 0 1 0 1 0 1 0 2 0 0 1 0 0 0 0 0 0 0 0 0 0 0 0 
21 0 0 3 0 1 1 0 0 0 0 0 2 0 0 2 0 1 1 0 0 0 0 0 0 0 0 0 0 0 0 0 
21 0 0 0 2 0 0 2 0 0 2 0 0 0 0 1 0 1 0 1 1 0 0 0 0 0 0 0 0 0 0 0 
21 0 0 2 1 1 0 1 0 0 1 0 1 0 1 0 0 0 0 0 2 0 0 1 0 0 0 0 0 0 0 0 
22 0 0 1 1 0 1 1 0 0 1 0 1 0 0 1 0 2 0 0 1 0 0 0 0 0 0 0 0 0 0 0 
21 1 1 1 1 0 0 1 0 0 1 0 1 1 0 0 0 1 1 0 0 1 0 0 0 0 0 0 0 0 0 0 
20 1 1 3 0 1 0 0 0 0 0 0 2 0 1 1 0 0 2 0 0 0 0 0 0 0 0 0 0 0 0 0 
21 0 0 2 1 1 0 1 0 0 1 0 1 2 0 0 1 0 0 0 0 1 0 0 0 0 0 0 0 0 0 0 
21 1 1 2 0 0 1 0 0 0 0 0 2 1 1 0 1 1 0 0 0 0 0 0 0 0 0 0 0 0 0 0 
21 1 1 1 1 0 0 1 0 0 1 0 1 0 2 0 0 0 1 0 1 0 0 0 0 0 0 0 0 0 0 0 
21 0 0 3 0 1 1 0 0 0 0 0 2 0 0 0 0 0 0 0 1 1 0 2 0 0 0 0 0 0 0 0 
21 1 1 1 1 0 0 1 0 0 1 0 1 0 0 0 1 0 0 2 0 0 0 1 0 0 0 0 0 0 0 0 
21 1 1 1 1 0 0 1 0 0 1 0 1 0 0 1 0 0 0 2 0 0 0 1 0 0 0 0 0 0 0 0 
22 0 0 0 2 0 0 2 0 1 1 0 0 1 0 0 0 0 1 0 0 0 0 2 0 0 0 0 0 0 0 0 
20 0 0 2 1 1 1 0 0 0 0 0 2 1 1 0 0 0 0 0 0 1 0 1 0 0 0 0 0 0 0 0 
21 0 0 0 2 0 1 1 0 0 1 0 1 0 2 1 0 0 0 1 0 0 0 0 0 0 0 0 0 0 0 0 
21 0 0 2 1 1 1 0 0 0 0 0 2 0 0 1 2 0 1 0 0 0 0 0 0 0 0 0 0 0 0 0 
22 0 0 0 2 0 0 2 0 1 1 0 0 0 0 1 1 0 0 1 1 0 0 0 0 0 0 0 0 0 0 0 
21 0 0 2 1 1 0 1 0 1 0 0 1 0 0 1 0 0 0 0 2 1 0 0 0 0 0 0 0 0 0 0 
22 0 0 0 2 0 1 1 0 0 1 0 1 0 0 2 1 0 0 0 1 0 0 0 0 0 0 0 0 0 0 0 
21 1 1 1 1 0 0 1 0 1 0 0 1 2 0 1 0 0 0 0 0 0 0 1 0 0 0 0 0 0 0 0 
20 1 1 3 0 1 0 0 0 0 0 0 2 2 1 1 0 0 0 0 0 0 0 0 0 0 0 0 0 0 0 0 
21 0 0 2 1 1 0 1 0 0 1 0 1 0 0 0 1 0 2 0 0 0 0 1 0 0 0 0 0 0 0 0 
21 1 1 1 1 0 1 0 0 0 0 0 2 0 1 2 0 0 1 0 0 0 0 0 0 0 0 0 0 0 0 0 
21 1 1 1 1 0 0 1 0 1 0 0 1 0 0 2 0 0 1 0 1 0 0 0 0 0 0 0 0 0 0 0 
21 0 0 2 1 1 1 0 0 0 0 0 2 0 0 0 0 0 0 0 1 2 0 1 0 0 0 0 0 0 0 0 
21 1 1 1 1 0 0 1 0 0 1 0 1 0 1 0 0 0 0 2 0 1 0 0 0 0 0 0 0 0 0 0 
21 1 1 1 1 0 0 1 0 1 0 0 1 0 0 0 1 0 0 2 0 1 0 0 0 0 0 0 0 0 0 0 
22 0 0 1 1 0 2 0 0 1 1 0 0 2 0 0 0 0 0 0 0 1 0 1 0 0 0 0 0 0 0 0 
22 0 0 0 2 0 1 1 0 0 1 1 0 1 0 0 0 1 1 0 0 1 0 0 0 0 0 0 0 0 0 0 
22 0 0 1 1 0 1 1 0 0 1 1 0 1 0 0 0 2 0 0 0 0 0 1 0 0 0 0 0 0 0 0 
22 0 0 0 2 0 0 2 0 0 2 0 0 1 0 0 0 0 1 0 0 2 0 0 0 0 0 0 0 0 0 0 
22 0 0 1 1 0 1 1 0 1 0 0 1 1 0 0 0 0 0 0 0 1 0 2 0 0 0 0 0 0 0 0 
22 0 0 0 2 0 1 1 0 0 1 0 1 0 0 0 0 0 1 0 0 1 0 2 0 0 0 0 0 0 0 0 
22 0 0 0 2 0 1 1 0 0 2 0 0 0 0 0 0 1 1 0 0 2 0 0 0 0 0 0 0 0 0 0 
23 1 0 1 0 0 1 0 0 2 1 0 0 1 0 0 0 0 0 0 0 0 0 1 0 0 0 0 0 0 0 0 
23 1 0 0 1 0 0 1 0 2 1 0 0 1 0 0 0 0 0 0 0 0 0 1 0 0 0 0 0 0 0 0 
22 0 0 1 1 0 1 1 0 0 2 0 0 0 0 0 0 1 1 0 0 0 0 2 0 0 0 0 0 0 0 0 
23 1 0 0 1 0 1 0 0 0 3 0 0 1 0 0 0 0 0 0 0 1 0 0 0 0 0 0 0 0 0 0 
23 1 0 0 1 0 0 1 0 0 3 0 0 1 0 0 0 0 0 0 0 1 0 0 0 0 0 0 0 0 0 0 
22 0 0 1 1 0 2 0 0 0 0 0 2 0 0 0 0 0 0 0 0 2 0 2 0 0 0 0 0 0 0 0 
23 1 0 0 1 0 0 1 0 0 0 2 1 1 0 0 0 0 1 0 0 0 0 0 0 0 0 0 0 0 0 0 
23 1 0 0 1 0 0 1 0 0 0 2 1 1 0 0 0 1 0 0 0 0 0 0 0 0 0 0 0 0 0 0 
21 0 0 3 0 1 1 0 0 0 1 1 0 1 1 0 0 0 0 2 0 0 0 0 0 0 0 0 0 0 0 0 
21 0 0 2 1 1 1 0 0 0 1 0 1 1 0 1 1 0 0 1 0 0 0 0 0 0 0 0 0 0 0 0 
22 0 0 1 1 0 1 1 0 0 1 0 1 0 1 0 2 0 0 1 0 0 0 0 0 0 0 0 0 0 0 0 
21 0 0 2 1 1 1 0 0 0 0 0 2 1 2 1 0 0 0 0 0 0 0 0 0 0 0 0 0 0 0 0 
22 0 0 1 1 0 1 1 0 0 1 0 1 1 2 0 0 0 0 1 0 0 0 0 0 0 0 0 0 0 0 0 
22 0 0 0 2 0 1 1 0 0 0 1 1 2 0 1 0 0 0 1 0 0 0 0 0 0 0 0 0 0 0 0 
21 0 0 3 0 1 1 0 0 0 0 0 2 2 2 0 0 0 0 0 0 0 0 0 0 0 0 0 0 0 0 0 
21 1 1 2 0 1 0 0 0 0 1 0 2 1 0 0 1 0 0 0 0 0 0 0 0 0 0 0 0 0 0 0 
22 1 1 0 1 0 1 0 0 0 1 0 2 1 0 1 0 0 0 0 0 0 0 0 0 0 0 0 0 0 0 0 
22 0 0 1 1 0 2 0 0 0 0 0 2 0 2 1 1 0 0 0 0 0 0 0 0 0 0 0 0 0 0 0 
21 1 1 2 0 1 0 0 0 0 0 2 1 1 0 0 0 0 0 1 0 0 0 0 0 0 0 0 0 0 0 0 
22 1 1 0 1 0 0 1 0 0 0 2 1 1 0 0 0 0 0 1 0 0 0 0 0 0 0 0 0 0 0 0 
22 0 0 1 1 0 1 1 0 0 2 0 0 0 2 0 0 0 0 2 0 0 0 0 0 0 0 0 0 0 0 0 
22 1 1 0 1 0 1 0 0 0 2 0 1 0 0 1 0 0 0 1 0 0 0 0 0 0 0 0 0 0 0 0 
22 1 1 0 1 0 0 1 0 0 2 0 1 0 0 0 1 0 0 1 0 0 0 0 0 0 0 0 0 0 0 0 
21 0 0 3 0 1 1 0 0 2 0 0 0 0 0 0 0 1 1 2 0 0 0 0 0 0 0 0 0 0 0 0 
22 0 0 1 1 0 2 0 0 0 1 0 1 0 0 2 0 1 0 1 0 0 0 0 0 0 0 0 0 0 0 0 
21 0 0 2 1 1 0 1 0 0 1 0 1 0 0 2 0 0 1 1 0 0 0 0 0 0 0 0 0 0 0 0 
21 0 0 2 1 1 1 0 0 0 0 0 2 0 0 1 2 0 1 0 0 0 0 0 0 0 0 0 0 0 0 0 
22 0 0 0 2 0 1 1 0 1 0 0 1 0 0 1 1 1 0 1 0 0 0 0 0 0 0 0 0 0 0 0 
22 0 0 1 1 0 1 1 0 1 0 0 1 0 0 0 0 3 0 1 0 0 0 0 0 0 0 0 0 0 0 0 
22 0 0 1 1 0 2 0 0 0 0 0 2 0 0 2 1 1 0 0 0 0 0 0 0 0 0 0 0 0 0 0 
21 1 0 3 0 1 0 0 0 1 0 0 2 0 0 1 0 0 1 0 0 0 0 0 0 0 0 0 0 0 0 0 
22 1 0 1 1 0 1 0 0 1 0 0 2 0 0 1 0 1 0 0 0 0 0 0 0 0 0 0 0 0 0 0 
21 0 0 3 0 1 1 0 0 0 0 0 2 0 0 0 1 2 1 0 0 0 0 0 0 0 0 0 0 0 0 0 
21 1 0 3 0 1 0 0 0 1 1 0 1 0 0 0 0 0 1 1 0 0 0 0 0 0 0 0 0 0 0 0 
22 1 0 1 1 0 0 1 0 2 0 0 1 0 0 0 0 1 0 1 0 0 0 0 0 0 0 0 0 0 0 0 
22 0 0 1 1 0 1 1 0 2 0 0 0 0 0 0 1 1 0 2 0 0 0 0 0 0 0 0 0 0 0 0 
22 1 0 1 1 0 1 0 0 1 1 0 1 0 0 1 0 0 0 1 0 0 0 0 0 0 0 0 0 0 0 0 
22 1 0 1 1 0 0 1 0 0 2 0 1 0 0 1 0 0 0 1 0 0 0 0 0 0 0 0 0 0 0 0 
21 0 0 3 0 1 1 0 0 2 0 0 0 0 0 0 2 0 0 0 1 1 0 0 0 0 0 0 0 0 0 0 
22 0 0 1 1 0 1 1 0 0 1 1 0 0 0 2 1 0 0 0 1 0 0 0 0 0 0 0 0 0 0 0 
21 0 0 2 1 1 0 1 0 0 0 2 0 0 0 3 0 0 0 0 0 1 0 0 0 0 0 0 0 0 0 0 
22 0 0 0 2 0 0 2 0 1 1 0 0 0 0 2 0 0 0 0 2 0 0 0 0 0 0 0 0 0 0 0 
21 0 0 2 1 1 0 1 0 0 0 1 1 0 0 1 0 0 0 0 1 2 0 0 0 0 0 0 0 0 0 0 
22 0 0 1 1 0 1 1 0 1 0 0 1 0 0 1 0 0 0 0 1 2 0 0 0 0 0 0 0 0 0 0 
22 0 0 1 1 0 1 1 0 0 2 0 0 0 0 2 0 0 0 0 2 0 0 0 0 0 0 0 0 0 0 0 
21 1 0 3 0 1 0 0 0 1 1 1 0 0 0 1 0 0 0 0 0 1 0 0 0 0 0 0 0 0 0 0 
22 1 0 1 1 0 0 1 0 1 0 2 0 0 0 1 0 0 0 0 0 1 0 0 0 0 0 0 0 0 0 0 
21 0 0 2 1 1 0 1 0 2 0 0 0 0 0 1 1 0 0 0 0 2 0 0 0 0 0 0 0 0 0 0 
22 1 0 2 0 0 1 0 0 2 1 0 0 0 0 0 1 0 0 0 1 0 0 0 0 0 0 0 0 0 0 0 
22 1 0 1 1 0 0 1 0 2 0 1 0 0 0 1 0 0 0 0 1 0 0 0 0 0 0 0 0 0 0 0 
21 0 0 3 0 1 1 0 0 0 0 0 2 0 0 0 0 0 0 0 2 2 0 0 0 0 0 0 0 0 0 0 
22 1 0 1 1 0 0 1 0 0 0 2 1 0 0 1 1 0 0 0 0 0 0 0 0 0 0 0 0 0 0 0 
22 1 0 1 1 0 0 1 0 0 0 2 1 0 0 2 0 0 0 0 0 0 0 0 0 0 0 0 0 0 0 0 
21 0 0 2 1 1 1 0 0 1 1 0 0 0 2 0 0 0 0 0 1 0 0 1 0 0 0 0 0 0 0 0 
22 0 0 0 2 0 1 1 0 0 1 1 0 0 1 0 1 1 0 0 1 0 0 0 0 0 0 0 0 0 0 0 
21 0 0 2 1 1 0 1 0 0 0 2 0 0 1 0 2 0 0 0 0 0 0 1 0 0 0 0 0 0 0 0 
22 0 0 0 2 0 0 2 0 0 2 0 0 0 1 0 0 1 0 0 2 0 0 0 0 0 0 0 0 0 0 0 
21 0 0 2 1 1 0 1 0 1 0 0 1 0 1 0 0 0 0 0 1 0 0 2 0 0 0 0 0 0 0 0 
22 0 0 0 2 0 1 1 0 0 0 1 1 0 0 0 0 1 0 0 1 0 0 2 0 0 0 0 0 0 0 0 
22 0 0 0 2 0 1 1 0 0 2 0 0 0 0 0 1 1 0 0 2 0 0 0 0 0 0 0 0 0 0 0 
21 1 0 3 0 1 0 0 0 2 1 0 0 0 1 0 0 0 0 0 0 0 0 1 0 0 0 0 0 0 0 0 
22 1 0 1 1 0 0 1 0 2 1 0 0 0 1 0 0 0 0 0 0 0 0 1 0 0 0 0 0 0 0 0 
21 0 0 2 1 1 0 1 0 0 0 2 0 0 0 0 1 1 0 0 0 0 0 2 0 0 0 0 0 0 0 0 
22 1 0 1 1 0 1 0 0 0 2 1 0 0 1 0 0 0 0 0 1 0 0 0 0 0 0 0 0 0 0 0 
22 1 0 1 1 0 0 1 0 0 2 1 0 0 1 0 0 0 0 0 1 0 0 0 0 0 0 0 0 0 0 0 
21 0 0 2 1 1 1 0 0 0 0 0 2 0 0 0 0 0 0 0 2 0 0 2 0 0 0 0 0 0 0 0 
22 1 0 1 1 0 0 1 0 0 0 2 1 0 1 0 0 1 0 0 0 0 0 0 0 0 0 0 0 0 0 0 
22 1 0 1 1 0 0 1 0 0 0 2 1 0 1 0 1 0 0 0 0 0 0 0 0 0 0 0 0 0 0 0 
22 0 0 1 1 0 2 0 0 0 0 0 2 2 1 1 0 0 0 0 0 0 0 0 0 0 0 0 0 0 0 0 
22 0 0 0 2 0 1 1 0 0 0 1 1 1 0 1 0 1 0 1 0 0 0 0 0 0 0 0 0 0 0 0 
22 0 0 1 1 0 1 1 0 1 0 0 1 0 0 0 0 3 0 1 0 0 0 0 0 0 0 0 0 0 0 0 
22 0 0 0 2 0 0 2 0 1 0 1 0 0 0 2 0 0 0 0 0 2 0 0 0 0 0 0 0 0 0 0 
22 0 0 1 1 0 1 1 0 1 0 0 1 0 1 0 0 0 0 0 1 1 0 1 0 0 0 0 0 0 0 0 
22 0 0 0 2 0 1 1 0 0 0 1 1 0 0 0 0 1 0 0 1 0 0 2 0 0 0 0 0 0 0 0 
22 0 0 0 2 0 1 1 0 0 0 1 1 0 0 2 0 1 0 0 0 1 0 0 0 0 0 0 0 0 0 0 
22 1 1 1 0 0 1 0 0 0 0 0 2 1 2 1 0 0 0 0 0 0 0 0 0 0 0 0 0 0 0 0 
22 1 1 0 1 0 0 1 0 1 0 0 1 0 2 1 0 0 0 0 0 0 0 1 0 0 0 0 0 0 0 0 
22 0 0 1 1 0 1 1 0 0 0 1 1 0 0 0 0 3 0 0 0 0 0 1 0 0 0 0 0 0 0 0 
22 1 1 0 1 0 1 0 0 0 0 0 2 1 0 1 1 1 0 0 0 0 0 0 0 0 0 0 0 0 0 0 
22 1 1 0 1 0 0 1 0 1 0 0 1 0 0 0 2 1 0 0 0 1 0 0 0 0 0 0 0 0 0 0 
22 0 0 1 1 0 2 0 0 0 0 0 2 0 0 0 0 0 0 0 2 1 0 1 0 0 0 0 0 0 0 0 
22 1 1 0 1 0 0 1 0 0 0 1 1 1 0 0 0 0 0 2 1 0 0 0 0 0 0 0 0 0 0 0 
22 1 1 0 1 0 0 1 0 1 0 0 1 0 0 0 0 1 0 2 1 0 0 0 0 0 0 0 0 0 0 0 
22 0 0 1 1 0 2 0 0 0 2 0 0 0 0 1 1 0 0 0 2 0 0 0 0 0 0 0 0 0 0 0 
21 1 1 2 0 0 1 0 0 0 0 0 2 1 0 1 0 1 0 0 1 0 0 0 0 0 0 0 0 0 0 0 
21 1 1 1 1 0 0 1 0 0 1 0 1 1 0 0 0 2 0 0 1 0 0 0 0 0 0 0 0 0 0 0 
22 0 0 0 2 0 1 1 0 0 1 0 1 0 0 2 1 0 0 0 1 0 0 0 0 0 0 0 0 0 0 0 
21 1 1 2 0 0 1 0 0 0 0 0 2 1 0 2 0 1 0 0 0 0 0 0 0 0 0 0 0 0 0 0 
22 1 0 1 1 0 1 0 0 1 0 0 2 0 0 1 1 0 0 0 0 0 0 1 0 0 0 0 0 0 0 0 
22 0 0 1 1 0 1 1 0 0 2 0 0 0 0 2 0 0 0 0 2 0 0 0 0 0 0 0 0 0 0 0 
22 1 0 1 1 0 1 0 0 1 2 0 0 0 0 0 1 0 0 0 1 0 0 1 0 0 0 0 0 0 0 0 
22 1 0 1 1 0 0 1 0 1 2 0 0 0 0 0 0 1 0 0 1 0 0 1 0 0 0 0 0 0 0 0 
21 2 1 2 0 0 0 0 0 1 1 0 1 1 0 1 0 0 0 0 0 0 0 1 0 0 0 0 0 0 0 0 
21 1 1 3 0 0 1 0 0 0 0 0 1 2 0 1 0 1 0 0 0 0 0 0 0 0 0 0 0 0 0 0 
22 1 0 2 1 0 1 0 0 1 1 0 0 1 0 0 1 0 0 0 0 0 0 1 0 0 0 0 0 0 0 0 
21 2 1 2 0 0 0 0 0 1 0 0 2 1 0 0 0 0 0 0 1 0 0 1 0 0 0 0 0 0 0 0 
22 0 0 3 1 0 1 1 0 0 0 0 0 2 0 1 0 0 0 0 1 0 0 0 0 0 0 0 0 0 0 0 
22 0 0 2 2 0 1 1 0 0 0 0 0 2 0 0 1 0 0 0 1 0 0 0 0 0 0 0 0 0 0 0 
21 0 0 2 1 1 1 0 0 0 1 1 0 0 0 1 0 1 0 0 0 2 0 0 0 0 0 0 0 0 0 0 
21 1 1 1 1 0 0 1 0 0 1 0 1 0 1 0 0 0 1 0 0 2 0 0 0 0 0 0 0 0 0 0 
20 1 1 3 0 1 0 0 0 0 0 0 2 0 1 1 0 0 2 0 0 0 0 0 0 0 0 0 0 0 0 0 
22 0 0 0 2 0 1 1 0 0 2 0 0 0 0 0 0 1 1 0 0 2 0 0 0 0 0 0 0 0 0 0 
22 1 0 2 0 1 0 0 0 1 1 0 1 0 0 1 0 0 1 0 0 0 0 1 0 0 0 0 0 0 0 0 
22 1 0 1 1 0 1 0 0 1 0 0 2 0 0 1 0 1 0 0 0 0 0 1 0 0 0 0 0 0 0 0 
21 0 0 2 1 1 0 1 0 0 0 2 0 0 0 2 0 0 0 0 0 2 0 0 0 0 0 0 0 0 0 0 
22 1 0 1 1 0 1 0 0 1 0 1 1 0 0 1 0 1 0 0 0 0 0 1 0 0 0 0 0 0 0 0 
22 1 1 0 1 0 0 1 0 0 0 1 1 0 1 2 0 0 0 0 0 1 0 0 0 0 0 0 0 0 0 0 
23 2 1 0 0 0 0 0 0 1 1 0 1 0 1 1 0 0 0 0 0 0 0 1 0 0 0 0 0 0 0 0 
21 1 1 3 0 1 0 0 0 0 0 0 1 0 2 1 0 0 1 0 0 0 0 0 0 0 0 0 0 0 0 0 
22 1 0 2 1 0 1 0 0 1 0 1 0 0 1 0 0 1 0 0 0 0 0 1 0 0 0 0 0 0 0 0 
21 2 1 2 0 0 0 0 0 1 0 0 2 0 1 0 0 0 0 0 0 1 0 1 0 0 0 0 0 0 0 0 
22 0 0 3 1 1 0 1 0 0 0 0 0 0 2 1 0 0 0 0 0 1 0 0 0 0 0 0 0 0 0 0 
22 0 0 2 2 0 1 1 0 0 0 0 0 0 2 0 0 1 0 0 0 1 0 0 0 0 0 0 0 0 0 0 
21 0 0 3 0 1 1 0 0 2 0 0 0 1 1 0 0 0 0 0 0 0 0 2 0 0 0 0 0 0 0 0 
21 1 2 0 1 0 0 1 0 1 0 0 1 1 0 1 0 0 0 0 0 0 0 2 0 0 0 0 0 0 0 0 
20 1 1 3 0 1 0 0 0 0 0 0 2 2 1 1 0 0 0 0 0 0 0 0 0 0 0 0 0 0 0 0 
22 0 0 1 1 0 1 1 0 2 0 0 0 2 0 0 0 0 0 0 0 0 0 2 0 0 0 0 0 0 0 0 
22 1 0 2 0 1 0 0 0 1 1 0 1 1 1 0 0 0 0 0 0 0 0 1 0 0 0 0 0 0 0 0 
22 1 1 1 0 0 1 0 0 0 1 0 2 1 1 0 0 0 0 0 0 0 0 1 0 0 0 0 0 0 0 0 
21 0 0 2 1 1 0 1 0 2 0 0 0 0 2 0 0 0 0 0 0 0 0 2 0 0 0 0 0 0 0 0 
22 1 0 2 0 0 1 0 0 1 1 0 1 1 1 0 0 0 0 0 0 0 0 1 0 0 0 0 0 0 0 0 
22 1 1 0 1 0 0 1 0 1 0 0 1 0 2 1 0 0 0 0 0 0 0 1 0 0 0 0 0 0 0 0 
21 2 1 2 0 0 0 0 0 1 1 0 1 1 0 1 0 0 0 0 0 0 0 1 0 0 0 0 0 0 0 0 
23 1 0 2 0 0 1 0 0 1 1 0 0 1 0 1 0 0 0 0 0 0 0 1 0 0 0 0 0 0 0 0 
22 1 1 2 0 1 0 0 0 0 0 0 1 0 2 2 0 0 0 0 0 0 0 0 0 0 0 0 0 0 0 0 
21 2 3 0 0 0 0 0 0 0 1 0 2 0 0 1 0 0 0 0 0 0 0 2 0 0 0 0 0 0 0 0 
22 0 1 2 1 0 1 1 0 0 0 0 0 1 0 2 0 0 0 0 0 0 0 1 0 0 0 0 0 0 0 0 
22 0 1 2 1 1 0 1 0 0 0 0 0 0 1 2 0 0 0 0 0 0 0 1 0 0 0 0 0 0 0 0 
21 0 0 3 0 1 1 0 0 0 1 1 0 0 0 0 1 1 0 0 0 0 0 2 0 0 0 0 0 0 0 0 
21 1 1 1 1 0 0 1 0 0 1 0 1 0 0 1 0 0 1 0 0 0 0 2 0 0 0 0 0 0 0 0 
20 1 1 3 0 1 0 0 0 0 0 0 2 0 0 1 1 0 2 0 0 0 0 0 0 0 0 0 0 0 0 0 
22 0 0 1 1 0 1 1 0 0 2 0 0 0 0 0 0 1 1 0 0 0 0 2 0 0 0 0 0 0 0 0 
22 1 0 2 0 1 0 0 0 0 2 0 1 0 0 0 1 0 1 0 0 0 0 1 0 0 0 0 0 0 0 0 
22 1 0 2 0 0 1 0 0 0 1 0 2 0 0 0 0 2 0 0 0 0 0 1 0 0 0 0 0 0 0 0 
21 0 0 2 1 1 0 1 0 0 0 2 0 0 0 0 1 1 0 0 0 0 0 2 0 0 0 0 0 0 0 0 
22 1 0 2 0 0 1 0 0 0 1 1 1 0 0 0 0 2 0 0 0 0 0 1 0 0 0 0 0 0 0 0 
22 1 1 0 1 0 0 1 0 0 0 1 1 0 0 1 0 2 0 0 0 0 0 1 0 0 0 0 0 0 0 0 
23 2 1 0 0 0 0 0 0 0 2 0 1 0 0 1 0 1 0 0 0 0 0 1 0 0 0 0 0 0 0 0 
21 1 1 3 0 1 0 0 0 0 0 0 1 0 0 1 2 0 1 0 0 0 0 0 0 0 0 0 0 0 0 0 
22 1 0 3 0 0 1 0 0 0 1 1 0 0 0 0 1 1 0 0 0 0 0 1 0 0 0 0 0 0 0 0 
21 2 1 2 0 0 0 0 0 0 1 0 2 0 0 1 0 0 0 0 0 0 0 2 0 0 0 0 0 0 0 0 
22 0 0 3 1 1 0 1 0 0 0 0 0 0 0 0 3 0 0 0 0 0 0 1 0 0 0 0 0 0 0 0 
22 0 0 3 1 0 1 1 0 0 0 0 0 0 0 0 2 1 0 0 0 0 0 1 0 0 0 0 0 0 0 0 
21 0 0 2 1 1 1 0 0 1 1 0 0 1 0 0 1 0 0 0 0 2 0 0 0 0 0 0 0 0 0 0 
21 1 2 0 1 0 0 1 0 0 1 0 1 1 0 0 0 1 0 0 0 2 0 0 0 0 0 0 0 0 0 0 
20 1 1 3 0 1 0 0 0 0 0 0 2 2 0 0 1 1 0 0 0 0 0 0 0 0 0 0 0 0 0 0 
22 0 0 0 2 0 1 1 0 0 2 0 0 2 0 0 0 0 0 0 0 2 0 0 0 0 0 0 0 0 0 0 
22 1 0 2 0 1 0 0 0 0 2 0 1 1 0 0 1 0 0 0 0 0 0 1 0 0 0 0 0 0 0 0 
22 1 1 0 1 0 1 0 0 0 1 0 2 1 0 0 1 0 0 0 0 0 0 1 0 0 0 0 0 0 0 0 
21 0 0 2 1 1 0 1 0 2 0 0 0 0 0 0 2 0 0 0 0 2 0 0 0 0 0 0 0 0 0 0 
22 1 0 1 1 0 1 0 0 1 1 0 1 1 0 0 1 0 0 0 0 0 0 1 0 0 0 0 0 0 0 0 
22 1 1 0 1 0 0 1 0 1 0 0 1 0 0 0 2 1 0 0 0 1 0 0 0 0 0 0 0 0 0 0 
21 2 1 2 0 0 0 0 0 1 1 0 1 1 0 0 0 1 0 0 0 0 0 1 0 0 0 0 0 0 0 0 
23 1 0 1 1 0 1 0 0 0 2 0 0 1 0 0 1 0 0 0 0 0 0 1 0 0 0 0 0 0 0 0 
22 1 1 2 0 1 0 0 0 0 0 0 1 0 0 0 3 1 0 0 0 0 0 0 0 0 0 0 0 0 0 0 
21 2 3 0 0 0 0 0 0 0 1 0 2 0 0 0 0 1 0 0 0 1 0 1 0 0 0 0 0 0 0 0 
22 0 1 1 2 0 1 1 0 0 0 0 0 1 0 0 2 0 0 0 0 1 0 0 0 0 0 0 0 0 0 0 
22 0 1 2 1 1 0 1 0 0 0 0 0 0 0 0 3 0 0 0 0 1 0 0 0 0 0 0 0 0 0 0 
22 0 0 1 1 0 2 0 0 1 1 0 0 0 1 0 1 0 0 0 2 0 0 0 0 0 0 0 0 0 0 0 
21 1 2 1 0 0 1 0 0 0 0 0 2 0 1 0 1 0 1 0 1 0 0 0 0 0 0 0 0 0 0 0 
21 1 1 1 1 0 0 1 0 0 1 0 1 0 2 0 0 0 1 0 1 0 0 0 0 0 0 0 0 0 0 0 
22 0 0 0 2 0 1 1 0 1 0 0 1 0 1 0 2 0 0 0 1 0 0 0 0 0 0 0 0 0 0 0 
21 1 1 2 0 0 1 0 0 0 0 0 2 0 1 0 2 0 1 0 0 0 0 0 0 0 0 0 0 0 0 0 
22 1 1 0 1 0 1 0 0 0 0 1 2 0 1 0 1 0 0 0 0 0 0 1 0 0 0 0 0 0 0 0 
22 0 0 1 1 0 1 1 0 2 0 0 0 0 0 0 2 0 0 0 2 0 0 0 0 0 0 0 0 0 0 0 
22 1 0 1 1 0 1 0 0 1 1 1 0 0 1 0 0 0 0 0 1 0 0 1 0 0 0 0 0 0 0 0 
22 1 0 1 1 0 0 1 0 0 2 1 0 0 1 0 0 0 0 0 1 0 0 1 0 0 0 0 0 0 0 0 
21 2 1 2 0 0 0 0 0 1 0 1 1 0 1 0 0 0 1 0 0 0 0 1 0 0 0 0 0 0 0 0 
21 1 1 2 1 0 1 0 0 0 0 0 1 0 1 0 1 1 1 0 0 0 0 0 0 0 0 0 0 0 0 0 
22 1 0 3 0 0 1 0 0 0 1 1 0 0 0 0 1 1 0 0 0 0 0 1 0 0 0 0 0 0 0 0 
21 2 3 0 0 0 0 0 0 0 0 1 2 0 0 0 0 0 1 0 1 0 0 1 0 0 0 0 0 0 0 0 
22 0 1 1 2 0 1 1 0 0 0 0 0 0 1 0 0 2 0 0 1 0 0 0 0 0 0 0 0 0 0 0 
22 0 1 2 1 0 1 1 0 0 0 0 0 0 0 0 1 2 0 0 1 0 0 0 0 0 0 0 0 0 0 0 
21 0 0 3 0 1 1 0 0 0 0 0 2 0 0 0 0 0 0 0 1 1 0 2 0 0 0 0 0 0 0 0 
21 1 1 1 1 0 1 0 0 0 0 0 2 0 0 0 0 0 0 1 0 1 0 2 0 0 0 0 0 0 0 0 
20 1 1 3 0 1 0 0 0 0 0 0 2 0 0 0 0 0 0 1 1 2 0 0 0 0 0 0 0 0 0 0 
22 0 0 1 1 0 2 0 0 0 0 0 2 0 0 0 0 0 0 0 0 2 0 2 0 0 0 0 0 0 0 0 
22 1 0 2 0 1 0 0 0 0 0 1 2 0 0 0 0 0 0 0 1 1 0 1 0 0 0 0 0 0 0 0 
22 1 0 2 0 0 1 0 0 0 0 1 2 0 0 0 0 0 0 0 1 1 0 1 0 0 0 0 0 0 0 0 
21 0 0 2 1 1 1 0 0 0 0 0 2 0 0 0 0 0 0 0 2 0 0 2 0 0 0 0 0 0 0 0 
22 1 0 2 0 0 1 0 0 0 0 1 2 0 0 0 0 0 0 0 1 1 0 1 0 0 0 0 0 0 0 0 
22 1 1 0 1 0 1 0 0 0 0 0 2 0 0 0 0 0 0 1 2 0 0 1 0 0 0 0 0 0 0 0 
23 2 1 0 0 0 0 0 0 0 0 1 2 0 0 0 0 0 0 1 1 0 0 1 0 0 0 0 0 0 0 0 
21 1 1 3 0 1 0 0 0 0 0 0 1 0 0 0 0 0 0 2 1 1 0 0 0 0 0 0 0 0 0 0 
22 1 0 3 0 0 1 0 0 0 0 1 1 0 0 0 0 0 0 1 0 1 0 1 0 0 0 0 0 0 0 0 
21 2 1 2 0 0 0 0 0 0 0 1 2 0 0 0 0 0 0 1 0 0 0 2 0 0 0 0 0 0 0 0 
22 0 0 3 1 1 1 0 0 0 0 0 0 0 0 0 0 0 0 2 1 0 0 1 0 0 0 0 0 0 0 0 
22 0 0 3 1 0 2 0 0 0 0 0 0 0 0 0 0 0 0 2 0 1 0 1 0 0 0 0 0 0 0 0 
21 0 0 2 1 1 0 1 0 1 0 1 0 1 0 0 0 0 2 1 0 0 0 0 0 0 0 0 0 0 0 0 
21 1 2 0 1 0 0 1 0 0 0 1 1 1 0 0 0 1 1 0 1 0 0 0 0 0 0 0 0 0 0 0 
20 1 1 3 0 1 0 0 0 0 0 1 1 2 0 0 0 0 0 1 1 0 0 0 0 0 0 0 0 0 0 0 
22 0 0 0 2 0 0 2 0 0 0 2 0 2 0 0 0 1 1 0 0 0 0 0 0 0 0 0 0 0 0 0 
22 1 0 2 0 1 0 0 0 0 0 2 1 1 0 0 0 0 0 1 0 0 0 1 0 0 0 0 0 0 0 0 
22 1 1 0 1 0 0 1 0 0 0 2 1 1 0 0 0 0 0 1 0 0 0 1 0 0 0 0 0 0 0 0 
21 0 0 2 1 1 0 1 0 2 0 0 0 0 0 0 0 1 1 2 0 0 0 0 0 0 0 0 0 0 0 0 
22 1 0 1 1 0 0 1 0 1 0 1 1 1 0 0 0 0 0 1 0 0 0 1 0 0 0 0 0 0 0 0 
22 1 1 0 1 0 0 1 0 1 0 0 1 0 0 0 0 1 0 2 1 0 0 0 0 0 0 0 0 0 0 0 
21 2 1 2 0 0 0 0 0 1 0 0 2 1 0 0 0 0 0 0 1 0 0 1 0 0 0 0 0 0 0 0 
21 1 2 1 1 0 0 1 0 0 0 0 1 1 0 0 0 0 1 0 2 0 0 0 0 0 0 0 0 0 0 0 
22 1 2 0 1 0 0 1 0 0 0 1 1 0 0 0 0 1 0 0 1 0 0 1 0 0 0 0 0 0 0 0 
23 2 1 0 0 0 0 0 0 0 0 1 2 0 0 0 0 0 0 1 1 0 0 1 0 0 0 0 0 0 0 0 
22 0 0 3 1 1 0 1 0 0 0 0 0 1 0 0 0 0 0 1 2 0 0 0 0 0 0 0 0 0 0 0 
22 0 1 2 1 1 0 1 0 0 0 0 0 0 0 0 0 1 0 1 2 0 0 0 0 0 0 0 0 0 0 0 
22 0 0 1 1 0 1 1 0 1 0 1 0 0 1 0 0 2 0 1 0 0 0 0 0 0 0 0 0 0 0 0 
21 1 2 1 0 0 1 0 0 0 1 0 1 0 1 0 0 1 0 1 0 1 0 0 0 0 0 0 0 0 0 0 
21 1 1 1 1 0 0 1 0 0 0 1 1 0 2 0 1 0 0 0 0 1 0 0 0 0 0 0 0 0 0 0 
22 0 0 0 2 0 0 2 0 1 1 0 0 0 1 0 1 0 0 2 0 0 0 0 0 0 0 0 0 0 0 0 
21 1 1 2 0 0 1 0 0 0 1 0 1 0 1 0 0 0 0 2 0 1 0 0 0 0 0 0 0 0 0 0 
22 1 1 0 1 0 0 1 0 0 2 0 1 0 1 0 0 0 0 1 0 0 0 1 0 0 0 0 0 0 0 0 
22 0 0 1 1 0 1 1 0 2 0 0 0 0 0 0 1 1 0 2 0 0 0 0 0 0 0 0 0 0 0 0 
22 1 0 1 1 0 0 1 0 1 0 1 1 0 1 0 0 1 0 0 0 0 0 1 0 0 0 0 0 0 0 0 
22 1 0 1 1 0 0 1 0 0 0 2 1 0 1 0 1 0 0 0 0 0 0 1 0 0 0 0 0 0 0 0 
21 2 1 2 0 0 0 0 0 1 0 0 2 0 1 0 0 0 0 0 0 1 0 1 0 0 0 0 0 0 0 0 
21 1 2 1 1 0 0 1 0 0 0 0 1 0 1 0 0 1 0 0 0 2 0 0 0 0 0 0 0 0 0 0 
22 1 2 0 1 0 0 1 0 0 1 0 1 0 0 0 1 0 0 0 0 1 0 1 0 0 0 0 0 0 0 0 
21 2 1 2 0 0 0 0 0 0 0 1 2 0 0 0 0 0 0 1 0 1 0 1 0 0 0 0 0 0 0 0 
22 0 0 3 1 0 1 1 0 0 0 0 0 0 1 0 0 0 0 1 0 2 0 0 0 0 0 0 0 0 0 0 
22 0 1 2 1 0 1 1 0 0 0 0 0 0 0 0 1 0 0 1 0 2 0 0 0 0 0 0 0 0 0 0 
22 0 0 0 2 0 1 1 0 0 1 1 0 0 0 2 1 0 0 1 0 0 0 0 0 0 0 0 0 0 0 0 
21 1 2 0 1 0 1 0 0 0 1 0 1 0 0 1 1 0 0 1 0 0 0 1 0 0 0 0 0 0 0 0 
21 1 1 1 1 0 0 1 0 0 0 1 1 0 0 1 2 0 0 0 0 0 0 1 0 0 0 0 0 0 0 0 
22 0 0 0 2 0 0 2 0 0 2 0 0 0 0 1 1 0 0 2 0 0 0 0 0 0 0 0 0 0 0 0 
21 1 1 1 1 0 1 0 0 0 1 0 1 0 0 0 1 0 0 2 0 0 0 1 0 0 0 0 0 0 0 0 
22 1 1 0 1 0 0 1 0 0 2 0 1 0 0 0 1 0 0 1 0 0 0 1 0 0 0 0 0 0 0 0 
22 0 0 0 2 0 1 1 0 0 2 0 0 0 0 2 0 0 0 2 0 0 0 0 0 0 0 0 0 0 0 0 
22 1 0 1 1 0 0 1 0 0 1 1 1 0 0 1 1 0 0 0 0 0 0 1 0 0 0 0 0 0 0 0 
22 1 0 1 1 0 0 1 0 0 0 2 1 0 0 1 1 0 0 0 0 0 0 1 0 0 0 0 0 0 0 0 
21 2 3 0 0 0 0 0 0 0 1 0 2 0 0 1 0 0 0 0 0 0 0 2 0 0 0 0 0 0 0 0 
21 1 2 1 1 0 0 1 0 0 0 0 1 0 0 1 1 0 0 0 0 0 0 2 0 0 0 0 0 0 0 0 
22 1 0 2 1 0 0 1 0 0 1 0 1 0 0 0 1 0 0 0 0 0 0 2 0 0 0 0 0 0 0 0 
21 2 1 2 0 0 0 0 0 0 0 1 2 0 0 0 0 0 0 1 0 0 0 2 0 0 0 0 0 0 0 0 
22 0 1 1 2 0 1 1 0 0 0 0 0 0 0 1 0 0 0 1 0 0 0 2 0 0 0 0 0 0 0 0 
22 0 0 2 2 0 1 1 0 0 0 0 0 0 0 0 1 0 0 1 0 0 0 2 0 0 0 0 0 0 0 0 
22 0 0 3 1 0 2 0 0 0 0 0 0 2 0 1 1 0 0 0 0 0 0 0 0 0 0 0 0 0 0 0 
22 0 0 3 1 1 0 1 0 0 0 0 0 1 1 1 0 0 0 0 1 0 0 0 0 0 0 0 0 0 0 0 
22 0 0 2 2 0 1 1 0 0 0 0 0 0 2 0 0 1 0 0 0 1 0 0 0 0 0 0 0 0 0 0 
22 0 0 4 0 1 1 0 0 0 0 0 0 1 1 2 0 0 0 0 0 0 0 0 0 0 0 0 0 0 0 0 
22 0 1 2 1 1 0 1 0 0 0 0 0 0 0 1 2 0 0 0 0 0 0 1 0 0 0 0 0 0 0 0 
22 0 0 3 1 0 1 1 0 0 0 0 0 0 0 0 2 1 0 0 0 0 0 1 0 0 0 0 0 0 0 0 
22 0 0 3 1 1 1 0 0 0 0 0 0 1 0 0 3 0 0 0 0 0 0 0 0 0 0 0 0 0 0 0 
22 0 1 1 2 0 1 1 0 0 0 0 0 0 1 0 1 1 0 0 0 1 0 0 0 0 0 0 0 0 0 0 
22 0 1 2 1 0 1 1 0 0 0 0 0 0 0 0 1 2 0 0 1 0 0 0 0 0 0 0 0 0 0 0 
22 0 0 4 0 1 1 0 0 0 0 0 0 0 0 0 0 0 0 2 1 1 0 0 0 0 0 0 0 0 0 0 
22 0 0 2 2 0 1 1 0 0 0 0 0 1 0 0 0 0 0 1 1 0 0 1 0 0 0 0 0 0 0 0 
22 0 1 2 1 1 0 1 0 0 0 0 0 0 0 0 0 1 0 1 2 0 0 0 0 0 0 0 0 0 0 0 
22 0 1 1 2 0 0 2 0 0 0 0 0 0 1 0 1 0 0 0 0 2 0 0 0 0 0 0 0 0 0 0 
22 0 1 2 1 0 1 1 0 0 0 0 0 0 0 1 0 0 0 1 0 1 0 1 0 0 0 0 0 0 0 0 
22 0 0 2 2 0 1 1 0 0 0 0 0 0 0 0 1 0 0 1 0 0 0 2 0 0 0 0 0 0 0 0 
22 0 0 1 1 0 1 1 0 1 1 0 0 2 0 0 0 0 0 0 0 0 0 1 0 0 0 0 0 0 0 0 
21 0 0 2 0 1 1 0 1 1 0 1 0 1 0 0 0 0 2 1 0 0 0 0 0 0 0 0 0 0 0 0 
22 0 0 1 1 0 1 1 0 1 1 0 0 0 0 1 0 1 0 2 0 0 0 0 0 0 0 0 0 0 0 0 
21 0 0 3 0 0 2 0 0 2 0 0 0 0 0 0 2 0 0 0 1 0 0 0 0 0 0 0 0 0 0 0 
21 0 0 2 0 1 1 0 1 1 0 1 0 0 1 1 1 0 0 0 0 0 0 1 0 0 0 0 0 0 0 0 
22 0 0 0 1 1 0 1 1 0 1 1 0 0 2 0 0 1 0 0 1 0 0 0 0 0 0 0 0 0 0 0 
21 0 0 3 0 0 2 0 0 2 0 0 0 1 1 0 0 0 0 0 0 0 0 2 0 0 0 0 0 0 0 0 
21 1 2 0 1 0 0 1 0 0 1 0 1 1 0 1 0 0 0 0 0 0 0 1 0 0 0 0 0 0 0 0 
20 1 2 2 0 0 1 0 0 1 0 0 1 0 0 0 1 1 0 0 0 0 0 0 0 0 0 0 0 0 0 0 
22 0 0 1 1 0 1 1 0 1 1 0 0 0 1 0 1 0 0 0 2 0 0 0 0 0 0 0 0 0 0 0 
21 1 2 0 0 1 0 0 1 0 0 1 1 1 0 0 0 0 2 0 1 0 0 0 0 0 0 0 0 0 0 0 
20 1 2 2 0 0 1 0 0 1 0 0 1 0 0 0 0 0 2 1 1 0 0 0 0 0 0 0 0 0 0 0 
22 0 0 1 0 1 1 0 1 1 0 1 0 0 1 0 0 2 0 1 0 0 0 0 0 0 0 0 0 0 0 0 
21 1 2 0 1 0 0 1 0 0 1 0 1 0 0 1 0 1 0 1 0 0 0 0 0 0 0 0 0 0 0 0 
21 1 2 0 0 1 0 0 1 0 0 1 1 0 0 2 1 0 0 0 0 0 0 1 0 0 0 0 0 0 0 0 
22 0 0 1 1 0 1 1 0 0 2 0 0 0 0 0 0 2 0 0 0 0 0 1 0 0 0 0 0 0 0 0 
21 0 0 2 1 0 1 1 0 0 0 2 0 2 0 0 0 1 0 1 0 0 0 0 0 0 0 0 0 0 0 0 
22 0 0 1 1 0 1 1 0 0 2 0 0 1 0 1 0 0 0 2 0 0 0 0 0 0 0 0 0 0 0 0 
21 0 0 3 0 0 2 0 0 0 1 1 0 0 2 0 0 0 0 0 1 0 0 0 0 0 0 0 0 0 0 0 
22 0 0 0 2 0 0 2 0 0 1 1 0 0 1 1 1 0 0 0 1 0 0 0 0 0 0 0 0 0 0 0 
21 0 0 2 1 0 1 1 0 0 0 2 0 1 0 0 2 0 0 0 0 0 0 1 0 0 0 0 0 0 0 0 
22 0 0 1 1 0 1 1 0 0 2 0 0 0 1 0 1 0 0 0 2 0 0 0 0 0 0 0 0 0 0 0 
21 1 1 1 1 0 0 1 0 0 1 0 1 1 0 0 0 1 0 0 1 0 0 0 0 0 0 0 0 0 0 0 
20 1 1 3 0 0 1 0 0 0 0 1 1 1 1 0 0 0 0 0 0 0 0 0 0 0 0 0 0 0 0 0 
21 0 0 3 0 0 2 0 0 0 1 1 0 0 0 0 1 1 0 0 0 0 0 2 0 0 0 0 0 0 0 0 
21 1 1 1 1 0 0 1 0 0 0 1 1 1 0 1 0 1 0 0 0 0 0 1 0 0 0 0 0 0 0 0 
20 1 1 3 0 0 1 0 0 0 0 1 1 2 0 0 0 0 0 1 1 0 0 0 0 0 0 0 0 0 0 0 
22 0 0 1 1 0 1 1 0 0 1 1 0 2 0 0 1 0 0 1 0 0 0 0 0 0 0 0 0 0 0 0 
21 1 1 1 1 0 0 1 0 0 1 0 1 1 0 1 0 0 0 1 0 0 0 0 0 0 0 0 0 0 0 0 
21 1 1 1 1 0 0 1 0 0 0 1 1 0 1 2 0 0 0 0 0 0 0 1 0 0 0 0 0 0 0 0 
22 0 0 0 1 1 0 1 1 0 2 0 0 1 0 0 0 0 1 0 0 0 0 0 0 0 0 0 0 0 0 0 
21 0 0 3 0 0 2 0 0 0 0 0 2 1 0 0 1 0 0 0 0 0 0 1 0 0 0 0 0 0 0 0 
22 0 0 1 0 1 1 0 1 0 1 0 1 1 0 0 2 0 1 0 0 0 0 0 0 0 0 0 0 0 0 0 
21 0 0 3 0 0 2 0 0 0 0 0 2 0 2 0 0 1 1 0 0 0 0 0 0 0 0 0 0 0 0 0 
22 0 0 0 1 1 0 1 1 0 2 0 0 0 1 0 0 1 1 0 1 0 0 0 0 0 0 0 0 0 0 0 
21 0 0 2 1 0 1 1 0 0 1 0 1 1 0 0 0 0 0 0 2 0 0 1 0 0 0 0 0 0 0 0 
22 0 0 1 0 1 1 0 1 0 1 0 1 0 1 0 0 2 0 0 1 0 0 0 0 0 0 0 0 0 0 0 
21 1 1 1 0 1 0 0 1 0 1 0 1 1 0 0 0 1 1 0 0 0 0 0 0 0 0 0 0 0 0 0 
20 1 1 3 0 0 1 0 0 0 0 0 2 1 1 0 0 0 2 0 0 0 0 0 0 0 0 0 0 0 0 0 
21 0 0 2 1 0 1 1 0 0 1 0 1 2 0 0 1 0 0 0 0 0 0 0 0 0 0 0 0 0 0 0 
21 1 1 2 0 0 1 0 0 0 0 0 2 2 0 0 1 1 0 0 0 0 0 0 0 0 0 0 0 0 0 0 
21 1 1 1 1 0 0 1 0 0 1 0 1 2 0 0 0 0 1 0 1 0 0 0 0 0 0 0 0 0 0 0 
21 0 0 3 0 0 2 0 0 0 0 0 2 0 0 0 0 0 0 0 1 0 0 2 0 0 0 0 0 0 0 0 
21 1 1 1 0 1 0 0 1 0 1 0 1 0 0 0 1 0 2 0 0 0 0 1 0 0 0 0 0 0 0 0 
21 1 1 1 1 0 0 1 0 0 1 0 1 0 1 0 0 0 2 0 0 0 0 1 0 0 0 0 0 0 0 0 
22 0 0 0 1 1 0 1 1 1 1 0 0 1 0 0 0 0 1 0 0 0 2 0 0 0 0 0 0 0 0 0 
21 0 0 2 1 0 1 1 0 0 0 0 2 1 1 0 0 0 0 0 0 0 1 0 0 0 0 0 0 0 0 0 
22 0 0 0 1 1 0 1 1 0 1 0 1 0 2 1 0 0 1 0 0 0 0 0 0 0 0 0 0 0 0 0 
21 0 0 2 1 0 1 1 0 0 0 0 2 0 0 1 2 0 1 0 0 0 0 0 0 0 0 0 0 0 0 0 
22 0 0 0 1 1 0 1 1 1 1 0 0 0 0 1 1 0 1 0 1 0 0 0 0 0 0 0 0 0 0 0 
21 0 0 2 1 0 1 1 0 1 0 0 1 0 0 1 0 0 0 0 2 0 0 0 0 0 0 0 0 0 0 0 
22 0 0 0 1 1 0 1 1 0 1 0 1 0 0 2 1 0 0 0 1 0 0 0 0 0 0 0 0 0 0 0 
21 1 1 1 1 0 0 1 0 1 0 0 1 2 0 1 0 0 0 0 0 0 1 0 0 0 0 0 0 0 0 0 
20 1 1 3 0 0 1 0 0 0 0 0 2 2 1 1 0 0 0 0 0 0 0 0 0 0 0 0 0 0 0 0 
21 0 0 2 0 1 1 0 1 0 1 0 1 0 0 0 1 0 2 0 0 0 1 0 0 0 0 0 0 0 0 0 
21 1 1 1 1 0 0 1 0 0 0 0 2 0 1 2 0 0 1 0 0 0 0 0 0 0 0 0 0 0 0 0 
21 1 1 1 1 0 0 1 0 1 0 0 1 0 0 2 0 0 1 0 1 0 0 0 0 0 0 0 0 0 0 0 
21 0 0 2 1 0 1 1 0 0 0 0 2 0 0 0 0 0 0 0 1 0 1 0 0 0 0 0 0 0 0 0 
21 1 1 1 0 1 0 0 1 0 1 0 1 0 1 0 0 0 2 0 0 0 0 0 0 0 0 0 0 0 0 0 
21 1 1 1 1 0 0 1 0 1 0 0 1 0 0 0 1 0 2 0 0 0 0 0 0 0 0 0 0 0 0 0 
22 0 0 1 1 0 1 1 0 1 1 0 0 2 0 0 0 0 0 0 0 1 0 1 0 0 0 0 0 0 0 0 
22 0 0 0 1 1 0 1 1 0 1 1 0 1 0 0 0 1 1 0 0 1 0 0 0 0 0 0 0 0 0 0 
22 0 0 1 1 0 1 1 0 0 1 1 1 0 0 0 0 2 0 0 0 0 0 1 0 0 0 0 0 0 0 0 
22 0 0 0 1 1 0 1 1 0 2 0 1 0 0 0 0 0 1 0 0 0 0 0 0 0 0 0 0 0 0 0 
22 0 0 1 1 0 1 1 0 1 0 0 2 0 0 0 0 0 0 0 0 0 1 1 0 0 0 0 0 0 0 0 
22 0 0 0 1 1 0 1 1 0 1 0 1 0 0 0 0 0 1 0 0 0 2 0 0 0 0 0 0 0 0 0 
22 0 0 0 1 1 0 1 1 0 2 0 0 0 0 0 0 1 1 0 0 0 0 0 0 0 0 0 0 0 0 0 
23 1 0 1 0 0 1 0 0 2 1 0 0 1 0 0 0 0 0 0 0 0 0 1 0 0 0 0 0 0 0 0 
23 1 0 0 1 0 0 1 0 2 1 0 1 0 0 0 0 0 0 0 0 0 1 0 0 0 0 0 0 0 0 0 
22 0 0 1 0 1 1 0 1 0 2 0 0 0 0 0 0 1 1 0 0 0 1 1 0 0 0 0 0 0 0 0 
23 1 0 0 1 0 0 1 0 0 3 0 0 1 0 0 0 0 0 0 0 0 0 0 0 0 0 0 0 0 0 0 
23 1 0 0 1 0 0 1 0 0 3 0 0 1 0 0 0 0 0 0 0 0 0 0 0 0 0 0 0 0 0 0 
22 0 0 1 1 0 1 1 0 0 0 0 2 0 0 0 0 0 0 0 0 0 1 1 0 0 0 0 0 0 0 0 
23 1 0 0 0 1 0 0 1 0 0 2 1 1 0 0 0 0 1 0 0 0 0 0 0 0 0 0 0 0 0 0 
23 1 0 0 1 0 0 1 0 0 0 2 1 1 0 0 0 1 0 0 0 0 0 0 0 0 0 0 0 0 0 0 
21 0 0 3 0 0 2 0 0 0 1 1 1 1 0 0 0 0 0 2 0 0 0 0 0 0 0 0 0 0 0 0 
21 0 0 2 1 0 1 1 0 0 1 0 2 0 0 1 1 0 0 1 0 0 0 0 0 0 0 0 0 0 0 0 
22 0 0 1 0 1 1 0 1 0 1 0 1 1 0 0 2 0 1 0 0 0 0 0 0 0 0 0 0 0 0 0 
21 0 0 2 1 0 1 1 0 0 0 0 3 0 2 1 0 0 0 0 0 0 0 0 0 0 0 0 0 0 0 0 
22 0 0 1 0 1 1 0 1 0 1 0 1 2 1 0 0 0 1 0 0 0 0 0 0 0 0 0 0 0 0 0 
22 0 0 0 1 1 0 1 1 0 0 1 1 2 0 1 0 0 1 0 0 0 0 0 0 0 0 0 0 0 0 0 
21 0 0 3 0 0 2 0 0 0 0 0 3 2 1 0 0 0 0 0 0 0 0 0 0 0 0 0 0 0 0 0 
21 1 1 2 0 0 1 0 0 0 1 0 2 1 0 0 1 0 0 0 0 0 0 0 0 0 0 0 0 0 0 0 
22 1 1 0 1 0 0 1 0 0 1 0 2 1 0 1 0 0 0 0 0 0 0 0 0 0 0 0 0 0 0 0 
22 0 0 1 1 0 1 1 0 0 0 0 2 1 1 1 1 0 0 0 0 0 0 0 0 0 0 0 0 0 0 0 
21 1 1 2 0 0 1 0 0 0 0 2 1 1 0 0 0 0 0 1 0 0 0 0 0 0 0 0 0 0 0 0 
22 1 1 0 0 1 0 0 1 0 0 2 1 1 0 0 0 0 1 0 0 0 0 0 0 0 0 0 0 0 0 0 
22 0 0 1 0 1 1 0 1 0 2 0 0 1 1 0 0 0 1 1 0 0 0 0 0 0 0 0 0 0 0 0 
22 1 1 0 1 0 0 1 0 0 2 0 1 0 0 1 0 0 0 1 0 0 0 0 0 0 0 0 0 0 0 0 
22 1 1 0 0 1 0 0 1 0 2 0 1 0 0 0 1 0 1 0 0 0 0 0 0 0 0 0 0 0 0 0 
21 0 0 3 0 0 2 0 0 2 0 0 0 0 0 0 0 1 1 2 0 0 0 0 0 0 0 0 0 0 0 0 
22 0 0 1 1 0 1 1 0 0 1 0 1 0 1 1 0 1 0 1 0 0 0 0 0 0 0 0 0 0 0 0 
21 0 0 2 1 0 1 1 0 0 1 0 1 0 2 0 0 0 2 0 0 0 0 0 0 0 0 0 0 0 0 0 
21 0 0 2 1 0 1 1 0 0 0 0 2 0 0 1 2 0 1 0 0 0 0 0 0 0 0 0 0 0 0 0 
22 0 0 0 2 0 0 2 0 1 0 0 1 0 0 1 1 1 1 0 0 0 0 0 0 0 0 0 0 0 0 0 
22 0 0 1 1 0 1 1 0 1 0 0 1 0 0 0 0 3 1 0 0 0 0 0 0 0 0 0 0 0 0 0 
22 0 0 1 1 0 1 1 0 0 0 0 2 0 1 1 1 1 0 0 0 0 0 0 0 0 0 0 0 0 0 0 
21 1 0 3 0 0 1 0 0 1 0 0 2 0 1 0 0 0 1 0 0 0 0 0 0 0 0 0 0 0 0 0 
22 1 0 1 1 0 0 1 0 1 0 0 2 0 0 1 0 1 0 0 0 0 0 0 0 0 0 0 0 0 0 0 
21 0 0 3 0 0 2 0 0 0 0 0 2 0 0 0 1 2 1 0 0 0 0 0 0 0 0 0 0 0 0 0 
21 1 0 3 0 0 1 0 0 1 1 0 1 0 0 0 0 0 1 1 0 0 0 0 0 0 0 0 0 0 0 0 
22 1 0 1 1 0 0 1 0 2 0 0 1 0 0 0 0 1 1 0 0 0 0 0 0 0 0 0 0 0 0 0 
22 0 0 1 1 0 1 1 0 2 0 0 0 0 0 0 1 1 1 1 0 0 0 0 0 0 0 0 0 0 0 0 
22 1 0 1 1 0 0 1 0 1 1 0 1 0 0 1 0 0 0 1 0 0 0 0 0 0 0 0 0 0 0 0 
22 1 0 1 1 0 0 1 0 0 2 0 1 0 1 0 0 0 1 0 0 0 0 0 0 0 0 0 0 0 0 0 
21 0 0 3 0 0 2 0 0 2 0 0 0 0 0 0 2 0 0 0 1 1 0 0 0 0 0 0 0 0 0 0 
22 0 0 1 0 1 1 0 1 0 1 1 0 0 1 1 1 0 0 0 1 0 0 0 0 0 0 0 0 0 0 0 
21 0 0 2 1 0 1 1 0 0 0 2 0 0 2 1 0 0 0 0 0 1 0 0 0 0 0 0 0 0 0 0 
22 0 0 0 1 1 0 1 1 1 1 0 0 0 0 2 0 0 0 0 2 0 0 0 0 0 0 0 0 0 0 0 
21 0 0 2 0 1 1 0 1 0 0 1 1 0 0 1 0 0 0 0 1 0 0 0 0 0 0 0 0 0 0 0 
22 0 0 1 1 0 1 1 0 1 0 0 1 0 0 1 0 0 0 0 1 0 0 0 0 0 0 0 0 0 0 0 
22 0 0 1 0 1 1 0 1 0 2 0 0 0 1 1 0 0 0 0 2 0 0 0 0 0 0 0 0 0 0 0 
21 1 0 3 0 0 1 0 0 1 1 1 0 0 1 0 0 0 0 0 0 0 0 0 0 0 0 0 0 0 0 0 
22 1 0 1 0 1 0 0 1 1 0 2 0 0 0 1 0 0 0 0 0 0 0 0 0 0 0 0 0 0 0 0 
21 0 0 2 1 0 1 1 0 2 0 0 0 0 0 1 1 0 0 0 0 0 0 0 0 0 0 0 0 0 0 0 
22 1 0 2 0 0 1 0 0 2 1 0 0 0 0 0 1 0 0 0 1 0 0 0 0 0 0 0 0 0 0 0 
22 1 0 1 1 0 0 1 0 2 0 1 0 0 0 1 0 0 0 0 1 0 0 0 0 0 0 0 0 0 0 0 
21 0 0 3 0 0 2 0 0 0 0 0 2 0 0 0 0 0 0 0 2 0 0 0 0 0 0 0 0 0 0 0 
22 1 0 1 0 1 0 0 1 0 0 2 1 0 0 1 1 0 0 0 0 0 0 0 0 0 0 0 0 0 0 0 
22 1 0 1 1 0 0 1 0 0 0 2 1 0 1 1 0 0 0 0 0 0 0 0 0 0 0 0 0 0 0 0 
21 0 0 2 1 0 1 1 0 1 1 0 0 0 2 0 0 0 0 0 1 0 0 1 0 0 0 0 0 0 0 0 
22 0 0 0 1 1 0 1 1 0 1 1 0 0 1 0 1 1 0 0 1 0 0 0 0 0 0 0 0 0 0 0 
21 0 0 2 1 0 1 1 0 0 0 2 0 1 0 0 2 0 0 0 0 0 0 1 0 0 0 0 0 0 0 0 
22 0 0 0 1 1 0 1 1 0 2 0 0 1 0 0 0 1 0 0 2 0 0 0 0 0 0 0 0 0 0 0 
21 0 0 2 1 0 1 1 0 1 0 0 1 1 0 0 0 0 0 0 1 0 1 1 0 0 0 0 0 0 0 0 
22 0 0 0 1 1 0 1 1 0 0 1 1 0 0 0 0 1 0 0 1 0 2 0 0 0 0 0 0 0 0 0 
22 0 0 0 1 1 0 1 1 0 2 0 0 0 0 0 1 1 0 0 2 0 0 0 0 0 0 0 0 0 0 0 
21 1 0 3 0 0 1 0 0 2 1 0 0 0 1 0 0 0 0 0 0 0 0 1 0 0 0 0 0 0 0 0 
22 1 0 1 1 0 0 1 0 2 1 0 0 1 0 0 0 0 0 0 0 0 1 0 0 0 0 0 0 0 0 0 
21 0 0 2 0 1 1 0 1 0 0 2 0 0 0 0 1 1 0 0 0 0 1 1 0 0 0 0 0 0 0 0 
22 1 0 1 1 0 0 1 0 0 2 1 0 0 1 0 0 0 0 0 1 0 0 0 0 0 0 0 0 0 0 0 
22 1 0 1 1 0 0 1 0 0 2 1 0 1 0 0 0 0 0 0 1 0 0 0 0 0 0 0 0 0 0 0 
21 0 0 2 1 0 1 1 0 0 0 0 2 0 0 0 0 0 0 0 2 0 1 1 0 0 0 0 0 0 0 0 
22 1 0 1 0 1 0 0 1 0 0 2 1 0 1 0 0 1 0 0 0 0 0 0 0 0 0 0 0 0 0 0 
22 1 0 1 1 0 0 1 0 0 0 2 1 1 0 0 1 0 0 0 0 0 0 0 0 0 0 0 0 0 0 0 
22 0 0 1 1 0 1 1 0 0 0 0 2 3 0 1 0 0 0 0 0 0 0 0 0 0 0 0 0 0 0 0 
22 0 0 0 1 1 0 1 1 0 0 1 1 1 0 1 0 1 1 0 0 0 0 0 0 0 0 0 0 0 0 0 
22 0 0 1 1 0 1 1 0 1 0 0 1 0 0 0 0 3 1 0 0 0 0 0 0 0 0 0 0 0 0 0 
22 0 0 0 1 1 0 1 1 1 0 1 0 0 0 2 0 0 0 0 0 0 0 0 0 0 0 0 0 0 0 0 
22 0 0 1 1 0 1 1 0 1 0 0 1 1 0 0 0 0 0 0 1 0 1 0 0 0 0 0 0 0 0 0 
22 0 0 0 1 1 0 1 1 0 0 1 1 0 0 0 0 1 0 0 1 0 2 0 0 0 0 0 0 0 0 0 
22 0 0 0 1 1 0 1 1 0 0 1 1 0 0 2 0 1 0 0 0 0 0 0 0 0 0 0 0 0 0 0 
22 1 1 1 0 0 1 0 0 0 0 0 2 3 0 1 0 0 0 0 0 0 0 0 0 0 0 0 0 0 0 0 
22 1 1 0 1 0 0 1 0 1 0 0 1 2 0 1 0 0 0 0 0 0 1 0 0 0 0 0 0 0 0 0 
22 0 0 1 0 1 1 0 1 0 0 1 1 0 0 0 0 3 0 0 0 0 1 0 0 0 0 0 0 0 0 0 
22 1 1 0 1 0 0 1 0 0 0 0 2 1 0 2 0 1 0 0 0 0 0 0 0 0 0 0 0 0 0 0 
22 1 1 0 1 0 0 1 0 1 0 0 1 0 0 2 0 1 0 0 0 0 0 0 0 0 0 0 0 0 0 0 
22 0 0 1 1 0 1 1 0 0 0 0 2 0 0 0 0 0 0 0 2 0 1 0 0 0 0 0 0 0 0 0 
22 1 1 0 0 1 0 0 1 0 0 1 1 1 0 0 0 0 2 0 1 0 0 0 0 0 0 0 0 0 0 0 
22 1 1 0 1 0 0 1 0 1 0 0 1 0 0 0 0 1 2 0 1 0 0 0 0 0 0 0 0 0 0 0 
22 0 0 1 1 0 1 1 0 0 2 0 0 0 1 0 1 0 0 0 2 0 0 0 0 0 0 0 0 0 0 0 
21 1 1 2 0 0 1 0 0 0 0 0 3 0 1 0 0 1 0 0 1 0 0 0 0 0 0 0 0 0 0 0 
21 1 1 1 0 1 0 0 1 0 1 0 2 0 0 0 0 2 0 0 1 0 0 0 0 0 0 0 0 0 0 0 
22 0 0 0 1 1 0 1 1 0 1 0 1 0 0 2 1 0 0 0 1 0 0 0 0 0 0 0 0 0 0 0 
21 1 1 2 0 0 1 0 0 0 0 0 3 0 1 1 0 1 0 0 0 0 0 0 0 0 0 0 0 0 0 0 
22 1 0 1 1 0 0 1 0 1 0 0 2 0 0 1 1 0 0 0 0 0 0 0 0 0 0 0 0 0 0 0 
22 0 0 1 0 1 1 0 1 0 2 0 0 0 1 1 0 0 0 0 2 0 0 0 0 0 0 0 0 0 0 0 
22 1 0 1 1 0 0 1 0 1 2 0 0 0 0 0 1 0 0 0 1 0 0 0 0 0 0 0 0 0 0 0 
22 1 0 1 0 1 0 0 1 1 2 0 0 0 0 0 0 1 0 0 1 0 0 0 0 0 0 0 0 0 0 0 
21 2 1 2 0 0 0 0 0 1 1 0 2 0 0 1 0 0 0 0 0 0 0 0 0 0 0 0 0 0 0 0 
21 1 1 3 0 0 1 0 0 0 0 0 1 2 1 0 0 1 0 0 0 0 0 0 0 0 0 0 0 0 0 0 
22 1 0 2 1 0 0 1 0 1 1 0 0 1 0 0 1 0 0 0 0 0 0 0 0 0 0 0 0 0 0 0 
21 2 1 2 0 0 0 0 0 1 0 0 2 1 0 0 0 0 0 0 1 0 0 0 0 0 0 0 0 0 0 0 
22 0 0 3 0 1 1 0 1 0 0 0 0 2 1 0 0 0 0 0 1 0 0 0 0 0 0 0 0 0 0 0 
22 0 0 2 1 1 0 1 1 0 0 0 0 2 0 0 1 0 0 0 1 0 0 0 0 0 0 0 0 0 0 0 
21 0 0 2 1 0 1 1 0 0 1 1 0 0 1 0 0 1 0 0 0 0 0 0 0 0 0 0 0 0 0 0 
21 1 1 1 0 1 0 0 1 0 1 0 1 1 0 0 0 0 1 0 0 0 0 0 0 0 0 0 0 0 0 0 
20 1 1 3 0 0 1 0 0 0 0 0 2 1 1 0 0 0 2 0 0 0 0 0 0 0 0 0 0 0 0 0 
22 0 0 0 1 1 0 1 1 0 2 0 0 0 0 0 0 1 1 0 0 0 0 0 0 0 0 0 0 0 0 0 
22 1 0 2 0 0 1 0 0 1 1 0 1 0 1 0 0 0 1 0 0 0 0 1 0 0 0 0 0 0 0 0 
22 1 0 1 1 0 0 1 0 1 0 0 2 0 0 1 0 1 0 0 0 0 0 1 0 0 0 0 0 0 0 0 
21 0 0 2 0 1 1 0 1 0 0 2 0 0 1 1 0 0 0 0 0 0 0 0 0 0 0 0 0 0 0 0 
22 1 0 1 1 0 0 1 0 1 0 1 1 0 0 1 0 1 0 0 0 0 0 1 0 0 0 0 0 0 0 0 
22 1 1 0 0 1 0 0 1 0 0 1 1 1 0 2 0 0 0 0 0 0 0 0 0 0 0 0 0 0 0 0 
23 2 1 0 0 0 0 0 0 1 1 0 1 1 0 1 0 0 0 0 0 0 0 1 0 0 0 0 0 0 0 0 
21 1 1 3 0 0 1 0 0 0 0 0 1 1 2 0 0 0 1 0 0 0 0 0 0 0 0 0 0 0 0 0 
22 1 0 2 1 0 0 1 0 1 0 1 0 0 1 0 0 1 0 0 0 0 0 1 0 0 0 0 0 0 0 0 
21 2 1 2 0 0 0 0 0 1 0 0 2 1 0 0 0 0 0 0 0 0 0 1 0 0 0 0 0 0 0 0 
22 0 0 3 0 1 1 0 1 0 0 0 0 0 3 0 0 0 0 0 0 0 0 0 0 0 0 0 0 0 0 0 
22 0 0 2 1 1 0 1 1 0 0 0 0 0 2 0 0 1 0 0 0 0 0 0 0 0 0 0 0 0 0 0 
21 0 0 3 0 0 2 0 0 2 0 0 0 1 1 0 0 0 0 0 0 0 0 2 0 0 0 0 0 0 0 0 
21 1 2 0 1 0 0 1 0 1 0 0 1 1 0 1 0 0 0 0 0 0 1 1 0 0 0 0 0 0 0 0 
20 1 1 3 0 0 1 0 0 0 0 0 2 2 1 1 0 0 0 0 0 0 0 0 0 0 0 0 0 0 0 0 
22 0 0 1 1 0 1 1 0 2 0 0 0 2 0 0 0 0 0 0 0 0 1 1 0 0 0 0 0 0 0 0 
22 1 0 2 0 0 1 0 0 1 1 0 1 1 1 0 0 0 0 0 0 0 0 1 0 0 0 0 0 0 0 0 
