739 0 89 0 59 26 0 0 0 0 0 0 0 0 0 0 82 0 0 0 0 0 0 0 0 0 0 0 0 0 0 0 
382 0 46 0 43 0 0 0 0 0 0 0 0 0 0 0 10 0 0 0 0 0 0 0 0 0 0 0 0 0 0 0 
895 0 159 0 0 26 0 0 0 0 0 0 0 0 0 0 37 0 0 0 0 0 0 0 0 0 0 0 0 0 0 0 
657 0 66 0 0 69 0 0 0 0 0 0 0 0 0 0 55 0 0 0 0 0 0 0 0 0 0 0 0 0 0 0 
636 0 132 0 0 66 0 0 0 0 0 0 0 0 0 0 0 0 0 0 0 0 0 0 0 0 0 0 0 0 0 0 
763 0 147 0 75 33 0 0 0 0 0 0 0 0 0 0 51 0 0 0 0 0 0 0 0 0 0 0 0 0 0 0 
767 0 106 0 11 118 0 0 0 0 0 0 0 0 0 0 45 0 0 0 0 0 0 0 0 0 0 0 0 0 0 0 
606 0 126 0 0 22 0 0 0 0 0 0 0 0 0 30 17 0 0 0 0 0 0 0 0 0 0 0 0 0 0 0 
933 0 152 13 18 143 62 0 0 0 0 0 0 0 0 21 27 0 0 0 0 0 0 0 0 0 0 0 0 0 0 0 
671 255 0 51 0 0 43 0 0 0 0 0 0 0 0 58 0 0 0 0 0 0 0 0 0 0 0 0 0 0 0 0 
645 77 29 76 0 0 33 0 0 0 0 0 0 0 0 0 0 0 0 0 0 0 0 0 0 0 0 0 0 0 0 0 
1173 455 90 50 53 74 26 0 49 0 0 0 0 0 0 0 17 35 0 0 0 0 0 0 0 0 0 0 0 0 0 0 
962 303 0 100 23 13 0 11 27 0 0 0 0 0 0 0 0 44 0 0 0 0 0 0 0 0 0 0 0 0 0 0 
676 181 0 140 0 0 0 0 20 0 0 0 0 0 0 0 0 10 0 0 0 0 0 0 0 0 0 0 0 0 0 0 
1113 448 0 184 0 0 0 23 16 0 0 0 0 0 0 0 0 49 0 0 0 0 0 0 0 0 0 0 0 0 0 0 
685 341 0 27 15 0 0 74 0 0 0 0 0 0 0 0 0 26 0 0 0 0 0 0 0 0 0 0 0 0 0 0 
742 0 52 146 0 0 0 0 0 0 0 0 0 0 0 0 0 0 0 0 0 0 0 0 0 0 0 0 0 0 0 0 
1353 467 65 83 95 59 0 0 0 0 0 0 0 0 0 0 240 93 0 0 0 0 0 0 0 0 0 0 0 0 0 0 
1090 626 0 67 0 0 0 42 0 0 0 0 0 0 0 0 0 24 46 0 0 0 0 0 0 0 0 0 0 0 0 0 
885 257 0 91 23 0 0 33 0 0 0 0 0 0 0 0 13 30 0 0 0 0 0 0 0 0 0 0 0 0 0 0 
1050 402 0 132 0 0 0 43 0 0 0 0 0 0 0 0 0 13 35 0 0 0 0 0 0 0 0 0 0 0 0 0 
812 394 0 56 0 0 0 61 0 0 0 0 0 0 0 0 0 42 17 0 0 0 0 0 0 0 0 0 0 0 0 0 
819 174 0 128 18 0 0 45 0 0 0 0 0 0 0 0 0 18 0 0 0 0 0 0 0 0 0 0 0 0 0 0 
1169 305 404 69 0 37 0 0 0 0 0 0 0 0 0 21 0 0 0 0 0 0 0 0 0 0 0 0 0 0 0 0 
1108 320 338 0 36 76 0 0 0 0 0 0 0 0 0 34 44 0 0 0 0 0 0 0 0 0 0 0 0 0 0 0 
958 119 251 0 56 138 0 0 0 0 0 0 0 0 0 0 119 0 0 0 0 0 0 0 0 0 0 0 0 0 0 0 
626 0 101 0 0 0 0 0 0 0 0 0 0 0 0 0 0 0 0 0 0 0 0 0 0 0 0 0 0 0 0 0 
1204 859 160 0 19 11 0 0 0 0 0 0 0 0 0 0 0 59 0 38 0 30 0 0 0 0 0 0 0 0 0 0 
1015 708 179 0 75 20 0 0 0 0 0 0 0 0 0 0 0 57 0 0 0 17 0 0 0 0 0 0 0 0 0 0 
968 459 266 0 44 32 0 0 0 0 0 0 0 0 0 0 10 33 0 17 0 17 0 0 0 0 0 0 0 0 0 0 
1056 411 331 0 0 11 0 0 0 0 0 0 0 0 0 0 0 10 0 0 0 41 0 0 0 0 0 0 0 0 0 0 
