506 608 517 594 634 2440 778 2849 272 778 585 441 403 200 1489 2630 887 553 111 2286 265 116 964 873 647 2220 774 777 5782 1194 1957 1527 
2446 2778 1136 364 621 1370 215 316 202 1142 1169 385 258 187 134 331 624 978 409 333 5504 734 1163 309 720 235 5212 130 3520 581 2593 1562 
1154 82 1153 314 790 2898 2918 1070 3367 383 538 678 1762 757 904 639 138 472 1283 243 4117 239 3296 732 3360 2127 1287 703 3406 1483 439 2123 
341 380 453 783 596 1065 342 2542 3626 304 777 1464 3007 484 1057 638 6829 202 309 225 3419 3145 1337 2396 548 4484 466 328 7654 2909 2977 2125 
2580 224 186 305 200 924 170 1441 2858 541 702 669 318 102 1550 4548 4873 2300 181 3237 310 347 2896 621 153 137 208 186 676 639 893 933 
2771 1069 3130 224 858 1680 711 1015 151 514 4096 519 2324 100 982 111 416 2104 1035 7622 1270 1193 750 2063 615 3555 1524 83 3682 3162 2516 764 
519 3097 2862 1010 2531 3534 272 322 131 2124 3166 592 182 556 2370 564 885 1574 655 246 3493 4389 4791 493 159 3112 2241 1001 6127 2550 176 993 
2852 224 151 204 78 425 359 3279 602 66 346 75 381 141 2395 376 249 498 71 1214 116 47 525 2193 457 2934 83 436 929 3631 1402 2035 
874 2703 2880 760 895 2495 3041 244 51 105 315 821 1996 217 252 2518 2948 434 669 6551 2029 303 428 437 3101 576 2439 406 3371 1710 143 4070 
626 436 3286 1653 858 1204 107 2362 346 432 419 720 924 314 1140 613 351 528 576 1607 692 3264 4980 233 150 352 1456 1244 298 436 710 1540 
459 1172 238 408 139 239 5299 2789 1342 287 495 115 770 792 2032 989 3010 901 1286 1833 34 241 2086 946 3261 712 2416 978 583 3658 544 3188 
228 74 506 95 208 222 319 141 811 287 213 166 1982 307 1561 136 2215 394 532 439 6337 2913 779 131 78 643 788 1152 2940 544 1415 1359 
570 103 7248 1377 191 1437 616 448 686 1079 797 506 1479 587 1928 2072 4510 743 946 267 3885 1000 975 2168 2314 790 96 926 1816 2087 356 2594 
668 216 331 1248 205 1243 1278 2902 190 1005 786 422 3390 48 332 3340 1827 1286 967 2612 2701 3416 3653 3417 3298 781 920 251 4408 1363 1247 3841 
1544 2059 1555 310 38 1231 5446 384 160 726 1753 64 2313 829 680 508 915 191 316 3395 71 889 861 1431 1607 191 2847 702 6018 806 557 4201 
