879 1584 0 0 14 0 0 0 0 0 44 0 0 0 0 0 0 0 0 0 0 0 0 0 0 0 0 0 0 0 0 0 
663 1804 650 0 0 0 0 0 0 0 0 0 0 0 0 0 0 98 0 0 0 0 0 0 0 0 0 0 0 0 0 0 
72 1079 156 221 359 335 0 12 0 0 0 0 0 0 0 0 0 0 0 0 0 0 0 0 0 0 0 0 0 0 0 0 
295 3151 391 0 970 704 0 0 0 0 0 0 0 0 0 0 0 0 0 0 0 0 0 0 0 0 0 0 0 0 0 0 
232 3214 459 84 970 704 0 0 0 0 0 0 0 0 0 0 0 0 0 0 0 0 0 0 0 0 0 0 0 0 0 0 
992 2840 1807 0 338 308 0 48 0 0 0 0 0 0 0 0 8 0 0 0 0 0 0 0 0 0 0 0 0 0 0 0 
0 63 0 9 78 0 0 0 0 0 21 0 0 0 0 0 10 0 0 0 0 0 0 0 0 0 0 0 0 0 0 0 
4458 5402 7233 5254 5592 4116 659 1693 225 353 525 194 173 112 34 0 4053 689 3 8 7 0 0 0 0 0 0 0 53 0 0 0 
634 301 300 107 82 5 0 25 0 0 50 0 0 0 0 0 108 0 0 0 0 0 0 0 0 0 0 0 0 0 0 0 
2004 3000 1954 2127 1045 516 845 234 8 105 164 43 6 133 0 0 284 0 0 0 0 0 0 0 0 0 0 0 0 0 0 0 
403 383 0 93 328 0 0 0 0 0 0 0 0 0 0 0 172 0 0 0 0 0 0 0 0 0 0 0 0 0 0 0 
4390 0 0 0 0 0 0 0 0 0 0 0 0 0 0 0 0 0 0 0 0 0 0 0 0 0 0 0 0 0 0 0 
153 82 128 27 1 0 11 0 0 0 0 0 0 0 0 0 0 0 0 0 7 0 0 0 0 0 0 0 0 0 0 0 
13 0 0 0 0 0 0 0 7 0 0 0 0 0 0 0 0 0 0 0 0 0 0 0 0 0 0 0 0 0 0 0 
353 1124 0 0 0 0 0 0 0 0 0 0 0 0 0 0 14 0 0 0 0 0 0 0 0 0 0 0 0 0 0 0 
832 837 668 325 34 63 27 256 0 46 27 72 0 44 0 0 102 0 0 0 0 0 0 0 0 0 0 0 0 0 0 0 
316 0 0 0 0 0 0 0 0 0 0 0 0 0 0 0 0 0 0 0 0 0 0 0 0 0 0 0 0 0 0 0 
465 0 28 0 0 0 0 0 0 0 0 0 0 0 0 0 0 0 0 0 0 0 0 0 0 0 0 0 0 0 0 0 
153 202 320 80 0 0 0 0 1 0 8 0 0 0 0 0 75 0 0 0 0 0 0 0 0 0 0 0 0 0 0 0 
172 88 87 227 0 0 0 0 0 0 0 0 0 0 0 0 60 0 0 0 0 0 0 0 0 0 0 0 0 0 0 0 
204 390 171 417 1519 561 842 94 110 18 107 138 0 0 0 0 149 20 0 0 24 0 0 0 0 0 0 0 0 0 0 0 
190 28 141 33 3821 20 0 4 0 0 0 0 0 0 0 0 132 0 0 0 0 0 0 0 0 0 0 0 0 0 0 0 
126 53 21 77 3808 9 12 1 0 0 10 0 0 0 0 0 68 23 0 0 0 0 0 0 0 0 0 0 0 0 0 0 
157 13 39 32 3785 1 0 0 0 0 0 0 0 0 0 0 0 0 0 0 0 0 0 0 0 0 0 0 0 0 0 0 
2034 4987 6067 5723 6257 3963 16 0 11 11 103 0 0 0 0 0 580 29 0 0 0 53 0 0 0 0 0 0 0 0 0 0 
49 47 35 53 0 0 0 0 0 0 0 0 0 0 0 0 348 7 2 0 0 0 0 0 0 0 0 26 0 0 0 0 
15 46 9 53 0 0 0 0 0 0 0 0 0 0 0 0 31 0 0 0 0 0 0 0 0 0 0 0 0 0 0 0 
229 74 139 12 0 0 0 0 0 32 161 0 0 87 0 0 8 8 0 0 0 0 0 0 0 0 0 0 0 0 0 0 
9 0 0 53 0 0 0 0 22 0 0 0 0 40 0 0 0 0 0 0 0 0 0 0 0 0 0 0 0 0 0 0 
0 0 0 0 0 0 0 0 0 0 0 0 0 0 0 0 0 0 0 0 0 0 0 0 0 0 0 0 0 0 0 0 
0 0 0 0 0 0 0 0 0 0 0 0 0 0 0 0 0 0 0 0 0 0 0 0 0 0 0 0 0 0 0 0 
0 0 0 0 0 0 0 0 0 0 0 0 0 0 0 0 0 0 0 0 0 0 0 0 0 0 0 0 0 0 0 0 
0 0 0 0 0 0 0 0 0 0 0 0 0 0 0 0 0 0 0 0 0 0 0 0 0 0 0 0 0 0 0 0 
0 0 0 0 0 0 0 0 0 0 0 0 0 0 0 0 0 0 0 0 0 0 0 0 0 0 0 0 0 0 0 0 
0 0 0 0 0 0 0 0 0 0 0 0 0 0 0 0 0 0 0 0 0 0 0 0 0 0 0 0 0 0 0 0 
0 0 3 0 0 0 0 0 0 0 0 0 0 0 0 0 0 0 0 0 0 0 0 0 0 0 0 0 0 0 0 0 
391 2534 2307 161 0 0 0 0 0 0 0 0 0 0 0 0 7 0 0 0 0 0 0 0 0 0 0 0 0 0 0 0 
0 0 29 0 8 0 0 0 0 0 0 0 0 0 0 0 1 0 0 0 0 0 0 0 0 0 0 0 0 0 0 0 
0 0 10 0 0 0 0 0 0 0 0 0 0 0 0 0 0 0 0 0 0 0 0 0 0 0 0 0 0 0 0 0 
0 0 18 0 0 0 0 0 0 0 0 0 0 0 0 0 0 0 0 0 0 0 0 0 0 0 0 0 0 0 0 0 
1432 1136 1016 1647 755 1200 1442 111 300 111 264 63 56 286 56 0 1818 819 657 278 630 31 0 0 31 0 0 0 0 0 0 0 
223 211 91 167 376 7 0 21 0 0 105 0 110 0 22 0 14 1165 659 310 15 120 0 0 0 0 0 0 573 16 4 0 
1 46 0 1 0 0 0 0 0 0 0 0 0 0 0 0 0 473 0 0 0 0 0 0 0 0 0 0 0 0 0 0 
0 0 0 0 0 0 0 0 0 0 0 0 0 0 0 0 0 0 0 0 0 0 0 0 0 0 0 0 0 0 0 0 
11 0 4 0 0 0 0 0 0 0 0 0 0 0 0 0 0 0 0 0 0 0 0 0 0 0 0 0 0 0 0 0 
220 17 70 597 0 1 0 0 242 5 207 1 0 0 3 0 2 0 0 0 0 0 0 0 0 0 0 0 0 0 0 0 
0 131 63 0 0 0 0 0 0 0 0 0 0 0 0 0 0 0 0 0 0 0 0 0 0 0 0 0 0 0 0 0 
3314 2091 9587 466 1294 1419 48 6973 226 1831 411 329 0 0 0 0 826 0 0 0 0 0 0 0 0 0 0 0 0 0 0 0 
1539 2979 1547 587 945 1602 417 108 603 1510 372 80 0 0 0 0 0 0 0 0 0 0 0 0 0 0 0 56 0 0 0 0 
715 2615 0 496 45 70 0 42 0 0 162 10 0 0 0 0 14 0 0 0 0 0 0 0 0 0 0 0 0 0 0 0 
888 2298 0 771 0 70 0 67 0 0 243 15 0 0 0 0 1 0 0 0 0 0 0 0 0 0 0 0 0 0 0 0 
2436 1974 4258 986 1693 2434 374 2932 518 9 225 26 183 16 0 8 31 86 207 88 186 13 0 0 0 0 0 398 0 0 0 0 
0 0 0 0 0 0 0 0 0 0 0 0 0 0 0 0 0 0 0 0 0 0 0 0 0 0 0 0 0 0 0 0 
0 0 0 0 0 0 0 0 0 0 0 0 0 0 0 0 0 0 0 0 0 0 0 0 0 0 0 0 0 0 0 0 
757 1773 201 95 477 1360 34 45 2 0 11 38 41 18 0 0 3 0 0 0 0 0 0 0 0 0 0 0 0 0 0 0 
6 52 0 17 368 88 0 0 0 0 0 0 0 0 0 0 0 0 0 0 0 0 0 0 0 0 0 0 0 0 0 0 
286 137 55 27 158 0 0 0 3 0 0 24 0 0 0 0 0 0 0 0 0 0 0 0 0 0 0 0 0 0 0 0 
124 684 95 50 229 0 0 0 5 0 0 0 0 0 0 0 289 0 0 0 0 0 0 0 0 0 0 0 0 0 0 0 
0 801 0 8 0 0 0 0 0 0 0 0 0 0 0 0 0 0 0 0 0 0 0 0 0 0 0 0 0 0 0 0 
26 57 40 0 0 7 0 0 0 0 0 0 0 0 0 0 123 0 0 0 0 0 0 0 0 0 0 0 0 0 0 0 
439 343 593 971 164 782 1723 97 14 39 92 153 54 35 0 0 162 28 0 0 0 0 0 0 0 0 0 0 0 0 0 0 
528 177 57 14 0 0 0 0 0 0 0 0 0 0 0 0 8 0 0 0 0 0 0 0 0 0 0 0 0 0 0 0 
