122 56 72 76 56 68 76 62 72 54 97 29 0 0 0 0 0 0 0 0 0 0 0 0 0 0 0 0 0 0 0 0 
116 45 86 82 108 71 60 71 67 76 52 23 0 0 0 0 0 0 0 0 0 0 0 0 0 0 0 0 0 0 0 0 
50 33 33 33 35 36 20 23 20 25 29 15 0 0 0 0 0 0 0 0 0 0 0 0 0 0 0 0 0 0 0 0 
84 19 32 39 83 35 67 47 46 73 49 33 0 0 0 0 0 0 0 0 0 0 0 0 0 0 0 0 0 0 0 0 
225 135 189 157 220 185 163 146 151 136 191 41 0 0 0 0 0 0 0 0 0 0 0 0 0 0 0 0 0 0 0 0 
115 73 66 95 119 86 81 95 76 129 124 26 0 0 0 0 0 0 0 0 0 0 0 0 0 0 0 0 0 0 0 0 
175 115 114 76 113 112 107 123 90 85 86 34 0 0 0 0 0 0 0 0 0 0 0 0 0 0 0 0 0 0 0 0 
101 79 78 68 66 66 67 65 78 59 55 27 0 0 0 0 0 0 0 0 0 0 0 0 0 0 0 0 0 0 0 0 
77 54 50 96 62 51 47 43 49 49 76 31 0 0 0 0 0 0 0 0 0 0 0 0 0 0 0 0 0 0 0 0 
115 77 70 66 71 49 79 55 61 72 73 13 0 0 0 0 0 0 0 0 0 0 0 0 0 0 0 0 0 0 0 0 
119 131 62 81 86 74 107 70 82 59 84 19 0 0 0 0 0 0 0 0 0 0 0 0 0 0 0 0 0 0 0 0 
46 17 20 21 20 17 20 34 16 15 13 3 0 0 0 0 0 0 0 0 0 0 0 0 0 0 0 0 0 0 0 0 
180 124 130 142 121 96 127 127 111 144 112 46 0 0 0 0 0 0 0 0 0 0 0 0 0 0 0 0 0 0 0 0 
92 49 64 57 58 49 65 57 83 80 75 7 0 0 0 0 0 0 0 0 0 0 0 0 0 0 0 0 0 0 0 0 
177 78 133 135 140 118 177 113 156 76 124 26 0 0 0 0 0 0 0 0 0 0 0 0 0 0 0 0 0 0 0 0 
400 406 278 320 305 329 351 280 308 288 293 109 0 0 0 0 0 0 0 0 0 0 0 0 0 0 0 0 0 0 0 0 
79 34 31 36 38 45 45 29 17 42 29 14 0 0 0 0 0 0 0 0 0 0 0 0 0 0 0 0 0 0 0 0 
91 52 53 67 65 75 55 37 61 52 63 15 0 0 0 0 0 0 0 0 0 0 0 0 0 0 0 0 0 0 0 0 
81 34 32 41 23 30 43 38 65 41 53 7 0 0 0 0 0 0 0 0 0 0 0 0 0 0 0 0 0 0 0 0 
171 122 118 131 127 123 130 122 113 97 101 30 0 0 0 0 0 0 0 0 0 0 0 0 0 0 0 0 0 0 0 0 
60 34 32 21 22 30 30 29 24 19 20 5 0 0 0 0 0 0 0 0 0 0 0 0 0 0 0 0 0 0 0 0 
126 81 96 131 122 114 88 73 88 62 110 40 0 0 0 0 0 0 0 0 0 0 0 0 0 0 0 0 0 0 0 0 
183 157 125 136 223 180 133 135 119 151 135 57 0 0 0 0 0 0 0 0 0 0 0 0 0 0 0 0 0 0 0 0 
50 24 29 19 26 19 47 56 38 24 27 3 0 0 0 0 0 0 0 0 0 0 0 0 0 0 0 0 0 0 0 0 
135 87 90 100 95 56 89 74 80 76 65 19 0 0 0 0 0 0 0 0 0 0 0 0 0 0 0 0 0 0 0 0 
159 89 104 86 129 88 80 77 65 87 87 13 0 0 0 0 0 0 0 0 0 0 0 0 0 0 0 0 0 0 0 0 
61 43 38 42 40 30 40 27 35 41 29 14 0 0 0 0 0 0 0 0 0 0 0 0 0 0 0 0 0 0 0 0 
373 291 348 390 437 357 453 325 339 327 355 82 0 0 0 0 0 0 0 0 0 0 0 0 0 0 0 0 0 0 0 0 
66 18 32 25 34 31 45 46 34 29 29 18 0 0 0 0 0 0 0 0 0 0 0 0 0 0 0 0 0 0 0 0 
91 68 77 69 70 107 73 56 53 67 73 8 0 0 0 0 0 0 0 0 0 0 0 0 0 0 0 0 0 0 0 0 
44 20 20 24 22 20 32 15 14 23 33 11 0 0 0 0 0 0 0 0 0 0 0 0 0 0 0 0 0 0 0 0 
156 61 92 101 95 81 75 98 88 60 82 25 0 0 0 0 0 0 0 0 0 0 0 0 0 0 0 0 0 0 0 0 
209 143 117 107 162 140 119 121 133 116 135 35 0 0 0 0 0 0 0 0 0 0 0 0 0 0 0 0 0 0 0 0 
115 55 51 63 54 57 68 78 58 53 50 17 0 0 0 0 0 0 0 0 0 0 0 0 0 0 0 0 0 0 0 0 
100 60 73 80 48 75 51 57 84 40 64 13 0 0 0 0 0 0 0 0 0 0 0 0 0 0 0 0 0 0 0 0 
114 59 77 46 72 57 59 81 76 54 61 15 0 0 0 0 0 0 0 0 0 0 0 0 0 0 0 0 0 0 0 0 
105 72 65 68 56 51 46 38 41 60 70 30 0 0 0 0 0 0 0 0 0 0 0 0 0 0 0 0 0 0 0 0 
107 81 60 85 60 61 65 68 78 52 61 22 0 0 0 0 0 0 0 0 0 0 0 0 0 0 0 0 0 0 0 0 
180 114 111 121 92 115 123 109 107 114 89 33 0 0 0 0 0 0 0 0 0 0 0 0 0 0 0 0 0 0 0 0 
94 82 57 57 45 68 63 47 43 35 41 14 0 0 0 0 0 0 0 0 0 0 0 0 0 0 0 0 0 0 0 0 
68 29 32 25 45 36 34 34 30 34 35 15 0 0 0 0 0 0 0 0 0 0 0 0 0 0 0 0 0 0 0 0 
164 101 67 118 102 80 125 64 95 79 94 19 0 0 0 0 0 0 0 0 0 0 0 0 0 0 0 0 0 0 0 0 
187 85 70 70 65 89 91 91 88 79 103 11 0 0 0 0 0 0 0 0 0 0 0 0 0 0 0 0 0 0 0 0 
70 26 34 37 22 41 23 31 23 24 37 6 0 0 0 0 0 0 0 0 0 0 0 0 0 0 0 0 0 0 0 0 
278 191 195 175 266 214 227 201 182 158 214 60 0 0 0 0 0 0 0 0 0 0 0 0 0 0 0 0 0 0 0 0 
191 145 122 105 92 117 137 112 140 103 80 25 0 0 0 0 0 0 0 0 0 0 0 0 0 0 0 0 0 0 0 0 
194 151 128 118 123 138 116 120 98 110 104 49 0 0 0 0 0 0 0 0 0 0 0 0 0 0 0 0 0 0 0 0 
166 140 90 117 86 98 119 123 118 76 93 20 0 0 0 0 0 0 0 0 0 0 0 0 0 0 0 0 0 0 0 0 
103 52 55 62 83 53 60 47 51 67 59 23 0 0 0 0 0 0 0 0 0 0 0 0 0 0 0 0 0 0 0 0 
98 63 60 88 56 52 73 68 49 78 65 23 0 0 0 0 0 0 0 0 0 0 0 0 0 0 0 0 0 0 0 0 
230 136 117 145 124 132 125 129 115 145 115 43 0 0 0 0 0 0 0 0 0 0 0 0 0 0 0 0 0 0 0 0 
169 126 99 109 77 101 139 132 93 109 115 32 0 0 0 0 0 0 0 0 0 0 0 0 0 0 0 0 0 0 0 0 
175 88 84 104 116 70 65 99 105 107 74 14 0 0 0 0 0 0 0 0 0 0 0 0 0 0 0 0 0 0 0 0 
301 156 165 200 242 153 220 167 196 218 184 46 0 0 0 0 0 0 0 0 0 0 0 0 0 0 0 0 0 0 0 0 
134 72 106 93 97 88 104 102 67 77 131 29 0 0 0 0 0 0 0 0 0 0 0 0 0 0 0 0 0 0 0 0 
136 60 55 86 92 91 92 82 85 87 73 60 0 0 0 0 0 0 0 0 0 0 0 0 0 0 0 0 0 0 0 0 
272 214 244 265 288 209 273 205 262 193 259 76 0 0 0 0 0 0 0 0 0 0 0 0 0 0 0 0 0 0 0 0 
65 29 35 45 36 37 43 34 52 35 33 20 0 0 0 0 0 0 0 0 0 0 0 0 0 0 0 0 0 0 0 0 
98 49 41 51 36 33 54 57 39 75 76 15 0 0 0 0 0 0 0 0 0 0 0 0 0 0 0 0 0 0 0 0 
123 60 75 50 42 58 64 62 60 54 45 16 0 0 0 0 0 0 0 0 0 0 0 0 0 0 0 0 0 0 0 0 
308 243 225 233 242 246 215 239 217 194 216 63 0 0 0 0 0 0 0 0 0 0 0 0 0 0 0 0 0 0 0 0 
145 118 114 118 128 103 107 123 74 96 116 40 0 0 0 0 0 0 0 0 0 0 0 0 0 0 0 0 0 0 0 0 
56 26 29 11 47 27 40 35 28 31 23 6 0 0 0 0 0 0 0 0 0 0 0 0 0 0 0 0 0 0 0 0 
412 253 278 229 325 257 289 232 222 289 274 64 0 0 0 0 0 0 0 0 0 0 0 0 0 0 0 0 0 0 0 0 
252 169 162 170 172 145 135 149 158 149 150 51 0 0 0 0 0 0 0 0 0 0 0 0 0 0 0 0 0 0 0 0 
134 104 77 131 81 90 76 84 100 56 88 13 0 0 0 0 0 0 0 0 0 0 0 0 0 0 0 0 0 0 0 0 
113 74 76 80 126 115 104 77 82 103 76 45 0 0 0 0 0 0 0 0 0 0 0 0 0 0 0 0 0 0 0 0 
195 146 124 94 92 135 153 119 149 123 106 32 0 0 0 0 0 0 0 0 0 0 0 0 0 0 0 0 0 0 0 0 
105 68 71 73 58 88 80 68 79 72 66 16 0 0 0 0 0 0 0 0 0 0 0 0 0 0 0 0 0 0 0 0 
95 61 45 36 66 49 46 57 53 43 64 34 0 0 0 0 0 0 0 0 0 0 0 0 0 0 0 0 0 0 0 0 
319 182 232 225 240 269 229 235 203 241 235 87 0 0 0 0 0 0 0 0 0 0 0 0 0 0 0 0 0 0 0 0 
138 101 69 79 78 82 82 98 78 79 78 23 0 0 0 0 0 0 0 0 0 0 0 0 0 0 0 0 0 0 0 0 
67 38 31 24 61 42 32 39 37 34 36 19 0 0 0 0 0 0 0 0 0 0 0 0 0 0 0 0 0 0 0 0 
96 56 97 65 93 64 72 64 66 45 75 16 0 0 0 0 0 0 0 0 0 0 0 0 0 0 0 0 0 0 0 0 
162 64 63 112 144 92 131 102 69 138 119 45 0 0 0 0 0 0 0 0 0 0 0 0 0 0 0 0 0 0 0 0 
196 39 94 106 177 122 191 140 73 175 187 34 0 0 0 0 0 0 0 0 0 0 0 0 0 0 0 0 0 0 0 0 
112 41 44 58 46 52 36 65 48 61 43 11 0 0 0 0 0 0 0 0 0 0 0 0 0 0 0 0 0 0 0 0 
76 46 55 47 40 36 34 56 51 50 56 13 0 0 0 0 0 0 0 0 0 0 0 0 0 0 0 0 0 0 0 0 
96 66 78 59 73 77 55 71 61 51 49 15 0 0 0 0 0 0 0 0 0 0 0 0 0 0 0 0 0 0 0 0 
116 53 55 86 128 56 110 86 48 103 90 38 0 0 0 0 0 0 0 0 0 0 0 0 0 0 0 0 0 0 0 0 
182 113 97 84 107 102 101 106 111 120 123 22 0 0 0 0 0 0 0 0 0 0 0 0 0 0 0 0 0 0 0 0 
96 71 94 65 60 66 69 73 68 69 64 20 0 0 0 0 0 0 0 0 0 0 0 0 0 0 0 0 0 0 0 0 
102 78 77 91 45 56 81 55 55 58 53 3 0 0 0 0 0 0 0 0 0 0 0 0 0 0 0 0 0 0 0 0 
102 86 70 44 59 83 70 49 63 57 66 23 0 0 0 0 0 0 0 0 0 0 0 0 0 0 0 0 0 0 0 0 
146 151 66 87 87 84 99 88 108 106 67 20 0 0 0 0 0 0 0 0 0 0 0 0 0 0 0 0 0 0 0 0 
121 69 93 96 148 113 143 106 49 74 102 45 0 0 0 0 0 0 0 0 0 0 0 0 0 0 0 0 0 0 0 0 
105 36 61 47 91 63 68 63 43 72 81 17 0 0 0 0 0 0 0 0 0 0 0 0 0 0 0 0 0 0 0 0 
253 173 262 216 291 248 245 196 178 269 217 103 0 0 0 0 0 0 0 0 0 0 0 0 0 0 0 0 0 0 0 0 
95 38 56 44 52 55 43 35 53 42 30 15 0 0 0 0 0 0 0 0 0 0 0 0 0 0 0 0 0 0 0 0 
95 74 68 81 49 80 78 70 46 55 68 19 0 0 0 0 0 0 0 0 0 0 0 0 0 0 0 0 0 0 0 0 
128 68 82 82 59 66 88 75 94 75 81 23 0 0 0 0 0 0 0 0 0 0 0 0 0 0 0 0 0 0 0 0 
196 129 142 141 104 99 143 129 134 130 93 48 0 0 0 0 0 0 0 0 0 0 0 0 0 0 0 0 0 0 0 0 
90 65 72 68 55 72 70 49 56 81 50 30 0 0 0 0 0 0 0 0 0 0 0 0 0 0 0 0 0 0 0 0 
61 63 54 50 32 44 54 42 36 37 27 8 0 0 0 0 0 0 0 0 0 0 0 0 0 0 0 0 0 0 0 0 
40 15 17 34 42 23 39 41 18 29 23 8 0 0 0 0 0 0 0 0 0 0 0 0 0 0 0 0 0 0 0 0 
207 97 98 127 166 139 162 99 103 112 81 47 0 0 0 0 0 0 0 0 0 0 0 0 0 0 0 0 0 0 0 0 
200 102 113 154 160 121 102 114 117 142 102 43 0 0 0 0 0 0 0 0 0 0 0 0 0 0 0 0 0 0 0 0 
81 50 59 70 82 38 56 36 68 48 59 19 0 0 0 0 0 0 0 0 0 0 0 0 0 0 0 0 0 0 0 0 
141 92 110 109 108 88 119 95 101 72 99 44 0 0 0 0 0 0 0 0 0 0 0 0 0 0 0 0 0 0 0 0 
72 39 69 56 63 48 62 76 58 34 87 11 0 0 0 0 0 0 0 0 0 0 0 0 0 0 0 0 0 0 0 0 
116 80 59 69 91 58 82 76 57 109 89 24 0 0 0 0 0 0 0 0 0 0 0 0 0 0 0 0 0 0 0 0 
95 59 54 40 73 48 79 74 57 52 59 11 0 0 0 0 0 0 0 0 0 0 0 0 0 0 0 0 0 0 0 0 
122 68 106 100 132 89 81 66 80 66 106 26 0 0 0 0 0 0 0 0 0 0 0 0 0 0 0 0 0 0 0 0 
116 89 104 74 68 101 94 64 95 65 66 45 0 0 0 0 0 0 0 0 0 0 0 0 0 0 0 0 0 0 0 0 
148 104 100 107 91 100 94 109 106 121 85 43 0 0 0 0 0 0 0 0 0 0 0 0 0 0 0 0 0 0 0 0 
232 141 130 158 107 114 103 126 124 115 127 34 0 0 0 0 0 0 0 0 0 0 0 0 0 0 0 0 0 0 0 0 
111 47 47 85 67 36 64 67 89 51 57 22 0 0 0 0 0 0 0 0 0 0 0 0 0 0 0 0 0 0 0 0 
162 82 71 103 104 90 102 97 64 84 90 26 0 0 0 0 0 0 0 0 0 0 0 0 0 0 0 0 0 0 0 0 
280 138 152 146 190 186 167 163 158 163 148 54 0 0 0 0 0 0 0 0 0 0 0 0 0 0 0 0 0 0 0 0 
164 71 84 72 103 69 69 56 68 120 77 45 0 0 0 0 0 0 0 0 0 0 0 0 0 0 0 0 0 0 0 0 
121 88 127 85 113 92 92 80 77 95 77 33 0 0 0 0 0 0 0 0 0 0 0 0 0 0 0 0 0 0 0 0 
120 96 56 77 75 70 72 86 87 68 57 26 0 0 0 0 0 0 0 0 0 0 0 0 0 0 0 0 0 0 0 0 
106 42 77 60 47 61 62 65 51 66 54 31 0 0 0 0 0 0 0 0 0 0 0 0 0 0 0 0 0 0 0 0 
107 48 65 61 102 84 103 57 60 87 106 24 0 0 0 0 0 0 0 0 0 0 0 0 0 0 0 0 0 0 0 0 
88 55 47 54 42 48 57 54 66 56 62 17 0 0 0 0 0 0 0 0 0 0 0 0 0 0 0 0 0 0 0 0 
132 182 119 168 172 172 96 130 160 144 69 50 0 0 0 0 0 0 0 0 0 0 0 0 0 0 0 0 0 0 0 0 
112 73 48 61 64 57 28 56 39 47 41 27 0 0 0 0 0 0 0 0 0 0 0 0 0 0 0 0 0 0 0 0 
102 73 56 70 63 59 71 60 68 73 61 26 0 0 0 0 0 0 0 0 0 0 0 0 0 0 0 0 0 0 0 0 
75 47 55 55 48 60 60 43 34 44 68 12 0 0 0 0 0 0 0 0 0 0 0 0 0 0 0 0 0 0 0 0 
105 58 58 79 93 45 70 56 80 65 71 12 0 0 0 0 0 0 0 0 0 0 0 0 0 0 0 0 0 0 0 0 
89 56 90 75 75 69 55 77 59 76 63 15 0 0 0 0 0 0 0 0 0 0 0 0 0 0 0 0 0 0 0 0 
201 130 133 146 161 136 151 153 141 132 137 22 0 0 0 0 0 0 0 0 0 0 0 0 0 0 0 0 0 0 0 0 
83 44 43 57 41 59 35 61 62 32 43 7 0 0 0 0 0 0 0 0 0 0 0 0 0 0 0 0 0 0 0 0 
35 16 13 11 6 9 16 19 11 15 10 1 0 0 0 0 0 0 0 0 0 0 0 0 0 0 0 0 0 0 0 0 
96 61 51 26 39 38 62 66 31 28 71 23 0 0 0 0 0 0 0 0 0 0 0 0 0 0 0 0 0 0 0 0 
