0 67 41 17 21 9 8 7 11 24 9 20 15 7 24 26 20 9 34 21 18 21 32 22 40 20 24 49 0 0 0 0 
0 107 98 81 98 64 60 73 40 88 58 76 53 59 83 90 65 64 98 87 82 133 107 74 122 104 122 115 0 0 0 0 
0 108 115 76 120 72 52 65 53 94 72 84 59 76 73 103 69 73 101 93 83 98 115 84 119 123 127 120 0 0 0 0 
0 12 13 20 14 11 7 18 8 11 9 14 14 12 16 21 12 18 20 20 27 27 24 14 24 24 15 29 0 0 0 0 
0 45 52 38 56 43 34 36 28 45 33 37 27 36 36 49 37 31 40 40 44 55 54 35 55 50 55 47 0 0 0 0 
0 55 83 64 75 53 27 58 48 85 70 53 69 56 64 81 58 49 78 65 77 87 104 74 129 111 113 121 0 0 0 0 
0 65 80 58 56 41 51 44 48 42 57 73 39 55 39 56 29 59 66 50 59 91 62 54 68 54 78 65 0 0 0 0 
0 74 72 62 57 46 42 67 38 50 39 61 46 43 62 70 49 62 66 71 63 101 86 65 90 88 89 109 0 0 0 0 
0 129 122 91 91 72 92 81 81 69 69 90 55 72 84 75 111 75 69 112 94 117 102 93 104 120 88 91 0 0 0 0 
0 57 68 78 102 96 85 84 70 91 99 54 59 66 56 78 96 89 79 63 89 80 83 74 94 81 84 79 0 0 0 0 
0 39 51 50 63 62 57 50 64 39 84 32 30 36 43 53 52 55 51 48 51 56 65 49 60 79 47 59 0 0 0 0 
0 62 103 64 45 35 59 71 53 47 34 51 18 50 59 31 74 44 21 49 80 40 49 25 50 71 42 31 0 0 0 0 
0 86 149 104 74 69 51 63 58 87 79 44 66 48 55 87 72 47 51 62 63 74 98 108 121 137 111 68 0 0 0 0 
0 33 36 63 62 76 99 93 62 65 93 58 40 42 59 51 96 86 83 50 76 79 77 69 98 69 63 79 0 0 0 0 
0 80 139 88 68 45 80 89 72 68 63 77 49 77 90 57 104 56 48 69 93 75 72 68 95 114 88 42 0 0 0 0 
0 105 105 98 96 100 91 71 61 80 69 56 77 59 72 72 88 47 62 50 72 79 53 60 105 96 107 51 0 0 0 0 
0 84 141 120 89 91 73 61 80 103 86 60 80 89 76 99 101 61 83 91 81 76 120 111 131 154 124 107 0 0 0 0 
0 81 128 102 73 74 55 59 62 83 73 48 60 52 62 78 74 45 73 72 77 87 93 131 121 146 126 81 0 0 0 0 
0 71 101 49 54 37 39 26 41 45 37 21 32 30 47 38 43 33 31 24 57 48 50 47 34 52 36 44 0 0 0 0 
0 48 43 20 21 24 18 22 21 21 12 13 15 32 9 23 32 20 14 17 32 17 22 18 27 41 26 22 0 0 0 0 
0 26 22 13 11 14 8 21 9 7 13 19 17 19 12 4 11 8 25 9 7 22 26 7 17 8 9 92 0 0 0 0 
0 37 3 17 12 4 4 1 0 17 1 11 4 5 24 9 6 0 6 7 0 15 17 3 17 4 13 53 0 0 0 0 
0 56 50 40 38 21 37 20 26 20 11 38 12 19 32 32 13 32 19 34 25 44 27 23 19 31 27 25 0 0 0 0 
0 23 22 23 20 24 19 22 29 20 50 21 21 11 24 39 21 30 21 27 29 33 26 43 18 45 17 18 0 0 0 0 
0 62 50 32 36 27 43 23 45 44 41 76 46 45 64 53 92 52 79 84 71 90 72 105 92 108 72 95 0 0 0 0 
0 73 37 44 41 58 63 35 42 40 33 46 49 45 45 45 70 38 31 49 51 71 37 53 76 66 56 50 0 0 0 0 
0 52 81 61 47 36 30 43 45 45 40 27 37 25 38 43 47 25 40 42 43 43 57 63 66 71 69 44 0 0 0 0 
0 85 81 42 52 36 31 27 43 53 35 20 38 53 26 29 47 20 50 55 64 36 58 45 64 92 82 35 0 0 0 0 
0 163 131 67 53 71 68 61 33 78 53 59 32 66 47 48 52 34 27 57 42 42 54 17 36 37 35 16 0 0 0 0 
0 12 10 4 7 7 3 13 5 11 11 5 11 14 8 3 7 1 15 4 4 8 14 2 17 0 4 51 0 0 0 0 
0 3 12 2 2 2 2 2 0 3 2 7 12 6 5 0 6 1 7 2 0 8 31 0 7 4 2 61 0 0 0 0 
0 50 49 59 42 41 28 35 40 59 34 44 33 36 41 56 43 26 40 45 35 53 76 78 86 98 75 87 0 0 0 0 
0 86 69 59 56 54 49 45 55 64 59 41 43 52 60 53 61 54 61 61 52 89 56 88 48 87 58 64 0 0 0 0 
0 84 69 36 49 33 26 32 32 57 30 23 27 46 29 27 51 20 47 40 88 46 69 45 67 95 78 45 0 0 0 0 
0 90 84 29 32 36 36 40 31 43 35 38 27 31 24 28 35 25 34 33 62 51 51 26 49 46 44 34 0 0 0 0 
0 87 93 45 42 48 39 55 34 65 52 52 31 65 47 41 42 32 43 57 54 52 57 29 46 35 43 40 0 0 0 0 
0 95 83 40 39 40 38 44 30 50 39 34 24 42 28 27 38 20 25 31 38 32 32 18 23 24 18 51 0 0 0 0 
0 5 12 10 13 7 5 9 5 7 7 16 12 12 16 11 10 9 17 9 10 20 23 6 20 17 11 38 0 0 0 0 
0 19 7 3 11 3 1 2 2 5 1 11 3 7 15 3 4 5 0 4 2 7 2 9 7 12 3 6 0 0 0 0 
0 102 87 55 73 57 50 30 46 52 34 51 41 39 55 34 33 41 63 47 46 57 53 55 41 42 39 42 0 0 0 0 
0 57 82 42 28 34 27 36 18 47 39 33 20 40 32 22 33 22 20 40 40 32 39 22 26 30 31 30 0 0 0 0 
0 34 56 52 60 29 51 51 49 65 45 70 39 67 60 71 57 41 58 45 57 81 82 65 72 110 95 89 0 0 0 0 
0 124 115 89 114 71 74 78 69 94 57 75 56 71 77 91 75 55 90 81 90 101 101 53 111 103 95 86 0 0 0 0 
0 60 72 43 66 57 57 61 67 58 65 29 31 41 41 46 66 66 41 45 56 68 66 63 59 72 56 56 0 0 0 0 
0 61 97 102 85 73 99 86 83 101 106 93 54 102 101 73 112 88 83 98 123 133 120 84 151 128 125 128 0 0 0 0 
0 73 102 73 46 38 59 67 55 39 32 43 30 52 65 32 78 47 39 36 67 48 37 28 46 53 32 16 0 0 0 0 
0 56 71 58 44 63 52 40 40 65 46 29 41 34 30 42 49 26 32 37 44 46 42 56 74 82 66 30 0 0 0 0 
0 24 22 25 17 18 10 10 15 11 15 12 8 11 14 21 21 7 24 12 19 16 20 29 27 41 32 23 0 0 0 0 
0 14 17 19 17 9 12 13 9 9 8 18 12 25 14 14 9 14 14 8 8 23 19 15 15 23 26 22 0 0 0 0 
0 47 56 51 22 25 27 14 21 11 6 25 4 24 31 12 9 20 13 19 22 22 16 7 9 13 21 25 0 0 0 0 
0 68 38 36 33 38 31 27 30 42 33 53 30 32 47 46 54 49 39 78 37 81 50 101 53 71 70 55 0 0 0 0 
0 20 10 20 9 15 17 23 9 10 6 6 9 13 6 6 11 5 6 9 9 10 3 3 16 7 7 2 0 0 0 0 
0 41 53 52 30 35 28 38 44 50 35 42 41 31 38 58 34 28 33 46 28 50 55 57 73 85 67 85 0 0 0 0 
0 32 33 25 27 17 18 17 30 32 22 26 15 33 26 24 24 19 25 29 32 45 73 41 35 53 67 54 0 0 0 0 
0 76 60 20 26 24 25 25 32 23 33 25 25 26 32 33 51 28 34 27 73 46 49 33 57 50 59 53 0 0 0 0 
0 88 82 23 40 25 31 35 48 37 45 22 37 38 32 40 37 20 26 44 48 32 45 21 42 40 37 43 0 0 0 0 
0 157 121 53 63 63 53 51 30 71 46 62 21 43 32 28 38 25 21 52 43 43 49 17 36 32 37 22 0 0 0 0 
0 110 89 70 80 48 33 44 50 39 32 27 25 30 31 24 21 25 29 26 19 44 30 29 23 16 21 24 0 0 0 0 
0 68 78 60 59 57 63 55 63 55 35 32 50 44 48 48 44 43 43 43 57 66 47 37 55 57 37 42 0 0 0 0 
0 98 132 88 71 77 49 54 60 86 55 32 66 60 53 69 70 41 58 56 63 67 76 111 105 141 104 47 0 0 0 0 
0 45 67 58 37 49 30 27 37 46 40 40 39 37 44 52 50 24 49 48 44 48 54 80 88 99 79 51 0 0 0 0 
0 21 26 25 25 5 17 26 14 13 16 23 15 49 22 26 21 25 17 15 14 33 36 29 22 39 45 34 0 0 0 0 
0 27 31 40 18 16 15 24 16 30 18 22 12 37 22 14 22 30 21 24 19 32 22 20 23 36 35 15 0 0 0 0 
0 45 28 31 31 38 19 22 15 20 27 15 19 19 17 14 29 20 8 23 21 15 15 28 26 27 30 13 0 0 0 0 
0 47 41 18 22 13 15 26 23 24 26 15 20 28 17 11 14 13 9 22 15 17 17 10 18 11 9 14 0 0 0 0 
0 52 53 32 39 27 33 28 29 35 47 42 48 31 37 34 40 42 48 49 40 72 34 48 58 55 39 38 0 0 0 0 
0 41 45 26 23 21 15 18 32 26 28 12 23 26 34 33 40 31 40 38 53 39 38 68 59 93 61 80 0 0 0 0 
0 22 29 26 29 16 11 10 16 21 18 12 21 15 18 17 19 11 30 17 19 16 17 22 13 23 26 35 0 0 0 0 
0 5 11 22 8 3 6 17 2 3 8 4 4 25 9 6 11 15 15 5 5 25 18 1 17 15 9 1 0 0 0 0 
0 79 74 65 70 43 63 45 61 45 73 78 88 47 72 74 47 67 51 56 59 137 61 70 75 66 59 61 0 0 0 0 
0 64 92 70 58 48 50 43 51 55 84 58 81 50 63 67 38 63 70 53 57 107 62 74 73 81 72 64 0 0 0 0 
0 50 64 67 61 47 39 27 49 56 39 45 48 63 55 51 54 40 75 57 51 37 66 59 59 89 72 99 0 0 0 0 
0 68 65 70 57 33 56 37 40 46 71 76 87 32 55 65 19 58 58 31 51 128 54 56 49 59 39 31 0 0 0 0 
0 68 89 80 73 55 69 39 58 59 93 81 122 54 62 82 35 71 75 51 61 136 72 73 51 74 53 40 0 0 0 0 
0 39 37 33 37 33 31 17 39 36 35 27 43 43 31 31 41 34 58 46 45 27 66 56 54 87 63 64 0 0 0 0 
0 12 22 11 8 9 10 10 7 8 10 16 7 18 10 20 7 16 19 10 20 29 23 23 31 26 24 25 0 0 0 0 
0 63 55 47 48 27 36 24 39 25 43 58 38 47 53 46 26 49 66 38 51 66 56 39 48 63 47 60 0 0 0 0 
0 39 33 46 55 40 39 31 38 37 42 28 24 40 35 38 49 52 43 34 58 48 45 32 47 34 47 53 0 0 0 0 
0 46 38 91 45 52 35 54 39 43 37 47 31 31 46 37 41 54 48 36 46 53 67 40 39 60 33 41 0 0 0 0 
0 53 30 63 51 56 39 55 19 39 40 27 33 16 60 33 47 33 35 16 27 40 49 18 40 50 61 26 0 0 0 0 
0 124 128 87 113 92 92 92 51 83 90 77 72 59 113 64 108 54 67 61 74 98 79 48 85 93 124 66 0 0 0 0 
0 113 178 106 93 71 74 55 48 83 63 53 39 64 81 55 61 49 49 50 69 69 59 56 46 55 47 49 0 0 0 0 
0 28 17 9 20 25 12 35 19 25 14 22 17 32 26 10 16 11 11 9 4 32 17 14 14 8 13 30 0 0 0 0 
0 63 63 48 38 19 45 23 30 35 26 54 21 36 48 29 46 32 51 49 62 60 32 59 64 70 52 40 0 0 0 0 
0 88 63 67 47 28 55 23 22 39 23 32 23 57 22 17 29 24 44 30 55 45 37 66 54 87 58 42 0 0 0 0 
0 41 51 42 19 23 17 28 13 23 23 21 20 33 24 16 24 15 31 27 27 34 63 20 37 26 26 82 0 0 0 0 
0 42 26 6 19 0 13 7 10 10 11 10 14 18 21 4 18 14 18 4 27 26 13 5 23 19 27 9 0 0 0 0 
0 33 33 37 31 31 35 25 35 26 40 22 21 22 25 20 28 26 28 25 26 42 35 30 27 34 26 38 0 0 0 0 
0 43 55 74 79 46 55 63 45 70 76 75 57 80 63 62 73 58 80 61 78 124 93 90 109 103 111 82 0 0 0 0 
0 48 50 84 64 31 60 22 35 31 23 44 13 69 41 42 54 55 103 28 60 40 30 77 51 42 58 51 0 0 0 0 
0 48 43 23 33 29 20 14 22 40 12 8 28 31 18 10 26 13 21 22 32 20 28 37 37 60 43 26 0 0 0 0 
0 55 94 66 49 36 41 45 43 62 40 47 45 37 28 56 36 26 32 54 29 49 60 56 79 77 65 47 0 0 0 0 
0 61 67 36 42 25 24 30 29 47 29 36 21 35 27 40 54 28 46 67 73 57 67 39 68 54 69 75 0 0 0 0 
0 16 10 11 9 15 12 10 13 5 12 11 4 25 8 9 6 10 7 10 10 17 14 20 11 11 9 1 0 0 0 0 
0 37 25 21 45 33 12 18 19 21 22 14 16 12 18 26 22 19 9 34 19 13 17 46 21 31 47 12 0 0 0 0 
0 34 28 16 24 21 21 17 34 20 26 30 32 28 29 33 42 26 35 43 30 47 31 47 44 51 45 40 0 0 0 0 
0 40 30 18 17 18 15 10 20 14 17 8 14 20 18 26 21 20 15 19 31 35 26 39 23 50 21 26 0 0 0 0 
0 30 41 34 37 25 18 11 28 28 24 18 28 29 27 22 29 16 53 32 32 15 34 37 34 42 41 54 0 0 0 0 
0 47 37 49 40 26 38 28 28 27 50 54 56 24 35 54 16 44 37 34 38 86 31 34 28 39 27 36 0 0 0 0 
0 19 12 28 10 16 7 16 20 8 11 6 6 10 14 16 8 11 9 1 9 9 21 10 7 14 2 3 0 0 0 0 
0 26 15 6 15 11 17 18 6 14 7 13 14 19 17 10 16 10 18 12 19 15 12 16 29 38 18 19 0 0 0 0 
0 17 7 0 2 4 3 2 2 6 2 1 0 0 2 0 4 3 2 6 1 3 3 2 2 0 0 3 0 0 0 0 
0 12 15 8 22 8 7 36 0 9 0 9 7 11 7 12 20 3 15 3 0 15 13 32 3 10 12 10 0 0 0 0 
0 35 39 71 44 27 52 38 13 23 8 15 26 29 22 27 45 15 50 8 21 22 15 39 25 21 33 17 0 0 0 0 
0 25 32 40 19 11 36 23 19 16 13 16 17 21 19 10 29 14 28 18 31 17 15 17 26 31 19 24 0 0 0 0 
0 26 31 12 23 5 16 13 15 14 7 42 16 25 7 17 9 19 15 17 15 22 21 17 16 19 11 25 0 0 0 0 
0 16 16 10 40 9 13 22 14 40 16 6 14 16 8 12 42 14 20 29 26 24 32 21 13 12 10 32 0 0 0 0 
0 42 70 40 29 27 30 26 25 41 24 30 16 33 19 25 30 29 21 47 37 64 54 50 41 58 53 50 0 0 0 0 
0 27 13 15 12 12 6 5 10 14 23 18 5 9 6 12 14 14 23 23 8 16 16 17 36 34 34 27 0 0 0 0 
0 34 22 16 24 20 21 13 16 21 24 20 15 16 23 20 28 18 28 31 16 23 19 30 24 29 19 26 0 0 0 0 
0 29 16 18 47 6 17 52 44 11 17 15 12 31 20 8 20 18 24 8 6 28 20 21 5 25 18 8 0 0 0 0 
0 10 7 7 17 6 6 25 0 8 0 7 9 11 12 9 19 4 14 1 1 15 14 21 4 12 12 8 0 0 0 0 
0 17 24 35 31 14 34 31 7 9 5 37 14 24 13 23 33 14 39 7 13 20 13 38 12 15 28 19 0 0 0 0 
0 34 48 13 25 5 18 16 19 15 7 55 9 28 6 22 8 16 15 18 17 20 26 14 13 16 11 20 0 0 0 0 
0 38 30 24 24 19 15 11 16 11 18 9 8 9 11 16 16 18 13 17 24 47 26 42 26 47 27 18 0 0 0 0 
0 13 15 6 7 18 10 0 4 3 1 2 3 6 2 8 0 6 0 4 2 6 3 2 1 0 1 0 0 0 0 0 
0 29 9 18 27 4 10 37 33 10 12 9 12 27 16 13 17 12 16 6 4 24 17 12 3 19 12 6 0 0 0 0 
0 19 13 6 7 0 9 13 2 2 2 20 1 4 1 17 5 0 1 1 5 4 14 0 2 4 2 1 0 0 0 0 
0 5 2 4 4 0 7 7 1 1 0 8 3 0 1 12 1 3 2 0 7 1 10 3 2 3 2 0 0 0 0 0 
0 62 55 51 52 52 52 49 41 33 18 42 32 45 41 44 44 31 24 36 53 49 47 38 47 67 56 59 0 0 0 0 
0 57 46 34 37 32 41 26 38 35 31 56 43 45 57 48 70 47 63 72 52 72 59 86 78 90 58 79 0 0 0 0 
0 62 58 42 42 32 18 23 24 51 24 25 24 39 31 22 25 18 30 40 38 37 42 38 44 59 56 29 0 0 0 0 
0 28 7 3 26 0 8 15 8 5 7 8 12 15 24 7 10 14 20 9 12 17 4 8 19 9 4 30 0 0 0 0 
0 40 20 34 55 52 38 60 30 43 27 29 22 37 31 37 66 57 32 25 48 34 33 24 55 28 27 42 0 0 0 0 
0 37 44 46 27 21 19 14 16 7 9 23 8 10 20 7 6 14 14 13 16 19 13 6 7 15 16 18 0 0 0 0 
0 30 20 2 30 9 7 6 8 9 12 13 2 3 10 10 9 6 7 16 14 17 2 2 3 2 13 1 0 0 0 0 
0 50 31 4 16 10 15 6 12 11 15 19 10 9 20 16 23 9 14 19 33 18 25 6 29 18 30 22 0 0 0 0 
0 97 81 61 71 43 30 40 34 36 24 24 16 19 26 10 12 10 15 18 16 20 24 8 14 11 11 25 0 0 0 0 
0 57 59 32 58 28 12 40 41 22 23 28 14 36 27 27 13 14 24 19 16 49 31 18 27 11 22 21 0 0 0 0 
0 34 28 20 18 12 12 8 17 11 16 13 12 9 9 21 13 5 20 10 17 12 20 18 16 30 17 41 0 0 0 0 
0 43 42 40 22 41 19 24 18 32 25 17 15 14 23 26 31 26 7 31 21 16 13 33 21 28 39 24 0 0 0 0 
0 64 50 53 51 39 54 35 61 55 46 103 57 62 84 85 99 70 105 99 98 107 95 129 131 127 125 153 0 0 0 0 
0 90 108 73 77 56 53 54 55 69 86 77 100 50 71 82 32 76 66 58 67 127 64 75 83 77 71 59 0 0 0 0 
0 67 112 60 47 48 42 42 43 56 71 59 60 65 58 80 33 74 62 61 66 102 62 75 99 74 79 44 0 0 0 0 
0 27 40 30 27 30 38 10 31 26 65 16 57 40 29 29 43 25 45 45 31 24 52 53 29 32 26 25 0 0 0 0 
0 61 61 40 46 41 38 19 49 45 50 30 53 60 48 41 47 36 62 61 53 40 66 59 57 85 59 62 0 0 0 0 
0 12 10 6 3 6 6 5 12 6 7 6 6 3 13 5 6 8 12 9 11 17 13 12 30 23 17 18 0 0 0 0 
0 45 43 27 37 22 20 19 20 18 22 28 26 14 32 20 10 18 16 20 31 21 28 20 24 19 33 27 0 0 0 0 
0 52 42 31 65 45 36 38 34 38 36 51 33 32 48 35 49 47 43 27 57 38 40 21 39 32 34 40 0 0 0 0 
0 130 97 78 157 111 88 114 79 98 111 91 98 62 123 85 158 92 91 64 104 119 96 57 100 109 148 105 0 0 0 0 
0 72 66 53 56 48 72 58 34 45 44 54 41 46 63 34 70 40 42 45 62 60 44 34 54 69 80 38 0 0 0 0 
0 55 37 45 23 8 46 14 7 10 14 28 19 42 21 11 14 21 37 17 23 44 45 27 29 35 21 67 0 0 0 0 
0 24 9 0 6 0 9 1 3 3 6 9 11 12 14 0 15 3 10 0 9 15 27 1 19 6 18 3 0 0 0 0 
0 48 17 20 49 14 24 42 23 23 25 22 31 37 53 31 24 31 40 28 34 53 31 35 55 47 38 43 0 0 0 0 
0 65 42 23 48 28 23 24 41 45 32 41 27 55 20 32 45 29 58 36 47 36 54 61 55 75 70 46 0 0 0 0 
0 12 5 0 1 0 3 4 1 1 6 1 2 1 0 2 2 3 4 4 6 0 10 9 5 6 7 6 0 0 0 0 
0 21 12 17 24 8 14 11 12 8 8 10 10 6 8 8 11 6 7 9 10 18 13 15 9 14 9 13 0 0 0 0 
0 32 21 21 28 12 25 23 11 33 8 34 25 52 25 13 22 7 10 18 16 14 27 13 12 24 18 9 0 0 0 0 
0 6 8 2 2 1 2 2 1 11 1 6 4 9 3 4 4 10 1 3 2 10 8 5 2 9 5 9 0 0 0 0 
0 12 4 0 2 4 6 0 2 4 0 1 0 2 2 0 4 2 1 4 0 2 2 2 3 0 1 1 0 0 0 0 
0 63 46 33 48 46 50 44 29 30 37 35 47 40 55 30 63 31 27 32 42 52 33 18 62 60 62 43 0 0 0 0 
0 17 14 24 17 12 18 7 13 24 19 18 26 28 19 16 18 14 19 20 22 32 23 27 22 26 22 26 0 0 0 0 
0 49 49 18 49 16 17 20 15 42 18 14 14 8 11 20 46 16 38 36 43 29 20 12 23 6 22 32 0 0 0 0 
0 30 12 6 10 5 3 4 16 7 29 8 6 12 8 8 11 9 17 18 19 26 21 12 40 44 39 13 0 0 0 0 
0 24 9 9 14 3 4 9 5 7 16 5 6 8 10 6 11 9 8 11 4 9 5 5 11 19 13 9 0 0 0 0 
0 31 6 9 7 1 1 6 3 4 12 3 4 8 9 0 5 6 8 4 4 8 4 2 0 11 2 1 0 0 0 0 
0 5 4 6 31 11 16 44 6 15 3 16 16 21 13 16 37 6 19 6 1 18 29 46 10 23 28 18 0 0 0 0 
0 30 17 27 33 13 20 10 6 20 3 15 9 14 18 16 7 7 18 10 12 36 23 31 20 33 24 14 0 0 0 0 
0 12 8 7 3 4 4 6 6 6 2 10 7 1 4 8 6 19 4 2 9 5 11 8 2 8 4 4 0 0 0 0 
0 39 31 33 42 31 35 54 30 36 29 47 32 35 35 37 67 51 52 42 51 63 57 55 68 71 45 70 0 0 0 0 
0 50 48 57 33 37 28 40 21 26 15 23 10 20 28 20 18 25 19 13 49 28 20 15 32 29 16 31 0 0 0 0 
0 45 11 0 6 0 9 0 3 3 17 11 9 12 17 0 15 3 6 0 15 12 9 0 16 6 18 3 0 0 0 0 
0 24 37 23 31 19 20 16 20 25 13 19 16 14 26 26 19 18 19 23 27 15 28 26 26 29 28 47 0 0 0 0 
0 39 37 28 26 10 6 29 27 16 14 13 11 31 15 23 12 12 21 16 10 32 24 21 24 17 11 18 0 0 0 0 
0 42 50 28 26 21 8 17 10 32 29 20 16 14 11 14 20 11 11 22 23 12 13 16 21 21 24 18 0 0 0 0 
0 73 110 67 49 50 47 45 51 64 70 68 67 68 65 82 43 76 60 68 65 108 69 74 98 80 82 61 0 0 0 0 
0 10 12 7 6 8 10 1 15 8 11 4 12 14 6 15 14 9 23 12 10 12 16 13 9 9 6 4 0 0 0 0 
0 4 0 0 0 0 0 1 0 0 0 4 0 0 0 0 0 0 3 0 3 0 0 0 3 4 0 6 0 0 0 0 
0 30 32 12 12 16 7 5 9 10 14 7 14 6 15 14 7 14 18 15 26 12 27 30 15 19 29 20 0 0 0 0 
0 83 62 63 78 60 82 58 26 51 49 43 56 45 86 47 74 38 54 46 47 66 41 54 55 71 108 50 0 0 0 0 
0 0 2 0 1 0 0 1 0 1 0 0 3 0 1 0 1 0 1 0 1 0 19 1 5 0 1 0 0 0 0 0 
0 13 12 5 6 4 8 8 0 5 2 4 4 13 5 8 4 5 3 3 4 1 4 2 5 5 4 8 0 0 0 0 
0 3 7 12 0 1 1 7 1 6 6 0 5 2 1 1 1 0 16 0 5 5 0 8 4 3 0 7 0 0 0 0 
0 11 16 15 12 5 15 18 13 11 11 12 12 16 11 9 16 10 15 9 18 14 9 17 13 18 12 12 0 0 0 0 
0 72 64 28 53 34 40 26 37 48 27 22 20 18 28 22 23 19 24 25 17 31 22 16 18 26 22 12 0 0 0 0 
0 33 9 15 13 14 9 20 1 8 16 7 5 14 15 9 21 10 12 6 2 9 19 16 12 19 25 9 0 0 0 0 
0 28 13 20 28 16 16 47 23 15 11 26 15 27 21 25 31 15 28 10 14 43 19 26 31 14 24 26 0 0 0 0 
0 48 71 61 80 55 45 71 70 54 60 49 27 66 41 49 60 54 56 52 56 82 71 42 62 48 61 63 0 0 0 0 
0 0 0 0 0 0 0 0 0 0 0 0 0 0 0 0 0 0 0 0 0 0 0 0 0 0 0 0 0 0 0 0 
0 24 9 4 7 11 9 4 5 5 2 4 3 1 6 3 6 4 5 6 5 8 4 2 6 6 1 3 0 0 0 0 
0 2 5 16 0 0 0 8 0 10 4 0 0 0 2 2 2 0 11 2 4 5 0 9 4 3 0 3 0 0 0 0 
0 14 19 9 19 10 15 7 7 18 5 6 4 17 4 7 7 7 12 9 4 17 9 9 12 19 12 8 0 0 0 0 
0 14 21 13 21 16 15 12 26 23 22 27 15 16 19 28 25 27 31 13 22 37 40 28 32 53 67 53 0 0 0 0 
0 41 11 19 1 13 4 12 12 8 20 2 0 10 20 5 8 11 4 3 1 3 14 1 18 15 9 1 0 0 0 0 
0 1 3 8 0 0 0 8 0 8 4 0 0 0 2 1 1 0 5 1 4 2 0 3 9 4 0 2 0 0 0 0 
0 39 73 42 31 16 36 45 49 25 14 16 17 27 30 19 32 22 17 23 32 22 16 10 22 22 18 2 0 0 0 0 
0 34 37 33 11 18 14 7 13 11 1 14 7 12 20 5 6 8 5 8 13 10 12 3 0 10 8 22 0 0 0 0 
0 24 29 35 18 32 20 30 49 41 30 47 26 35 48 61 32 44 49 48 38 72 92 68 69 97 80 142 0 0 0 0 
0 161 106 84 89 60 33 18 38 32 22 26 15 14 19 12 5 5 7 9 19 19 25 2 7 4 7 8 0 0 0 0 
0 92 105 58 51 49 47 46 41 73 35 49 32 56 45 46 53 22 50 57 57 51 58 55 57 71 63 48 0 0 0 0 
0 1 1 0 0 0 0 0 0 0 0 0 0 0 0 1 1 0 0 0 0 0 0 0 0 1 0 1 0 0 0 0 
0 13 11 11 7 5 2 0 2 12 4 10 0 6 9 5 14 9 7 10 5 8 3 0 3 4 7 1 0 0 0 0 
0 21 3 3 6 1 5 0 1 5 3 4 5 5 1 6 3 6 1 1 3 2 3 4 2 2 2 3 0 0 0 0 
0 12 21 17 14 12 10 16 22 15 14 16 12 15 28 25 27 17 42 24 26 20 34 25 33 42 47 58 0 0 0 0 
0 48 48 42 34 17 30 21 32 24 46 43 46 19 31 36 23 34 36 20 36 76 42 32 33 47 28 31 0 0 0 0 
0 20 78 35 20 39 17 44 22 47 44 36 24 69 31 61 22 50 29 57 47 48 57 56 73 44 67 37 0 0 0 0 
0 20 20 27 14 13 5 8 14 18 14 22 10 11 13 13 9 24 28 13 23 24 23 11 25 27 23 26 0 0 0 0 
3 98 120 111 98 105 64 94 52 100 62 49 56 64 70 86 80 70 69 75 72 88 82 78 80 114 109 93 0 0 0 0 
0 38 70 26 32 32 34 22 23 36 18 19 26 30 47 18 31 21 19 11 11 30 12 22 12 13 8 8 0 0 0 0 
0 21 19 25 5 13 8 12 9 7 12 9 9 23 26 4 10 7 3 1 6 11 7 5 5 5 3 2 0 0 0 0 
0 11 6 0 2 0 3 0 0 1 0 2 0 2 0 1 1 4 0 0 1 1 1 0 7 27 7 0 0 0 0 0 
0 48 32 21 30 19 11 9 20 39 13 10 21 33 14 9 28 14 19 17 33 19 27 32 38 79 48 17 0 0 0 0 
0 64 31 33 38 38 37 22 33 19 30 21 17 23 22 15 27 16 3 19 25 33 22 9 21 25 12 27 0 0 0 0 
0 57 48 30 49 36 31 35 46 42 44 47 24 57 46 35 55 51 74 44 54 74 49 72 76 51 75 75 0 0 0 0 
0 109 78 17 74 54 56 47 93 77 70 113 39 200 64 51 129 150 202 57 108 135 107 175 152 86 181 142 0 0 0 0 
0 31 49 31 42 28 25 21 17 18 25 12 10 25 26 27 21 29 21 16 28 18 12 22 21 23 12 20 0 0 0 0 
0 19 17 3 4 5 3 2 3 1 3 2 2 2 3 6 12 4 3 7 16 4 10 4 12 13 15 11 0 0 0 0 
0 52 65 32 49 48 35 29 20 41 27 25 27 28 46 41 27 24 48 37 31 36 38 31 44 42 41 37 0 0 0 0 
0 41 24 17 39 32 11 17 7 15 18 6 13 0 12 24 18 11 4 21 9 4 9 29 15 21 37 12 0 0 0 0 
0 18 14 8 22 14 5 20 23 6 7 5 8 4 4 9 6 6 5 13 4 4 16 9 4 10 30 7 0 0 0 0 
0 11 17 10 6 14 8 4 26 10 13 6 20 16 13 11 17 10 30 21 15 9 31 36 28 32 38 41 0 0 0 0 
0 1 9 0 20 13 14 7 46 0 21 5 0 8 19 30 8 3 8 4 19 7 22 10 5 7 6 2 0 0 0 0 
0 19 26 11 29 14 23 37 30 12 9 17 17 23 19 20 32 13 15 9 20 22 20 27 14 24 15 14 0 0 0 0 
0 3 0 1 14 9 6 2 11 0 14 26 3 7 6 4 3 1 3 3 3 3 1 9 6 1 4 5 0 0 0 0 
0 15 5 5 13 4 4 0 5 6 12 17 0 11 4 3 8 7 23 8 6 5 4 6 18 9 15 18 0 0 0 0 
0 6 17 6 27 6 11 8 4 3 10 11 5 12 6 0 7 8 27 4 6 8 8 16 17 6 14 14 0 0 0 0 
0 7 17 6 31 11 23 39 4 10 3 14 15 21 9 8 35 9 21 2 7 16 23 30 17 20 23 21 0 0 0 0 
0 2 2 5 30 16 26 40 0 8 0 25 17 20 9 26 35 3 24 2 0 35 14 57 7 21 27 19 0 0 0 0 
0 21 19 12 22 22 10 1 6 8 3 3 5 7 3 8 0 6 1 5 0 4 0 3 0 4 3 3 0 0 0 0 
0 20 15 9 20 10 19 5 5 3 6 14 2 3 11 18 4 10 12 11 3 8 6 11 8 11 13 11 0 0 0 0 
0 44 36 28 15 13 13 17 13 7 11 15 8 18 25 9 8 16 9 13 15 15 7 7 8 11 15 15 0 0 0 0 
0 28 23 2 32 4 3 7 6 7 7 14 1 5 7 9 3 0 4 13 18 12 0 0 1 0 7 0 0 0 0 0 
0 105 71 52 96 54 22 23 25 31 17 24 15 36 24 19 12 18 17 27 22 27 31 12 41 24 18 17 0 0 0 0 
0 36 18 19 22 12 9 5 8 9 8 6 6 9 6 6 2 3 14 16 13 6 15 6 8 22 8 25 0 0 0 0 
0 14 15 16 9 19 6 5 7 12 8 7 7 7 10 7 16 10 1 11 4 5 7 23 6 9 14 0 0 0 0 0 
0 39 38 39 34 36 25 26 29 29 38 23 41 14 34 28 33 38 26 34 31 58 35 54 56 52 55 47 0 0 0 0 
0 51 26 12 30 11 6 5 14 8 15 7 16 15 29 10 14 15 18 16 16 29 21 12 38 37 30 26 0 0 0 0 
0 34 43 27 28 12 27 26 34 32 26 31 15 34 31 18 41 18 20 30 52 38 30 30 46 46 34 29 0 0 0 0 
0 75 51 35 50 23 20 39 25 56 18 18 24 32 25 23 27 19 45 33 57 37 46 48 63 61 56 41 0 0 0 0 
0 39 32 8 18 15 22 18 38 17 17 26 10 46 16 15 27 43 30 25 41 28 39 41 35 31 42 39 0 0 0 0 
0 29 22 34 64 22 43 39 25 32 13 26 33 45 26 15 35 8 18 22 22 18 29 17 19 33 29 18 0 0 0 0 
0 51 36 24 39 30 28 33 26 24 22 20 36 13 33 22 53 20 22 20 30 39 32 14 29 35 55 22 0 0 0 0 
0 40 11 11 9 3 11 8 1 1 5 8 21 18 5 8 10 8 1 11 3 25 9 4 17 18 17 21 0 0 0 0 
0 66 31 30 24 7 18 18 13 14 18 10 11 12 6 14 19 14 8 23 7 22 12 8 5 13 7 10 0 0 0 0 
0 65 36 27 24 14 20 16 23 21 31 31 28 30 31 26 45 29 31 43 30 48 34 45 44 48 32 46 0 0 0 0 
0 27 40 47 16 21 31 58 22 21 19 15 9 21 14 3 13 22 16 13 72 35 26 17 31 38 22 19 0 0 0 0 
0 21 25 41 16 22 11 6 13 12 6 7 1 7 10 8 3 3 3 14 8 5 7 4 3 14 5 13 0 0 0 0 
0 21 23 12 2 11 7 5 22 16 12 3 10 36 5 31 0 26 21 25 2 8 41 23 8 32 3 23 0 0 0 0 
0 101 131 52 47 54 47 47 56 71 58 58 46 75 44 85 47 52 36 62 58 60 66 71 83 66 85 84 0 0 0 0 
0 11 13 10 6 7 8 2 11 21 9 6 10 11 6 11 12 8 19 11 9 3 13 13 7 9 8 7 0 0 0 0 
0 1 6 0 6 0 0 1 0 0 3 4 0 0 0 0 0 3 0 0 0 3 10 3 0 3 0 0 0 0 0 0 
0 44 26 32 19 29 5 7 21 19 19 4 30 11 18 25 22 13 39 35 25 18 39 38 17 11 27 12 0 0 0 0 
0 31 32 21 20 15 26 25 19 19 17 15 15 22 21 23 18 8 3 10 17 10 13 7 21 12 11 17 0 0 0 0 
0 50 43 19 22 11 27 34 26 20 25 19 30 32 21 11 33 22 16 15 32 20 20 14 19 37 18 20 0 0 0 0 
0 14 25 17 17 12 14 22 19 9 6 11 16 11 10 12 5 12 13 7 13 13 9 12 13 11 5 15 0 0 0 0 
0 17 37 43 41 34 28 43 57 48 45 61 46 44 44 70 38 52 48 42 40 52 74 80 56 102 63 141 0 0 0 0 
0 9 19 7 9 5 13 12 17 7 3 0 5 7 4 6 5 4 9 6 3 4 4 2 11 22 30 0 0 0 0 0 
0 10 11 12 14 3 6 9 19 17 2 5 3 9 9 1 4 6 0 3 3 13 5 6 2 8 14 40 0 0 0 0 
0 91 75 62 67 42 21 31 32 24 14 12 22 16 12 18 8 9 10 7 12 17 17 7 11 7 5 4 0 0 0 0 
0 8 4 11 18 5 12 11 5 13 3 6 7 12 8 4 16 4 5 7 9 3 14 5 10 14 12 5 0 0 0 0 
