19 50 56 48 40 50 55 26 59 36 49 31 41 33 67 60 57 60 50 63 53 27 40 60 45 30 41 60 47 56 26 24 
30 10 0 0 10 0 10 10 0 0 0 10 9 30 9 18 32 31 30 18 9 10 18 0 0 20 20 10 20 9 20 41 
19 16 26 13 17 10 3 12 8 8 6 8 3 8 9 3 2 3 10 5 18 10 7 1 13 10 11 13 9 6 3 4 
36 14 12 8 1 7 11 6 16 7 0 8 5 0 2 7 4 9 6 9 22 2 15 0 7 0 15 1 6 2 13 0 
10 2 0 3 1 0 4 4 0 3 1 1 5 1 5 0 0 0 0 0 0 1 0 0 2 0 0 0 1 1 0 0 
35 30 35 27 28 8 20 23 2 27 17 7 10 30 25 11 4 18 12 4 22 36 6 4 28 19 34 5 33 18 30 10 
17 4 2 14 1 14 1 2 15 1 14 14 1 15 1 0 4 29 0 2 0 1 15 14 0 2 17 1 17 26 14 15 
19 0 0 0 0 0 0 1 0 0 0 0 0 0 0 1 0 0 0 0 0 0 0 0 0 0 0 0 0 0 0 0 
60 93 25 47 40 40 50 106 19 107 63 70 48 60 35 39 160 54 112 81 43 27 64 39 30 51 13 42 24 33 43 81 
14 11 9 10 12 1 3 3 4 10 7 17 10 9 6 6 9 1 6 10 7 4 13 13 7 8 2 7 16 7 11 1 
23 39 29 18 22 17 17 19 37 28 25 9 17 18 15 9 13 19 36 32 29 35 22 25 62 39 9 26 50 31 13 30 
31 21 20 15 46 23 17 22 29 27 28 24 30 36 32 26 24 22 28 16 43 18 39 38 29 40 63 27 38 28 18 36 
55 11 22 3 41 22 30 12 12 41 39 6 6 6 59 26 37 30 26 25 55 47 48 2 12 3 26 36 3 24 5 32 
24 7 2 7 9 8 3 0 1 25 0 0 4 9 2 4 21 0 0 0 1 4 2 7 8 0 0 4 0 7 12 1 
26 21 8 8 6 7 17 20 4 5 9 9 20 12 8 0 9 12 19 0 13 25 12 8 10 6 14 6 20 15 0 12 
22 14 11 25 24 22 27 4 9 18 7 10 10 29 19 16 11 12 20 16 19 10 23 20 14 31 18 18 11 29 19 15 
9 7 5 0 0 4 0 9 0 7 6 5 0 10 0 0 12 9 1 0 0 0 5 10 0 0 5 1 5 10 5 7 
16 3 28 2 18 1 1 14 16 2 15 17 4 31 14 3 16 16 27 15 0 27 13 30 1 25 14 16 2 1 3 30 
20 7 14 16 0 12 25 14 28 24 17 17 7 20 14 12 0 7 11 10 20 12 15 7 7 21 7 14 0 12 0 15 
35 39 65 10 31 16 23 37 32 17 30 34 27 22 27 35 37 40 35 21 31 31 32 28 40 16 28 51 50 27 10 26 
5 1 4 0 2 1 0 0 0 3 3 3 2 0 1 0 1 1 6 0 1 4 0 0 0 3 3 3 1 6 0 4 
41 18 16 22 22 28 49 17 33 38 17 14 11 29 15 19 24 30 16 18 26 22 18 30 26 27 22 11 12 22 28 20 
7 1 0 0 2 5 4 0 4 2 2 3 2 5 0 3 0 0 0 0 0 0 0 0 1 1 2 1 0 0 0 0 
1 1 0 0 0 0 0 0 2 0 0 1 0 0 0 0 0 1 0 0 2 0 0 0 0 0 0 0 0 1 0 0 
23 4 0 0 5 11 0 0 8 7 4 4 0 4 10 9 0 7 0 0 16 5 12 4 12 4 0 0 11 0 5 8 
2 2 2 0 0 0 2 0 2 0 0 0 1 1 1 5 2 2 0 6 2 0 1 0 1 0 2 1 1 1 0 1 
5 2 0 3 2 0 2 5 2 1 2 1 0 3 0 0 2 3 2 1 2 3 2 2 3 2 2 3 0 1 5 1 
10 10 0 0 0 0 0 10 11 0 0 10 0 10 1 0 0 11 10 11 0 0 0 11 10 11 0 27 11 0 11 0 
4 2 0 0 1 0 1 1 0 1 0 1 2 1 1 0 2 2 0 0 0 1 1 0 0 0 2 1 1 0 0 1 
13 4 2 3 0 1 2 7 1 7 4 7 3 5 1 6 3 0 5 1 5 9 4 1 0 7 1 2 7 4 8 1 
3 0 1 3 3 0 0 0 0 0 1 0 2 0 2 0 3 3 0 0 0 0 0 0 0 1 0 0 0 5 0 0 
32 15 9 18 12 18 9 17 7 11 8 19 13 12 1 6 20 8 18 8 33 8 10 11 7 9 7 15 20 20 21 10 
2 0 0 1 0 0 1 1 0 2 1 3 0 1 0 0 0 1 1 0 1 1 0 0 0 0 0 0 0 0 1 0 
10 4 16 2 10 6 8 12 14 9 6 8 12 4 10 10 6 16 4 12 10 10 8 4 6 10 14 8 6 16 8 0 
14 7 7 7 5 7 5 1 8 8 3 7 6 5 11 7 5 4 4 5 10 6 8 5 4 8 2 3 3 8 6 1 
30 15 22 12 7 19 21 26 5 42 27 13 18 25 3 32 25 15 42 23 16 19 37 17 37 9 15 17 35 18 19 27 
18 0 0 0 1 0 1 0 8 16 0 0 0 0 0 0 2 0 0 18 7 8 0 0 11 7 0 9 0 1 1 0 
14 1 7 2 5 2 9 0 1 0 0 0 0 10 1 2 1 0 4 3 0 0 1 3 1 12 3 2 1 7 0 4 
45 29 19 19 2 20 9 25 19 33 39 18 26 25 22 2 26 10 8 4 13 21 25 14 38 16 19 24 19 36 6 34 
45 2 18 19 16 2 20 35 22 3 2 35 1 2 21 0 35 4 49 31 21 2 1 19 31 21 36 39 16 19 33 22 
2 1 1 0 1 0 0 0 0 2 1 1 2 0 1 1 0 1 2 0 1 2 1 0 0 2 0 1 0 4 2 1 
7 0 2 6 5 3 3 1 6 4 3 0 1 4 4 4 3 1 4 3 3 3 5 1 8 2 4 2 3 4 1 2 
54 26 18 40 13 26 9 22 4 27 23 21 27 31 4 48 17 25 18 5 34 28 4 18 21 12 21 27 34 19 14 66 
9 4 6 3 4 4 2 10 2 11 5 6 9 3 4 0 4 12 3 0 2 3 8 9 2 6 8 7 10 2 7 8 
49 18 20 19 11 3 2 11 10 38 12 2 17 17 25 30 8 16 0 12 15 18 34 15 11 42 20 13 7 59 24 25 
27 17 0 25 2 34 0 0 17 8 3 17 0 1 1 0 40 17 19 32 1 17 26 17 18 0 9 18 17 17 14 0 
8 5 9 6 0 3 6 10 6 8 6 4 3 7 2 9 8 7 2 6 12 9 6 2 5 8 8 2 5 4 9 4 
27 16 7 12 20 14 15 18 14 16 16 9 14 15 18 19 24 10 13 10 16 13 23 19 11 20 14 12 16 15 16 8 
35 5 7 0 5 12 10 17 11 0 7 2 11 11 7 21 14 17 1 4 2 0 5 6 5 19 0 8 5 7 5 4 
14 4 5 12 7 5 8 2 7 6 6 1 5 7 10 6 11 7 9 7 5 9 12 2 10 2 6 10 9 7 5 7 
14 12 0 3 16 10 13 3 11 4 18 11 12 1 3 2 11 11 1 3 2 26 0 8 21 22 1 0 3 2 11 10 
15 2 7 5 8 3 5 2 1 0 10 15 1 7 8 1 19 3 6 6 8 12 5 3 6 7 5 6 6 2 10 10 
6 18 9 14 15 22 12 9 18 14 20 30 19 6 9 11 19 9 9 8 12 9 15 6 12 13 9 9 8 12 19 6 
48 12 25 25 24 19 23 28 45 34 12 15 23 25 70 23 9 53 1 14 27 23 15 24 16 27 62 33 11 19 39 41 
5 0 5 8 0 0 0 0 0 0 4 0 0 0 0 0 0 0 4 0 6 0 0 0 0 0 0 0 0 0 0 0 
50 18 19 41 12 43 22 11 33 31 25 19 34 11 4 19 7 19 35 28 24 4 23 5 26 14 10 10 38 7 31 10 
15 2 2 2 2 2 5 0 8 8 13 8 14 12 9 0 9 1 7 0 9 0 6 12 14 3 2 1 1 8 8 13 
3 2 0 2 1 2 0 1 1 2 2 2 1 1 1 0 2 1 2 1 1 1 0 0 2 0 4 1 1 0 0 0 
63 57 40 47 56 56 63 80 39 16 63 49 48 68 67 26 32 56 34 64 26 57 58 40 56 49 63 56 84 63 49 40 
2 1 1 0 0 0 4 2 2 0 0 0 0 1 0 4 0 0 0 0 2 2 0 0 2 0 2 0 4 0 0 2 
11 5 0 5 0 5 1 4 0 0 2 1 1 6 0 5 0 10 5 0 0 0 0 4 5 0 5 8 5 8 0 0 
7 0 2 2 0 2 4 2 1 2 3 3 2 2 3 0 2 1 1 0 1 0 0 2 3 1 2 2 0 0 1 2 
26 3 5 5 14 6 4 15 6 14 4 9 2 15 6 7 12 5 5 3 4 1 7 7 10 20 3 15 5 2 16 16 
30 2 11 25 11 36 20 28 7 39 28 22 13 36 5 14 5 16 12 16 16 4 13 6 31 9 10 18 3 18 23 17 
21 5 17 5 9 5 10 2 6 16 4 4 8 4 2 4 20 4 6 2 2 28 0 14 10 25 13 2 10 17 22 17 
5 6 3 7 3 3 4 9 3 9 3 6 6 4 5 5 4 2 6 0 1 1 5 4 5 3 3 2 2 5 1 3 
12 1 0 7 0 7 23 0 1 0 1 6 0 7 7 0 0 7 0 2 0 0 0 0 7 0 7 6 7 14 6 7 
17 14 27 11 24 15 21 20 14 22 32 26 16 17 31 23 24 17 11 13 29 19 19 26 14 17 17 11 22 13 15 9 
3 1 1 3 1 0 1 1 0 2 1 1 1 2 3 4 1 1 2 0 2 3 2 0 0 1 1 0 1 2 0 0 
56 38 35 48 43 32 74 40 24 26 39 18 57 10 33 27 24 40 35 34 51 78 33 14 47 86 60 25 14 54 68 16 
7 0 0 12 0 6 25 12 0 10 10 6 0 12 0 12 0 5 0 0 0 6 0 0 0 0 6 10 10 6 0 0 
37 16 3 19 19 21 16 0 19 16 2 19 33 0 2 6 19 16 6 3 0 22 5 3 31 9 2 30 6 9 3 3 
24 1 2 1 10 1 0 1 2 4 0 0 10 0 12 4 1 2 0 1 2 11 11 2 2 0 2 0 11 1 10 3 
33 9 2 2 2 10 27 16 5 3 9 0 4 4 11 18 3 15 13 9 4 15 0 21 12 9 2 12 14 9 16 18 
17 1 0 0 0 0 0 5 1 7 6 1 0 12 1 0 0 6 1 1 0 7 0 6 1 0 1 0 0 1 0 6 
24 15 14 14 15 16 8 7 17 12 22 8 8 20 8 11 7 7 18 16 13 9 9 15 11 18 10 11 13 17 6 10 
26 37 29 12 28 16 16 13 20 12 5 23 19 19 16 19 12 34 2 22 29 20 12 35 22 13 5 13 13 12 16 6 
22 0 66 0 22 10 11 22 22 11 27 0 30 20 23 11 11 11 30 11 0 11 27 23 43 33 11 20 0 11 20 0 
73 26 12 13 13 51 34 0 0 12 31 15 0 24 31 13 31 0 1 26 30 27 0 2 16 24 12 12 24 13 15 24 
14 2 12 10 11 16 3 4 10 5 9 2 7 5 11 7 10 14 9 7 12 8 4 10 6 16 15 9 18 7 6 4 
11 2 14 7 4 4 2 5 6 0 10 2 6 7 5 3 4 4 2 2 2 12 4 6 0 1 5 3 0 5 9 8 
7 6 9 10 4 0 14 9 4 14 4 6 6 7 23 6 4 4 11 20 8 6 6 12 10 8 8 14 4 18 15 6 
12 0 0 0 0 0 0 3 0 0 0 0 0 0 6 3 0 3 0 0 0 0 0 0 0 0 0 0 0 0 0 0 
1 0 0 0 0 0 0 0 0 0 0 0 0 0 0 0 0 0 0 0 0 0 0 0 0 0 0 1 0 0 0 0 
12 11 0 1 0 11 0 11 30 0 1 1 10 11 0 27 0 10 0 11 1 1 10 0 10 10 18 11 30 0 11 0 
2 0 4 2 0 2 0 6 2 0 2 2 3 2 0 4 0 0 0 0 0 0 0 0 0 0 0 0 2 0 0 1 
17 4 16 3 10 6 8 12 14 9 7 8 12 4 10 10 6 16 4 12 10 10 8 4 6 10 14 8 6 16 8 0 
27 9 15 4 5 7 11 41 5 7 10 12 14 16 6 14 7 12 24 10 12 0 4 6 15 17 9 21 21 17 22 11 
10 10 0 0 0 0 9 0 0 0 0 0 0 9 9 0 0 0 0 0 0 0 9 9 0 0 16 0 9 0 9 9 
81 64 72 85 72 79 24 120 74 60 19 67 96 36 108 28 36 24 56 48 55 43 80 57 32 44 90 72 60 80 60 56 
26 0 4 0 0 4 5 3 0 6 0 11 15 4 4 0 0 10 9 8 0 0 7 0 24 0 0 0 10 12 8 0 
16 0 1 2 2 1 0 0 1 3 1 2 2 2 1 1 0 2 3 0 1 1 2 3 1 2 2 2 2 2 1 5 
28 49 46 25 22 3 21 12 28 9 25 7 51 20 15 17 10 39 24 29 20 23 13 34 20 34 23 43 20 18 14 30 
116 111 79 128 59 78 86 53 61 103 86 99 108 80 59 88 38 117 113 70 88 95 58 89 120 63 80 96 111 62 79 48 
1 0 0 0 0 0 0 0 0 0 0 0 0 0 0 0 0 0 0 0 0 0 0 0 0 0 0 0 0 0 0 0 
14 9 4 4 9 6 2 3 5 4 2 4 0 10 9 8 5 11 8 7 6 5 13 4 5 5 7 3 5 6 6 3 
59 59 35 68 57 95 53 33 52 74 95 63 27 52 36 66 42 85 61 51 36 56 63 72 13 49 51 50 71 29 67 33 
17 0 4 9 14 5 0 16 5 0 1 21 4 0 6 18 9 16 19 0 21 0 3 0 1 23 10 0 3 3 7 0 
15 12 6 0 1 0 0 0 12 0 7 0 0 7 19 1 0 0 0 0 7 0 1 8 0 8 7 2 6 0 6 0 
39 10 11 14 12 16 31 5 9 14 18 5 7 21 13 9 8 18 5 14 22 22 18 19 16 7 13 2 24 20 4 12 
9 0 2 3 0 0 0 0 5 2 0 0 0 6 4 0 2 0 1 0 0 0 1 1 0 4 0 10 0 0 0 1 
23 25 20 10 25 15 23 9 11 16 3 8 31 17 18 9 8 14 25 18 36 16 24 23 10 19 29 6 18 18 8 15 
10 5 5 6 3 4 4 5 4 4 5 3 6 4 3 7 4 7 10 10 4 2 11 7 3 4 2 4 4 1 3 5 
21 24 24 20 21 38 1 20 30 24 18 18 36 25 7 50 12 0 19 14 26 24 15 31 13 12 15 26 10 21 15 36 
27 27 24 6 14 26 26 10 25 9 15 8 11 13 10 15 12 30 20 39 35 9 8 20 18 20 37 16 20 14 19 31 
34 7 10 21 1 9 8 4 6 8 15 1 6 18 9 9 29 17 12 10 8 7 4 9 15 13 7 11 22 19 4 15 
2 0 0 0 0 0 0 0 0 0 0 0 0 0 0 0 0 0 0 0 0 0 0 0 0 0 0 0 0 0 0 0 
25 28 9 2 4 4 4 14 14 4 7 3 6 3 4 5 7 4 9 15 6 7 17 9 5 2 2 3 4 15 8 6 
28 3 55 21 33 9 14 39 20 8 7 11 34 38 9 10 27 9 45 22 15 26 26 6 18 23 35 3 19 26 11 26 
11 7 3 2 5 4 6 2 1 1 6 2 6 4 2 3 5 4 4 2 4 1 1 3 6 6 3 2 4 3 2 4 
14 5 6 2 8 13 9 2 4 16 11 4 9 4 4 2 5 10 1 8 2 7 6 7 7 6 5 1 3 3 6 6 
35 6 6 18 13 10 19 35 24 10 36 12 8 1 24 24 0 19 6 18 41 11 6 6 8 5 11 6 0 24 24 18 
8 12 11 10 6 10 9 1 9 12 2 8 8 7 4 9 7 6 7 6 6 10 12 7 3 14 10 6 10 7 5 3 
12 9 13 5 13 11 24 9 9 12 7 19 5 9 9 9 14 2 15 28 8 10 12 9 11 10 9 6 6 12 10 7 
1 0 0 0 0 0 0 0 0 0 0 0 0 0 0 0 0 0 0 0 0 0 0 0 0 0 0 0 0 0 0 0 
14 19 10 19 17 10 13 18 19 18 12 8 9 6 8 9 14 14 14 11 6 13 17 9 12 6 10 19 9 22 23 16 
39 60 52 47 42 31 48 42 24 23 23 63 55 26 23 43 66 58 33 90 31 42 41 57 37 66 71 41 37 28 34 23 
11 2 5 9 10 7 8 10 4 8 3 8 7 9 1 7 1 4 4 2 3 7 1 9 6 5 5 5 5 6 6 2 
22 11 2 12 12 7 15 7 10 7 13 10 12 15 9 12 18 12 14 20 9 5 12 15 6 6 12 8 10 6 3 10 
3 1 5 0 2 2 4 0 2 2 0 0 1 0 1 1 1 3 0 1 2 1 2 1 1 0 0 0 0 0 0 1 
3 1 1 2 0 2 0 2 0 2 4 3 0 0 0 1 2 1 1 5 1 2 1 1 0 0 1 1 0 0 4 1 
33 3 14 24 10 7 14 28 5 20 14 17 13 14 6 16 4 9 2 14 14 5 9 19 26 6 8 4 15 9 12 10 
10 5 6 7 8 6 7 6 6 6 5 5 6 5 9 8 9 13 6 6 7 7 4 10 9 6 0 4 10 9 3 6 
7 3 4 4 7 9 3 6 4 5 7 5 5 7 2 5 10 3 2 9 1 10 5 5 2 3 4 3 6 7 2 4 
12 0 0 3 0 0 1 6 0 1 0 3 3 0 0 0 3 1 0 0 3 1 0 7 12 3 0 4 0 0 9 0 
2 2 2 0 0 2 5 2 2 0 0 0 0 0 0 0 5 0 0 2 0 6 0 0 4 0 2 0 4 0 0 0 
11 0 0 0 0 0 0 11 1 10 10 10 10 1 0 0 10 0 0 0 0 10 18 0 0 0 0 10 10 11 1 10 
1 0 0 1 0 0 1 1 0 1 0 1 0 1 0 0 0 0 0 0 1 0 0 0 1 0 0 0 0 0 0 0 
5 3 3 4 7 2 4 1 5 7 0 7 6 4 6 3 6 4 5 2 3 10 3 6 3 3 2 2 4 3 4 0 
8 4 3 3 3 5 4 3 7 4 7 7 2 2 6 3 3 5 3 5 4 1 5 7 1 6 5 1 2 5 5 2 
16 34 8 3 14 15 1 5 3 47 12 26 24 17 4 26 35 16 16 12 23 26 1 17 17 24 14 21 27 0 6 23 
2 1 0 0 0 1 0 1 0 0 1 0 0 0 0 2 1 1 0 2 1 0 1 1 3 0 1 0 0 1 0 0 
1 0 1 0 1 1 1 0 0 1 0 0 1 0 0 0 0 0 1 0 0 0 0 1 0 0 0 0 0 0 1 1 
8 3 5 3 2 10 0 5 5 3 0 2 1 12 7 2 3 5 3 2 2 2 11 7 5 3 1 1 5 4 5 7 
3 0 0 0 0 0 0 0 0 0 1 0 1 0 1 0 0 0 0 1 0 0 0 1 0 0 0 0 0 1 0 1 
7 3 2 4 4 6 4 5 5 5 9 0 4 4 2 5 6 4 0 6 1 1 4 1 1 7 2 3 3 2 2 3 
2 0 0 0 0 0 1 0 2 0 0 1 0 0 0 2 0 0 0 0 0 1 0 0 0 0 0 0 0 0 0 0 
6 6 6 4 2 3 2 5 0 4 3 6 5 6 5 3 0 5 2 5 6 4 3 7 5 2 2 4 1 5 4 0 
10 4 10 16 11 15 4 7 6 1 0 3 13 10 5 6 5 9 6 1 10 13 14 12 10 1 6 5 16 3 8 2 
42 3 10 24 8 20 24 8 10 29 25 6 5 4 26 11 3 9 10 6 22 5 4 27 20 6 4 12 23 10 6 12 
22 22 20 22 21 75 76 20 21 22 21 20 20 0 21 0 1 42 3 60 41 21 1 22 0 20 21 39 21 22 21 0 
20 0 0 0 20 10 21 11 0 9 0 27 10 0 20 11 30 0 17 24 9 1 0 9 20 10 10 9 0 20 0 20 
42 1 5 23 18 25 3 17 19 11 4 37 18 16 10 17 16 11 32 24 4 21 11 9 2 19 3 8 15 18 14 0 
0 0 0 0 0 0 0 0 0 0 0 0 0 0 0 0 0 0 0 0 0 0 0 0 0 0 0 0 0 0 0 0 
38 12 12 6 11 13 17 9 10 22 9 10 22 13 27 19 19 9 7 9 13 10 9 7 15 12 11 14 19 26 24 25 
23 30 27 8 25 24 17 35 12 12 11 7 29 10 9 26 15 38 17 3 20 17 20 17 17 19 19 32 13 27 24 8 
12 1 0 3 0 0 1 0 0 2 1 6 7 0 2 0 1 1 0 0 0 4 1 0 1 0 0 0 1 1 0 4 
22 2 10 16 18 8 8 17 11 6 6 12 10 10 14 0 4 8 4 12 8 6 6 6 22 4 18 14 12 12 14 0 
33 16 8 9 10 18 9 25 29 13 1 18 34 3 36 11 19 33 29 18 11 3 17 13 26 23 42 3 35 0 27 9 
14 5 4 0 2 3 4 9 2 3 2 4 1 4 0 2 11 2 2 4 15 14 2 4 5 3 17 3 4 10 1 4 
15 0 7 1 8 0 0 0 7 0 0 0 0 0 0 6 0 7 0 7 8 0 0 8 0 0 0 0 0 13 1 0 
21 11 5 6 5 8 10 22 14 9 13 7 6 2 3 5 8 9 9 6 4 3 3 3 5 2 5 10 1 14 4 6 
23 0 10 0 5 0 1 0 1 3 2 3 0 4 1 10 1 2 2 1 0 0 1 1 0 5 4 0 0 5 5 0 
9 7 0 0 0 0 0 0 0 7 0 12 0 0 0 13 0 0 0 0 0 7 0 0 0 0 0 0 1 0 7 0 
29 13 0 44 36 12 1 12 24 11 13 0 1 12 36 11 22 23 33 0 1 36 20 2 0 12 0 12 13 30 22 25 
16 2 5 3 0 1 1 4 2 4 3 9 3 7 7 0 2 1 8 2 0 1 1 0 1 4 1 7 5 9 2 2 
12 3 1 5 0 1 6 6 13 3 8 9 0 3 1 15 2 31 16 1 9 0 2 5 2 5 0 0 11 5 1 2 
3 2 1 2 1 0 0 1 0 0 2 2 2 0 0 0 0 0 2 0 0 1 3 0 1 0 0 2 0 2 1 0 
31 9 12 12 30 14 4 15 16 13 25 1 17 9 3 25 18 13 16 22 13 15 14 11 21 14 19 17 11 12 22 6 
41 24 46 42 39 40 26 31 30 10 41 46 12 43 37 12 55 31 58 54 36 26 18 56 88 30 38 12 26 44 30 17 
35 12 12 11 14 0 1 1 0 0 25 0 15 30 0 11 0 15 0 14 3 11 15 3 3 0 0 1 0 31 36 3 
6 8 0 4 0 0 4 0 0 0 0 1 0 1 0 5 0 4 0 1 0 0 0 0 0 0 0 0 4 0 0 0 
22 10 12 24 1 6 6 13 21 25 6 22 13 6 16 13 1 2 21 18 26 23 10 1 6 9 14 25 5 25 18 6 
24 1 2 7 24 5 3 8 14 6 10 11 1 0 2 6 3 6 5 3 4 10 20 13 18 20 6 22 10 11 3 24 
13 7 4 4 7 6 4 6 6 2 3 1 4 18 13 3 3 2 5 7 9 3 5 9 6 5 6 3 6 8 7 3 
16 3 9 2 6 10 8 3 2 7 9 8 6 11 5 4 3 8 8 3 7 4 4 3 5 8 4 6 7 12 1 5 
20 5 5 12 8 13 3 10 10 1 15 8 8 2 4 4 2 9 10 10 8 6 13 13 11 12 9 2 2 9 9 10 
9 3 12 5 5 5 7 6 4 3 3 2 1 8 2 4 8 6 6 3 7 8 3 1 1 2 6 7 2 1 5 2 
7 2 3 1 4 5 0 1 4 1 3 1 2 6 1 0 5 2 2 7 1 3 2 2 3 4 0 0 2 1 4 2 
11 5 7 3 2 4 2 4 3 3 3 5 1 4 6 6 2 6 4 3 4 4 10 1 2 5 5 3 2 3 7 0 
13 6 3 12 5 6 3 15 4 15 4 7 11 1 5 3 2 9 4 12 7 13 7 2 3 5 15 4 3 15 4 2 
41 18 12 15 6 2 8 3 4 22 10 6 11 15 3 22 6 13 2 11 2 6 17 7 7 1 3 18 12 3 19 14 
9 2 4 3 4 4 7 1 7 1 3 4 2 8 4 4 3 0 0 6 4 2 2 8 1 3 6 3 2 5 0 0 
8 2 0 2 2 1 2 5 0 4 0 2 0 0 1 3 2 1 4 5 1 0 1 1 2 1 2 6 0 2 0 1 
14 2 0 2 4 0 0 0 7 0 6 7 7 1 7 9 10 0 1 0 3 7 1 8 10 18 12 0 8 2 0 4 
19 24 25 33 0 27 33 8 9 22 1 9 23 10 35 0 35 30 15 32 27 10 16 25 33 8 9 17 15 16 25 32 
7 5 7 5 4 8 4 0 6 5 5 2 4 4 4 1 4 2 10 2 5 2 2 6 5 3 4 4 8 2 9 0 
20 17 10 12 0 9 2 6 12 7 5 2 7 7 10 7 5 0 11 8 5 7 6 5 10 7 5 10 5 12 11 3 
3 0 1 3 1 1 3 0 4 1 2 1 0 0 1 0 2 2 2 2 1 0 0 0 1 2 1 1 1 3 3 0 
19 15 4 17 18 13 6 8 12 10 7 8 6 2 5 8 5 8 12 6 4 2 3 8 5 7 9 3 4 6 7 7 
15 27 9 5 10 4 6 18 11 6 5 13 8 15 12 13 4 2 14 10 10 11 5 15 10 9 8 8 9 7 5 12 
25 41 31 26 30 16 7 18 17 18 22 19 25 25 20 17 24 21 29 24 15 24 11 11 28 13 17 22 22 19 9 30 
5 2 1 2 1 2 1 0 0 0 1 0 3 1 3 3 0 0 2 1 1 1 4 1 0 3 2 1 0 1 1 1 
1 1 1 3 1 1 0 0 1 0 0 1 1 0 0 1 0 1 0 0 0 0 0 0 1 1 0 0 0 3 0 0 
0 0 0 0 0 0 0 0 0 0 0 0 0 0 0 0 0 0 0 0 0 0 0 0 0 0 0 0 0 0 0 0 
7 3 8 3 4 5 1 3 4 6 3 8 9 8 4 1 8 5 4 2 5 5 2 4 4 1 8 3 5 3 3 1 
7 0 0 0 0 0 0 1 0 0 0 0 0 1 0 0 0 0 0 0 0 0 0 0 0 0 0 0 0 0 0 0 
50 32 38 23 39 22 32 14 20 46 2 28 20 11 50 21 1 49 36 55 50 56 96 21 91 25 50 22 51 10 37 34 
7 1 0 4 2 4 8 0 0 3 1 0 8 1 3 0 2 2 6 1 3 1 7 2 1 2 6 1 0 5 2 1 
16 12 6 7 1 0 4 1 3 11 1 2 5 2 0 9 0 2 4 2 8 2 3 11 3 2 1 9 11 8 3 11 
10 5 4 3 7 1 5 3 2 4 4 8 5 5 4 3 4 2 2 3 5 3 3 2 6 2 2 6 6 3 5 5 
25 27 15 30 13 35 4 51 31 27 32 35 13 13 21 6 20 32 12 33 9 12 7 44 13 4 39 35 18 24 25 2 
37 34 9 17 0 17 10 42 8 17 18 22 9 26 27 16 0 10 17 18 1 0 17 9 9 9 0 18 10 0 21 2 
15 9 17 16 9 6 5 9 6 11 5 11 12 13 3 7 9 12 6 9 8 6 9 17 5 7 8 9 4 7 6 8 
12 9 6 8 8 3 6 4 12 8 7 4 6 8 5 6 11 4 5 4 9 6 7 11 4 7 3 3 5 5 8 3 
101 39 26 22 81 36 21 36 32 69 54 38 45 49 33 82 62 73 45 50 98 41 73 66 49 71 47 44 55 42 35 73 
4 0 0 0 0 0 0 0 0 0 0 0 0 0 0 0 0 0 0 0 0 0 0 0 0 0 0 0 0 0 0 0 
16 0 1 0 4 1 0 5 0 0 0 0 8 0 0 0 0 0 0 0 1 0 1 0 0 0 0 1 0 0 0 0 
52 29 25 15 17 28 30 32 19 58 43 36 25 25 13 31 37 41 62 21 43 39 23 27 37 32 33 44 11 28 19 28 
37 52 64 62 86 32 78 45 33 83 39 41 43 45 51 88 42 87 39 36 54 65 25 64 49 42 49 32 50 51 52 32 
2 0 0 0 0 1 0 1 0 0 0 0 1 0 0 1 0 0 1 0 0 1 0 0 1 0 0 0 0 0 1 2 
11 0 6 0 5 0 0 10 0 0 0 0 6 1 6 0 6 0 0 0 0 0 0 0 5 0 12 0 5 0 0 0 
19 8 4 13 17 15 5 4 8 7 4 7 9 7 12 15 7 9 5 15 8 7 3 6 5 12 10 12 2 6 23 11 
0 0 0 0 0 0 0 0 0 0 0 0 0 0 0 0 0 0 0 0 0 0 0 0 0 0 0 0 0 0 0 0 
23 7 9 7 2 8 2 3 7 10 3 7 4 5 5 10 7 4 4 7 2 4 9 9 9 14 4 4 6 9 17 7 
16 4 0 0 0 3 9 0 0 10 4 0 4 6 0 0 0 0 0 2 5 0 0 0 3 0 0 0 5 2 7 3 
6 5 3 0 3 0 7 3 4 5 2 3 1 4 2 2 0 4 2 3 5 1 2 0 0 3 1 2 0 1 1 2 
8 0 2 4 2 3 2 1 2 3 4 6 0 2 1 3 0 4 3 2 0 3 3 1 0 1 1 1 2 2 2 3 
1 0 0 0 1 0 0 0 0 0 0 0 0 0 0 0 0 0 0 0 0 0 0 0 0 0 0 0 0 0 0 0 
4 1 3 3 0 0 0 1 1 5 0 0 1 0 0 2 0 0 0 3 0 0 2 0 0 1 1 1 0 1 2 0 
28 17 25 12 15 16 15 13 11 11 11 12 18 17 23 8 13 11 5 11 8 20 18 18 8 14 10 24 25 5 18 7 
4 1 1 1 2 2 0 3 1 1 0 3 0 0 1 1 2 1 4 0 0 2 4 0 4 0 1 1 0 2 2 0 
9 7 4 2 3 4 5 5 2 7 8 3 5 8 2 4 3 5 3 4 5 4 6 7 4 3 4 1 3 2 6 4 
12 0 0 12 0 1 12 0 0 0 0 0 0 0 1 13 0 1 20 1 0 0 0 0 20 11 10 0 11 0 0 0 
28 8 16 15 20 15 8 14 27 17 8 14 18 11 29 9 14 16 21 16 7 15 24 21 25 9 3 3 15 11 10 9 
12 12 2 2 7 1 3 8 10 5 3 4 6 6 6 9 6 4 4 8 4 2 8 4 8 4 7 10 8 4 13 6 
2 0 0 2 0 2 2 0 2 0 0 0 0 0 2 2 4 0 0 0 0 0 0 0 6 0 2 0 0 0 0 0 
19 18 0 13 12 13 24 13 19 13 0 18 0 49 18 18 14 26 48 13 12 0 14 22 12 0 0 13 24 31 26 0 
16 0 0 0 0 0 0 0 0 0 0 1 0 0 0 0 0 1 1 1 0 0 0 0 1 1 0 0 0 0 1 0 
15 8 4 14 19 8 11 14 9 10 15 2 10 8 13 5 12 7 10 9 17 5 10 15 13 7 5 9 11 6 8 10 
31 49 11 17 13 27 8 8 5 8 9 19 6 29 26 17 16 15 15 13 6 13 14 17 20 6 22 6 17 25 24 20 
0 0 0 0 0 0 0 0 0 0 0 0 0 0 0 0 0 0 0 0 0 0 0 0 0 0 0 0 0 0 0 0 
9 0 4 1 5 12 18 6 8 7 11 5 7 2 3 3 4 10 4 25 7 4 6 3 5 1 15 7 4 12 4 4 
34 41 27 21 6 13 15 27 33 15 7 16 26 18 16 14 24 32 21 12 28 24 15 9 14 18 30 13 40 4 17 11 
7 2 0 0 0 0 4 2 0 0 4 0 1 0 0 0 0 2 1 0 0 1 0 6 0 1 5 0 0 3 4 4 
13 6 4 3 2 2 3 4 3 3 4 1 3 3 4 1 2 3 1 2 3 6 2 5 4 2 4 1 5 2 1 3 
1 0 0 0 0 0 0 0 0 0 0 0 0 0 0 0 0 0 0 0 0 0 0 0 0 0 0 0 0 0 0 0 
25 29 38 37 12 55 20 18 53 31 26 36 20 39 19 23 40 48 19 16 13 35 38 39 25 36 13 26 25 24 35 14 
11 2 2 1 2 1 8 1 1 1 0 3 3 0 2 7 8 1 0 2 7 3 0 1 1 2 6 1 1 2 7 8 
10 4 9 3 6 10 5 4 2 10 3 2 10 5 5 2 1 3 7 7 8 5 4 3 7 6 0 7 5 9 4 3 
17 29 27 3 31 45 0 17 3 2 2 26 50 14 2 15 39 14 2 4 40 26 39 13 1 12 28 15 54 3 65 25 
8 4 5 2 4 7 1 3 7 8 7 2 4 2 6 4 3 7 0 3 4 6 5 4 7 2 5 3 1 1 3 0 
10 2 16 6 5 5 3 4 6 0 11 2 6 6 4 2 5 5 2 2 2 12 5 6 1 1 4 3 1 5 10 6 
23 18 27 26 21 13 18 23 9 20 13 36 11 21 10 12 15 20 27 26 3 26 39 19 11 31 15 20 30 34 9 10 
2 1 0 3 0 0 0 1 0 1 0 0 0 2 0 2 0 0 3 0 0 0 2 0 0 0 2 5 4 0 0 0 
15 2 10 11 18 2 8 18 4 0 6 12 11 10 8 0 4 8 4 12 8 6 6 6 22 4 12 14 12 12 9 0 
0 0 0 0 0 0 0 0 0 0 0 0 0 0 0 0 0 0 0 0 0 0 0 0 0 0 0 0 0 0 0 0 
8 4 8 0 0 8 0 8 0 0 0 8 4 0 4 0 0 8 4 0 4 0 6 8 0 12 3 8 0 4 0 0 
0 0 0 0 0 0 0 0 0 0 0 0 0 0 0 0 0 0 0 0 0 0 0 0 0 0 0 0 0 0 0 0 
8 2 8 5 2 3 1 2 4 4 1 4 14 11 2 1 2 8 0 14 1 2 7 2 14 3 16 9 9 1 0 0 
30 19 32 18 14 18 13 15 12 22 29 25 19 19 11 12 26 17 13 9 21 18 17 16 20 21 21 7 13 17 27 17 
22 13 9 24 11 4 1 16 9 13 4 5 6 7 3 6 17 18 5 4 21 11 5 3 20 2 6 5 36 4 18 13 
2 0 0 0 1 1 0 0 1 0 1 3 0 1 0 2 1 0 1 1 0 0 0 2 0 0 0 1 1 1 0 1 
6 5 12 0 6 0 0 6 6 6 18 12 12 0 1 10 0 5 8 6 0 1 6 12 0 6 0 6 0 0 5 6 
13 10 9 9 15 3 17 15 10 10 4 11 7 14 14 9 4 9 12 9 12 14 4 11 4 17 9 20 3 6 11 12 
21 4 20 0 20 0 1 3 2 1 1 2 4 6 2 3 3 10 8 2 9 4 16 10 0 12 8 2 1 0 2 2 
29 15 23 15 23 7 20 31 26 36 14 28 39 37 12 19 27 27 30 26 22 10 31 29 12 33 27 25 36 41 31 15 
11 0 7 0 7 14 7 0 0 0 0 0 4 2 8 3 0 14 14 4 0 7 7 0 6 0 6 0 0 4 6 0 
0 0 0 0 0 0 0 0 0 0 0 0 0 0 0 0 0 0 0 0 0 0 0 0 0 0 0 0 0 0 0 0 
34 38 7 33 33 24 22 24 23 16 23 17 20 7 13 18 18 20 33 21 62 18 47 7 34 5 29 26 28 21 8 10 
14 4 7 0 0 9 0 8 6 7 9 0 3 3 9 6 2 12 4 1 6 11 9 9 6 30 7 0 3 3 15 0 
25 12 6 4 7 8 3 5 7 6 10 9 14 3 9 7 9 7 7 8 12 5 5 5 7 7 8 2 4 6 10 15 
1 0 0 0 1 1 1 0 0 1 0 0 0 0 1 0 1 0 1 0 1 2 3 1 1 0 1 0 0 1 0 0 
0 0 0 0 0 0 0 0 0 0 0 0 0 0 0 0 0 0 0 0 0 0 0 0 0 0 0 0 0 0 0 0 
2 0 0 0 0 0 0 0 0 0 0 0 0 0 0 0 1 0 0 0 0 0 0 0 0 0 1 0 0 0 0 0 
16 1 6 3 7 2 7 0 0 10 2 3 6 12 1 1 0 0 1 10 0 2 8 0 7 2 2 10 15 6 2 1 
2 0 0 0 0 0 0 0 0 0 0 0 0 0 0 0 0 0 0 0 0 0 0 0 0 0 0 0 0 0 0 0 
23 1 5 2 2 3 4 5 0 4 3 2 5 1 1 0 4 5 1 7 11 1 2 5 3 13 2 5 8 4 4 2 
10 1 1 4 0 9 2 8 0 0 1 1 2 11 2 1 4 1 0 9 1 1 0 8 4 5 9 2 7 1 3 2 
66 2 5 60 40 30 57 36 27 74 39 41 15 28 15 40 81 28 29 46 14 26 26 53 38 75 50 57 48 42 14 30 
2 0 0 0 1 0 0 0 0 0 0 0 0 0 0 0 0 0 1 0 0 0 0 0 0 0 0 1 0 0 0 0 
39 18 15 39 30 15 5 12 24 4 19 8 24 18 10 35 29 11 15 15 12 17 28 8 28 18 22 16 27 25 25 21 
6 0 0 0 12 6 1 0 6 0 0 11 6 0 1 0 5 6 5 1 6 0 0 5 6 1 0 0 5 0 0 0 
25 3 8 8 5 2 4 2 7 5 7 1 6 11 8 2 7 7 7 3 3 7 10 1 5 5 3 5 4 6 6 3 
29 8 14 9 10 12 21 10 6 17 8 5 18 15 4 9 9 9 3 11 14 3 6 5 14 15 12 14 8 11 7 8 
12 8 10 4 5 6 0 3 5 2 8 4 4 4 1 13 4 0 13 12 1 6 2 13 4 12 12 5 1 4 1 4 
0 0 0 0 0 0 0 0 0 0 0 0 0 0 0 0 0 0 0 0 0 0 0 0 0 0 0 0 0 0 0 0 
14 4 9 3 1 3 7 13 2 4 4 8 1 4 4 1 8 4 7 8 4 4 6 5 2 4 5 3 3 3 4 7 
42 17 16 13 17 14 23 11 16 4 19 8 2 12 23 14 20 6 6 19 25 13 7 5 12 26 11 20 10 15 11 32 
27 12 19 12 15 13 12 16 10 13 23 25 15 4 27 3 5 18 16 23 2 22 12 1 4 9 15 12 6 22 3 38 
36 21 13 11 13 12 26 2 2 7 12 28 11 20 22 23 18 6 15 11 10 11 4 6 17 11 9 12 13 2 24 13 
6 0 0 0 1 1 2 1 1 0 0 1 0 0 2 0 0 1 0 0 0 0 0 2 2 1 1 2 0 3 1 1 
60 18 18 9 44 24 15 34 24 16 25 34 6 34 9 11 30 26 22 19 7 42 35 22 38 34 13 28 27 23 24 22 
3 0 1 0 1 0 0 1 0 0 0 0 0 0 1 0 2 2 1 0 1 0 0 0 1 0 0 0 1 0 0 0 
16 1 3 0 8 3 4 2 2 1 0 0 0 0 1 7 4 17 2 8 0 2 6 3 2 12 2 1 3 9 7 3 
34 47 1 1 16 1 0 16 0 0 49 2 17 16 1 32 4 17 16 0 1 3 17 33 17 0 1 17 17 16 2 16 
1 0 0 0 0 1 0 0 1 0 0 0 0 0 0 0 0 0 0 0 0 0 0 0 0 0 0 0 0 1 0 0 
44 28 12 29 33 46 75 64 36 48 36 41 43 56 36 36 9 32 28 47 38 38 36 49 58 45 13 46 18 28 72 2 
9 12 20 16 6 7 14 12 20 23 7 10 5 9 11 15 9 10 13 10 13 12 12 1 13 10 11 11 8 10 14 9 
12 6 5 5 6 9 6 5 4 8 6 5 3 4 8 6 0 9 8 11 9 9 4 2 7 5 6 6 6 4 5 3 
41 23 18 18 6 6 14 30 0 23 37 16 25 0 54 9 39 7 14 23 7 8 15 16 7 18 30 9 0 7 14 19 
23 22 13 22 11 21 5 15 8 13 18 8 19 11 23 14 8 13 8 23 17 14 6 8 25 8 13 15 4 21 13 13 
0 0 0 0 0 0 0 0 0 0 0 0 0 0 0 0 0 0 0 0 0 0 0 0 0 0 0 0 0 0 0 0 
36 0 1 19 19 34 3 2 1 1 16 2 16 2 1 1 17 16 30 35 1 1 20 4 3 3 5 1 20 17 17 1 
32 24 41 23 23 32 12 29 31 8 23 28 7 26 33 41 9 19 5 28 33 2 32 19 16 5 15 16 22 19 28 5 
2 1 4 1 2 0 1 0 1 0 4 5 1 0 2 1 2 0 3 2 6 2 4 3 0 1 1 3 0 4 0 1 
9 3 5 5 4 4 4 7 9 4 1 4 8 0 5 7 5 8 3 5 3 5 6 2 3 5 7 8 6 7 3 4 
29 8 13 21 17 21 8 12 19 16 15 22 12 19 15 8 17 33 20 12 11 23 14 9 14 7 20 14 11 21 19 17 
3 3 0 6 2 5 0 4 4 1 3 4 2 6 2 4 4 3 3 4 3 6 2 2 3 2 0 4 1 4 2 1 
2 0 1 0 0 0 0 0 0 0 0 0 0 2 0 0 1 0 0 0 0 0 0 1 0 0 0 1 0 0 0 0 
1 0 0 1 1 1 0 0 0 0 0 0 0 0 0 0 0 0 0 0 0 0 0 0 0 0 0 0 0 0 0 0 
173 121 117 125 142 145 138 77 101 132 124 134 147 74 97 108 91 93 73 104 157 284 134 85 72 198 101 106 76 181 193 118 
4 0 0 1 0 2 0 1 0 0 0 0 0 0 0 0 0 0 0 0 0 0 0 0 2 2 1 0 0 0 0 0 
5 0 1 4 0 0 0 0 0 1 0 3 0 0 0 0 1 1 0 0 0 1 1 3 1 1 0 3 0 0 0 0 
0 0 0 0 0 0 0 0 0 0 0 0 0 0 0 0 0 0 0 0 0 0 0 0 0 0 0 0 0 0 0 0 
46 13 22 22 36 17 15 28 14 10 12 31 16 13 25 10 13 17 11 27 12 16 16 20 28 16 35 17 21 24 32 14 
6 4 4 0 6 6 2 0 0 2 4 2 0 0 6 4 0 3 3 2 4 2 6 4 2 2 7 2 2 0 0 1 
11 0 4 2 0 6 2 4 2 1 4 4 4 4 0 0 6 3 5 5 4 4 0 6 0 2 0 2 2 2 0 0 
21 16 9 10 8 19 16 11 10 23 21 12 11 5 0 20 18 28 31 10 29 16 13 23 22 17 16 30 6 5 10 15 
44 7 15 7 23 50 16 17 15 9 21 28 5 13 29 53 32 19 31 12 6 17 15 28 24 19 27 42 9 28 33 20 
11 1 3 0 0 4 0 0 0 1 1 1 1 1 8 0 0 1 1 0 0 0 8 0 0 0 4 4 5 1 1 0 
8 5 5 9 8 6 10 10 18 12 10 10 8 13 10 8 16 2 10 8 6 11 9 4 6 8 12 10 4 17 8 6 
28 6 3 6 19 7 5 5 4 4 3 9 3 2 5 5 6 7 7 4 9 3 2 4 4 3 2 6 7 2 9 7 
27 7 3 3 16 1 9 12 5 5 8 5 9 6 8 11 8 11 13 10 8 7 11 8 9 6 4 17 10 7 11 9 
2 0 0 0 0 5 0 1 1 0 0 1 1 0 0 4 2 0 0 1 0 1 0 1 0 1 0 0 0 1 2 0 
23 2 10 10 25 2 17 17 4 8 6 20 10 13 8 0 12 8 4 12 8 6 6 14 25 4 20 17 20 12 16 0 
111 80 147 97 74 64 81 74 75 125 41 86 69 73 106 93 115 67 86 85 80 102 91 52 68 48 116 62 113 84 103 74 
8 14 10 8 7 4 5 9 8 13 6 7 5 4 5 4 5 7 10 9 9 6 5 11 8 10 11 5 8 2 8 6 
10 3 2 5 8 1 2 1 6 7 3 7 3 3 4 4 6 2 1 5 2 0 4 1 0 2 4 2 9 3 3 8 
17 0 1 7 5 2 0 2 4 1 0 0 0 4 1 3 4 2 4 0 5 1 1 0 0 0 2 1 2 5 0 0 
12 3 3 4 1 2 8 5 3 4 7 6 4 8 2 7 4 0 4 4 11 1 6 4 6 4 3 4 5 4 1 0 
38 28 22 43 33 15 31 49 24 19 27 17 29 38 14 27 28 24 19 19 16 15 27 31 18 32 21 34 11 27 33 19 
5 0 0 0 1 1 0 0 0 0 0 1 0 0 2 0 1 1 0 1 0 0 0 0 1 5 0 1 0 0 0 0 
19 6 9 6 10 12 11 9 9 11 14 7 5 12 2 13 12 7 4 13 8 2 13 8 8 2 11 3 5 8 9 6 
14 0 1 5 6 0 17 5 1 2 6 2 0 5 9 5 11 15 13 8 6 6 12 0 0 7 5 5 5 17 0 0 
48 5 14 7 14 16 15 7 34 28 36 4 26 0 29 9 27 40 3 22 2 14 33 8 2 49 0 21 1 38 18 2 
6 4 2 5 1 5 3 5 2 3 1 6 6 3 1 7 4 4 4 1 5 5 4 5 6 3 2 3 4 2 1 2 
13 15 0 0 13 7 11 0 2 1 2 7 15 0 6 1 2 5 2 2 0 2 7 1 1 0 1 1 7 0 0 8 
8 5 7 8 5 1 2 5 5 5 6 4 4 3 3 4 2 3 5 2 5 2 4 6 3 4 6 5 0 7 6 4 
70 82 52 16 46 41 43 67 25 72 95 59 49 20 62 79 90 41 98 52 26 56 66 64 30 24 27 35 54 9 33 54 
24 2 27 13 0 9 18 0 10 17 0 38 27 9 24 12 16 9 9 0 0 9 37 0 10 9 29 16 10 18 9 9 
7 0 8 0 0 0 0 0 0 4 0 4 3 5 0 3 10 0 0 0 4 0 0 0 10 4 4 5 0 0 0 0 
0 0 0 0 0 0 0 0 0 0 0 0 0 0 0 0 0 0 0 0 0 0 0 0 0 0 0 0 0 0 0 0 
15 19 10 13 1 7 3 4 12 11 7 2 4 6 7 5 4 0 11 8 6 7 8 8 8 8 7 12 10 9 13 4 
15 16 12 0 6 15 9 6 0 1 18 7 18 19 9 5 1 2 7 0 12 8 0 5 5 7 7 0 8 4 0 18 
14 3 9 12 11 9 6 5 5 16 13 6 7 16 13 8 13 13 9 8 6 13 3 9 8 6 12 7 13 9 11 9 
3 2 2 0 0 0 1 1 2 0 0 0 4 0 2 1 2 1 2 1 2 0 1 0 1 1 1 1 2 0 1 0 
8 8 10 2 4 10 2 6 8 10 12 6 8 6 12 6 10 12 16 6 18 4 10 14 8 8 5 8 5 2 8 6 
7 9 0 4 4 3 0 8 4 1 4 0 4 0 4 0 2 4 9 4 12 0 0 4 1 0 8 3 4 0 4 4 
40 2 0 0 0 11 0 11 1 0 11 22 13 12 1 0 11 0 17 14 1 13 12 13 11 3 30 12 0 12 13 12 
3 2 1 0 1 0 2 0 0 0 2 0 1 2 1 3 1 0 1 1 2 1 1 0 0 2 0 2 0 2 1 0 
20 25 14 14 12 5 9 0 20 18 21 11 19 6 13 11 10 19 6 15 6 15 5 15 5 12 5 10 9 13 23 23 
45 17 8 31 16 51 35 42 61 49 16 31 27 65 14 51 64 32 29 50 49 25 22 36 45 39 24 36 40 31 32 48 
1 0 0 0 0 0 0 1 0 0 0 1 0 0 0 0 1 0 0 0 0 0 0 0 0 0 0 0 0 0 0 0 
2 0 0 1 0 0 0 0 1 0 0 0 0 0 0 0 0 1 0 1 0 1 1 1 0 1 2 2 0 0 0 0 
40 36 0 20 11 30 9 36 10 9 40 40 40 50 18 18 10 20 40 10 40 20 18 40 9 41 40 28 20 9 51 10 
2 1 1 0 0 0 0 0 0 1 0 0 0 1 0 0 0 0 0 1 0 1 0 0 1 0 1 0 0 0 0 0 
24 1 1 0 1 0 5 0 16 14 0 0 4 0 1 6 1 0 1 1 3 0 1 1 16 0 1 5 0 0 5 0 
4 0 0 0 0 0 0 0 1 0 0 1 0 2 0 0 0 3 0 2 1 0 1 0 0 0 0 0 0 0 0 0 
60 28 30 60 43 17 20 25 28 47 47 14 23 30 48 52 2 32 35 26 20 45 33 23 40 26 12 11 17 8 23 51 
62 17 33 60 46 58 28 64 51 71 15 37 9 27 31 39 53 69 27 39 16 82 43 16 17 30 28 42 13 57 20 10 
22 13 6 6 26 7 8 18 20 10 1 4 8 17 25 7 7 9 11 1 8 7 5 3 28 0 9 19 5 5 25 16 
3 1 0 2 3 1 0 1 5 1 0 1 0 3 0 2 0 1 3 5 1 0 4 1 3 2 0 2 3 3 4 0 
27 10 10 0 30 17 10 18 10 0 0 0 20 0 18 9 20 9 10 10 20 0 1 10 10 0 21 0 10 20 18 10 
28 15 27 0 9 20 21 18 2 23 32 2 19 9 18 20 8 24 8 0 1 15 18 3 16 3 1 26 62 1 13 14 
18 0 7 0 0 0 0 7 1 0 0 0 0 17 0 7 0 0 9 8 0 0 0 0 0 0 15 7 0 7 0 0 
0 0 0 0 0 0 0 0 0 0 0 0 0 0 0 0 0 0 0 0 0 0 0 0 0 0 0 0 0 0 0 0 
0 0 0 0 0 0 0 0 0 0 0 0 0 0 0 0 0 0 0 0 0 0 0 0 0 0 0 0 0 0 0 0 
4 6 5 2 6 2 2 4 7 3 5 9 2 4 4 6 1 5 3 4 4 0 4 3 1 4 10 5 3 10 7 4 
15 11 5 6 4 8 10 12 15 5 14 18 4 7 7 10 11 10 8 11 8 14 10 12 8 13 9 11 3 7 11 12 
11 18 4 5 6 5 3 7 9 8 5 5 5 2 1 6 7 11 0 8 7 8 8 3 5 9 6 4 8 2 9 9 
2 0 0 0 0 1 0 0 0 0 0 0 1 0 0 0 0 0 0 1 0 0 0 0 0 0 0 0 0 0 0 0 
25 14 17 17 20 22 13 12 21 15 34 30 13 16 11 23 11 14 20 19 19 15 27 12 20 9 21 23 27 22 16 28 
22 10 10 7 6 4 4 5 10 4 4 7 4 7 4 9 8 3 5 3 7 8 3 6 8 8 7 7 8 5 5 7 
3 2 2 1 2 0 0 4 0 1 1 6 0 3 6 2 2 1 3 2 1 4 5 4 2 0 3 1 2 2 3 0 
24 17 14 12 11 20 18 9 16 20 7 11 11 25 20 10 19 14 14 10 16 17 18 18 8 12 15 13 18 14 17 13 
12 4 5 4 8 5 0 4 3 5 4 2 6 3 5 5 11 7 5 5 3 6 7 4 9 6 7 2 8 8 6 5 
1 0 0 0 0 0 0 0 0 0 0 0 0 1 0 0 0 0 0 0 1 0 0 1 0 1 0 0 0 1 0 0 
19 4 3 6 5 2 8 7 3 7 3 3 3 11 6 18 4 4 8 5 3 7 3 5 3 12 6 7 11 5 5 10 
27 22 18 17 26 7 16 24 15 19 11 28 29 26 19 30 15 11 26 17 11 21 18 13 23 23 19 18 24 27 21 33 
35 12 4 9 7 4 8 5 1 4 6 5 9 5 5 9 13 8 12 7 14 8 6 4 9 13 9 3 12 8 6 3 
22 25 8 28 24 45 12 7 22 60 8 22 22 40 24 15 12 28 22 16 36 19 35 28 10 33 44 16 79 24 12 22 
11 0 0 0 2 0 1 0 2 0 0 2 0 0 2 5 0 0 3 1 0 0 3 2 0 0 0 0 0 1 0 2 
62 23 20 31 5 13 23 57 47 13 23 22 13 12 3 14 17 44 13 40 12 11 3 2 13 11 11 33 34 30 3 39 
22 6 1 5 7 14 2 7 4 10 5 10 6 7 10 5 8 8 7 12 4 11 11 4 8 3 1 10 8 8 12 4 
1 0 0 0 0 0 0 0 0 1 0 0 0 0 0 0 0 0 0 0 0 0 0 0 0 0 0 0 0 1 0 0 
21 17 12 12 16 14 9 17 7 9 7 7 11 6 5 17 11 6 10 9 12 10 18 7 9 6 9 10 7 15 6 9 
58 28 40 21 41 39 38 47 39 24 37 26 29 21 23 14 28 11 28 31 40 26 35 39 47 23 41 40 24 22 21 35 
7 8 8 16 0 8 4 8 4 8 4 6 3 7 8 9 5 5 14 17 1 26 4 13 0 8 0 12 16 8 9 8 
1 0 0 1 1 0 0 2 0 2 0 0 1 0 2 0 0 1 2 0 0 0 1 0 3 1 0 0 0 0 3 1 
32 1 0 16 2 0 15 0 15 1 17 2 0 0 0 0 0 1 1 1 48 2 0 0 1 2 28 16 3 28 2 0 
8 0 0 4 0 0 0 1 1 5 1 1 0 1 0 1 3 2 0 3 0 0 0 3 3 2 3 5 0 0 2 0 
11 4 2 3 5 4 6 4 3 1 4 5 4 3 4 5 3 4 4 5 4 5 0 7 9 8 4 6 2 3 9 3 
1 1 0 0 0 2 1 0 2 0 0 2 0 1 0 2 2 0 0 0 0 0 1 2 1 1 1 2 0 0 0 2 
1 0 0 0 0 2 0 0 0 0 0 1 0 0 1 0 0 0 0 0 0 1 0 0 1 0 0 1 0 0 0 0 
2 2 1 0 0 1 1 0 1 4 0 1 3 0 0 1 0 0 1 2 1 0 2 0 0 2 0 0 2 0 0 0 
0 0 0 0 0 0 0 0 0 0 0 0 0 0 0 0 0 0 0 0 0 0 0 0 0 0 0 0 0 0 0 0 
32 11 7 0 0 26 20 13 25 31 18 10 13 29 10 31 17 9 12 19 43 4 28 1 20 2 18 9 29 39 17 17 
16 24 18 24 26 25 16 15 24 17 32 24 16 32 16 32 21 16 2 9 26 12 26 40 24 16 50 35 41 9 21 9 
1 0 0 0 0 0 0 0 0 0 0 0 0 0 0 0 0 0 0 0 0 0 0 0 0 0 0 0 0 0 0 1 
3 0 1 0 0 1 0 0 0 0 0 1 0 1 0 2 0 0 0 0 0 0 0 0 0 0 1 0 1 0 0 0 
2 0 0 1 1 0 0 0 0 1 0 0 0 0 0 0 0 0 1 0 1 0 0 0 1 0 0 0 0 0 1 1 
0 0 0 0 0 0 0 0 0 0 0 0 0 0 0 0 0 0 0 0 0 0 0 0 0 0 0 0 0 0 0 0 
6 3 6 8 7 5 5 3 3 4 8 3 4 9 1 5 3 12 3 3 2 9 3 3 3 7 4 7 3 2 9 0 
10 1 3 1 9 8 7 0 9 18 0 0 8 1 0 8 0 9 1 2 7 0 1 2 1 12 0 0 7 1 22 1 
36 13 10 53 31 28 27 51 18 16 28 26 37 17 23 19 57 32 48 21 6 12 6 8 14 39 16 27 10 12 35 29 
70 32 32 8 32 45 31 15 18 35 40 15 21 26 32 30 36 20 10 10 24 5 25 29 40 36 38 30 40 35 29 27 
23 3 4 2 2 11 6 22 4 7 9 2 13 0 4 2 8 18 17 11 4 5 1 2 17 6 13 14 3 7 8 3 
9 0 7 4 1 4 3 0 6 0 3 6 1 10 6 0 1 3 7 3 3 0 4 6 3 0 0 1 4 4 5 3 
26 15 5 6 12 13 0 4 6 17 1 18 9 8 11 5 5 9 4 21 4 9 6 4 11 18 4 5 8 8 11 7 
2 1 0 0 1 5 0 0 1 1 1 2 3 1 0 0 1 1 1 2 3 1 0 3 4 0 3 2 1 0 1 2 
1 0 0 3 0 1 0 0 1 1 0 2 0 1 2 0 2 0 1 0 0 0 2 0 1 0 0 1 0 0 0 1 
7 3 8 5 3 9 7 9 1 8 3 2 0 6 4 5 7 12 9 14 2 3 5 4 9 6 10 3 8 2 5 8 
14 0 0 9 0 0 1 9 0 25 9 9 0 0 19 11 24 0 12 1 1 11 0 11 12 30 8 9 0 0 33 19 
22 9 16 3 1 39 12 24 3 21 36 6 9 17 34 14 18 7 17 3 11 24 14 14 18 16 13 20 11 4 7 4 
0 0 0 0 0 0 0 0 0 0 0 0 0 0 0 0 0 0 0 0 0 0 0 0 0 0 0 0 0 0 0 0 
5 0 2 1 0 0 0 2 1 1 1 0 0 0 0 0 0 0 0 1 0 0 1 1 1 0 0 1 0 1 1 0 
12 9 4 2 7 10 4 4 9 10 2 5 2 0 0 2 5 1 10 5 7 3 11 1 10 2 2 6 4 3 1 0 
6 3 3 2 4 2 4 1 0 2 3 1 3 0 1 2 2 0 0 0 3 1 0 0 1 5 2 0 0 4 0 4 
2 1 0 3 4 5 4 1 1 0 2 2 1 1 2 0 1 2 3 0 3 1 1 2 1 6 0 4 4 0 3 1 
5 1 4 4 0 3 2 3 2 1 3 2 2 3 2 1 0 0 1 7 5 1 2 4 0 5 3 3 3 5 3 1 
3 0 0 1 0 0 1 0 1 0 0 0 1 0 0 1 0 1 0 0 0 0 1 0 0 0 0 0 0 0 0 0 
20 7 27 8 10 50 34 35 27 28 11 17 19 39 16 17 12 8 20 24 16 13 23 40 16 32 6 12 25 18 24 19 
3 0 0 1 8 4 3 1 5 2 3 0 2 1 6 0 1 4 5 2 3 5 1 7 3 2 3 1 3 3 0 2 
23 10 10 5 0 0 14 26 26 5 15 22 10 10 10 8 5 19 5 12 5 21 0 10 10 10 5 21 10 5 15 12 
16 9 17 19 11 4 7 4 8 7 13 12 5 11 21 15 10 7 16 10 11 12 7 12 9 3 12 14 14 19 9 16 
50 10 27 16 22 20 11 3 12 8 7 14 28 12 20 11 7 16 37 24 13 4 13 14 13 15 17 10 23 6 11 8 
25 35 20 11 31 20 14 1 35 13 35 19 16 29 34 28 8 25 18 27 42 39 25 39 47 18 25 30 19 17 25 41 
6 0 5 0 0 8 0 0 0 0 5 0 0 0 0 0 0 0 0 0 0 6 5 0 0 0 0 0 0 0 0 5 
1 0 0 1 0 0 0 0 0 0 0 0 1 0 0 0 0 0 0 0 0 0 0 1 1 0 1 1 0 0 1 0 
10 0 0 0 4 5 0 4 4 0 0 0 0 0 0 0 5 5 5 5 0 0 0 6 0 0 10 0 5 0 0 0 
34 31 33 41 31 38 35 9 31 92 74 51 53 58 43 31 19 40 35 70 34 41 23 57 27 44 37 37 35 71 23 17 
8 0 0 4 12 0 4 4 4 3 4 7 0 8 4 4 11 4 0 4 0 0 0 0 0 3 6 6 0 0 3 0 
113 88 90 30 18 38 49 45 36 48 56 31 36 4 71 64 50 29 46 64 49 32 37 19 30 27 41 64 53 16 33 32 
19 16 10 15 11 8 3 7 5 8 8 11 20 9 20 12 3 14 8 11 13 13 18 14 6 18 15 8 10 34 7 16 
4 0 0 0 0 0 0 0 0 0 0 0 0 0 0 0 0 0 0 0 0 0 0 0 0 0 0 0 0 0 0 0 
2 0 0 0 0 0 0 0 2 1 0 0 0 0 0 0 0 0 0 0 0 0 1 0 0 0 0 0 1 1 0 0 
84 68 17 76 47 44 49 59 66 32 75 86 55 11 47 47 32 77 24 45 60 58 50 4 61 40 32 34 50 37 50 45 
35 4 5 8 5 3 0 6 4 10 5 2 2 6 3 10 13 4 5 12 4 0 3 0 2 5 10 6 2 6 0 3 
23 7 21 19 20 20 11 17 9 6 8 23 24 19 17 9 4 12 15 24 12 27 17 9 21 12 19 11 11 19 12 27 
0 0 0 0 0 0 0 0 0 0 0 0 0 0 0 0 0 0 0 0 0 0 0 0 0 0 0 0 0 0 0 0 
3 0 0 0 0 0 0 0 0 0 0 0 0 0 0 0 0 0 0 0 0 0 0 0 1 0 0 0 0 0 0 0 
30 24 10 18 8 3 13 20 6 9 10 5 9 11 26 7 12 16 4 13 20 12 14 7 17 19 13 13 4 8 17 6 
12 21 1 20 0 11 0 3 0 1 0 10 1 12 10 0 3 2 11 1 1 0 11 10 10 13 0 3 13 36 0 9 
59 2 75 48 36 84 57 86 91 29 27 2 44 36 28 23 29 71 63 28 93 18 91 40 50 54 109 29 28 67 31 77 
15 11 17 24 6 6 12 20 3 8 4 17 16 10 18 14 17 10 7 37 21 13 16 11 7 24 0 14 26 23 30 18 
10 14 16 7 6 0 30 11 7 0 11 18 13 0 18 8 15 19 7 9 8 10 27 15 20 3 1 12 38 16 13 20 
28 34 35 5 30 17 44 5 32 22 29 42 15 16 24 19 23 38 42 20 10 36 21 3 21 21 9 33 19 6 39 23 
8 4 4 10 1 1 6 2 6 2 2 7 3 0 4 4 2 2 1 1 2 2 4 2 1 2 3 1 2 3 1 3 
47 5 12 14 0 19 4 6 2 6 2 10 7 21 8 9 9 12 7 12 5 6 4 18 6 17 6 11 7 17 0 36 
18 5 1 5 3 4 6 10 4 1 8 1 1 2 7 1 1 1 9 1 3 2 0 1 6 0 7 6 0 4 6 8 
106 71 64 57 76 69 75 89 52 25 88 71 61 68 78 47 48 88 54 73 57 94 69 48 80 72 78 74 117 76 69 65 
19 18 10 10 11 11 8 9 17 4 4 5 4 3 2 2 9 0 6 1 5 9 9 15 17 5 2 3 2 16 1 1 
7 3 3 3 3 4 2 3 3 2 0 5 2 3 1 3 3 3 2 4 0 1 2 3 4 2 4 5 6 4 5 3 
17 9 10 0 1 1 1 0 18 9 9 1 5 5 6 0 0 9 15 15 0 5 5 22 1 0 9 9 6 0 6 0 
14 6 2 5 9 8 7 15 3 6 4 21 1 3 6 5 2 11 11 16 8 7 1 7 6 10 10 6 15 15 15 26 
5 0 0 0 0 0 1 2 0 1 0 1 1 0 0 0 0 2 1 1 1 3 0 2 0 1 1 0 1 1 0 1 
8 5 7 5 2 4 2 4 3 3 3 5 1 4 6 7 2 6 4 3 3 4 8 1 2 5 5 3 3 3 8 0 
31 9 4 2 4 9 3 3 1 16 13 2 5 2 10 9 0 8 10 4 0 10 16 8 12 16 5 3 10 10 2 16 
12 8 0 0 0 0 6 3 5 4 6 2 4 0 0 0 3 5 6 3 5 0 7 3 3 0 4 2 5 0 0 6 
4 0 0 0 3 1 1 0 1 0 1 0 0 0 0 0 0 0 0 0 0 0 0 2 0 0 0 0 0 0 0 0 
31 30 47 29 20 39 37 15 42 19 8 19 8 23 10 5 29 35 45 18 37 12 30 23 7 30 18 7 20 40 21 18 
15 6 0 10 0 11 1 0 4 1 6 0 2 2 2 0 0 0 1 0 1 1 0 2 3 7 7 5 2 2 0 0 
20 9 7 5 10 9 24 14 9 12 14 4 9 15 20 5 13 4 12 7 14 9 12 1 6 12 22 24 4 9 27 14 
14 23 12 21 5 8 4 34 6 12 4 14 6 3 25 35 9 4 15 13 22 2 6 5 11 3 13 25 12 7 12 20 
6 9 4 3 5 5 4 4 5 4 8 5 7 6 1 4 7 6 8 3 9 7 2 7 5 5 10 8 3 6 3 7 
12 12 8 8 11 11 10 5 10 4 0 6 7 4 7 6 10 6 10 9 7 2 13 12 5 9 9 15 9 5 10 7 
3 0 0 0 0 1 2 1 0 0 0 0 0 0 2 0 0 0 0 0 0 0 0 1 0 1 1 0 0 2 1 0 
4 1 3 3 2 0 0 1 4 2 4 0 4 4 6 0 2 4 2 2 7 6 2 2 4 4 2 2 0 7 2 2 
9 2 8 6 4 8 3 6 6 9 15 9 3 6 15 4 7 3 6 4 12 15 13 12 6 3 14 4 12 0 9 3 
7 2 1 2 2 3 2 1 0 2 0 1 5 7 4 1 1 1 2 3 1 2 0 3 2 1 3 1 5 0 2 5 
14 12 4 7 5 5 8 6 11 9 12 10 5 10 4 4 7 3 5 15 13 12 10 13 3 3 5 4 12 11 7 6 
1 0 1 0 0 0 0 0 0 1 0 0 0 0 0 0 0 0 0 0 0 0 0 0 0 0 0 0 0 1 0 0 
12 5 6 5 6 9 2 7 1 1 4 4 4 8 0 2 8 4 5 5 6 4 3 7 3 9 4 5 4 3 4 0 
1 0 0 0 0 1 1 0 0 0 0 0 0 1 0 0 0 0 0 0 0 0 0 0 1 0 0 0 0 0 0 1 
14 0 7 0 2 0 7 2 0 7 0 0 0 0 0 10 6 0 0 0 0 6 0 0 6 9 6 0 0 0 0 0 
9 1 5 10 6 17 4 17 6 11 9 5 5 12 0 9 8 2 12 8 6 8 10 6 11 12 7 4 12 6 5 6 
17 22 35 29 21 56 22 14 14 26 25 44 21 23 17 1 28 16 31 16 39 60 15 39 22 18 37 43 29 42 28 16 
1 0 0 0 0 0 0 0 0 0 0 0 0 0 0 0 0 0 0 1 0 0 0 0 0 0 0 0 0 0 0 0 
0 0 0 0 0 0 0 0 0 0 0 0 0 0 0 0 0 0 0 0 0 0 0 0 0 0 0 0 0 0 0 0 
11 4 1 3 2 2 6 1 3 0 5 1 2 1 3 2 3 3 2 4 3 3 3 0 3 4 3 6 6 0 1 0 
0 0 0 0 0 0 0 0 0 0 0 0 0 0 0 0 0 0 0 0 0 0 0 0 0 0 0 0 0 0 0 0 
6 8 2 2 4 6 2 2 0 0 0 2 0 10 3 0 2 8 2 4 4 0 2 4 4 2 2 2 4 6 2 0 
3 3 0 2 3 3 3 2 1 0 0 1 4 0 4 0 2 2 1 2 1 1 1 1 0 1 2 0 1 4 3 1 
0 0 0 0 0 0 0 0 0 0 0 0 0 0 0 0 0 0 0 0 0 0 0 0 0 0 0 0 0 0 0 0 
8 0 0 1 0 0 0 0 0 0 0 0 0 1 2 0 0 0 0 0 0 0 1 1 0 0 4 1 3 1 3 0 
2 0 0 1 0 1 1 0 0 2 0 0 0 0 2 1 1 0 0 0 1 1 0 0 3 1 0 1 0 1 1 1 
11 14 5 16 10 19 2 13 1 9 21 20 16 15 8 27 14 14 15 18 7 19 14 15 21 7 16 6 23 9 16 3 
22 4 4 1 6 6 2 2 7 1 10 6 3 2 1 3 5 2 7 5 3 3 4 7 4 4 5 4 8 3 2 5 
23 9 15 8 25 14 20 14 2 7 7 11 6 6 15 1 0 7 11 19 12 6 10 16 12 7 8 9 0 21 3 0 
17 7 7 10 6 12 18 13 6 9 17 6 1 3 8 4 5 16 8 15 15 8 1 17 6 7 8 9 14 13 4 5 
25 12 11 19 10 14 10 9 8 24 5 9 9 7 8 10 11 11 13 8 10 22 9 6 10 6 14 12 10 9 7 2 
8 4 4 13 3 4 11 7 5 11 3 9 8 5 14 4 4 5 8 14 5 5 5 1 3 4 11 11 7 10 6 7 
14 8 19 11 12 8 2 10 2 6 4 8 10 3 11 7 4 1 13 6 7 7 8 10 11 5 1 1 3 9 18 4 
14 11 10 8 3 5 7 5 3 4 7 4 8 8 8 10 7 9 5 1 3 4 5 11 1 6 1 3 6 7 8 1 
6 6 0 1 4 10 3 2 3 17 6 7 2 3 7 5 8 4 8 12 6 3 9 9 4 2 9 2 6 8 9 2 
6 4 6 4 1 3 1 4 3 3 0 5 4 3 1 3 1 1 2 3 1 5 2 3 0 2 1 1 1 3 0 2 
47 11 30 3 0 0 3 31 10 32 42 29 39 9 11 31 12 21 18 31 10 11 40 27 55 13 23 10 11 21 30 12 
16 12 13 2 10 0 10 4 3 10 10 8 6 10 9 11 4 1 2 2 2 12 4 0 8 2 10 14 2 4 6 3 
0 0 0 0 0 0 0 0 0 0 0 0 0 0 0 0 0 0 0 0 0 0 0 0 0 0 0 0 0 0 0 0 
19 18 30 18 12 10 30 9 7 8 9 15 20 14 18 16 17 12 17 14 14 14 8 15 12 23 20 22 7 21 10 8 
77 27 24 17 26 25 18 31 26 48 29 39 65 30 28 16 36 59 16 53 70 18 17 66 16 29 71 15 43 26 37 3 
11 4 10 3 3 3 7 4 4 4 7 0 3 7 4 7 2 5 3 1 6 3 4 3 1 10 6 3 4 5 9 6 
28 4 1 10 2 7 3 10 3 1 9 10 5 14 5 10 1 1 2 14 9 3 1 2 9 9 4 4 21 1 8 3 
17 8 6 8 4 2 4 4 0 2 4 0 9 8 14 3 5 3 7 9 7 6 5 12 7 8 7 3 4 4 1 10 
7 1 1 1 0 0 0 3 1 0 1 0 2 4 2 0 0 2 0 0 0 0 0 0 2 0 2 0 0 0 2 0 
34 6 1 0 1 1 7 8 8 0 9 0 19 2 15 3 1 23 7 9 9 2 0 1 12 0 9 8 0 16 11 5 
15 8 0 30 1 32 13 12 26 0 17 1 17 0 21 8 9 16 31 1 9 8 9 0 1 15 0 12 0 28 18 17 
58 18 24 18 10 18 2 2 0 12 21 12 3 8 9 4 0 3 28 2 19 9 4 12 19 6 18 5 19 17 0 3 
11 2 1 0 1 5 2 0 1 0 1 0 3 0 1 7 1 0 0 4 1 2 0 4 2 4 0 2 2 7 1 0 
18 28 7 8 8 7 4 6 7 10 11 9 11 8 6 3 7 14 4 13 6 9 9 7 5 7 2 2 6 6 5 4 
19 4 2 1 3 2 3 1 2 3 2 1 2 1 3 1 1 6 1 0 2 3 1 4 0 5 4 6 2 8 1 0 
8 0 1 3 0 0 2 3 1 0 0 0 2 2 0 0 2 0 4 0 1 1 0 0 2 0 1 0 1 0 2 0 
0 0 0 0 0 0 0 0 0 0 0 0 0 0 0 0 0 0 0 0 0 0 0 0 0 0 0 0 0 0 0 0 
39 56 32 30 1 26 38 39 19 22 23 35 21 12 51 20 1 10 15 37 10 24 18 38 20 22 28 25 31 30 17 25 
2 0 0 0 0 0 1 0 0 0 0 0 0 0 0 0 0 0 0 0 0 0 1 0 0 0 1 0 0 0 1 0 
6 6 7 0 2 7 4 6 4 4 2 3 4 1 2 4 2 6 2 3 2 10 5 2 5 4 3 3 5 2 7 2 
2 0 0 1 0 0 0 0 0 0 0 0 0 0 0 0 0 0 0 0 1 0 0 0 0 0 0 0 0 0 0 0 
25 9 18 22 20 23 9 20 17 12 16 21 11 9 6 5 6 16 15 7 11 21 14 27 4 7 19 13 18 21 19 10 
51 1 12 26 0 0 0 1 0 0 12 1 1 12 12 10 0 0 0 11 14 4 1 0 0 0 1 1 0 12 11 0 
