0 58426 43423 6623 8296 1266 917 966 1704 0 0 0 0 0 0 0 0 0 0 0 0 0 0 0 0 0 0 0 0 0 0 0 
0 166484 80316 19712 14860 2742 5105 1858 6328 0 0 0 0 0 0 0 0 0 0 0 0 0 0 0 0 0 0 0 0 0 0 0 
0 36465 20092 2688 3837 10890 3349 398 523 0 0 0 0 0 0 0 0 0 0 0 0 0 0 0 0 0 0 0 0 0 0 0 
0 64225 19643 27358 18749 10592 1167 202 38 26 3 0 0 0 0 0 0 0 0 1 130 0 0 0 0 0 0 0 0 0 0 0 
0 41565 46311 32054 11389 4379 5504 5338 0 0 0 0 0 0 0 0 0 0 0 0 0 0 0 0 0 0 0 0 0 0 0 0 
0 29279 26804 20823 10174 13389 1957 153 329 652 0 0 0 0 0 0 0 0 0 0 0 0 0 0 0 0 0 0 0 0 0 0 
0 62124 36707 34574 61525 23694 5870 438 156 911 0 0 0 0 0 0 0 0 0 0 0 0 0 0 0 0 0 0 0 0 0 0 
0 11803 8235 5461 14151 7002 741 1513 605 281 0 0 0 0 0 0 0 0 0 0 0 0 0 0 0 0 0 0 0 0 0 0 
0 68922 38341 21755 24249 61410 27958 3840 5742 2537 0 0 0 0 0 0 0 0 0 0 0 0 0 0 0 0 0 0 0 0 0 0 
2721 119492 85336 40654 37981 69355 45477 38130 16274 9088 250 9 4 0 4 4 2 1 4 105 326 72 366 361 61 30 33 44 39 45 29 44 
0 69885 40692 23124 18959 38014 31863 13566 3009 4300 0 0 0 0 0 0 0 0 0 0 0 0 0 0 0 0 0 0 0 0 0 0 
0 106832 65094 27486 28443 46444 41750 19509 13995 8600 110 2 1 0 0 0 0 0 1 63 276 559 0 0 0 0 0 0 0 0 0 0 
0 105956 64683 34221 31248 56435 34918 45357 12983 4146 0 0 0 0 0 0 0 0 0 0 0 0 0 0 0 0 0 0 0 0 0 0 
0 91594 48611 30251 24263 51170 21623 23749 16931 6480 1845 9 1 0 0 0 1 0 1 32 512 344 0 0 0 0 0 0 0 0 0 0 
0 84179 51661 25413 21331 35383 18381 10139 21612 4701 1815 4 0 0 0 0 0 0 0 3 16 25 0 0 0 0 0 0 0 0 0 0 
0 86040 40279 23247 18578 38409 17031 10021 14042 10218 2040 35 16 10 10 4 6 7 22 634 2484 0 0 0 0 0 0 0 0 0 0 0 
0 67253 34200 21999 17172 33949 14762 9630 12886 9207 1415 63 3 9 23 0 1 1 1 419 713 0 0 0 0 0 0 0 0 0 0 0 
0 62710 38173 21454 17064 37011 16435 8369 6694 13397 979 9 22 20 25 14 13 23 20 169 2839 0 0 0 0 0 0 0 0 0 0 0 
0 43281 29381 19817 18435 20167 16895 12377 7789 28251 8112 258 8 31 6 11 2 3 3 2888 1347 0 0 0 0 0 0 0 0 0 0 0 
0 94065 56041 19273 24892 11461 13579 9388 7005 13439 9179 115 39 76 44 29 28 36 41 1834 9792 713 414 0 0 0 0 0 0 0 0 0 
0 78492 62459 32804 23701 12653 11675 11843 9374 20196 21450 1978 1629 2107 589 368 494 680 569 16575 21485 107 1038 0 0 0 0 0 0 0 0 0 
0 36339 49070 149170 25756 18355 8598 14580 10783 11239 389335 264748 141758 94921 92046 69190 69899 74939 59941 48162 16143 78145 5937 151 0 0 0 0 0 0 0 0 
0 69676 46479 29126 20364 18001 18636 16609 11020 8954 9219 1803 1163 821 737 616 625 599 591 17979 13963 4187 23680 114 0 0 0 0 0 0 0 0 
0 38275 28275 12012 11851 11958 10637 7021 6415 5129 1898 25 16 12 9 1 4 7 3 3108 12496 924 1977 680 0 0 0 0 0 0 0 0 
0 32813 27484 11914 10574 9045 5628 5470 4675 5226 2149 18 3 11 8 1 2 1 4 715 11154 5198 1325 9 0 0 0 0 0 0 0 0 
0 71115 46040 19030 15972 10876 11139 8590 6522 6089 2830 100 76 73 75 62 58 52 61 2164 9797 7489 2297 4252 0 0 0 0 0 0 0 0 
0 50728 39054 19241 16410 12579 11143 10092 7670 8104 3484 433 216 164 112 98 141 107 146 2747 8433 4649 25370 162 0 0 0 0 0 0 0 0 
71 23949 15616 9493 8087 5394 5106 4070 3350 2292 998 18 2 6 6 5 2 4 2 548 1235 3589 2753 229 14 0 0 22 0 0 0 0 
0 53309 29926 21904 14195 11066 11786 10778 7396 4928 1713 260 128 97 99 88 66 111 93 1115 2372 6846 11231 1098 57 0 0 0 0 0 0 0 
0 35496 18292 15872 9672 8018 6771 5659 4573 3011 930 38 13 6 11 1 3 4 8 679 1230 1953 6029 2367 456 0 0 0 0 0 0 0 
0 132640 111325 41798 38833 41623 50639 27591 33031 31924 7809 605 371 191 182 143 186 232 137 5379 8434 4578 24702 25135 29833 151 0 0 0 0 0 0 
