238 101 158 158 164 139 136 133 139 130 149 52 0 0 0 0 0 0 0 0 0 0 0 0 0 0 0 0 0 0 0 0 
134 52 65 72 118 71 87 70 66 98 78 48 0 0 0 0 0 0 0 0 0 0 0 0 0 0 0 0 0 0 0 0 
340 208 255 252 339 271 244 241 227 265 315 67 0 0 0 0 0 0 0 0 0 0 0 0 0 0 0 0 0 0 0 0 
276 194 192 144 179 178 174 188 168 144 141 61 0 0 0 0 0 0 0 0 0 0 0 0 0 0 0 0 0 0 0 0 
192 131 120 162 133 100 126 98 110 121 149 44 0 0 0 0 0 0 0 0 0 0 0 0 0 0 0 0 0 0 0 0 
165 148 82 102 106 91 127 104 98 74 97 22 0 0 0 0 0 0 0 0 0 0 0 0 0 0 0 0 0 0 0 0 
272 173 194 199 179 145 192 184 194 224 187 53 0 0 0 0 0 0 0 0 0 0 0 0 0 0 0 0 0 0 0 0 
577 484 411 455 445 447 528 393 464 364 417 135 0 0 0 0 0 0 0 0 0 0 0 0 0 0 0 0 0 0 0 0 
170 86 84 103 103 120 100 66 78 94 92 29 0 0 0 0 0 0 0 0 0 0 0 0 0 0 0 0 0 0 0 0 
252 156 150 172 150 153 173 160 178 138 154 37 0 0 0 0 0 0 0 0 0 0 0 0 0 0 0 0 0 0 0 0 
186 115 128 152 144 144 118 102 112 81 130 45 0 0 0 0 0 0 0 0 0 0 0 0 0 0 0 0 0 0 0 0 
233 181 154 155 249 199 180 191 157 175 162 60 0 0 0 0 0 0 0 0 0 0 0 0 0 0 0 0 0 0 0 0 
294 176 194 186 224 144 169 151 145 163 152 32 0 0 0 0 0 0 0 0 0 0 0 0 0 0 0 0 0 0 0 0 
434 334 386 432 477 387 493 352 374 368 384 96 0 0 0 0 0 0 0 0 0 0 0 0 0 0 0 0 0 0 0 0 
157 86 109 94 104 138 118 102 87 96 102 26 0 0 0 0 0 0 0 0 0 0 0 0 0 0 0 0 0 0 0 0 
200 81 112 125 117 101 107 113 102 83 115 36 0 0 0 0 0 0 0 0 0 0 0 0 0 0 0 0 0 0 0 0 
324 198 168 170 216 197 187 199 191 169 185 52 0 0 0 0 0 0 0 0 0 0 0 0 0 0 0 0 0 0 0 0 
214 119 150 126 120 132 110 138 160 94 125 28 0 0 0 0 0 0 0 0 0 0 0 0 0 0 0 0 0 0 0 0 
212 153 125 153 116 112 111 106 119 112 131 52 0 0 0 0 0 0 0 0 0 0 0 0 0 0 0 0 0 0 0 0 
274 196 168 178 137 183 186 156 150 149 130 47 0 0 0 0 0 0 0 0 0 0 0 0 0 0 0 0 0 0 0 0 
232 130 99 143 147 116 159 98 125 113 129 34 0 0 0 0 0 0 0 0 0 0 0 0 0 0 0 0 0 0 0 0 
257 111 104 107 87 130 114 122 111 103 140 17 0 0 0 0 0 0 0 0 0 0 0 0 0 0 0 0 0 0 0 0 
469 336 317 280 358 331 364 313 322 261 294 85 0 0 0 0 0 0 0 0 0 0 0 0 0 0 0 0 0 0 0 0 
360 291 218 235 209 236 235 243 216 186 197 69 0 0 0 0 0 0 0 0 0 0 0 0 0 0 0 0 0 0 0 0 
201 115 115 150 139 105 133 115 100 145 124 46 0 0 0 0 0 0 0 0 0 0 0 0 0 0 0 0 0 0 0 0 
399 262 216 254 201 233 264 261 208 254 230 75 0 0 0 0 0 0 0 0 0 0 0 0 0 0 0 0 0 0 0 0 
476 244 249 304 358 223 285 266 301 325 258 60 0 0 0 0 0 0 0 0 0 0 0 0 0 0 0 0 0 0 0 0 
270 132 161 179 189 179 196 184 152 164 204 89 0 0 0 0 0 0 0 0 0 0 0 0 0 0 0 0 0 0 0 0 
337 243 279 310 324 246 316 239 314 228 292 96 0 0 0 0 0 0 0 0 0 0 0 0 0 0 0 0 0 0 0 0 
221 109 116 101 78 91 118 119 99 129 121 31 0 0 0 0 0 0 0 0 0 0 0 0 0 0 0 0 0 0 0 0 
453 361 339 351 370 349 322 362 291 290 332 103 0 0 0 0 0 0 0 0 0 0 0 0 0 0 0 0 0 0 0 0 
468 279 307 240 372 284 329 267 250 320 297 70 0 0 0 0 0 0 0 0 0 0 0 0 0 0 0 0 0 0 0 0 
386 273 239 301 253 235 211 233 258 205 238 64 0 0 0 0 0 0 0 0 0 0 0 0 0 0 0 0 0 0 0 0 
308 220 200 174 218 250 257 196 231 226 182 77 0 0 0 0 0 0 0 0 0 0 0 0 0 0 0 0 0 0 0 0 
200 129 116 109 124 137 126 125 132 115 130 50 0 0 0 0 0 0 0 0 0 0 0 0 0 0 0 0 0 0 0 0 
457 283 301 304 318 351 311 333 281 320 313 110 0 0 0 0 0 0 0 0 0 0 0 0 0 0 0 0 0 0 0 0 
163 94 128 89 154 106 104 103 103 79 111 35 0 0 0 0 0 0 0 0 0 0 0 0 0 0 0 0 0 0 0 0 
358 103 157 218 321 214 322 242 142 313 306 79 0 0 0 0 0 0 0 0 0 0 0 0 0 0 0 0 0 0 0 0 
188 87 99 105 86 88 70 121 99 111 99 24 0 0 0 0 0 0 0 0 0 0 0 0 0 0 0 0 0 0 0 0 
212 119 133 145 201 133 165 157 109 154 139 53 0 0 0 0 0 0 0 0 0 0 0 0 0 0 0 0 0 0 0 0 
278 184 191 149 167 168 170 179 179 189 187 42 0 0 0 0 0 0 0 0 0 0 0 0 0 0 0 0 0 0 0 0 
204 164 147 135 104 139 151 104 118 115 119 26 0 0 0 0 0 0 0 0 0 0 0 0 0 0 0 0 0 0 0 0 
267 220 159 183 235 197 242 194 157 180 169 65 0 0 0 0 0 0 0 0 0 0 0 0 0 0 0 0 0 0 0 0 
358 209 323 263 382 311 313 259 221 341 298 120 0 0 0 0 0 0 0 0 0 0 0 0 0 0 0 0 0 0 0 0 
190 112 124 125 101 135 121 105 99 97 98 34 0 0 0 0 0 0 0 0 0 0 0 0 0 0 0 0 0 0 0 0 
324 197 224 223 163 165 231 204 228 205 174 71 0 0 0 0 0 0 0 0 0 0 0 0 0 0 0 0 0 0 0 0 
151 128 126 118 87 116 124 91 92 118 77 38 0 0 0 0 0 0 0 0 0 0 0 0 0 0 0 0 0 0 0 0 
247 112 115 161 208 162 201 140 121 141 104 55 0 0 0 0 0 0 0 0 0 0 0 0 0 0 0 0 0 0 0 0 
281 152 172 224 242 159 158 150 185 190 161 62 0 0 0 0 0 0 0 0 0 0 0 0 0 0 0 0 0 0 0 0 
213 131 179 165 171 136 181 171 159 106 186 55 0 0 0 0 0 0 0 0 0 0 0 0 0 0 0 0 0 0 0 0 
211 139 113 109 164 106 161 150 114 161 148 35 0 0 0 0 0 0 0 0 0 0 0 0 0 0 0 0 0 0 0 0 
238 157 210 174 200 190 175 130 175 131 172 71 0 0 0 0 0 0 0 0 0 0 0 0 0 0 0 0 0 0 0 0 
380 245 230 265 198 214 197 235 230 236 212 77 0 0 0 0 0 0 0 0 0 0 0 0 0 0 0 0 0 0 0 0 
273 129 118 188 171 126 166 164 153 135 147 48 0 0 0 0 0 0 0 0 0 0 0 0 0 0 0 0 0 0 0 0 
444 209 236 218 293 255 236 219 226 283 225 99 0 0 0 0 0 0 0 0 0 0 0 0 0 0 0 0 0 0 0 0 
241 184 183 162 188 162 164 166 164 163 134 59 0 0 0 0 0 0 0 0 0 0 0 0 0 0 0 0 0 0 0 0 
213 90 142 121 149 145 165 122 111 153 160 55 0 0 0 0 0 0 0 0 0 0 0 0 0 0 0 0 0 0 0 0 
220 237 166 222 214 220 153 184 226 200 131 67 0 0 0 0 0 0 0 0 0 0 0 0 0 0 0 0 0 0 0 0 
214 146 104 131 127 116 99 116 107 120 102 53 0 0 0 0 0 0 0 0 0 0 0 0 0 0 0 0 0 0 0 0 
180 105 113 134 141 105 130 99 114 109 139 24 0 0 0 0 0 0 0 0 0 0 0 0 0 0 0 0 0 0 0 0 
290 186 223 221 236 205 206 230 200 208 200 37 0 0 0 0 0 0 0 0 0 0 0 0 0 0 0 0 0 0 0 0 
118 60 56 68 47 68 51 80 73 47 53 8 0 0 0 0 0 0 0 0 0 0 0 0 0 0 0 0 0 0 0 0 
