28 0 4 4 0 0 12 0 0 4 0 4 0 0 0 0 0 4 0 0 0 0 0 0 0 0 0 0 4 0 0 0 
152 20 12 32 88 16 20 52 64 48 128 24 252 48 100 136 108 12 96 252 116 112 500 172 40 12 4 4 40 20 208 0 
236 4 88 80 28 8 20 12 80 16 0 8 0 0 4 68 4 4 152 36 220 20 372 32 20 8 8 8 0 28 0 0 
236 4 88 80 28 8 20 12 80 16 0 8 0 0 4 68 4 4 152 36 220 20 372 32 20 8 8 8 0 28 0 0 
236 4 88 80 28 8 20 12 80 16 0 8 0 0 4 68 4 4 152 36 220 20 372 32 20 8 8 8 0 28 0 0 
273 4 254 85 37 8 58 14 80 16 0 10 4 0 5 97 43 6 154 39 238 22 377 39 21 28 8 9 1 29 0 0 
351 121 180 201 374 419 168 125 218 225 170 130 255 555 581 744 297 957 690 1203 1215 1491 578 1005 429 105 91 137 94 153 21 0 
152 16 8 16 48 28 12 8 12 4 44 192 16 160 80 28 4 8 208 60 112 192 208 188 48 0 0 12 12 4 0 0 
110 7 2 64 12 10 3 5 9 1 11 51 4 40 20 7 1 2 100 18 40 81 58 53 12 0 0 15 39 1 0 0 
96 4 0 80 0 4 0 4 8 0 0 4 0 0 0 0 0 0 64 4 16 44 8 8 0 0 0 16 48 0 0 0 
96 4 0 80 0 4 0 4 8 0 0 4 0 0 0 0 0 0 64 4 16 44 8 8 0 0 0 16 48 0 0 0 
1125 66 115 110 118 112 82 157 313 100 113 143 116 673 500 527 200 160 1402 706 869 968 2859 816 131 136 31 97 97 59 25 0 
1030 41 42 52 60 28 19 31 257 29 91 155 32 184 328 127 41 46 898 408 448 511 1578 401 44 40 12 35 69 37 4 0 
994 40 43 31 67 24 19 42 261 525 391 112 29 148 312 173 50 64 850 399 434 462 1565 359 50 64 12 63 60 50 34 0 
968 36 40 28 48 20 16 28 256 28 80 108 28 144 308 120 40 44 840 392 420 456 1528 356 32 40 12 28 56 36 4 0 
1711 604 422 416 909 1575 440 607 897 747 536 542 504 1303 1650 1740 1424 2740 4555 3695 3923 4728 7941 3931 1255 593 167 773 783 448 333 0 
986 239 229 473 456 1178 549 386 512 554 382 820 716 1523 2848 770 678 2187 1594 2774 1733 1801 3314 2425 888 1034 543 1032 519 833 137 0 
236 200 50 89 313 128 105 45 808 67 56 315 101 833 335 152 210 123 250 309 287 366 2557 346 153 34 59 448 259 131 25 0 
80 28 28 12 60 12 4 32 20 16 24 108 36 12 48 68 64 16 92 184 180 144 1356 108 32 16 20 0 192 4 8 0 
100 32 36 25 70 27 13 36 26 22 28 114 48 32 78 89 91 70 152 245 297 279 1429 285 74 26 23 11 200 8 11 0 
2187 1240 1164 1576 1991 3989 1343 1238 1792 1840 1670 774 1227 3377 3750 4924 2555 2435 5159 8255 9479 11718 6392 10447 3766 875 519 1712 1852 770 418 0 
1869 1096 1219 1754 1878 4188 1401 1332 1413 1894 1649 825 1088 2909 3097 4896 2733 2811 5284 8931 8871 11575 8001 10329 3443 888 682 3382 1345 742 690 0 
32 8 24 8 8 20 0 8 4 16 4 4 4 12 268 12 16 8 4 88 8 28 564 32 12 0 16 104 0 16 8 0 
520 56 56 148 148 60 96 124 284 148 80 72 24 16 124 204 432 44 384 636 924 420 1744 264 156 116 24 156 364 288 568 0 
520 56 56 148 148 60 96 124 284 148 80 72 24 16 124 204 432 44 384 636 924 420 1744 264 156 116 24 156 364 288 568 0 
520 56 56 148 148 60 96 124 284 148 80 72 24 16 124 204 432 44 384 636 924 420 1744 264 156 116 24 156 364 288 568 0 
1516 663 757 1184 1286 2859 992 1060 991 1401 1105 535 604 1141 2021 3837 2408 1341 4282 7093 6439 7238 7733 6846 2688 611 340 1245 1817 639 793 0 
241 70 38 31 25 38 21 103 28 505 62 126 14 64 40 43 36 33 68 66 39 100 308 60 31 33 4 485 308 539 80 0 
232 64 33 37 30 85 13 110 28 366 55 127 22 219 52 9 14 24 36 23 26 48 119 44 15 27 8 359 388 472 126 0 
294 138 88 75 147 1252 374 70 113 83 67 130 93 257 212 250 155 447 234 310 454 496 1752 1417 298 55 16 248 154 373 110 0 
136 8 24 12 8 104 8 0 0 0 0 16 4 4 8 40 20 8 12 16 44 20 232 128 84 0 0 60 4 0 0 0 
136 8 24 12 8 104 8 0 0 0 0 16 4 4 8 40 20 8 12 16 44 20 232 128 84 0 0 60 4 0 0 0 
136 8 24 12 8 104 8 0 0 0 0 16 4 4 8 40 20 8 12 16 44 20 232 128 84 0 0 60 4 0 0 0 
136 8 24 12 8 104 8 0 0 0 0 16 4 4 8 40 20 8 12 16 44 20 232 128 84 0 0 60 4 0 0 0 
150 10 89 35 26 107 19 12 1 3 0 36 6 17 20 55 36 10 40 30 85 33 340 153 89 1 11 63 9 2 3 0 
136 8 24 12 8 104 8 0 0 0 0 16 4 4 8 40 20 8 12 16 44 20 232 128 84 0 0 60 4 0 0 0 
136 8 24 12 8 104 8 0 0 0 0 16 4 4 8 40 20 8 12 16 44 20 232 128 84 0 0 60 4 0 0 0 
99 42 25 25 23 60 12 32 26 53 13 15 8 35 24 62 79 37 169 95 129 86 907 274 87 32 3 39 23 6 127 0 
0 48 12 4 28 16 8 44 48 96 8 8 4 28 28 40 60 32 260 152 148 80 1092 356 76 52 0 4 24 8 248 0 
0 48 12 4 28 16 8 44 48 96 8 8 4 28 28 40 60 32 260 152 148 80 1092 356 76 52 0 4 24 8 248 0 
0 48 12 4 28 16 8 44 48 96 8 8 4 28 28 40 60 32 260 152 148 80 1092 356 76 52 0 4 24 8 248 0 
0 48 12 4 28 16 8 44 48 96 8 8 4 28 28 40 60 32 260 152 148 80 1092 356 76 52 0 4 24 8 248 0 
0 48 12 4 28 16 8 44 48 96 8 8 4 28 28 40 60 32 260 152 148 80 1092 356 76 52 0 4 24 8 248 0 
54 37 45 10 46 24 30 52 119 152 54 52 12 43 48 50 76 60 266 222 163 121 1190 420 110 67 6 12 50 17 257 0 
0 48 12 4 28 16 8 44 48 96 8 8 4 28 28 40 60 32 260 152 148 80 1092 356 76 52 0 4 24 8 248 0 
0 48 12 4 28 16 8 44 48 96 8 8 4 28 28 40 60 32 260 152 148 80 1092 356 76 52 0 4 24 8 248 0 
0 48 12 4 28 16 8 44 48 96 8 8 4 28 28 40 60 32 260 152 148 80 1092 356 76 52 0 4 24 8 248 0 
0 48 12 4 28 16 8 44 48 96 8 8 4 28 28 40 60 32 260 152 148 80 1092 356 76 52 0 4 24 8 248 0 
329 175 124 129 241 308 218 234 294 191 501 138 192 700 529 603 598 1901 762 1030 812 1050 4798 1133 325 188 106 202 145 235 501 0 
0 48 12 4 28 16 8 44 48 96 8 8 4 28 28 40 60 32 260 152 148 80 1092 356 76 52 0 4 24 8 248 0 
0 48 12 4 28 16 8 44 48 96 8 8 4 28 28 40 60 32 260 152 148 80 1092 356 76 52 0 4 24 8 248 0 
79 74 36 66 57 51 37 86 64 162 71 18 11 42 74 123 131 46 338 266 386 131 1559 419 113 84 20 26 56 35 740 0 
107 92 36 6 38 24 20 86 59 161 343 16 16 35 36 49 62 38 265 165 160 83 1111 393 102 69 6 19 95 72 284 0 
3627 1791 1608 2462 3133 8076 2486 2624 2328 2529 2121 1519 1891 3887 5826 8608 4863 6484 10430 14661 15487 17664 25538 20628 7156 1786 670 2119 3583 1470 911 0 
47 7 3 7 14 6 10 4 4 10 4 2 2 4 24 22 4 2 72 33 12 35 268 111 19 16 3 5 22 6 0 0 
1343 212 155 571 446 550 544 261 550 339 262 107 284 572 974 1295 594 295 1357 954 1514 1340 3419 1651 693 300 92 232 410 142 69 0 
2324 188 104 640 472 152 712 328 440 204 348 60 88 128 596 1056 632 224 1364 728 1048 1304 4428 1596 704 428 108 128 424 120 60 0 
2324 188 104 640 472 152 712 328 440 204 348 60 88 128 596 1056 632 224 1364 728 1048 1304 4428 1596 704 428 108 128 424 120 60 0 
2324 188 104 640 472 152 712 328 440 204 348 60 88 128 596 1056 632 224 1364 728 1048 1304 4428 1596 704 428 108 128 424 120 60 0 
2324 188 104 640 472 152 712 328 440 204 348 60 88 128 596 1056 632 224 1364 728 1048 1304 4428 1596 704 428 108 128 424 120 60 0 
2449 238 165 847 708 478 806 372 513 809 469 108 128 282 810 1665 746 291 1946 1070 1694 1777 5436 2177 938 480 134 196 561 172 82 0 
2324 188 104 640 472 152 712 328 440 204 348 60 88 128 596 1056 632 224 1364 728 1048 1304 4428 1596 704 428 108 128 424 120 60 0 
2568 204 180 740 544 173 833 552 455 228 422 71 106 173 663 1209 814 254 1595 896 1198 1465 4918 1687 765 470 172 224 852 209 92 0 
3482 677 649 1895 1750 2398 1445 859 1349 1154 1112 546 962 1901 2939 3912 2707 2070 4408 5551 5065 6000 12175 6728 2485 1001 354 777 1248 714 389 0 
3998 1073 1017 2098 2213 2974 2072 1606 1844 2168 2009 1132 1361 4580 4747 4945 4242 10153 6256 7726 8165 9471 21579 9934 4828 2885 1451 3067 1831 2002 560 0 
3187 1996 948 1319 1711 2491 1381 1162 3879 1576 1156 1585 868 2653 2410 3713 2522 1136 4089 6204 6046 6782 14740 7096 3657 1489 751 1390 1653 605 394 0 
4157 1834 1515 2663 2565 4562 3618 2400 2105 2751 2410 1297 1525 3680 5095 8179 4401 4154 8830 12042 12066 12418 19586 14552 6388 1450 1052 2181 2614 1245 676 0 
606 64 136 173 204 84 148 260 76 77 56 48 24 52 214 522 360 132 660 660 552 633 2297 332 320 152 156 673 328 60 32 0 
643 66 142 174 204 77 155 260 79 76 56 52 24 54 216 521 360 134 661 661 554 633 2306 352 316 152 156 672 328 60 33 0 
1267 306 617 645 768 414 373 590 258 495 295 164 198 273 928 1689 989 701 1882 2241 1693 2193 6440 1683 965 314 248 1474 1382 208 227 0 
1986 239 243 430 652 548 273 238 248 854 373 161 219 576 720 1348 803 334 2078 2708 2039 2940 6429 2898 1565 347 66 430 1080 156 266 0 
2236 389 360 552 927 1030 474 413 375 1145 633 258 338 1044 1068 2140 1031 763 2917 3502 3182 4109 7903 4209 2293 466 128 430 1176 294 304 0 
2105 403 362 506 719 956 457 341 385 835 520 229 320 847 1005 1651 1144 807 2667 3451 2658 3583 8225 3402 1702 531 196 338 1200 342 276 0 
2259 387 409 692 903 905 538 473 606 917 572 284 347 1038 1239 2222 1221 527 2943 4006 3119 4135 10173 4281 2210 501 174 559 1371 335 291 0 
4090 1717 1297 2669 3198 5305 1795 1721 2067 3648 2621 1374 1668 3779 4962 8253 4980 3986 9266 13280 14559 17988 22012 17068 5516 2183 1160 3015 4351 1894 1008 0 
2242 1024 1131 1554 2086 4352 1356 1177 1657 2002 1701 939 819 2824 2891 4454 2648 1534 5674 8543 8215 9490 9828 10139 5297 886 631 2730 1831 736 606 0 
0 0 0 0 0 0 0 0 0 0 0 0 0 0 0 0 0 0 0 0 0 0 0 0 0 0 0 0 0 0 0 0 
156 69 3 6 27 12 48 3 0 6 6 0 12 3 15 75 12 18 15 48 99 57 732 27 6 3 3 3 0 9 48 0 
208 92 4 8 36 16 64 4 0 8 8 0 16 4 20 100 16 24 20 64 132 76 976 36 8 4 4 4 0 12 64 0 
208 92 4 8 36 16 64 4 0 8 8 0 16 4 20 100 16 24 20 64 132 76 976 36 8 4 4 4 0 12 64 0 
404 132 67 152 138 46 478 197 101 40 87 22 44 57 119 233 90 35 330 258 363 257 1662 159 143 44 32 17 54 21 84 0 
228 96 7 10 39 19 93 10 2 23 10 9 17 26 31 112 16 27 32 68 148 80 991 40 33 10 17 20 213 81 128 0 
208 92 4 8 36 16 64 4 0 8 8 0 16 4 20 100 16 24 20 64 132 76 976 36 8 4 4 4 0 12 64 0 
0 0 0 4 4 0 16 0 4 0 4 0 0 0 0 0 0 0 0 0 0 0 0 0 48 0 0 0 0 0 0 0 
69 5 13 53 50 3 739 14 32 6 86 21 4 9 6 11 13 9 10 10 39 27 164 10 403 9 9 18 4 4 10 0 
26 4 1 4 4 9 154 7 0 2 8 1 1 1 4 7 4 0 4 7 21 1 57 19 36 2 3 1 1 2 0 0 
44 16 4 4 16 36 400 4 0 8 8 4 4 4 16 28 16 0 16 28 84 4 228 76 36 8 0 4 4 8 0 0 
44 16 4 4 16 36 400 4 0 8 8 4 4 4 16 28 16 0 16 28 84 4 228 76 36 8 0 4 4 8 0 0 
23 9 38 2 7 17 106 4 2 18 13 10 34 73 33 165 26 19 10 48 55 60 166 26 19 8 66 29 41 50 13 0 
56 6 2 4 34 4 202 38 8 16 16 4 6 16 12 6 8 0 10 8 26 30 100 0 186 2 4 10 0 0 2 0 
123 10 8 10 42 4 594 46 8 24 85 10 6 16 12 10 23 8 14 14 28 36 116 0 322 3 12 12 4 0 7 0 
96 23 21 112 50 40 1111 57 17 29 116 34 12 16 33 20 29 26 43 13 102 20 120 9 120 12 9 14 17 25 10 0 
182 13 27 19 117 20 1974 13 69 24 215 20 25 13 19 20 59 23 9 14 17 7 171 13 141 73 68 35 5 38 12 0 
102 19 23 21 184 61 1584 34 10 14 49 38 3 13 17 21 35 15 12 11 94 16 165 48 77 37 26 11 6 18 6 0 
1 0 0 0 0 0 1 0 0 4 4 0 1 0 0 0 0 0 0 2 0 0 2 2 0 2 2 0 0 0 0 0 
104 13 11 16 2 8 20 16 2 43 32 10 8 24 10 157 13 2 9 25 26 9 39 12 12 8 8 11 7 3 0 0 
356 20 8 4 4 4 72 20 0 144 72 8 0 8 0 4 12 0 12 8 44 12 32 12 40 4 8 4 12 4 0 0 
356 20 8 4 4 4 72 20 0 144 72 8 0 8 0 4 12 0 12 8 44 12 32 12 40 4 8 4 12 4 0 0 
356 20 8 4 4 4 72 20 0 144 72 8 0 8 0 4 12 0 12 8 44 12 32 12 40 4 8 4 12 4 0 0 
278 17 8 6 10 6 55 16 5 187 205 6 0 6 3 6 17 4 15 22 37 19 65 12 33 10 12 19 10 6 4 0 
34 18 6 42 18 85 16 16 16 604 399 34 5 69 42 16 45 28 6 15 24 36 170 20 17 141 14 49 73 293 75 0 
16 6 0 52 5 124 12 3 0 853 119 4 1 8 8 1 15 8 5 11 4 5 89 27 14 65 6 12 8 141 24 0 
38 9 0 53 13 127 13 1 0 896 282 5 2 24 17 4 18 21 3 17 12 9 85 14 13 224 10 57 10 179 30 0 
0 4 0 52 4 124 12 0 0 852 116 4 0 8 8 0 12 4 0 8 4 4 52 12 12 64 4 12 8 140 16 0 
230 77 134 106 83 409 85 77 79 621 474 90 112 325 273 149 149 521 231 315 379 563 410 588 152 343 89 321 629 393 91 0 
152 20 0 4 36 12 4 4 0 180 668 4 8 64 36 16 24 68 12 36 32 20 132 8 4 640 24 180 8 156 56 0 
152 20 0 4 36 12 4 4 0 180 668 4 8 64 36 16 24 68 12 36 32 20 132 8 4 640 24 180 8 156 56 0 
80 10 0 2 18 6 2 4 0 90 334 22 4 32 18 8 12 34 6 18 16 10 66 6 2 320 12 90 4 78 30 0 
256 7 4 7 24 14 73 0 0 486 218 1 4 0 85 24 14 0 138 36 11 13 177 26 3 24 17 108 0 141 22 0 
256 4 4 4 24 12 12 0 0 400 204 0 4 0 84 24 12 0 132 32 8 12 164 24 0 20 16 104 0 136 12 0 
265 7 4 17 27 44 16 0 0 686 321 1 4 3 88 27 15 1 132 37 11 13 177 31 2 35 17 118 2 155 22 0 
256 4 4 4 24 12 12 0 0 400 204 0 4 0 84 24 12 0 132 32 8 12 164 24 0 20 16 104 0 136 12 0 
256 4 4 4 24 12 12 0 0 400 204 0 4 0 84 24 12 0 132 32 8 12 164 24 0 20 16 104 0 136 12 0 
256 4 4 4 24 12 12 0 0 400 204 0 4 0 84 24 12 0 132 32 8 12 164 24 0 20 16 104 0 136 12 0 
422 196 106 137 147 63 58 49 58 498 270 28 101 285 255 426 385 48 675 479 344 205 1235 487 109 98 37 150 49 198 43 0 
233 120 107 195 214 905 181 194 209 672 372 140 262 1023 463 520 597 364 729 1239 1368 1636 1343 1511 517 171 70 205 142 211 127 0 
387 116 170 70 84 124 24 25 87 1799 1515 44 62 213 96 89 48 51 32 298 102 51 306 74 43 184 39 273 150 555 132 0 
242 11 13 29 5 38 16 47 2 300 194 3 4 10 5 43 9 5 2 47 5 4 34 12 9 71 20 28 9 64 48 0 
215 9 3 26 2 34 16 47 2 254 126 2 0 5 1 4 8 2 0 34 2 6 20 8 4 16 4 11 4 44 35 0 
172 5 2 26 2 33 11 46 1 239 87 2 0 4 1 1 7 2 0 27 2 3 16 7 3 14 2 6 3 37 31 0 
0 1 0 0 4 0 0 0 0 25 12 0 0 0 5 0 0 0 0 2 0 0 3 3 0 3 0 5 0 1 3 0 
0 4 0 0 4 0 0 1 1 65 10 1 0 0 0 0 0 0 1 2 1 1 3 4 0 1 0 0 0 5 1 0 
103 39 51 40 33 40 9 10 29 486 455 13 19 75 35 11 10 9 7 96 28 17 101 21 13 47 12 85 59 444 34 0 
294 92 4 52 36 0 8 10 16 624 380 16 64 48 8 20 20 4 12 44 124 8 184 32 12 28 0 32 4 24 52 0 
292 92 4 52 36 0 8 12 16 624 380 16 64 48 8 20 20 4 12 44 124 8 184 32 12 28 0 32 4 24 52 0 
292 92 4 52 36 0 8 12 16 624 380 16 64 48 8 20 20 4 12 44 124 8 184 32 12 28 0 32 4 24 52 0 
292 92 4 52 36 0 8 12 16 624 380 16 64 48 8 20 20 4 12 44 124 8 184 32 12 28 0 32 4 24 52 0 
292 92 4 52 36 0 8 12 16 624 380 16 64 48 8 20 20 4 12 44 124 8 184 32 12 28 0 32 4 24 52 0 
292 92 4 52 36 0 8 12 16 624 380 16 64 48 8 20 20 4 12 44 124 8 184 32 12 28 0 32 4 24 52 0 
445 267 43 144 382 93 179 90 216 914 1151 170 128 108 202 271 181 101 142 552 690 367 1465 344 144 149 25 190 61 353 83 0 
325 29 6 48 14 9 22 7 16 430 302 20 19 15 16 36 8 2 14 42 44 13 174 19 15 26 2 17 32 43 45 0 
20 16 2 10 4 6 4 4 14 2 0 2 4 0 324 12 16 2 14 26 18 18 82 12 26 0 0 2 2 2 4 0 
65 32 44 54 46 29 55 21 39 50 13 5 28 44 255 37 18 26 48 139 62 49 227 50 47 26 1 14 15 25 4 0 
96 0 4 24 0 40 40 0 8 64 0 0 4 0 0 8 4 0 0 4 0 8 24 12 0 0 0 0 12 0 0 0 
96 0 4 24 0 40 40 0 8 64 0 0 4 0 0 8 4 0 0 4 0 8 24 12 0 0 0 0 12 0 0 0 
96 0 4 24 0 40 40 0 8 64 0 0 4 0 0 8 4 0 0 4 0 8 24 12 0 0 0 0 12 0 0 0 
334 33 62 155 62 346 82 8 102 56 4 27 26 34 277 147 48 16 57 230 59 105 216 157 44 31 3 144 28 5 14 0 
532 28 112 260 92 604 88 8 160 36 8 52 36 36 52 236 52 16 96 44 16 120 304 96 20 48 4 280 36 0 24 0 
666 81 134 310 141 819 232 32 344 76 31 92 75 104 145 355 119 51 221 250 175 347 1288 1580 172 64 19 310 152 59 37 0 
557 39 131 268 112 619 109 17 174 47 8 53 53 171 84 245 77 31 176 62 20 135 402 110 61 55 6 293 39 7 24 0 
532 28 112 260 92 604 88 8 160 36 8 52 36 36 52 236 52 16 96 44 16 120 304 96 20 48 4 280 36 0 24 0 
556 28 113 264 92 612 98 8 160 50 8 52 37 36 52 236 53 16 96 45 16 122 310 99 20 48 4 280 39 0 24 0 
544 28 112 248 92 604 88 8 160 36 8 52 36 36 52 236 52 16 96 44 16 120 304 96 20 48 4 280 36 0 24 0 
963 319 372 606 987 1647 696 395 468 524 283 576 587 1018 1237 1935 838 574 1124 1661 1508 2087 6332 2905 834 868 493 791 452 715 310 0 
1065 282 362 501 561 3139 1231 290 404 431 715 366 407 744 879 1169 543 414 1620 1985 1960 2408 7372 5389 780 183 184 638 411 305 136 0 
720 16 8 4 0 92 8 40 0 168 464 16 32 72 44 4 4 4 16 28 4 0 8 100 0 12 40 152 4 28 24 0 
728 16 8 4 0 92 8 44 2 168 464 16 38 89 48 4 5 5 16 28 5 1 10 100 9 12 40 152 17 28 24 0 
724 88 62 79 256 274 125 152 214 196 621 126 740 2632 1300 85 106 125 184 237 158 167 850 323 133 151 165 391 125 311 53 0 
9 1 1 0 1 1 0 0 1 10 13 23 4 5 2 1 0 8 0 21 3 2 10 14 2 33 35 21 1 6 0 0 
158 51 53 83 121 80 23 70 18 386 110 105 44 38 258 86 75 106 235 76 65 51 243 34 48 65 15 920 128 110 286 0 
221 82 96 97 232 149 33 68 40 90 76 258 59 38 102 92 137 190 447 102 37 45 263 16 46 86 85 541 306 135 551 0 
290 84 148 150 226 142 47 60 55 225 88 359 64 42 97 95 136 209 362 99 47 49 281 30 60 118 234 674 479 147 525 0 
79 8 17 9 57 73 3 17 38 22 21 171 7 47 17 35 36 57 36 26 27 72 163 26 22 67 219 381 90 14 119 0 
534 222 248 357 374 352 245 172 267 568 193 290 168 514 505 841 483 291 738 1030 945 822 2592 917 302 180 127 1484 627 251 678 0 
266 62 109 128 172 65 48 30 54 272 70 135 51 45 49 41 66 90 136 94 36 24 192 35 57 69 49 585 510 92 337 0 
69 22 30 18 73 10 16 5 5 35 15 66 10 21 16 17 18 32 52 30 21 10 86 10 35 6 3 144 160 19 130 0 
3 1 0 0 11 0 0 0 0 20 78 0 0 3 0 1 0 1 5 2 2 0 11 4 7 5 0 1 0 0 1 0 
36 3 0 0 0 0 0 0 3 32 42 0 3 4 0 0 3 0 1 0 0 0 3 1 2 13 0 0 3 3 21 0 
12 1 0 0 1 0 0 2 3 41 11 2 1 1 0 0 1 0 2 5 2 2 8 0 0 7 0 0 1 3 10 0 
37 21 22 23 27 26 8 24 21 118 17 10 58 25 65 58 118 694 93 135 135 243 467 114 77 16 8 23 60 16 7 0 
416 325 280 321 277 901 239 271 236 517 450 211 339 1615 1220 1032 2377 11048 1188 1182 1877 2683 7343 1759 773 353 195 449 568 423 95 0 
442 206 162 142 158 389 214 148 323 439 432 109 335 3222 864 544 566 2567 631 731 1397 1259 2317 1179 1739 244 114 356 304 445 80 0 
540 103 83 12 44 169 26 62 41 476 808 49 86 279 218 33 46 96 24 108 60 39 373 71 103 160 59 169 92 569 92 0 
441 68 39 6 34 66 26 55 26 416 669 49 88 263 186 23 41 77 13 69 48 26 270 51 112 95 37 122 33 568 76 0 
33 7 23 2 2 2 2 4 6 40 124 1 4 15 2 3 6 1 5 5 12 2 19 7 0 20 1 9 5 19 34 0 
64 4 0 0 0 0 0 4 0 56 12 0 0 0 0 0 4 0 0 0 0 0 12 0 0 4 0 4 16 36 104 0 
118 4 51 32 6 12 0 34 0 321 61 0 2 0 2 9 5 3 2 4 1 1 18 6 2 7 1 9 8 25 64 0 
20 2 48 4 5 10 1 0 0 30 34 0 0 1 6 1 0 0 22 9 0 2 16 5 2 8 1 7 0 6 21 0 
0 8 0 8 14 0 4 0 0 110 165 0 0 4 13 6 4 0 90 25 0 8 62 17 0 35 4 7 4 51 74 0 
18 2 0 2 6 3 1 0 0 49 25 0 0 1 3 1 0 0 25 9 0 2 19 4 0 10 1 0 0 8 27 0 
150 7 0 1 5 4 1 2 0 68 471 1 1 2 0 1 5 2 8 5 10 0 12 3 0 7 1 1 2 10 22 0 
22 4 0 1 0 1 1 3 1 105 117 1 0 0 0 0 2 0 0 3 1 0 11 2 3 5 1 4 10 6 23 0 
0 1 0 24 2 1 1 0 1 65 60 0 0 0 0 0 0 0 1 2 2 1 5 3 0 7 0 1 1 2 5 0 
471 60 39 33 124 16 15 27 12 59 159 45 9 19 43 147 39 39 946 153 277 184 9 161 186 50 18 27 6 13 12 0 
532 248 424 172 212 1136 244 132 256 176 416 264 376 1016 864 428 504 1976 704 1064 1424 2112 692 2068 440 324 224 752 256 340 40 0 
112 0 0 0 4 4 0 0 0 176 72 0 8 8 8 16 16 4 0 4 8 8 80 4 0 0 4 12 4 8 56 0 
112 0 0 0 4 4 0 0 0 176 72 0 8 8 8 16 16 4 0 4 8 8 80 4 0 0 4 12 4 8 56 0 
383 247 185 419 327 896 455 229 246 480 301 190 234 565 1041 1752 1041 297 1144 1763 2133 1578 2833 2284 526 145 158 379 563 149 372 0 
238 46 35 23 136 112 29 36 82 295 1084 49 25 182 152 79 79 100 32 128 108 78 448 46 39 523 32 172 59 399 232 0 
118 20 8 6 30 22 0 8 6 192 348 16 8 16 10 24 14 10 8 16 38 10 80 12 38 36 10 46 6 44 76 0 
0 4 0 0 0 0 0 4 0 44 44 8 0 0 0 20 8 0 0 8 4 4 72 4 0 4 4 0 0 4 8 0 
0 4 0 39 3 0 6 1 0 80 23 5 0 0 0 5 14 3 0 8 1 1 24 1 0 4 4 0 0 31 80 0 
41 7 1 15 11 5 23 0 1 768 72 13 4 4 1 0 8 12 2 19 13 1 23 14 6 21 4 11 18 45 48 0 
176 103 36 51 85 495 117 32 105 631 211 76 115 445 278 133 57 92 162 261 300 379 104 992 153 134 27 82 59 195 45 0 
567 384 132 196 292 1936 392 128 384 528 372 268 444 1752 1108 524 212 332 640 980 1156 1492 332 3925 584 468 96 292 176 652 108 0 
564 384 132 196 292 1936 392 128 384 528 372 268 444 1752 1108 524 212 332 640 980 1156 1492 332 3928 584 468 96 292 176 652 108 0 
44 2 2 0 2 8 0 2 2 50 38 0 0 26 18 2 0 2 2 2 0 0 24 6 2 12 4 8 4 6 6 0 
58 9 2 2 6 18 3 9 10 63 104 12 52 151 161 19 9 11 9 14 10 12 79 12 28 13 6 15 8 10 10 0 
417 132 161 118 220 362 258 202 170 325 300 368 110 567 570 574 207 127 727 934 1623 825 3645 933 565 116 147 187 136 248 63 0 
209 20 36 42 160 52 40 33 30 87 55 136 24 307 107 49 33 35 185 458 207 114 1098 121 66 49 7 11 67 27 42 0 
248 24 40 32 204 24 52 20 36 116 72 64 32 384 128 60 44 44 244 604 272 152 1448 144 84 52 8 12 84 16 56 0 
501 78 385 1011 311 153 190 153 287 110 116 244 77 315 217 178 156 77 360 541 245 212 1512 154 108 76 74 148 84 142 49 0 
747 178 757 2369 429 576 409 280 759 403 261 537 934 6863 3513 398 275 486 219 225 243 387 1445 371 214 301 208 471 234 1062 76 0 
383 56 248 1015 240 799 250 325 479 137 79 324 59 174 98 115 23 59 92 59 109 181 312 75 103 89 70 462 223 649 51 0 
453 217 192 182 376 2496 340 166 586 331 235 264 282 839 750 698 329 445 732 1033 1429 1394 2785 1962 842 119 75 212 173 306 135 0 
3078 1251 1070 2114 1700 5005 1703 1440 1712 1926 1799 1095 1320 3792 3948 5818 3202 4686 6218 9745 11174 12100 14480 12242 4858 923 438 1556 1378 1145 678 0 
7520 2377 2566 3731 3981 8901 3844 4082 3710 3844 3870 3093 3320 8938 8582 11720 6571 8545 13469 19508 21609 23549 35811 25091 10119 2295 2093 3039 3587 2360 1141 0 
5894 828 941 1445 1176 5525 1547 1458 1292 1033 1658 1519 1332 4520 2884 4574 2361 3039 4234 6853 7956 7498 28836 10163 4838 901 326 1044 1445 1232 538 0 
5444 584 636 1212 896 2020 988 1280 940 780 1188 1156 1104 3660 2180 3788 1712 2012 3348 5904 6736 5764 17492 6876 2272 656 212 704 1064 872 444 0 
5512 625 658 1243 992 2134 1033 1316 976 838 1252 1183 1150 3887 2417 3907 1836 2399 3555 6128 7076 6158 17942 7292 2374 683 218 751 1122 949 463 0 
5726 636 724 1284 1000 2054 1042 1382 966 830 1282 1276 1220 3684 2284 3884 1860 2126 3580 6144 6970 5966 18732 7048 2322 670 224 724 1098 886 472 0 
5477 620 642 1227 908 2023 993 1297 961 785 1204 1160 1106 3664 2224 3817 1749 2019 3414 5940 6775 5801 17888 6899 2285 660 215 709 1069 882 447 0 
5566 638 694 1321 1009 2271 1080 1374 1063 995 1352 1240 1239 3904 2381 4086 1883 2086 3702 6665 7276 6371 19421 7648 2481 726 246 803 1228 986 496 0 
6252 1025 1138 2080 1636 3857 1722 1877 1384 1458 1869 1610 1555 4692 3691 5982 2989 4349 5802 9335 10671 10197 23055 10775 3667 1103 408 1485 1711 1285 633 0 
2158 407 565 904 807 1058 929 1244 485 801 769 655 596 1501 1263 2277 1452 1258 2339 3801 3616 3081 10008 3854 1737 470 211 610 594 498 435 0 
1454 665 828 1101 1209 2030 859 1094 876 861 782 774 555 1617 1675 2743 1640 1343 2882 4173 4798 4870 8051 5144 2771 448 261 657 881 467 295 0 
564 104 176 144 216 76 108 220 52 100 188 264 232 48 224 224 304 228 488 504 492 412 2608 368 108 28 24 40 76 28 56 0 
323 63 96 99 125 73 95 126 62 87 121 137 148 96 160 172 180 144 325 308 375 356 1768 423 86 42 20 33 53 76 47 0 
17 0 0 20 1 2 0 1 0 30 14 0 3 15 14 4 3 0 5 5 0 0 26 7 0 23 4 4 3 4 9 0 
10 0 0 24 2 0 0 0 0 34 12 0 0 0 0 0 0 0 0 0 0 0 2 2 0 0 8 0 2 4 4 0 
0 5 2 2 2 0 1 0 1 92 72 1 0 0 2 2 4 0 8 10 6 0 12 4 4 16 3 19 0 15 39 0 
0 3 0 2 0 0 0 0 0 183 191 4 0 0 25 3 8 0 0 5 6 0 4 8 0 10 0 13 0 11 28 0 
0 4 0 4 0 0 0 0 0 296 376 8 0 0 48 4 16 0 0 8 12 0 8 12 0 16 0 24 0 20 52 0 
0 4 0 4 0 0 0 0 0 296 376 8 0 0 48 4 16 0 0 8 12 0 8 12 0 16 0 24 0 20 52 0 
24 5 6 7 11 6 6 5 6 176 219 5 2 6 46 24 15 2 22 76 25 30 185 54 7 17 10 17 6 17 31 0 
114 2 1 3 2 1 122 2 2 45 63 1 0 1 3 1 5 1 17 9 0 2 29 13 6 6 1 13 5 28 4 0 
152 4 4 0 16 8 0 0 0 240 112 0 0 0 4 4 4 0 0 16 4 4 12 0 0 16 8 132 4 108 32 0 
129 27 31 28 41 43 28 32 13 138 75 9 23 14 63 85 91 30 101 133 95 135 175 84 298 21 14 318 405 107 47 0 
28 4 0 0 4 0 0 0 0 8 4 0 4 0 0 0 4 4 0 4 0 0 8 0 28 0 0 12 20 0 8 0 
126 50 111 26 46 33 18 38 11 108 594 10 12 29 47 92 45 19 74 116 145 113 720 98 61 37 3 110 33 44 79 0 
92 16 136 4 24 8 0 4 0 168 940 4 4 24 28 4 20 4 4 20 52 24 160 32 8 52 4 44 8 60 144 0 
92 16 136 4 24 8 0 4 0 168 940 4 4 24 28 4 20 4 4 20 52 24 160 32 8 52 4 44 8 60 144 0 
80 0 4 12 8 8 0 8 36 64 28 4 0 4 12 16 48 8 20 24 32 8 340 48 52 12 4 0 12 0 0 0 
60 0 3 9 6 6 0 6 27 49 22 3 0 3 9 12 37 6 15 19 24 6 255 36 39 9 3 0 9 0 0 0 
478 115 177 120 118 596 98 82 87 1266 818 91 120 309 268 163 177 530 264 354 424 571 671 584 193 364 109 499 106 688 178 0 
248 8 52 52 24 144 24 12 4 1028 508 4 0 12 20 24 24 16 16 48 44 20 304 36 48 84 32 252 12 304 120 0 
248 8 52 52 24 144 24 12 4 1030 510 4 0 12 20 24 24 16 16 49 44 20 305 37 48 85 33 252 12 304 120 0 
424 87 163 110 126 568 148 69 117 1237 629 87 104 461 336 159 176 577 235 519 404 597 667 581 176 200 214 661 119 540 161 0 
36 4 1 16 5 6 0 22 19 245 65 14 1 2 13 2 8 3 4 5 4 8 12 4 0 9 3 10 3 13 30 0 
0 0 0 5 133 0 61 0 0 106 37 1 1 12 16 4 7 1 13 11 0 1 67 12 3 22 0 10 6 5 14 0 
25 2 1 17 15 4 2 15 48 342 34 7 0 0 1 7 15 6 3 1 3 2 11 8 0 9 3 32 6 13 15 0 
0 10 24 52 13 14 6 16 10 588 336 17 0 2 21 24 40 6 30 44 23 22 221 17 45 26 10 31 14 37 89 0 
22 20 49 73 24 33 12 33 20 1030 645 32 0 4 36 48 76 13 56 82 36 37 420 32 76 69 21 60 43 73 167 0 
0 20 48 72 24 24 12 32 20 1024 644 32 0 4 36 48 76 12 56 80 36 36 420 32 76 40 20 56 28 72 164 0 
71 8 0 0 7 2 0 8 0 134 87 47 2 2 4 4 9 2 2 4 2 10 20 9 8 23 2 12 5 1 6 0 
90 11 0 0 10 4 1 15 34 189 121 66 4 5 7 6 12 7 5 7 5 8 29 7 12 33 3 12 6 1 6 0 
590 40 22 66 104 268 360 96 700 606 148 468 96 1152 538 188 190 150 122 230 392 440 416 408 98 252 168 876 108 466 72 0 
796 94 51 120 156 413 223 146 1300 651 478 628 582 1481 1436 261 317 318 178 298 471 485 807 510 189 529 235 867 160 807 98 0 
950 118 77 112 147 571 761 204 1689 656 134 778 742 1532 1501 248 303 265 142 299 365 325 937 459 311 211 1271 1750 526 1021 91 0 
895 224 390 394 249 738 517 491 806 1395 106 938 304 1775 1005 679 1021 863 550 1142 883 914 2363 992 571 115 109 300 310 150 97 0 
272 78 196 114 96 292 211 71 198 411 54 204 88 556 470 460 633 289 324 941 510 533 1343 567 289 44 35 100 162 47 41 0 
0 9 4 17 11 6 4 6 10 198 160 20 0 2 17 20 10 1 40 36 17 12 208 20 38 17 5 7 10 62 150 0 
11 112 2 0 2 22 1 2 0 39 31 5 0 0 8 1 4 0 2 8 2 13 20 22 3 17 3 2 3 7 15 0 
11 7 9 7 15 329 22 6 10 309 178 29 3 33 30 17 20 22 13 70 37 46 77 313 36 15 14 97 9 114 15 0 
27 10 5 28 7 4 17 3 17 119 86 5 15 2 4 5 7 0 1 8 3 2 14 8 24 27 2 13 1 26 19 0 
10 5 0 7 2 4 1 0 4 164 66 5 0 0 4 4 4 1 0 5 3 1 7 8 0 39 0 10 4 9 29 0 
66 8 60 6 30 41 31 22 24 73 238 16 11 26 28 32 15 25 18 53 8 48 244 27 14 46 5 26 15 34 31 0 
6 4 2 9 40 17 2 0 1 112 49 15 1 10 7 0 2 2 4 17 4 2 23 28 0 10 3 12 19 32 16 0 
26 3 7 5 17 10 20 8 5 91 165 5 0 12 5 9 10 6 25 34 17 21 423 35 8 29 6 25 38 34 28 0 
0 4 0 48 4 124 12 0 0 792 100 4 0 8 4 0 8 0 0 4 4 0 20 12 4 36 4 4 0 64 12 0 
