0 28 17 7 8 2 3 2 2 11 2 8 4 2 9 11 7 2 14 10 6 5 10 6 17 5 10 12 0 0 0 0 
0 1 0 0 1 0 0 0 0 0 0 1 0 0 0 0 0 0 1 0 0 0 0 0 0 0 0 0 0 0 0 0 
0 29 17 8 8 2 3 3 2 11 3 9 5 4 10 11 8 2 16 10 5 8 13 6 19 5 11 33 0 0 0 0 
0 9 7 2 4 5 2 2 7 2 4 2 6 1 5 4 5 5 3 1 7 8 9 10 4 10 3 4 0 0 0 0 
0 26 13 17 18 14 11 14 13 14 9 18 9 8 19 15 12 16 14 20 16 28 20 15 17 25 17 14 0 0 0 0 
0 18 30 28 41 28 23 29 9 37 20 22 18 23 26 35 23 20 33 28 31 43 37 22 40 43 47 37 0 0 0 0 
0 34 35 24 25 14 15 18 16 23 22 22 14 20 24 27 20 19 33 25 25 40 34 23 40 24 31 32 0 0 0 0 
0 39 30 22 28 14 20 18 17 24 21 23 16 17 29 30 20 20 33 28 27 49 36 35 50 32 45 55 0 0 0 0 
0 32 30 28 52 35 21 22 31 42 41 22 20 28 33 42 33 37 41 41 45 43 52 46 55 51 46 59 0 0 0 0 
0 42 47 30 48 27 18 23 25 40 32 30 22 26 33 48 29 27 49 41 41 50 53 41 65 54 54 52 0 0 0 0 
0 38 45 27 32 13 17 23 24 25 21 37 19 29 28 34 24 19 30 26 23 30 40 29 38 45 43 35 0 0 0 0 
0 16 13 11 16 9 14 9 3 7 6 13 6 11 9 13 3 12 11 13 8 29 10 10 11 13 20 20 0 0 0 0 
0 11 10 17 14 9 5 14 6 10 9 13 14 9 16 18 10 17 17 20 23 24 20 12 20 23 15 28 0 0 0 0 
0 0 0 0 0 0 0 0 0 0 0 0 0 0 0 0 0 0 0 0 0 0 0 0 0 0 0 0 0 0 0 0 
0 1 3 3 0 2 1 4 0 1 0 1 0 2 0 1 0 0 1 0 1 1 2 1 2 1 0 0 0 0 0 0 
0 0 0 0 0 0 1 0 2 0 0 0 0 1 0 2 2 1 2 0 3 2 2 1 2 0 0 1 0 0 0 0 
0 2 4 0 1 6 1 4 1 1 1 2 2 3 2 1 3 0 0 1 1 4 7 1 0 1 0 7 0 0 0 0 
0 13 7 12 12 7 5 8 5 10 6 12 5 8 15 14 8 8 12 10 10 19 11 7 18 14 14 14 0 0 0 0 
0 20 31 24 42 26 17 21 23 33 30 25 19 25 28 43 23 27 37 36 37 52 45 41 53 50 48 45 0 0 0 0 
0 47 33 37 34 28 36 20 27 28 24 20 15 21 18 15 28 20 16 23 27 17 22 12 29 28 28 13 0 0 0 0 
0 12 0 3 4 1 1 0 0 5 0 2 0 1 6 3 1 0 1 2 0 4 2 1 5 1 3 6 0 0 0 0 
0 21 32 27 41 27 17 21 23 35 30 23 20 25 31 41 24 25 39 35 39 51 44 37 54 50 50 47 0 0 0 0 
0 20 27 29 29 13 15 31 44 31 46 30 34 33 43 43 34 31 50 36 52 72 69 54 80 66 62 92 0 0 0 0 
0 22 44 25 29 24 12 18 11 34 22 16 23 15 14 28 19 15 18 20 20 14 29 24 40 34 34 22 0 0 0 0 
0 5 11 12 11 11 16 15 15 13 23 13 15 11 10 19 14 16 19 10 14 23 18 17 14 18 17 14 0 0 0 0 
0 29 30 20 28 15 16 15 23 16 21 27 11 20 20 27 12 26 28 25 32 41 29 26 36 27 34 33 0 0 0 0 
0 37 50 37 34 18 23 17 36 26 36 41 17 31 32 34 20 26 40 32 39 56 47 44 59 39 47 44 0 0 0 0 
0 24 19 19 25 15 23 15 19 17 19 19 8 20 22 27 13 24 24 25 25 52 28 30 34 30 34 43 0 0 0 0 
0 10 7 13 12 9 6 11 5 9 9 14 13 10 15 17 9 16 18 17 18 27 18 15 25 24 23 34 0 0 0 0 
0 5 12 17 14 11 7 22 14 14 15 19 23 19 24 28 16 20 26 18 25 39 36 23 36 38 38 47 0 0 0 0 
0 19 10 10 7 11 12 14 4 12 4 11 3 7 12 9 6 14 4 18 4 22 12 20 9 10 17 16 0 0 0 0 
0 67 56 47 43 33 33 31 28 32 25 30 17 19 23 23 33 25 28 34 30 23 31 12 40 39 28 21 0 0 0 0 
0 55 78 52 58 40 48 49 47 54 55 86 51 70 74 72 95 69 59 98 84 105 97 92 102 97 89 86 0 0 0 0 
0 34 30 34 28 23 27 32 20 16 17 19 10 13 9 13 25 18 9 12 21 20 21 8 10 22 14 9 0 0 0 0 
0 31 20 11 16 14 19 10 13 14 14 24 13 11 25 16 27 16 23 27 25 26 20 25 25 33 14 21 0 0 0 0 
0 22 27 20 19 13 22 18 24 12 11 8 9 13 12 8 14 7 5 13 10 13 10 4 10 9 9 12 0 0 0 0 
0 14 23 18 29 23 9 16 8 29 24 8 19 13 4 21 11 11 15 16 18 10 21 17 18 26 24 20 0 0 0 0 
0 15 16 18 26 15 20 18 19 22 22 18 12 20 17 17 29 26 24 15 27 23 22 20 20 14 21 21 0 0 0 0 
0 22 18 26 31 41 35 33 23 24 21 15 12 19 21 21 39 32 13 17 25 21 15 13 38 12 20 17 0 0 0 0 
0 6 11 16 16 17 21 17 20 16 32 13 16 14 14 19 17 20 27 15 19 26 25 24 18 29 19 21 0 0 0 0 
0 6 15 21 25 26 18 17 25 24 26 13 9 20 24 12 24 26 24 24 29 30 35 24 38 34 30 29 0 0 0 0 
0 1 2 4 5 10 6 8 9 3 22 4 9 3 6 15 6 9 8 5 6 6 7 10 6 14 3 8 0 0 0 0 
0 2 2 4 6 10 7 8 9 3 21 2 7 3 7 16 5 10 8 5 5 10 8 10 6 17 2 8 0 0 0 0 
0 57 45 46 46 34 42 28 34 26 29 26 15 22 18 17 32 23 21 30 25 20 26 10 30 37 29 23 0 0 0 0 
0 32 18 38 22 28 18 20 15 21 15 14 10 14 12 10 15 20 11 16 14 11 20 8 20 29 17 10 0 0 0 0 
0 20 37 19 14 10 17 17 14 13 11 15 5 12 22 8 26 10 6 17 28 11 15 6 17 20 12 13 0 0 0 0 
0 19 34 19 13 10 25 28 19 15 13 18 8 22 19 11 28 16 8 18 27 15 15 9 20 28 19 14 0 0 0 0 
0 18 27 13 15 5 15 17 18 15 9 17 5 14 18 9 20 11 6 14 25 13 10 7 13 17 11 3 0 0 0 0 
0 33 47 36 38 24 33 34 34 34 33 60 36 50 50 49 65 46 36 51 57 70 61 54 64 62 58 57 0 0 0 0 
0 24 48 34 24 23 16 20 17 30 29 11 20 12 15 25 23 14 16 20 19 20 31 35 38 45 37 18 0 0 0 0 
0 17 37 20 14 13 8 12 14 16 13 8 15 7 11 17 11 8 8 9 10 11 20 17 23 23 16 10 0 0 0 0 
0 25 50 40 28 27 18 25 16 34 32 12 23 14 15 30 23 14 18 20 23 20 32 38 39 48 38 20 0 0 0 0 
0 4 7 12 14 21 21 21 14 13 23 11 5 6 15 10 23 18 12 12 13 13 15 14 22 15 10 16 0 0 0 0 
0 10 17 23 25 29 36 30 29 25 40 21 16 17 23 19 37 34 33 21 29 31 32 30 36 27 26 31 0 0 0 0 
0 10 11 24 20 24 35 36 19 22 21 18 15 19 16 20 29 31 32 16 25 29 28 21 35 23 22 28 0 0 0 0 
0 9 1 4 3 2 7 6 0 5 9 8 4 0 5 2 7 3 6 1 9 6 2 4 5 4 5 4 0 0 0 0 
0 18 28 16 18 10 23 22 19 20 22 29 16 26 21 14 28 18 15 20 23 26 19 19 26 29 26 13 0 0 0 0 
0 24 37 24 15 8 20 28 21 13 8 16 10 18 30 11 26 14 10 13 24 17 10 11 11 19 12 4 0 0 0 0 
0 21 37 18 17 9 26 25 21 16 15 21 8 23 25 10 32 16 9 22 32 17 18 9 23 30 19 13 0 0 0 0 
0 36 62 48 31 31 28 27 30 40 42 30 29 32 39 49 41 25 48 39 35 29 55 63 56 68 64 68 0 0 0 0 
0 28 49 34 21 17 13 18 21 27 22 14 20 15 13 25 15 10 19 17 20 19 23 26 35 37 33 20 0 0 0 0 
0 19 14 19 17 20 20 11 9 12 12 11 12 12 11 11 15 8 10 7 15 14 5 9 18 11 13 5 0 0 0 0 
0 16 15 18 17 19 19 8 9 14 6 6 11 10 9 10 13 7 9 6 10 9 3 7 15 10 8 3 0 0 0 0 
0 74 66 49 77 65 63 56 42 42 56 41 52 34 59 42 70 31 39 25 49 55 33 30 56 56 90 37 0 0 0 0 
0 13 6 12 8 15 15 6 8 7 4 5 8 9 6 6 10 5 1 5 7 7 2 2 11 8 7 3 0 0 0 0 
0 25 53 34 23 24 16 20 17 33 30 11 18 12 17 25 24 14 16 21 19 21 31 39 39 47 38 18 0 0 0 0 
0 21 31 32 32 24 22 20 35 33 25 28 27 42 28 37 34 25 33 34 27 30 42 30 30 51 38 63 0 0 0 0 
0 44 76 60 39 41 37 28 39 51 51 35 41 48 50 58 56 34 67 56 49 32 75 74 72 80 74 79 0 0 0 0 
0 21 48 38 23 25 20 21 18 30 23 19 21 18 26 29 27 14 25 29 23 30 33 50 54 55 52 36 0 0 0 0 
0 33 53 45 31 29 19 23 23 30 25 22 22 18 19 32 29 12 32 27 31 27 38 52 56 62 55 27 0 0 0 0 
0 28 30 27 29 21 23 19 29 31 35 14 15 24 28 30 23 25 27 29 33 49 33 42 33 41 34 37 0 0 0 0 
0 9 7 2 4 5 2 2 7 2 4 2 6 1 4 4 5 5 4 1 7 8 9 8 3 8 3 4 0 0 0 0 
0 8 7 2 4 5 0 2 6 2 4 1 6 1 5 3 5 5 4 1 7 8 9 10 4 10 3 4 0 0 0 0 
0 3 4 1 3 3 2 2 5 1 2 2 4 1 4 3 4 3 2 0 4 2 3 5 2 5 2 2 0 0 0 0 
0 26 25 15 20 15 15 11 23 19 22 11 9 15 22 26 22 19 21 24 40 39 41 34 39 40 37 44 0 0 0 0 
0 44 75 41 41 20 31 17 22 33 23 16 17 22 31 23 22 17 19 13 23 26 17 19 14 17 12 17 0 0 0 0 
0 14 13 2 4 6 2 4 7 2 4 2 4 3 5 11 14 8 5 6 15 8 13 10 11 13 12 16 0 0 0 0 
0 2 7 3 4 3 8 4 3 8 1 4 2 9 2 4 4 3 3 2 2 4 3 2 5 10 8 2 0 0 0 0 
0 21 14 8 8 7 5 7 6 7 4 3 5 12 1 2 9 5 3 6 14 4 4 6 9 15 5 3 0 0 0 0 
0 11 9 7 5 8 3 7 5 4 3 4 4 8 1 6 5 4 3 3 1 1 2 0 2 3 1 1 0 0 0 0 
0 12 9 4 4 5 2 8 4 1 6 7 5 10 8 1 3 2 10 3 2 7 5 2 4 2 3 22 0 0 0 0 
0 12 13 7 6 9 6 10 5 6 5 10 8 5 2 3 6 4 7 6 5 9 14 5 9 6 4 27 0 0 0 0 
0 1 0 1 1 0 0 2 0 0 1 1 2 2 1 0 1 1 4 0 0 3 4 0 2 0 1 22 0 0 0 0 
0 1 0 1 0 0 0 1 0 0 1 1 2 2 1 0 1 1 4 0 0 3 3 0 2 0 1 21 0 0 0 0 
0 1 3 1 0 1 1 1 0 1 1 1 4 2 1 0 3 0 3 1 0 3 11 0 2 1 1 30 0 0 0 0 
0 12 0 5 5 1 1 0 0 6 0 3 0 1 9 3 1 0 1 2 0 4 2 1 5 1 4 7 0 0 0 0 
0 13 0 5 4 1 1 0 0 5 0 4 0 1 7 3 1 0 1 2 0 4 2 1 5 1 4 8 0 0 0 0 
0 11 0 6 3 1 1 0 0 5 0 3 0 1 7 3 1 0 1 2 0 4 2 1 5 1 4 8 0 0 0 0 
0 21 20 14 26 8 23 11 22 13 16 19 6 16 19 26 11 23 26 19 26 37 26 24 30 29 25 29 0 0 0 0 
0 2 5 5 5 1 2 0 0 0 1 5 2 0 2 3 0 2 3 2 0 9 2 1 4 5 6 4 0 0 0 0 
0 20 17 18 6 7 7 5 8 9 1 11 2 5 12 5 4 10 3 14 4 11 9 13 1 5 9 8 0 0 0 0 
0 23 18 13 15 11 14 10 11 8 7 12 6 7 14 15 8 8 2 13 12 14 10 6 9 12 5 7 0 0 0 0 
0 11 6 7 3 2 1 3 4 5 4 7 2 3 5 4 3 9 3 12 5 10 7 18 3 8 7 2 0 0 0 0 
0 2 2 4 6 10 7 8 9 3 23 4 9 2 7 16 6 9 8 5 6 10 8 10 6 16 3 8 0 0 0 0 
0 2 2 4 6 10 6 8 9 3 20 4 9 3 7 15 6 9 8 5 6 9 8 11 6 18 3 7 0 0 0 0 
0 8 12 8 5 2 5 3 7 9 3 6 1 3 5 4 6 3 2 5 12 4 3 4 3 3 4 1 0 0 0 0 
0 8 12 8 5 2 5 3 7 10 3 5 1 3 5 4 6 3 2 5 12 4 3 4 3 3 4 1 0 0 0 0 
0 30 26 18 27 17 24 15 23 22 20 47 30 33 33 31 53 31 42 42 42 56 48 57 56 63 44 57 0 0 0 0 
0 26 43 30 37 24 32 32 29 37 40 65 39 43 51 44 70 47 50 59 60 64 64 61 63 65 52 57 0 0 0 0 
0 24 35 28 27 20 30 29 32 29 34 53 32 36 47 42 63 41 39 54 49 60 49 55 56 59 48 54 0 0 0 0 
0 36 30 21 31 19 28 16 25 24 20 49 33 36 36 38 56 35 42 46 44 64 52 62 62 65 47 61 0 0 0 0 
0 17 7 13 9 17 16 10 8 10 10 8 11 7 8 7 12 6 2 6 11 13 4 4 14 10 12 5 0 0 0 0 
0 16 6 9 8 15 14 8 8 8 5 5 9 9 6 6 11 5 1 5 8 8 2 3 11 7 7 2 0 0 0 0 
0 14 6 9 8 15 14 8 8 8 5 5 9 9 6 6 11 5 1 5 8 8 2 3 11 7 7 2 0 0 0 0 
0 34 56 48 35 25 25 28 28 36 29 20 30 19 27 38 33 15 30 36 25 31 38 49 52 54 58 33 0 0 0 0 
0 5 7 3 6 4 1 4 5 1 3 2 3 1 6 3 6 6 2 2 2 5 4 7 4 5 4 5 0 0 0 0 
0 17 20 15 19 11 12 8 24 16 20 12 7 12 20 19 17 15 20 18 26 31 35 28 31 30 24 29 0 0 0 0 
0 6 8 5 1 2 1 9 3 2 2 2 1 2 0 0 1 0 3 0 7 3 0 0 4 2 1 0 0 0 0 0 
0 4 3 4 2 0 2 4 1 1 1 1 1 3 0 2 0 0 1 2 1 2 1 0 2 1 0 0 0 0 0 0 
0 9 8 11 5 2 8 4 2 3 1 3 3 5 1 2 1 1 4 6 3 7 3 0 3 4 3 2 0 0 0 0 
0 41 28 9 16 14 7 8 15 16 15 8 14 18 11 10 22 7 20 18 40 18 29 22 33 45 44 21 0 0 0 0 
0 50 67 36 42 33 31 24 44 54 42 27 34 49 39 42 47 29 59 54 41 23 55 57 47 74 68 68 0 0 0 0 
0 10 6 7 2 6 2 6 2 3 3 1 1 6 3 1 1 5 4 4 2 1 4 0 3 4 1 1 0 0 0 0 
0 56 50 20 19 25 26 23 11 32 21 29 9 22 14 19 23 12 8 24 20 18 22 6 14 14 15 9 0 0 0 0 
0 36 28 15 15 19 15 12 7 15 13 10 10 15 16 8 10 11 8 13 8 6 10 6 8 8 5 2 0 0 0 0 
0 61 47 25 17 21 25 20 13 28 16 19 12 23 14 20 18 6 7 16 12 17 18 5 11 11 14 4 0 0 0 0 
0 10 10 2 4 7 3 8 5 11 9 3 7 10 6 3 5 1 2 4 4 2 3 2 4 0 2 8 0 0 0 0 
0 1 0 1 1 0 0 2 0 0 1 1 2 2 1 0 1 0 5 0 0 3 5 0 5 0 1 21 0 0 0 0 
0 0 0 0 1 0 0 1 0 0 0 0 0 0 0 0 0 0 4 0 0 0 2 0 5 0 0 0 0 0 0 0 
0 1 0 1 1 0 0 2 0 0 1 1 2 2 1 0 1 0 4 0 0 3 4 0 3 0 1 22 0 0 0 0 
0 1 4 1 0 1 0 1 0 1 1 1 3 2 1 0 3 0 3 1 0 3 8 0 2 1 1 28 0 0 0 0 
0 0 5 0 0 1 1 0 0 1 0 0 3 1 0 0 2 1 0 1 0 0 9 0 0 1 0 9 0 0 0 0 
0 1 3 1 0 0 1 1 0 0 1 1 5 2 1 0 1 0 4 0 0 4 14 0 4 0 1 23 0 0 0 0 
0 1 0 0 2 0 0 0 0 1 0 5 1 1 3 0 0 0 0 0 0 1 0 0 1 2 0 1 0 0 0 0 
0 11 0 6 3 1 1 0 0 5 0 3 0 1 7 3 1 0 1 2 0 4 2 1 5 1 4 8 0 0 0 0 
0 9 0 4 1 1 1 0 0 4 0 1 0 1 4 3 1 0 1 2 0 3 1 1 5 0 3 6 0 0 0 0 
0 24 41 35 22 27 16 19 16 25 18 20 17 13 14 26 23 9 22 22 22 21 33 43 52 56 44 18 0 0 0 0 
0 25 33 32 29 25 27 29 43 46 40 39 30 43 41 51 41 34 50 44 34 39 70 67 45 73 57 111 0 0 0 0 
0 20 24 17 17 18 13 13 19 19 22 6 12 15 15 16 18 17 13 14 16 18 15 23 9 31 10 14 0 0 0 0 
0 25 39 34 30 24 31 33 33 36 40 46 32 37 48 42 57 41 42 53 45 53 40 52 43 50 38 39 0 0 0 0 
0 28 17 15 15 12 11 11 14 15 12 9 9 12 12 11 10 10 11 9 7 15 7 16 7 12 10 9 0 0 0 0 
0 26 20 21 23 16 18 15 20 21 20 15 9 16 25 23 16 19 22 24 27 55 37 35 35 32 39 42 0 0 0 0 
0 11 9 4 6 4 5 4 3 10 7 2 1 4 4 4 3 2 3 8 12 9 12 7 5 10 11 9 0 0 0 0 
0 39 30 9 16 17 7 11 16 16 11 7 15 17 10 10 22 7 18 19 33 16 27 20 31 41 42 18 0 0 0 0 
0 9 10 2 2 2 0 7 4 2 4 2 1 1 1 0 2 0 7 0 15 8 3 2 8 10 5 3 0 0 0 0 
0 44 45 39 38 23 31 23 28 50 32 31 24 46 39 40 47 28 53 38 49 27 57 50 44 66 53 71 0 0 0 0 
0 16 13 2 4 2 3 7 5 3 6 5 4 5 4 0 7 1 8 0 17 11 6 2 11 11 11 4 0 0 0 0 
0 20 18 6 8 6 6 7 10 7 10 9 6 2 6 8 11 7 12 8 24 17 20 10 19 20 20 20 0 0 0 0 
0 15 19 9 8 11 10 9 8 12 6 5 11 10 8 7 3 9 7 7 7 8 6 8 6 6 2 2 0 0 0 0 
0 42 55 30 27 27 32 38 24 38 34 45 21 33 31 35 44 30 19 43 40 40 42 23 34 27 32 25 0 0 0 0 
0 39 42 19 17 20 21 20 10 26 17 25 7 20 12 18 18 11 7 23 19 16 20 6 11 14 15 8 0 0 0 0 
0 57 70 62 31 38 22 31 35 39 29 30 23 34 33 27 23 30 40 35 33 37 50 24 33 31 32 21 0 0 0 0 
0 13 11 2 8 7 6 12 6 10 11 5 8 14 9 4 6 3 4 6 6 6 3 3 5 2 2 10 0 0 0 0 
0 9 11 2 4 7 4 8 5 11 9 3 7 10 5 3 4 1 2 4 4 2 3 1 4 1 2 7 0 0 0 0 
0 73 69 37 30 33 32 30 22 38 25 28 12 25 18 22 30 14 16 24 30 22 23 14 13 21 14 20 0 0 0 0 
0 15 13 2 8 7 5 12 8 11 11 5 10 10 9 5 6 5 5 7 8 6 3 3 6 2 3 9 0 0 0 0 
0 6 1 0 0 0 1 0 0 1 2 0 0 5 0 0 1 0 0 0 0 1 1 1 0 1 0 0 0 0 0 0 
0 1 0 1 1 0 0 2 0 0 1 1 2 2 1 0 1 1 4 0 0 3 5 0 4 0 1 22 0 0 0 0 
0 1 0 1 0 0 0 1 0 0 1 1 2 2 1 0 1 0 6 0 0 3 4 0 6 0 1 21 0 0 0 0 
0 0 5 0 0 1 1 0 0 1 0 0 3 1 0 0 2 1 0 1 0 0 9 0 0 1 0 9 0 0 0 0 
0 3 7 9 11 6 4 8 5 6 6 11 6 8 10 11 7 8 11 8 10 17 10 6 13 14 10 7 0 0 0 0 
0 1 0 0 2 0 0 0 0 0 0 4 1 1 5 0 0 0 0 0 0 0 0 0 1 2 0 1 0 0 0 0 
0 2 0 0 2 0 0 0 0 1 0 3 0 2 3 0 0 0 0 0 0 1 0 0 0 2 0 1 0 0 0 0 
0 3 0 0 3 0 0 0 0 1 0 4 1 2 2 0 0 0 0 0 0 2 0 0 0 0 0 0 0 0 0 0 
0 2 0 0 3 0 0 0 0 1 0 3 1 2 4 0 0 0 0 0 0 1 0 0 1 0 0 0 0 0 0 0 
0 12 7 3 3 3 1 2 2 2 1 1 1 1 6 3 4 5 0 4 2 3 2 9 6 10 3 5 0 0 0 0 
0 39 26 17 28 16 13 6 11 11 6 9 5 5 6 1 0 3 2 4 6 6 9 1 4 1 3 5 0 0 0 0 
0 21 20 8 17 12 11 8 12 10 6 9 5 5 6 2 3 5 5 5 5 11 9 4 2 1 6 8 0 0 0 0 
0 49 76 67 45 46 42 43 47 51 46 55 45 42 56 47 58 51 48 59 49 53 56 52 46 58 42 41 0 0 0 0 
0 30 48 39 31 27 28 31 30 35 32 41 30 38 49 39 41 39 42 40 46 46 44 37 38 31 38 28 0 0 0 0 
0 29 62 45 32 26 26 38 25 35 39 42 21 38 41 34 47 35 25 49 51 46 46 33 38 39 39 34 0 0 0 0 
0 24 48 31 22 21 27 32 20 35 33 40 20 29 34 29 41 29 16 37 37 34 29 21 26 27 31 19 0 0 0 0 
0 10 10 2 4 7 3 8 5 11 9 3 7 10 6 3 5 1 2 4 4 2 3 2 4 0 2 8 0 0 0 0 
0 0 4 0 0 0 1 0 0 0 0 0 2 1 1 0 0 1 1 0 0 0 7 0 0 0 1 3 0 0 0 0 
0 1 0 0 1 0 0 0 0 1 0 4 1 1 1 0 0 0 0 0 0 1 0 0 0 2 0 1 0 0 0 0 
0 2 0 0 3 0 0 0 0 1 0 4 1 2 4 0 0 0 0 0 0 1 0 0 1 0 0 0 0 0 0 0 
0 22 36 31 36 17 28 29 26 32 30 36 21 37 33 37 33 22 31 26 33 47 43 37 41 53 56 35 0 0 0 0 
0 9 20 21 20 12 23 22 23 31 15 26 16 27 22 34 24 19 27 19 24 32 39 28 30 55 39 53 0 0 0 0 
0 35 36 31 34 17 23 27 9 30 15 31 15 18 30 34 24 17 36 28 27 40 36 20 38 40 37 33 0 0 0 0 
0 46 57 38 55 28 18 26 28 46 33 31 27 43 31 43 35 25 50 39 42 38 50 27 53 44 51 46 0 0 0 0 
0 52 28 36 32 32 33 21 28 28 21 22 16 19 22 15 26 21 13 25 29 22 20 10 32 34 22 13 0 0 0 0 
0 18 7 9 12 12 16 15 17 7 2 4 8 3 6 6 5 5 1 5 6 11 6 1 8 8 2 3 0 0 0 0 
0 19 19 7 12 12 18 11 16 7 5 4 6 8 7 8 6 7 5 9 7 8 7 1 12 9 4 3 0 0 0 0 
0 13 14 7 8 8 4 7 10 8 15 2 4 4 6 7 11 11 4 7 9 10 12 16 7 22 8 10 0 0 0 0 
0 13 16 7 9 8 5 7 12 8 14 3 4 4 7 7 11 11 4 7 9 10 12 17 7 22 8 11 0 0 0 0 
0 15 23 22 37 29 30 36 29 35 31 20 17 25 21 24 38 37 28 22 31 40 35 29 33 19 36 32 0 0 0 0 
0 15 28 29 29 35 41 38 26 25 32 19 13 17 24 25 32 36 27 20 27 32 26 24 39 20 26 29 0 0 0 0 
0 47 40 41 36 30 36 25 28 38 38 36 20 32 36 20 43 25 20 40 41 31 31 23 45 49 42 25 0 0 0 0 
0 11 24 27 18 12 19 19 21 22 23 27 15 29 27 21 26 20 27 29 37 46 35 18 45 41 32 39 0 0 0 0 
0 15 18 30 21 14 19 15 21 33 27 24 16 36 26 14 26 20 19 25 32 34 39 24 42 41 42 44 0 0 0 0 
0 22 35 22 15 6 14 24 19 12 7 16 7 12 23 10 25 13 8 11 23 14 10 8 8 17 10 2 0 0 0 0 
0 25 44 28 15 11 22 28 19 10 13 18 8 20 31 10 29 15 7 17 30 16 15 6 17 25 13 10 0 0 0 0 
0 14 15 14 7 5 9 7 9 6 7 5 5 13 5 5 14 14 18 3 7 11 9 12 9 3 2 2 0 0 0 0 
0 12 8 9 9 16 14 8 8 11 5 4 10 7 6 7 10 5 6 5 7 7 3 2 12 8 7 2 0 0 0 0 
0 12 6 11 10 16 17 8 8 13 8 5 11 10 6 6 12 5 8 9 9 8 2 2 12 8 7 2 0 0 0 0 
0 12 8 9 9 16 14 6 9 11 4 4 10 7 7 6 10 5 1 5 7 8 2 2 11 8 7 2 0 0 0 0 
0 22 46 24 16 18 14 18 15 29 24 10 16 10 9 19 14 11 12 15 18 19 26 30 30 39 30 17 0 0 0 0 
0 10 11 14 9 13 7 8 8 12 10 10 4 7 8 11 13 5 11 8 10 11 12 22 21 27 22 9 0 0 0 0 
0 38 45 41 30 29 26 23 34 32 39 31 22 33 38 44 42 24 56 37 40 30 47 62 46 67 64 73 0 0 0 0 
0 2 1 0 0 0 0 0 0 0 0 0 0 0 0 2 1 0 0 0 0 0 1 0 0 3 0 1 0 0 0 0 
0 3 0 1 0 0 1 0 0 0 0 0 0 0 0 2 0 0 2 0 0 0 2 1 1 2 0 4 0 0 0 0 
0 0 1 1 0 2 0 0 0 0 0 0 0 0 1 0 1 0 0 0 0 0 0 0 1 1 1 1 0 0 0 0 
0 0 1 1 0 2 0 0 0 0 0 0 0 0 1 0 1 0 0 0 0 0 0 0 1 1 1 1 0 0 0 0 
0 1 0 1 0 1 0 0 2 0 0 0 1 1 0 0 0 0 0 0 1 1 0 0 1 1 0 3 0 0 0 0 
0 11 12 11 13 4 9 13 6 9 7 13 9 24 11 12 8 12 12 6 7 17 18 14 10 18 21 16 0 0 0 0 
0 2 4 6 4 2 3 0 1 0 1 5 2 0 2 2 0 2 2 2 0 5 1 1 3 3 4 2 0 0 0 0 
0 8 8 5 6 2 7 3 4 1 2 8 2 7 1 7 0 10 8 5 6 10 4 3 4 6 6 6 0 0 0 0 
0 12 16 17 6 7 7 3 6 3 1 5 1 5 8 1 1 3 2 3 3 4 3 2 0 1 7 6 0 0 0 0 
0 11 17 12 5 7 8 4 3 5 2 5 0 7 13 3 6 4 1 6 11 5 6 0 5 5 3 6 0 0 0 0 
0 16 15 17 5 9 5 4 8 2 1 7 1 5 9 1 2 3 2 5 2 3 3 2 0 1 5 7 0 0 0 0 
0 14 6 8 8 7 9 9 3 11 4 11 3 4 9 8 5 13 4 19 4 25 11 25 7 9 16 14 0 0 0 0 
0 8 3 2 2 0 1 2 3 5 1 7 1 0 3 4 2 8 2 14 2 11 6 19 1 5 6 2 0 0 0 0 
0 14 9 12 9 20 5 6 7 11 13 6 8 6 8 10 13 6 3 13 8 5 6 15 7 12 16 2 0 0 0 0 
0 42 32 22 29 19 25 17 24 25 22 50 31 38 38 36 54 35 45 45 43 62 50 61 60 68 49 57 0 0 0 0 
0 16 6 9 8 15 13 8 8 8 5 4 9 7 6 6 11 5 1 5 7 8 2 3 11 7 7 2 0 0 0 0 
0 2 2 5 0 0 2 7 0 1 0 1 0 3 0 0 0 0 1 2 1 1 0 0 1 0 0 0 0 0 0 0 
0 2 2 6 0 0 2 7 1 1 1 1 0 3 0 0 0 0 1 2 1 1 0 0 1 0 0 0 0 0 0 0 
0 0 0 0 1 0 0 1 0 0 0 0 0 0 0 0 0 0 3 0 0 0 1 0 3 0 0 0 0 0 0 0 
0 9 0 6 2 1 1 0 0 5 0 3 0 1 6 3 1 0 1 2 0 3 1 1 5 0 4 8 0 0 0 0 
0 19 37 28 14 18 14 15 14 19 14 15 14 10 8 21 12 6 11 16 12 15 19 20 33 30 25 12 0 0 0 0 
0 28 30 28 20 20 25 26 35 37 34 30 28 32 40 49 37 29 46 43 27 37 57 55 44 62 59 87 0 0 0 0 
0 23 36 26 20 22 22 23 33 31 35 32 27 32 34 39 30 27 43 35 31 23 38 49 33 57 45 90 0 0 0 0 
0 35 41 41 33 26 31 34 47 52 42 52 31 51 54 69 47 43 78 58 44 53 81 92 57 81 96 129 0 0 0 0 
0 7 8 6 4 3 4 2 5 8 5 2 2 4 4 1 3 2 4 6 10 8 16 7 6 10 12 9 0 0 0 0 
0 7 8 6 4 3 4 2 5 9 5 2 2 4 4 1 4 2 5 7 10 8 17 7 6 10 12 9 0 0 0 0 
0 7 6 2 8 4 1 0 6 3 1 5 1 1 2 0 4 0 3 4 3 3 6 0 2 0 8 0 0 0 0 0 
0 20 14 2 4 2 3 7 5 3 8 6 4 5 5 0 7 1 8 0 20 11 6 2 13 11 11 4 0 0 0 0 
0 12 4 0 2 0 3 0 1 1 5 4 3 4 5 0 5 1 2 0 6 4 3 0 6 2 6 1 0 0 0 0 
0 25 25 13 13 16 11 11 17 13 13 7 12 14 16 19 23 16 15 14 22 19 22 21 17 21 19 22 0 0 0 0 
0 19 17 5 7 6 8 7 9 6 7 8 6 3 6 14 16 10 9 13 25 12 18 10 21 16 23 26 0 0 0 0 
0 20 26 10 17 7 19 12 7 20 7 11 5 8 11 23 24 7 17 17 33 18 23 6 23 24 26 23 0 0 0 0 
0 33 25 7 11 6 4 6 17 8 14 6 13 12 10 5 6 5 4 10 7 5 9 4 8 6 7 7 0 0 0 0 
0 10 14 2 4 7 6 10 13 4 10 2 9 10 7 8 4 4 3 10 5 7 6 2 6 3 2 1 0 0 0 0 
0 25 17 4 8 5 2 7 11 5 14 3 10 8 4 4 3 4 2 7 3 2 7 9 5 7 2 12 0 0 0 0 
0 36 34 15 12 17 15 16 6 22 17 20 5 15 13 11 17 10 7 20 15 14 17 5 14 13 12 7 0 0 0 0 
0 52 52 22 17 22 22 24 10 31 22 27 9 21 12 15 20 13 10 29 21 23 24 10 18 16 20 9 0 0 0 0 
0 31 16 4 11 8 5 6 7 9 5 7 3 3 2 1 0 0 3 0 3 3 4 2 2 3 3 5 0 0 0 0 
0 38 19 12 23 16 11 5 7 9 2 8 4 4 5 1 1 2 1 3 4 3 4 0 2 0 2 1 0 0 0 0 
0 64 52 43 40 25 12 19 22 13 13 10 9 10 10 6 4 7 7 5 7 11 14 5 5 3 5 6 0 0 0 0 
0 12 8 2 12 6 4 5 6 7 3 6 3 1 5 2 4 5 4 9 3 7 4 8 5 3 6 8 0 0 0 0 
0 17 36 32 29 16 19 33 25 22 27 31 19 26 31 28 34 26 21 29 28 39 28 22 30 20 24 22 0 0 0 0 
0 20 14 11 14 11 13 8 13 14 10 6 9 12 10 10 9 9 9 8 7 12 7 11 4 8 7 5 0 0 0 0 
0 56 85 67 38 47 29 34 33 41 23 20 26 29 27 27 23 31 28 27 30 21 32 22 16 28 19 21 0 0 0 0 
0 26 45 33 30 23 32 23 40 42 46 34 37 44 46 47 43 33 57 42 44 46 52 52 51 58 55 77 0 0 0 0 
0 18 7 9 11 12 17 13 16 7 2 4 8 3 6 6 5 4 1 5 6 11 6 1 8 8 2 3 0 0 0 0 
0 18 7 9 11 12 16 14 15 7 2 4 7 3 6 6 5 5 1 5 6 11 6 1 8 8 2 3 0 0 0 0 
0 14 16 13 12 12 9 10 15 12 12 5 9 12 14 13 14 13 11 9 9 16 10 22 7 22 9 10 0 0 0 0 
0 18 13 13 13 16 14 11 8 12 6 4 16 10 7 9 10 7 9 5 9 13 3 5 13 11 8 4 0 0 0 0 
0 16 40 20 10 14 9 12 11 21 11 9 13 7 10 18 10 5 12 10 11 14 20 28 28 30 25 11 0 0 0 0 
0 50 63 42 36 35 17 21 26 41 26 14 28 31 22 29 36 16 26 32 34 24 43 56 57 78 62 22 0 0 0 0 
0 24 39 33 19 24 13 16 16 23 18 20 19 14 18 27 20 9 18 17 19 25 29 37 45 45 37 16 0 0 0 0 
0 11 8 14 9 14 6 6 8 8 8 14 6 8 11 12 13 4 13 8 12 16 14 26 23 27 22 9 0 0 0 0 
0 28 44 29 22 24 28 18 32 36 38 24 28 37 40 39 39 28 52 48 34 21 41 51 41 58 53 81 0 0 0 0 
0 1 1 0 0 0 0 0 0 0 0 1 0 0 0 1 1 0 0 0 0 0 0 0 0 1 0 1 0 0 0 0 
0 1 1 0 0 0 0 0 0 0 0 0 0 0 0 1 1 0 0 0 0 0 0 0 0 1 0 1 0 0 0 0 
0 1 1 0 0 0 0 0 0 0 0 0 0 0 0 5 1 0 0 0 1 0 1 1 0 2 0 5 0 0 0 0 
0 10 13 13 13 2 8 13 7 7 7 11 8 26 12 11 10 12 8 7 7 17 17 14 10 18 23 14 0 0 0 0 
0 9 11 12 12 3 9 13 7 6 9 12 7 23 10 9 9 13 9 8 6 16 18 14 12 18 22 14 0 0 0 0 
0 4 10 8 8 3 10 9 3 11 2 6 4 17 6 7 5 8 10 2 5 12 8 2 8 14 11 3 0 0 0 0 
0 1 4 8 3 1 1 6 1 1 2 0 1 8 4 2 4 5 4 2 2 7 4 0 4 4 4 0 0 0 0 0 
0 13 10 12 4 2 1 6 10 12 8 14 4 7 7 3 5 11 6 12 6 11 8 12 7 12 14 12 0 0 0 0 
0 9 7 12 3 10 3 3 2 6 6 2 3 5 5 2 8 6 1 8 6 2 2 6 4 6 6 0 0 0 0 0 
0 4 4 5 2 3 1 1 1 0 7 1 1 3 2 0 1 3 1 3 4 2 3 4 2 3 2 0 0 0 0 0 
0 10 6 9 9 10 0 7 3 4 9 3 7 3 5 7 6 5 3 7 7 2 5 13 7 11 11 2 0 0 0 0 
0 15 12 8 12 10 5 6 3 8 6 7 2 6 4 1 11 7 3 8 3 3 5 8 6 6 10 9 0 0 0 0 
0 16 6 9 8 15 13 8 8 8 5 4 9 7 6 6 11 5 1 5 7 8 2 3 11 7 7 2 0 0 0 0 
0 2 2 5 0 0 2 6 1 1 1 1 0 3 0 0 0 0 1 2 1 1 0 0 1 0 0 0 0 0 0 0 
0 2 2 5 0 0 2 5 1 1 1 1 0 3 0 0 0 0 1 2 1 1 0 0 1 0 0 0 0 0 0 0 
0 31 22 3 11 7 5 6 11 10 16 6 13 11 6 7 7 6 1 8 7 7 7 4 7 5 4 6 0 0 0 0 
0 12 15 5 11 6 6 9 10 12 8 7 7 11 11 4 7 7 6 10 6 8 10 6 9 6 5 8 0 0 0 0 
0 9 11 1 5 6 6 5 7 5 9 3 10 8 4 5 5 3 2 5 5 9 4 2 6 2 2 0 0 0 0 0 
0 24 35 28 26 17 24 27 23 30 36 46 26 31 43 32 53 35 34 51 40 45 37 42 39 45 36 35 0 0 0 0 
0 3 1 1 1 0 2 0 1 4 0 0 1 0 0 0 1 1 1 3 0 2 1 2 0 0 1 1 0 0 0 0 
0 52 45 39 41 24 30 27 26 32 48 40 52 21 31 40 20 42 36 25 40 71 25 35 50 39 35 31 0 0 0 0 
0 7 7 3 4 4 1 3 6 1 3 2 4 2 6 5 8 6 4 2 5 5 6 12 6 17 4 9 0 0 0 0 
0 19 12 3 2 5 2 2 6 2 4 1 3 3 5 10 10 8 4 8 18 12 16 17 14 22 13 16 0 0 0 0 
0 13 19 14 12 7 7 8 12 13 13 4 10 11 15 11 14 9 19 15 17 13 9 22 19 28 26 31 0 0 0 0 
0 28 43 34 22 24 30 32 43 47 45 37 35 47 46 53 49 38 79 56 58 34 49 71 62 80 80 115 0 0 0 0 
0 35 51 44 42 29 28 23 35 42 42 30 35 36 43 41 39 28 64 42 40 30 47 56 33 52 59 88 0 0 0 0 
0 2 1 0 0 0 0 0 0 0 0 0 0 0 0 1 1 0 0 0 0 0 0 0 0 1 0 1 0 0 0 0 
0 2 1 0 0 0 0 0 0 0 0 0 0 1 0 1 1 0 0 0 0 0 0 0 1 1 0 1 0 0 0 0 
0 2 1 0 0 0 0 0 0 0 0 1 0 0 0 1 1 0 0 0 0 0 0 0 0 1 0 1 0 0 0 0 
0 2 1 0 1 0 1 0 0 0 0 1 1 1 0 0 1 0 2 0 1 0 1 1 1 0 0 1 0 0 0 0 
0 1 3 7 2 1 1 5 0 1 2 1 1 9 3 2 3 4 5 1 2 9 6 0 5 4 2 0 0 0 0 0 
0 1 3 7 2 1 2 6 1 1 3 1 1 8 3 2 4 5 3 2 1 8 5 0 5 6 3 0 0 0 0 0 
0 1 4 8 3 1 2 6 1 1 3 1 1 7 3 2 3 6 5 2 1 8 6 0 6 5 4 0 0 0 0 0 
0 24 20 14 15 7 14 5 18 9 9 16 14 14 18 20 20 11 7 18 15 27 20 21 28 20 22 27 0 0 0 0 
0 2 7 0 4 4 6 3 7 1 5 1 10 9 5 5 5 3 2 5 5 11 1 1 3 0 3 0 0 0 0 0 
0 62 38 44 41 22 31 25 29 37 53 53 56 23 42 50 18 37 36 24 39 80 34 42 39 39 29 25 0 0 0 0 
0 57 45 45 48 30 40 32 31 36 56 50 60 21 39 41 22 50 32 29 38 79 26 38 37 33 33 33 0 0 0 0 
0 10 41 25 20 22 16 31 22 27 28 33 22 27 34 31 34 35 16 34 31 35 31 23 34 27 33 25 0 0 0 0 
0 38 41 41 33 20 31 22 24 24 47 44 48 20 32 39 10 35 32 15 28 79 31 34 32 37 24 17 0 0 0 0 
0 12 19 14 12 6 7 8 13 13 13 4 10 11 14 11 13 9 18 17 17 12 9 22 18 25 27 30 0 0 0 0 
0 26 37 26 21 23 28 16 27 29 41 22 30 33 33 35 34 23 50 37 28 20 44 46 31 42 42 65 0 0 0 0 
0 50 59 59 47 38 42 32 50 54 47 50 41 63 56 59 54 43 74 58 52 39 67 60 52 76 71 118 0 0 0 0 
0 31 50 41 39 35 30 20 34 44 39 31 34 41 44 41 43 27 67 46 36 23 54 53 42 55 60 85 0 0 0 0 
0 4 2 2 0 0 0 1 2 0 1 1 0 2 3 3 2 3 0 2 2 3 2 8 4 12 5 5 0 0 0 0 
0 3 3 1 1 0 1 0 1 0 0 1 1 1 2 2 1 1 2 1 3 0 3 6 3 10 2 3 0 0 0 0 
0 3 2 0 1 0 1 0 0 0 0 2 1 0 0 1 2 0 2 0 1 0 1 1 1 1 0 2 0 0 0 0 
0 0 0 0 0 0 0 0 0 0 0 1 0 1 0 0 0 0 0 0 0 0 0 0 0 0 0 0 0 0 0 0 
0 61 49 51 44 25 37 28 32 41 61 61 71 26 42 53 17 45 40 24 43 92 36 42 37 41 32 25 0 0 0 0 
0 70 50 57 50 28 46 29 32 43 60 54 67 25 45 53 18 47 42 27 45 96 37 45 43 43 35 28 0 0 0 0 
0 56 46 49 45 29 34 26 31 38 53 54 69 25 36 49 15 43 34 20 40 87 31 39 30 38 33 25 0 0 0 0 
0 62 54 55 51 30 43 31 33 45 62 62 77 28 45 59 17 48 44 27 47 99 39 46 39 46 37 29 0 0 0 0 
0 7 13 7 6 8 10 1 10 7 16 4 16 10 6 9 12 8 13 13 6 4 12 13 6 8 6 6 0 0 0 0 
0 28 37 25 22 21 27 14 27 28 36 22 26 33 32 34 32 23 44 36 27 20 40 41 29 40 38 60 0 0 0 0 
0 28 40 32 22 24 28 14 31 32 41 26 34 39 37 37 40 29 59 46 37 20 54 51 38 48 44 73 0 0 0 0 
0 3 1 1 1 1 1 0 0 0 0 2 2 1 0 0 1 3 3 0 1 0 4 3 1 6 2 3 0 0 0 0 
0 39 44 36 37 32 34 27 42 45 39 35 33 45 37 43 42 33 58 48 44 28 61 68 47 86 77 92 0 0 0 0 
0 7 2 0 3 2 2 2 4 1 3 2 2 2 7 5 4 3 6 2 5 7 7 2 10 11 6 8 0 0 0 0 
0 7 18 10 4 9 8 9 5 8 8 11 6 11 8 19 4 14 14 9 17 23 17 20 29 23 24 19 0 0 0 0 
0 3 2 1 2 0 1 1 0 0 2 3 0 6 2 0 2 0 1 1 2 2 3 1 1 2 0 2 0 0 0 0 
0 1 2 0 2 0 0 0 0 0 0 2 1 0 0 0 0 1 1 0 0 1 1 1 0 1 0 4 0 0 0 0 
0 1 0 0 0 0 1 0 2 0 0 0 0 1 0 1 1 1 3 0 1 3 2 1 1 0 0 0 0 0 0 0 
0 5 10 8 4 2 2 3 12 5 16 5 4 12 6 5 5 9 14 5 10 8 14 10 12 5 5 8 0 0 0 0 
0 33 24 25 25 11 23 11 18 12 17 24 9 23 22 29 12 19 30 23 24 43 26 33 31 34 33 34 0 0 0 0 
0 24 24 16 28 9 15 9 19 12 21 19 10 17 25 29 12 19 28 22 25 42 28 26 35 36 31 38 0 0 0 0 
0 21 17 18 19 17 14 13 20 16 17 28 23 13 30 17 17 24 24 16 26 27 28 12 20 28 14 26 0 0 0 0 
0 6 1 4 5 3 2 2 3 0 2 1 1 1 3 7 3 2 3 5 5 6 2 2 1 2 3 6 0 0 0 0 
0 12 6 6 15 7 5 8 6 9 8 8 4 9 9 8 17 13 5 5 14 5 6 6 7 2 5 7 0 0 0 0 
0 10 6 6 15 7 3 7 6 8 6 4 4 8 6 7 13 13 6 5 11 4 6 4 8 1 5 6 0 0 0 0 
0 11 20 30 20 23 29 14 23 20 26 15 15 22 17 16 16 24 29 19 28 33 31 20 31 29 34 34 0 0 0 0 
0 17 22 24 24 22 28 24 31 29 28 33 29 29 44 26 32 36 42 30 42 44 44 32 34 41 33 34 0 0 0 0 
0 36 24 46 37 27 21 24 19 21 20 26 12 12 14 10 24 19 15 21 18 18 17 8 25 31 17 13 0 0 0 0 
0 38 18 47 22 28 18 22 15 23 16 14 10 14 12 11 15 20 11 16 14 11 23 8 20 30 17 11 0 0 0 0 
0 36 13 49 19 29 16 17 13 21 15 13 10 12 12 11 15 18 10 17 14 10 16 7 20 27 17 10 0 0 0 0 
0 38 18 46 22 28 18 22 15 23 15 14 10 14 12 12 15 21 11 16 14 11 22 8 20 30 17 11 0 0 0 0 
0 36 13 46 21 28 18 17 14 22 18 14 11 13 14 11 16 19 13 17 14 11 18 5 22 31 17 10 0 0 0 0 
0 48 51 31 59 39 36 39 27 32 46 31 33 15 46 31 49 19 29 13 37 40 27 19 39 40 69 29 0 0 0 0 
0 49 52 34 59 39 47 43 29 26 43 26 35 22 52 25 47 18 32 12 34 34 26 20 37 31 66 22 0 0 0 0 
0 35 28 17 45 33 35 35 16 23 31 23 30 14 46 22 44 17 24 17 21 35 25 13 29 32 51 22 0 0 0 0 
0 64 60 39 69 48 47 51 34 36 53 39 46 23 53 35 60 25 38 19 45 50 30 25 45 47 81 36 0 0 0 0 
0 22 47 33 24 17 21 13 15 21 17 15 8 16 21 14 14 13 11 9 18 14 13 14 13 17 14 15 0 0 0 0 
0 35 32 20 11 15 13 15 6 18 16 16 6 18 13 9 15 8 9 21 12 17 22 8 17 15 15 7 0 0 0 0 
0 81 115 77 57 49 45 34 42 52 36 27 36 37 45 34 31 32 32 31 33 36 37 27 20 35 22 23 0 0 0 0 
0 21 44 32 26 17 18 13 12 20 15 13 7 15 19 13 14 13 10 8 17 14 14 14 11 14 16 13 0 0 0 0 
0 40 58 37 27 23 22 21 15 31 24 22 9 22 22 18 21 17 16 22 26 24 26 19 22 19 17 19 0 0 0 0 
0 2 2 0 1 6 3 3 1 1 2 2 1 3 7 1 4 0 1 0 1 4 1 1 0 0 0 0 0 0 0 0 
0 7 8 4 11 7 5 16 12 7 5 8 7 15 9 4 6 7 5 4 2 11 8 7 2 7 5 2 0 0 0 0 
0 6 3 3 0 5 2 4 1 0 3 2 3 5 7 2 1 0 0 0 1 5 2 1 2 0 0 0 0 0 0 0 
0 8 6 1 7 12 4 15 6 13 6 11 7 11 5 1 8 4 5 3 1 13 6 5 5 1 5 24 0 0 0 0 
0 7 0 1 2 1 1 0 0 5 0 1 0 1 5 3 1 0 1 2 0 3 1 1 5 0 3 4 0 0 0 0 
0 36 29 36 27 12 31 10 17 14 17 23 10 23 25 23 13 18 28 23 24 44 25 36 34 37 30 33 0 0 0 0 
0 13 18 7 9 3 8 5 10 10 5 10 1 6 13 6 11 5 3 9 17 6 7 4 8 6 5 2 0 0 0 0 
0 7 10 6 8 2 5 4 10 10 3 7 2 4 6 3 9 3 2 6 16 6 4 5 8 9 8 2 0 0 0 0 
0 20 37 27 23 18 25 31 24 28 36 49 27 31 44 36 53 39 45 50 48 56 39 52 60 56 48 43 0 0 0 0 
0 28 20 27 10 5 24 7 4 6 5 14 4 15 8 4 4 8 15 7 20 19 9 17 12 23 12 12 0 0 0 0 
0 0 2 0 2 0 2 0 0 0 0 1 0 0 0 1 0 0 0 0 0 1 2 0 1 2 1 0 0 0 0 0 
0 33 25 28 28 10 31 12 16 15 20 21 7 26 23 21 16 18 27 19 26 39 24 40 35 34 25 34 0 0 0 0 
0 37 26 22 21 19 7 10 17 28 12 5 16 25 6 8 19 9 17 18 26 13 22 30 31 48 38 19 0 0 0 0 
0 38 51 39 19 23 17 23 13 23 20 18 10 27 20 16 21 15 18 27 27 25 30 19 22 26 23 18 0 0 0 0 
0 1 0 1 0 0 0 1 0 0 1 1 2 2 1 0 1 0 6 0 0 3 5 0 7 0 1 22 0 0 0 0 
0 1 0 1 0 0 0 2 0 0 1 1 4 2 1 0 1 0 4 0 0 3 11 0 4 0 1 21 0 0 0 0 
0 1 0 1 0 0 0 2 0 0 1 1 4 2 2 0 1 0 3 0 0 3 17 1 4 0 1 21 0 0 0 0 
0 8 3 0 2 0 3 0 1 1 2 3 3 4 4 0 5 1 2 0 3 4 3 0 4 2 6 1 0 0 0 0 
0 8 3 1 2 0 3 0 1 1 2 3 3 4 4 0 5 1 3 0 4 5 3 0 5 2 6 1 0 0 0 0 
0 15 15 5 5 0 4 2 4 5 6 4 3 7 4 0 6 5 6 0 13 12 6 2 8 10 12 4 0 0 0 0 
0 11 5 0 10 0 3 5 4 3 1 0 5 3 9 4 2 7 7 4 7 5 1 3 6 5 3 3 0 0 0 0 
0 2 1 1 1 0 0 1 2 1 1 0 0 0 1 1 2 2 0 3 0 4 2 4 2 2 3 3 0 0 0 0 
0 0 0 0 0 0 0 0 0 0 0 0 0 1 0 0 0 0 0 0 0 0 0 0 0 0 0 1 0 0 0 0 
0 18 15 15 12 15 14 9 12 8 11 8 7 8 9 4 10 5 1 7 7 12 8 4 7 6 5 12 0 0 0 0 
0 13 17 21 18 16 21 15 21 17 28 14 14 13 15 15 16 19 27 15 19 26 25 22 18 26 18 22 0 0 0 0 
0 20 24 31 36 21 20 20 30 32 36 30 19 31 34 36 29 29 39 33 41 63 51 44 64 53 54 49 0 0 0 0 
0 8 12 13 20 12 12 15 9 16 22 19 14 19 16 19 17 16 18 18 16 30 21 22 24 28 32 15 0 0 0 0 
0 18 21 29 18 13 21 17 20 28 29 27 18 28 20 15 20 19 24 23 34 46 34 29 39 32 34 35 0 0 0 0 
0 7 8 11 19 6 11 17 1 4 3 8 10 11 8 9 17 5 14 1 4 12 7 16 7 10 9 6 0 0 0 0 
0 3 7 31 8 3 17 1 1 3 2 3 1 4 3 6 7 2 18 1 7 1 1 9 5 2 3 1 0 0 0 0 
0 29 14 7 25 14 16 13 28 19 12 32 8 49 22 17 33 40 57 21 36 32 26 51 32 31 50 42 0 0 0 0 
0 12 22 16 22 11 12 7 5 5 7 6 3 12 12 13 7 11 10 5 10 5 2 10 9 7 3 7 0 0 0 0 
0 4 7 30 9 3 15 1 1 4 2 3 1 4 4 6 7 2 18 1 7 2 1 7 5 2 2 1 0 0 0 0 
0 0 0 0 0 1 0 0 0 0 0 0 0 0 0 0 0 0 0 1 0 0 1 1 0 1 1 0 0 0 0 0 
0 5 8 1 4 7 7 2 0 1 1 0 1 0 7 0 0 0 2 1 2 3 0 0 0 2 1 2 0 0 0 0 
0 3 6 1 2 2 6 3 3 1 0 1 9 5 4 1 4 3 2 2 4 2 3 4 6 6 2 8 0 0 0 0 
0 40 29 21 27 19 7 9 19 38 11 7 18 26 7 9 22 10 17 18 26 15 24 32 31 51 39 16 0 0 0 0 
0 12 15 5 6 1 5 3 5 2 2 16 2 9 1 8 0 8 7 6 6 11 5 3 6 6 6 6 0 0 0 0 
0 19 37 28 14 18 14 15 14 19 14 15 14 10 8 20 12 6 11 16 11 15 19 20 33 29 25 12 0 0 0 0 
0 15 38 25 14 13 13 15 11 21 15 9 14 8 9 17 10 6 8 15 9 12 17 18 27 25 23 12 0 0 0 0 
0 9 4 8 15 4 9 12 13 20 9 7 15 10 10 11 14 6 6 17 3 11 19 15 13 17 11 17 0 0 0 0 
0 7 7 6 3 3 4 2 5 9 5 2 2 4 4 1 4 2 5 7 10 8 17 7 6 10 12 9 0 0 0 0 
0 30 23 10 16 4 5 8 7 14 9 10 7 7 8 11 13 5 19 19 16 10 12 7 19 6 16 15 0 0 0 0 
0 13 14 2 10 6 5 5 4 10 5 2 5 4 2 10 18 7 10 13 25 11 11 4 11 7 12 18 0 0 0 0 
0 21 35 26 28 20 19 22 20 24 17 43 20 36 24 30 39 27 27 41 42 50 50 40 54 54 46 53 0 0 0 0 
0 1 4 8 3 0 2 6 1 1 2 1 1 10 4 2 3 5 4 1 2 10 5 0 5 6 4 0 0 0 0 0 
0 7 3 1 1 6 4 0 3 3 5 2 1 6 1 2 1 1 2 3 0 1 2 4 1 0 1 0 0 0 0 0 
0 5 2 0 1 4 4 3 6 1 2 3 1 6 1 3 1 2 0 3 5 0 5 8 2 2 2 0 0 0 0 0 
0 3 1 2 4 5 2 1 3 0 3 5 1 3 2 2 1 2 1 3 3 6 2 8 3 3 2 1 0 0 0 0 
0 3 0 0 1 4 2 0 4 0 2 2 2 3 2 2 2 1 0 4 0 0 1 8 1 0 2 0 0 0 0 0 
0 14 7 6 14 8 2 6 3 5 6 2 4 0 2 7 6 3 1 6 3 1 3 9 5 7 13 3 0 0 0 0 
0 12 11 9 21 14 7 7 9 12 8 8 6 9 12 10 9 11 7 17 13 11 10 18 10 18 20 6 0 0 0 0 
0 8 7 6 9 7 1 5 3 4 6 2 4 0 2 7 5 4 1 7 3 1 3 11 5 6 12 3 0 0 0 0 
0 10 4 5 7 7 0 4 2 7 7 3 4 2 2 8 3 5 4 7 3 2 4 7 7 11 12 2 0 0 0 0 
0 30 26 18 28 17 24 15 24 22 21 47 30 33 33 31 54 31 42 42 42 57 48 57 56 63 44 57 0 0 0 0 
0 2 3 1 0 1 1 2 8 0 0 0 2 1 0 1 0 0 2 2 0 1 1 1 0 0 3 1 0 0 0 0 
0 2 7 0 4 4 5 3 7 1 5 1 9 8 5 5 5 3 2 5 5 9 1 1 3 0 3 0 0 0 0 0 
0 14 13 13 9 9 10 8 13 11 10 4 7 12 13 13 10 11 9 10 9 15 8 20 8 18 8 11 0 0 0 0 
0 19 12 4 4 5 2 2 5 2 3 2 3 3 4 10 8 7 5 8 20 15 17 18 14 31 12 14 0 0 0 0 
0 2 1 0 0 0 0 0 0 0 0 1 0 0 0 1 1 0 0 0 0 0 0 0 0 1 0 1 0 0 0 0 
0 5 4 1 4 4 3 0 2 1 4 1 4 5 1 2 2 2 1 1 2 5 1 1 1 0 1 0 0 0 0 0 
0 40 62 51 48 35 33 24 41 49 46 32 38 45 49 47 46 31 71 51 44 28 51 55 39 58 62 91 0 0 0 0 
0 19 25 18 13 16 17 13 23 21 26 21 16 25 26 27 27 18 46 29 25 15 39 41 32 38 43 71 0 0 0 0 
0 3 2 1 1 0 1 0 1 0 0 2 1 2 2 2 1 1 2 1 3 0 2 5 3 10 2 3 0 0 0 0 
0 6 2 0 1 0 1 0 1 0 0 1 1 1 0 0 1 0 2 1 2 0 2 4 2 0 0 1 0 0 0 0 
0 63 54 57 52 31 49 35 36 46 72 72 79 30 47 60 20 55 44 29 47 102 39 43 41 46 35 30 0 0 0 0 
0 4 1 3 5 3 1 1 2 0 1 1 1 2 2 7 1 2 2 5 4 4 2 3 1 2 3 6 0 0 0 0 
0 7 0 4 1 1 1 1 1 0 1 1 1 1 1 4 2 2 2 5 3 5 0 2 1 2 1 6 0 0 0 0 
0 6 0 4 1 1 1 1 1 0 1 1 1 1 1 4 2 2 2 5 3 5 0 2 1 2 2 6 0 0 0 0 
0 3 2 0 2 1 2 2 16 0 7 2 0 2 5 5 1 1 2 0 5 1 6 4 4 5 0 0 0 0 0 0 
0 38 18 46 22 28 18 22 15 23 15 14 10 14 12 12 15 21 11 16 14 11 22 8 20 30 17 11 0 0 0 0 
0 1 0 2 1 2 1 1 1 1 2 2 2 1 6 2 4 1 4 1 2 1 1 1 2 1 2 0 0 0 0 0 
0 4 5 5 4 3 2 2 1 1 1 1 4 5 3 4 3 1 2 0 2 6 3 2 1 1 0 1 0 0 0 0 
0 11 2 3 12 4 13 13 3 9 2 5 8 13 7 4 10 2 4 5 6 4 8 4 6 14 8 4 0 0 0 0 
0 2 1 0 0 1 1 1 0 0 1 2 3 1 2 0 0 0 3 0 2 1 0 0 0 1 3 2 0 0 0 0 
0 18 42 28 32 21 26 32 25 30 32 53 30 39 41 38 53 41 38 42 55 57 49 42 63 52 45 45 0 0 0 0 
0 8 3 1 1 3 1 0 1 2 0 0 1 1 3 2 3 2 0 3 2 0 1 6 3 12 0 5 0 0 0 0 
0 6 2 0 1 2 0 0 1 1 0 0 0 0 1 0 2 1 0 0 0 1 1 1 1 0 0 0 0 0 0 0 
0 6 2 0 1 2 0 0 1 2 0 0 0 0 1 0 2 1 0 2 0 1 1 1 1 0 0 0 0 0 0 0 
0 4 2 0 0 0 3 2 0 2 2 1 0 0 0 0 0 1 2 3 1 1 1 0 0 0 0 1 0 0 0 0 
0 1 1 0 0 0 0 0 0 1 0 0 0 0 0 0 0 0 0 1 0 0 0 0 0 0 0 2 0 0 0 0 
0 1 1 0 0 0 0 0 0 1 0 0 0 0 0 0 0 0 0 1 0 0 0 0 0 0 0 1 0 0 0 0 
0 2 1 0 0 0 0 0 0 2 0 0 0 0 0 0 0 0 0 1 0 0 1 0 0 0 0 2 0 0 0 0 
0 4 6 5 13 4 6 19 0 3 0 7 5 6 3 6 12 2 8 1 0 8 6 13 2 5 6 5 0 0 0 0 
0 5 7 3 9 4 1 17 0 3 0 2 2 5 4 6 8 1 7 0 0 7 6 19 1 5 6 2 0 0 0 0 
0 6 7 4 14 4 6 21 0 4 0 5 7 8 6 6 15 3 9 0 0 7 7 16 1 5 10 7 0 0 0 0 
0 21 16 12 12 17 15 15 11 11 4 6 17 13 8 11 16 8 4 6 7 11 6 5 14 12 16 8 0 0 0 0 
0 4 7 29 9 3 16 1 1 4 2 2 1 4 4 5 7 2 17 1 7 2 1 8 5 2 3 1 0 0 0 0 
0 4 9 26 9 3 15 1 1 4 2 2 1 4 4 5 7 2 20 1 7 2 1 10 5 2 4 1 0 0 0 0 
0 4 9 25 9 3 16 1 1 5 2 2 1 3 4 4 7 2 19 1 7 2 1 9 4 2 3 1 0 0 0 0 
0 7 13 7 7 3 12 15 11 6 4 8 8 12 7 3 14 9 5 7 11 8 8 5 9 14 8 4 0 0 0 0 
0 12 4 3 1 2 2 1 3 1 0 0 7 1 2 2 0 0 1 3 3 4 1 2 2 4 1 7 0 0 0 0 
0 2 6 5 2 3 6 6 4 4 7 6 1 5 6 1 8 3 3 7 10 3 5 1 11 11 7 12 0 0 0 0 
0 2 2 0 0 1 1 0 2 1 0 0 6 1 2 1 0 0 0 1 2 1 0 2 2 3 0 5 0 0 0 0 
0 13 18 6 6 1 6 4 5 2 2 22 2 10 1 7 0 9 7 6 6 9 4 3 6 5 5 6 0 0 0 0 
0 9 10 3 8 1 6 3 3 1 2 18 2 8 1 7 0 7 7 5 6 8 4 3 4 5 5 6 0 0 0 0 
0 2 1 3 9 2 3 6 5 10 3 2 6 6 3 2 9 3 1 5 1 4 13 9 4 6 1 8 0 0 0 0 
0 2 1 3 8 2 3 6 5 10 4 2 5 6 3 2 9 3 2 5 1 4 14 9 4 6 1 8 0 0 0 0 
0 2 1 3 9 2 3 6 5 10 4 2 5 6 3 2 9 3 2 5 1 4 14 9 4 6 1 8 0 0 0 0 
0 6 7 2 11 3 3 6 2 9 4 1 2 2 1 4 11 4 8 9 11 7 2 2 2 0 4 8 0 0 0 0 
0 6 7 2 12 2 4 4 2 11 4 1 2 2 1 4 13 4 8 10 13 9 2 1 3 0 4 8 0 0 0 0 
0 29 63 36 20 24 25 26 21 37 22 29 14 33 17 24 27 27 18 42 31 50 43 43 37 49 48 46 0 0 0 0 
0 1 0 1 1 0 1 0 0 0 0 0 0 0 0 0 1 0 0 3 0 0 0 1 0 0 0 0 0 0 0 0 
0 12 7 3 5 3 4 0 4 4 2 1 2 0 2 1 2 2 3 2 6 14 11 6 4 9 5 4 0 0 0 0 
0 0 0 0 3 0 0 0 0 0 0 0 0 0 0 0 0 0 0 0 0 0 0 0 0 0 0 0 0 0 0 0 
0 6 4 3 1 2 1 0 1 3 3 5 0 4 0 0 2 3 3 3 0 3 2 1 2 3 2 6 0 0 0 0 
0 10 5 6 8 9 1 4 3 6 9 6 4 2 2 8 5 5 5 9 3 2 4 7 5 9 11 8 0 0 0 0 
0 8 3 4 2 1 3 1 5 4 8 3 1 1 4 4 5 5 6 8 5 10 9 7 23 19 15 7 0 0 0 0 
0 3 1 2 1 0 1 0 1 1 3 4 0 2 0 0 2 1 9 3 0 1 1 2 6 3 6 6 0 0 0 0 
0 23 22 18 30 14 17 15 17 25 17 41 26 26 31 24 44 28 41 38 33 42 39 47 43 50 34 45 0 0 0 0 
0 4 2 1 2 5 3 0 1 0 3 0 0 1 0 2 0 0 0 2 0 0 0 0 0 0 0 0 0 0 0 0 
0 4 8 2 6 8 10 2 4 6 3 0 1 4 1 5 0 1 1 3 1 3 3 2 3 1 2 1 0 0 0 0 
0 13 2 3 1 1 0 3 1 0 8 0 1 1 2 1 4 2 1 1 2 0 0 0 0 1 0 0 0 0 0 0 
0 9 3 5 9 1 3 11 11 2 4 4 2 6 4 1 5 4 4 2 0 7 3 4 1 6 4 2 0 0 0 0 
0 11 3 5 9 1 3 12 11 3 4 3 3 7 5 3 5 4 5 2 1 7 5 4 1 6 4 2 0 0 0 0 
0 6 3 6 9 1 3 12 11 3 4 4 4 9 5 3 6 4 5 2 1 8 5 4 1 7 4 2 0 0 0 0 
0 3 7 2 20 3 8 17 11 3 5 4 3 9 6 1 4 6 10 2 4 6 7 9 2 6 6 2 0 0 0 0 
0 4 0 2 0 0 0 1 0 1 0 0 2 3 1 2 1 0 1 0 1 2 2 0 0 1 0 0 0 0 0 0 
0 1 0 1 1 0 0 1 0 1 0 1 1 1 3 0 2 1 2 1 0 2 1 1 0 4 1 0 0 0 0 0 
0 1 0 0 1 0 0 1 0 1 0 0 1 1 3 0 2 1 3 0 0 1 1 1 0 3 1 0 0 0 0 0 
0 4 7 4 15 6 6 22 0 5 0 6 5 6 5 7 14 2 8 0 0 10 10 19 4 4 10 8 0 0 0 0 
0 0 0 1 7 5 8 9 1 2 1 8 5 4 4 5 9 2 6 0 0 4 3 10 1 3 7 6 0 0 0 0 
0 1 1 1 10 5 7 17 0 1 0 7 6 7 4 6 17 2 5 0 0 6 5 17 3 5 13 6 0 0 0 0 
0 4 7 28 9 3 15 1 1 4 2 2 1 4 4 5 7 2 21 1 7 2 1 8 5 2 3 1 0 0 0 0 
0 12 16 5 5 1 4 4 5 2 2 20 2 9 1 7 0 8 7 6 6 8 4 3 3 5 5 6 0 0 0 0 
0 13 19 4 8 1 6 4 5 2 2 21 2 10 1 8 0 7 7 6 6 8 5 3 4 5 5 6 0 0 0 0 
0 6 9 2 0 0 3 3 2 1 0 7 0 2 0 4 1 0 0 1 4 0 3 0 0 0 0 0 0 0 0 0 
0 13 18 4 8 1 6 4 5 2 2 25 2 10 1 8 0 7 7 6 6 8 5 3 4 5 5 6 0 0 0 0 
0 2 2 3 9 3 3 5 7 10 3 2 5 6 4 2 7 2 1 5 1 4 13 8 5 6 1 8 0 0 0 0 
0 11 8 9 8 4 6 1 1 2 0 3 2 2 3 4 1 2 5 5 5 13 4 4 6 11 9 3 0 0 0 0 
0 10 4 3 4 6 3 1 5 1 4 2 2 3 2 3 2 3 2 3 5 12 7 13 6 8 4 3 0 0 0 0 
0 14 15 9 10 8 4 8 10 8 14 3 4 4 6 8 11 12 5 8 11 16 13 20 9 24 10 11 0 0 0 0 
0 3 3 3 2 1 2 1 0 0 0 1 0 0 0 1 2 1 1 1 3 6 2 5 5 4 4 1 0 0 0 0 
0 6 9 2 6 6 3 0 1 3 0 2 1 4 2 2 0 4 0 0 0 2 1 2 1 0 1 0 0 0 0 0 
0 2 2 1 0 5 3 0 2 0 0 0 1 1 0 2 0 1 0 2 1 2 0 0 0 0 0 0 0 0 0 0 
0 16 34 28 31 19 24 28 23 27 28 47 28 35 36 35 50 35 27 38 46 47 48 36 43 41 38 37 0 0 0 0 
0 2 3 1 0 6 4 0 1 0 1 0 1 1 0 3 0 1 0 2 1 2 0 0 0 0 0 0 0 0 0 0 
0 9 3 5 9 1 3 12 11 3 4 3 3 7 5 3 5 4 5 2 1 7 5 4 1 6 4 2 0 0 0 0 
0 8 3 5 9 1 3 12 11 3 4 3 4 9 5 3 5 4 5 2 1 7 5 4 1 6 4 2 0 0 0 0 
0 6 3 5 9 2 3 12 11 3 4 3 3 7 5 5 5 4 5 2 1 7 5 4 1 6 4 2 0 0 0 0 
0 6 0 3 0 0 1 1 0 1 0 0 2 4 1 2 2 0 1 0 1 3 2 0 0 1 0 0 0 0 0 0 
0 6 0 3 0 0 1 1 0 1 0 1 1 2 1 2 3 0 1 0 1 3 2 0 0 2 0 0 0 0 0 0 
0 8 2 1 3 0 6 5 0 0 2 4 0 0 0 5 2 0 0 0 0 1 4 0 1 2 2 1 0 0 0 0 
0 5 10 2 2 0 1 4 2 1 0 11 0 2 0 5 0 0 0 1 0 0 5 0 0 0 0 0 0 0 0 0 
0 0 1 0 2 0 1 3 0 0 0 4 0 0 0 5 0 0 0 0 4 0 3 0 1 0 0 0 0 0 0 0 
0 1 1 2 2 0 1 2 0 0 0 3 0 0 0 4 0 0 2 0 1 1 3 1 1 1 1 0 0 0 0 0 
0 1 0 1 0 0 1 1 0 1 0 0 0 0 0 3 0 3 0 0 4 0 2 0 0 0 0 0 0 0 0 0 
0 2 1 1 2 0 3 4 0 0 0 4 0 0 0 4 1 0 0 0 0 0 4 0 0 0 0 0 0 0 0 0 
0 1 0 0 0 0 2 0 1 0 0 1 3 0 1 1 0 0 0 0 2 0 1 2 1 2 1 0 0 0 0 0 
0 1 0 0 0 1 2 0 1 0 0 1 2 0 0 1 0 3 0 0 1 0 1 1 0 1 0 1 0 0 0 0 
0 30 37 28 32 35 25 22 29 23 19 41 25 34 31 37 45 27 30 39 51 58 51 48 55 65 57 66 0 0 0 0 
0 25 18 18 10 14 13 11 10 5 2 11 4 6 11 8 5 7 3 5 13 8 6 1 5 8 4 6 0 0 0 0 
0 16 12 13 25 10 21 23 8 15 4 10 14 21 10 10 14 7 6 5 8 5 12 7 9 16 12 6 0 0 0 0 
0 34 29 19 29 18 25 15 23 25 21 48 32 34 36 32 55 32 42 47 44 57 51 61 61 65 46 60 0 0 0 0 
0 33 47 36 42 27 39 36 39 39 41 73 45 52 58 53 83 53 54 67 68 81 71 74 77 81 65 74 0 0 0 0 
0 11 12 12 8 11 9 7 6 8 1 3 7 6 7 7 1 9 8 6 5 3 3 6 3 6 2 2 0 0 0 0 
0 2 3 1 3 2 1 3 0 0 3 0 0 4 3 2 1 1 1 3 1 0 3 0 2 2 0 0 0 0 0 0 
0 9 0 6 2 1 1 0 0 5 0 3 0 1 6 3 1 0 1 2 0 3 1 1 5 0 4 8 0 0 0 0 
0 8 14 6 11 8 7 3 4 9 2 4 9 7 8 6 1 7 6 5 4 4 2 8 3 3 5 2 0 0 0 0 
0 27 20 11 20 13 2 8 15 25 10 6 11 15 6 5 13 4 15 13 23 15 19 21 22 41 32 13 0 0 0 0 
0 21 45 37 24 20 23 33 21 29 33 38 19 35 36 30 40 29 20 45 37 40 43 25 35 33 36 23 0 0 0 0 
0 14 4 0 11 0 4 7 4 2 3 2 5 7 10 3 5 6 6 4 6 7 0 4 5 4 1 5 0 0 0 0 
0 12 3 1 11 0 4 7 4 2 3 2 5 5 10 4 4 8 7 5 6 6 0 4 6 5 2 4 0 0 0 0 
0 1 0 1 0 0 0 1 0 0 1 1 2 2 1 0 1 0 7 0 0 3 4 0 7 0 1 21 0 0 0 0 
0 1 0 1 4 0 0 0 0 1 0 3 0 1 3 0 0 0 0 0 0 1 0 0 1 0 0 0 0 0 0 0 
0 5 1 8 9 12 12 20 6 8 6 7 5 7 6 9 15 17 12 5 10 10 10 8 18 9 5 14 0 0 0 0 
0 12 7 11 22 18 9 25 10 17 9 10 7 15 10 14 24 22 14 10 18 13 16 8 19 10 10 19 0 0 0 0 
0 12 6 6 15 7 5 8 6 10 7 8 2 8 9 8 17 13 5 5 14 4 5 6 7 2 5 7 0 0 0 0 
0 11 6 9 9 15 12 7 8 8 5 4 8 7 6 6 10 5 1 5 6 7 2 2 11 7 7 2 0 0 0 0 
0 2 6 6 4 2 3 0 1 0 1 3 2 0 2 2 1 2 3 2 0 4 2 1 1 4 4 2 0 0 0 0 
0 2 6 7 4 2 3 0 1 0 1 3 2 0 2 2 1 2 3 2 0 4 2 1 1 4 4 2 0 0 0 0 
0 18 17 15 12 8 4 5 7 3 2 11 2 5 11 2 3 4 4 7 5 3 2 1 0 0 3 7 0 0 0 0 
0 15 15 18 7 9 9 9 7 4 5 6 2 5 5 1 1 6 4 2 11 8 7 3 5 7 5 7 0 0 0 0 
0 0 0 0 0 0 0 0 0 0 0 1 0 0 0 0 0 0 0 0 0 0 0 2 0 0 0 0 0 0 0 0 
0 8 5 0 8 2 1 2 2 2 3 3 0 1 1 3 1 0 1 2 5 4 0 0 0 0 5 0 0 0 0 0 
0 12 7 0 14 4 4 2 2 3 5 5 1 1 4 3 4 3 3 6 5 5 1 0 1 1 3 0 0 0 0 0 
0 10 8 2 8 3 2 2 4 4 4 4 1 1 5 4 4 3 3 8 4 8 1 0 2 1 5 1 0 0 0 0 
0 11 9 2 9 4 3 2 5 5 4 5 1 2 7 4 4 3 3 10 4 7 2 0 1 1 5 1 0 0 0 0 
0 13 4 0 2 0 3 0 1 1 4 4 3 4 6 0 5 1 2 0 6 4 3 0 6 2 6 1 0 0 0 0 
0 8 1 0 0 0 0 0 0 0 3 1 0 0 2 0 0 0 0 0 3 0 0 0 2 0 0 0 0 0 0 0 
0 18 17 2 5 6 9 4 6 5 4 9 6 3 5 12 14 5 9 9 20 7 20 6 20 15 19 20 0 0 0 0 
0 2 11 11 10 3 6 16 6 14 2 7 6 6 10 4 6 5 7 10 4 6 5 5 8 9 5 16 0 0 0 0 
0 0 3 0 2 0 0 8 0 0 1 0 1 1 0 0 0 0 1 0 0 1 0 0 1 0 0 0 0 0 0 0 
0 43 25 15 21 17 13 7 10 11 4 9 5 3 7 3 0 1 2 2 6 4 5 1 1 0 3 5 0 0 0 0 
0 52 42 35 38 23 11 9 18 11 17 8 4 9 9 3 6 4 5 6 6 9 14 2 4 2 3 4 0 0 0 0 
0 19 14 3 16 7 3 4 4 6 2 4 5 8 4 3 2 4 2 4 2 5 6 4 7 4 6 6 0 0 0 0 
0 9 12 7 10 7 3 10 10 5 8 8 3 5 6 7 4 3 8 6 6 12 7 3 5 1 6 5 0 0 0 0 
0 16 24 15 25 12 5 17 17 7 10 10 5 13 11 10 4 7 8 7 4 18 13 8 9 4 7 5 0 0 0 0 
0 13 9 7 7 2 1 9 10 4 3 6 1 10 6 7 3 0 6 2 4 14 5 3 6 2 3 5 0 0 0 0 
0 15 17 15 11 7 6 8 12 11 12 8 7 9 8 10 8 5 13 8 12 9 7 13 12 17 17 13 0 0 0 0 
0 8 4 1 3 2 1 0 2 0 1 1 3 0 0 5 1 0 3 0 3 0 4 0 1 6 0 15 0 0 0 0 
0 6 4 1 2 1 1 0 1 0 1 1 2 0 0 3 1 0 3 0 1 0 5 1 1 4 0 9 0 0 0 0 
0 5 3 3 2 2 4 0 2 0 2 3 0 0 1 3 3 0 1 2 1 3 4 4 2 3 0 4 0 0 0 0 
0 4 7 6 2 0 2 3 8 8 5 9 4 3 2 3 3 4 3 3 4 7 3 4 4 7 9 11 0 0 0 0 
0 13 6 10 8 15 2 6 4 10 9 3 6 3 5 9 12 7 3 14 5 2 4 14 5 10 15 4 0 0 0 0 
0 20 25 18 11 18 13 13 5 9 8 4 3 6 13 13 10 12 1 9 9 6 4 7 9 8 9 9 0 0 0 0 
0 6 4 6 1 8 2 2 1 5 3 1 2 2 3 1 6 3 0 5 3 1 2 8 3 3 6 0 0 0 0 0 
0 28 35 42 33 23 27 31 44 46 38 48 27 35 50 60 46 34 83 58 50 35 64 73 52 61 79 108 0 0 0 0 
0 34 44 43 24 31 36 33 49 57 50 66 40 51 60 66 56 50 99 64 80 40 62 88 77 84 109 147 0 0 0 0 
0 36 30 21 31 19 28 16 25 24 20 49 33 36 36 38 56 35 42 46 44 64 52 62 62 65 47 61 0 0 0 0 
0 26 19 13 17 12 19 10 18 15 13 28 20 20 25 26 36 22 27 33 24 42 29 44 40 42 30 41 0 0 0 0 
0 30 20 7 9 3 2 2 11 13 14 7 9 6 9 9 4 3 4 7 5 1 6 4 6 5 10 7 0 0 0 0 
0 53 40 38 48 27 30 27 28 31 47 36 53 17 32 38 21 40 28 28 34 67 25 38 35 31 32 30 0 0 0 0 
0 62 54 55 51 30 43 31 33 45 62 62 77 28 45 59 17 48 44 27 47 99 39 46 39 46 37 29 0 0 0 0 
0 11 30 11 7 16 6 14 7 18 13 14 13 19 17 18 8 19 16 16 19 20 14 19 35 21 20 17 0 0 0 0 
0 13 33 8 7 11 4 10 6 12 12 12 6 21 14 23 5 17 12 17 18 18 13 21 30 20 28 12 0 0 0 0 
0 12 40 12 8 16 5 15 9 17 14 13 9 21 12 23 7 25 14 18 20 21 15 19 38 21 29 15 0 0 0 0 
0 68 45 52 45 23 40 26 31 38 59 51 60 23 42 47 19 43 38 24 41 90 34 40 41 38 30 25 0 0 0 0 
0 26 37 25 19 21 24 14 28 29 35 23 25 32 31 35 34 23 45 37 27 17 40 45 27 40 39 60 0 0 0 0 
0 7 13 7 6 9 10 1 11 7 19 4 18 11 6 9 13 7 13 14 6 6 12 16 6 9 7 6 0 0 0 0 
0 7 13 7 6 9 10 1 11 7 18 4 18 11 6 9 13 8 13 14 6 6 13 16 6 9 7 6 0 0 0 0 
0 28 37 26 22 21 29 16 26 28 40 22 27 32 34 35 33 23 44 36 27 20 41 43 27 39 38 61 0 0 0 0 
0 23 27 26 19 17 23 18 21 26 36 24 22 30 33 30 30 21 43 31 34 20 46 46 32 39 40 64 0 0 0 0 
0 28 37 26 24 22 31 16 27 28 40 22 30 33 33 35 33 23 44 36 28 20 42 46 29 40 39 61 0 0 0 0 
0 46 57 46 41 39 33 25 49 54 51 39 45 59 46 49 54 37 71 63 55 28 72 74 58 91 76 99 0 0 0 0 
0 24 17 4 7 6 7 4 9 5 7 7 6 11 19 10 5 9 11 12 11 18 10 7 11 17 10 14 0 0 0 0 
0 1 0 0 0 0 1 0 2 0 0 0 0 1 0 1 1 1 4 0 1 2 2 0 1 1 0 0 0 0 0 0 
0 10 10 6 3 6 6 3 12 6 7 4 6 3 13 5 6 8 9 9 8 17 13 12 27 21 17 12 0 0 0 0 
0 0 0 0 0 0 0 1 0 0 0 0 0 0 0 0 0 0 1 0 1 0 0 0 1 0 0 3 0 0 0 0 
0 1 0 0 0 0 0 1 0 0 0 1 0 0 0 0 0 0 1 0 1 0 0 0 1 1 0 3 0 0 0 0 
0 1 0 0 0 0 0 0 0 0 0 1 0 0 0 0 0 0 1 0 1 0 0 0 1 1 0 0 0 0 0 0 
0 1 0 0 0 0 0 1 0 0 0 1 1 0 0 0 0 0 0 0 1 0 0 0 1 1 0 1 0 0 0 0 
0 15 7 8 2 2 1 1 4 3 8 2 9 2 7 8 3 4 4 5 7 4 8 11 6 7 14 10 0 0 0 0 
0 12 20 7 19 10 11 9 9 12 6 15 11 9 19 8 4 11 7 9 13 11 10 7 9 7 11 6 0 0 0 0 
0 17 16 12 16 10 8 8 7 3 8 10 5 3 6 4 3 3 5 6 10 6 10 2 8 4 8 10 0 0 0 0 
0 20 17 13 19 23 19 17 16 17 17 29 23 12 30 16 18 18 27 13 25 23 26 10 19 28 18 23 0 0 0 0 
0 11 13 6 15 8 9 7 6 4 6 10 4 2 3 4 1 3 5 4 7 5 3 1 5 1 6 4 0 0 0 0 
0 11 6 6 16 7 5 7 6 9 7 8 2 9 9 8 17 13 5 5 14 5 5 6 7 2 5 7 0 0 0 0 
0 10 6 6 15 7 3 7 6 8 6 4 4 9 6 7 13 13 6 5 11 5 6 4 8 1 5 6 0 0 0 0 
0 63 59 40 71 48 48 53 34 40 54 38 43 23 60 37 61 26 39 19 45 50 34 25 49 49 86 36 0 0 0 0 
0 75 69 44 85 54 54 57 42 43 57 41 44 32 60 42 71 36 42 26 54 53 37 28 49 48 81 41 0 0 0 0 
0 58 56 32 60 37 37 35 35 24 48 34 40 19 36 30 46 23 28 15 37 42 29 25 31 40 57 36 0 0 0 0 
0 62 69 50 85 56 45 57 48 51 60 42 43 36 47 40 80 43 42 24 56 46 40 27 47 44 72 48 0 0 0 0 
0 62 58 40 70 51 51 54 34 36 49 34 44 24 54 33 63 25 38 19 43 49 30 25 45 46 82 35 0 0 0 0 
0 4 2 2 1 4 5 1 0 1 5 3 6 5 2 3 1 2 1 2 3 3 3 4 3 4 8 1 0 0 0 0 
0 20 33 17 16 8 23 22 19 17 15 20 6 19 23 10 29 13 7 21 30 16 16 7 20 27 17 11 0 0 0 0 
0 28 22 26 19 12 26 9 16 16 16 22 7 19 19 21 12 20 26 22 25 37 26 31 30 30 28 28 0 0 0 0 
0 37 30 29 27 9 30 12 20 15 21 23 9 28 22 24 16 25 31 24 31 48 25 32 35 37 28 37 0 0 0 0 
0 26 17 24 10 5 25 5 2 5 5 12 4 19 11 4 6 7 13 7 9 17 4 15 9 18 9 11 0 0 0 0 
0 1 0 1 0 0 0 2 0 0 1 1 5 2 1 0 1 0 4 0 0 3 18 1 5 0 1 21 0 0 0 0 
0 1 0 1 0 0 0 1 0 0 1 1 5 2 2 0 1 0 4 0 0 3 18 0 5 0 1 21 0 0 0 0 
0 0 0 0 0 0 0 1 0 0 0 0 2 0 1 0 0 0 1 0 0 0 18 1 4 0 0 0 0 0 0 0 
0 8 3 0 2 0 3 0 1 1 2 3 3 4 4 0 5 1 3 0 3 5 3 0 5 2 6 1 0 0 0 0 
0 9 3 0 2 0 3 0 1 1 2 3 3 4 4 0 5 1 3 0 3 5 3 0 5 2 6 1 0 0 0 0 
0 7 3 0 2 0 3 0 1 1 2 3 3 4 5 0 5 1 3 0 3 5 3 0 5 2 6 1 0 0 0 0 
0 14 5 3 14 1 5 8 4 2 2 2 6 7 13 4 4 7 8 4 8 8 0 4 10 6 2 5 0 0 0 0 
0 14 5 0 11 0 4 8 5 2 3 2 7 6 10 4 3 7 7 5 7 8 1 2 6 5 3 4 0 0 0 0 
0 12 2 3 16 2 6 11 1 2 2 2 7 9 16 4 2 5 11 5 8 6 2 2 14 7 3 6 0 0 0 0 
0 18 17 22 23 19 18 22 20 27 25 37 24 31 25 31 35 25 29 27 31 53 51 46 47 52 47 48 0 0 0 0 
0 41 28 17 28 21 8 11 19 33 13 8 16 26 7 8 22 10 16 21 27 17 26 30 26 58 35 13 0 0 0 0 
0 3 0 0 3 0 1 0 3 0 3 4 1 0 4 1 5 0 7 0 4 2 3 3 1 0 2 1 0 0 0 0 
0 16 9 5 14 6 9 10 13 10 10 24 10 26 7 22 14 15 31 11 13 16 19 25 22 13 28 23 0 0 0 0 
0 5 5 1 3 1 5 3 6 2 6 5 0 3 2 1 4 4 4 4 3 1 6 3 6 4 5 9 0 0 0 0 
0 4 1 0 0 0 1 2 0 0 3 0 0 0 0 1 0 1 0 0 1 0 3 1 0 0 1 1 0 0 0 0 
0 2 1 0 0 0 1 2 0 0 3 0 0 0 0 1 0 1 0 0 1 0 3 1 0 0 1 0 0 0 0 0 
0 6 2 0 1 0 1 0 1 1 0 1 2 1 0 0 2 1 4 4 4 0 3 6 5 6 5 5 0 0 0 0 
0 0 1 0 0 0 0 0 0 0 0 0 0 0 0 0 0 0 0 0 0 0 1 1 0 0 0 0 0 0 0 0 
0 5 4 1 3 2 4 0 2 0 2 3 1 1 1 1 3 0 3 2 3 3 6 7 3 2 0 3 0 0 0 0 
0 4 0 2 0 0 1 1 1 0 1 0 0 0 1 1 2 0 1 1 1 2 0 0 0 0 1 0 0 0 0 0 
0 6 0 4 1 1 1 1 1 0 1 1 1 1 1 4 2 2 2 5 3 5 0 2 1 2 2 6 0 0 0 0 
0 6 8 10 20 5 8 9 8 8 4 6 8 4 5 2 4 4 1 1 3 8 7 6 5 10 6 4 0 0 0 0 
0 5 3 2 2 1 2 2 0 4 0 10 3 9 3 2 2 1 2 3 2 2 3 2 1 3 1 0 0 0 0 0 
0 5 3 2 2 1 2 2 0 5 0 9 3 10 3 2 2 1 2 3 1 2 3 2 1 2 1 0 0 0 0 0 
0 10 5 2 17 5 16 14 5 18 5 7 14 20 8 6 14 3 4 8 10 7 12 7 7 17 13 7 0 0 0 0 
0 12 10 15 7 5 5 5 6 6 3 8 5 13 11 3 4 2 2 4 3 3 9 2 3 2 3 2 0 0 0 0 
0 4 3 2 2 1 2 2 1 7 1 3 3 9 2 4 3 4 1 3 2 3 4 2 2 3 3 5 0 0 0 0 
0 1 2 0 0 0 0 0 0 2 0 1 0 0 1 0 1 2 0 0 0 2 2 1 0 3 1 2 0 0 0 0 
0 1 2 0 0 0 0 0 0 1 0 1 1 0 0 0 0 2 0 0 0 2 1 1 0 2 1 2 0 0 0 0 
0 0 1 0 0 0 0 0 0 1 0 1 0 0 0 0 0 2 0 0 0 3 1 1 0 1 0 0 0 0 0 0 
0 6 2 0 1 2 2 0 0 2 0 0 0 0 1 0 2 1 0 2 0 0 0 1 1 0 0 0 0 0 0 0 
0 6 2 0 1 2 2 0 1 2 0 0 0 0 1 0 2 1 0 2 0 1 1 1 1 0 0 0 0 0 0 0 
0 0 0 0 0 0 2 0 1 0 0 1 0 1 0 0 0 0 0 0 0 1 1 0 1 0 1 0 0 0 0 0 
0 0 0 0 0 0 0 0 0 0 0 0 0 1 0 0 0 0 1 0 0 0 0 0 0 0 0 1 0 0 0 0 
0 6 2 1 2 1 0 0 0 0 2 2 5 4 0 1 0 2 0 0 1 4 0 1 5 4 1 3 0 0 0 0 
0 71 64 47 76 61 58 55 42 41 52 38 49 30 57 39 69 29 38 23 47 54 30 26 53 52 84 36 0 0 0 0 
0 9 1 1 0 0 1 1 0 0 2 2 8 6 2 2 2 2 0 1 1 6 2 1 6 5 5 7 0 0 0 0 
0 9 18 6 6 5 15 10 7 4 8 9 3 12 16 4 17 7 4 13 15 6 12 2 17 17 9 11 0 0 0 0 
0 11 10 20 17 10 16 7 11 20 18 18 14 25 16 13 15 14 13 18 16 27 22 19 19 21 22 17 0 0 0 0 
0 3 2 4 0 1 1 0 1 2 1 0 5 2 2 2 3 0 5 2 3 4 0 6 2 3 0 5 0 0 0 0 
0 3 2 0 0 1 1 0 1 2 0 0 7 1 1 1 0 0 0 0 3 1 1 1 1 2 0 4 0 0 0 0 
0 0 0 0 0 0 0 0 0 0 0 0 0 0 0 0 0 0 1 0 0 0 0 1 0 0 0 0 0 0 0 0 
0 11 11 6 9 7 5 3 7 6 4 4 4 1 2 0 5 2 1 2 2 3 5 3 2 1 3 0 0 0 0 0 
0 27 24 8 18 3 5 6 4 16 6 8 5 3 7 12 17 6 20 16 16 9 11 6 15 5 11 16 0 0 0 0 
0 6 7 2 12 2 4 6 2 11 4 1 2 2 1 4 12 4 10 9 13 9 2 1 3 0 4 8 0 0 0 0 
0 5 7 2 10 4 3 5 2 9 4 1 3 2 1 4 12 4 7 9 12 8 2 2 3 0 4 8 0 0 0 0 
0 6 0 0 1 1 1 0 0 0 3 0 0 0 0 0 1 1 1 3 0 1 1 0 6 8 12 0 0 0 0 0 
0 7 1 0 1 1 0 0 0 0 3 0 0 0 0 1 1 1 0 4 0 1 1 0 9 12 10 0 0 0 0 0 
0 11 1 0 0 1 1 0 0 0 4 0 0 0 0 1 2 2 1 5 0 2 2 1 10 15 11 1 0 0 0 0 
0 6 10 6 8 2 1 4 16 7 19 8 6 12 8 6 7 5 15 6 19 22 17 11 15 9 6 12 0 0 0 0 
0 8 1 0 0 0 1 0 0 0 3 0 0 0 0 1 1 2 1 4 1 2 2 1 7 14 9 1 0 0 0 0 
0 11 16 12 24 9 10 11 12 17 8 25 16 19 18 15 25 17 20 19 21 27 26 23 26 27 21 28 0 0 0 0 
0 10 1 3 3 1 0 2 0 0 8 0 2 2 2 1 4 2 1 0 1 0 0 0 0 1 0 0 0 0 0 0 
0 5 3 2 2 1 2 3 0 0 4 1 1 3 1 1 1 1 1 1 1 2 0 0 0 0 0 0 0 0 0 0 
0 11 3 2 3 0 1 2 2 0 7 0 2 3 1 0 1 1 1 1 3 2 0 0 0 0 0 0 0 0 0 0 
0 18 3 5 2 1 0 2 1 2 5 1 0 3 2 0 0 3 1 1 1 2 2 0 0 3 0 1 0 0 0 0 
0 1 0 1 1 0 0 1 0 1 0 1 1 1 3 0 2 1 3 1 0 2 1 1 0 4 1 0 0 0 0 0 
0 1 0 1 1 0 0 1 0 1 0 1 1 1 3 0 2 1 3 1 0 2 1 1 0 4 1 0 0 0 0 0 
0 1 0 1 1 0 0 1 0 1 0 1 1 1 3 0 2 1 3 1 0 2 1 1 0 5 1 0 0 0 0 0 
0 1 1 1 9 3 6 15 0 2 0 6 5 6 2 6 11 1 7 0 0 3 6 14 3 5 15 5 0 0 0 0 
0 1 1 1 13 5 7 22 0 2 0 7 5 8 4 8 16 1 8 0 0 9 8 22 2 7 11 5 0 0 0 0 
0 2 2 3 8 3 3 6 6 10 3 2 5 6 4 2 8 3 1 5 1 4 14 9 5 6 1 8 0 0 0 0 
0 2 1 3 9 2 3 5 6 10 3 2 5 6 3 2 7 2 1 5 1 4 12 8 4 6 1 8 0 0 0 0 
0 13 6 11 9 4 9 2 0 4 0 6 2 7 6 5 0 1 7 3 4 12 5 12 5 10 10 4 0 0 0 0 
0 6 4 5 7 3 3 2 0 3 0 2 1 0 4 3 0 1 3 1 3 10 3 5 4 8 5 1 0 0 0 0 
0 9 6 8 8 4 5 1 0 3 0 5 1 1 5 6 0 3 7 1 4 10 3 6 7 9 8 1 0 0 0 0 
0 4 2 3 0 0 0 2 0 2 0 4 0 0 0 2 1 6 1 1 2 2 3 1 0 1 1 0 0 0 0 0 
0 4 2 3 0 0 0 2 0 3 0 3 0 0 0 2 1 7 1 1 2 1 3 1 0 1 1 0 0 0 0 0 
0 1 0 0 0 1 2 0 1 0 0 1 2 0 0 1 0 3 0 0 1 0 1 1 0 1 1 1 0 0 0 0 
0 3 4 1 3 3 2 2 5 1 2 2 5 1 4 3 4 3 2 0 4 2 4 5 2 5 1 3 0 0 0 0 
0 36 28 20 31 17 25 16 23 22 21 49 32 36 36 33 56 35 44 43 44 56 51 59 56 65 47 60 0 0 0 0 
0 7 13 11 8 6 3 12 6 4 7 7 1 1 0 2 7 4 5 2 13 10 9 3 6 11 5 4 0 0 0 0 
0 3 1 5 9 8 8 16 4 10 4 6 6 7 5 7 12 12 9 5 7 9 10 7 14 9 5 13 0 0 0 0 
0 3 1 5 9 8 8 17 4 10 4 6 6 7 5 7 12 13 9 5 7 10 10 5 14 9 5 13 0 0 0 0 
0 3 1 5 9 8 9 16 4 10 5 6 6 7 5 7 12 12 9 5 7 9 10 7 13 9 5 13 0 0 0 0 
0 7 11 14 3 7 6 12 4 6 5 3 1 4 3 0 0 4 5 1 25 8 6 4 9 9 4 5 0 0 0 0 
0 15 9 14 5 7 4 3 4 5 0 5 1 4 8 4 2 1 3 3 5 5 2 1 5 2 4 5 0 0 0 0 
0 25 27 24 16 15 9 9 9 5 5 9 2 5 12 9 4 8 2 4 12 6 2 3 5 9 3 8 0 0 0 0 
0 11 3 0 2 0 3 0 1 1 3 3 3 4 5 0 5 1 2 0 3 4 3 0 4 2 6 1 0 0 0 0 
0 14 4 0 2 0 3 0 1 1 6 4 3 4 5 0 5 1 2 0 6 4 3 0 6 2 6 1 0 0 0 0 
0 8 1 0 0 0 0 0 0 0 4 1 0 0 2 0 0 0 0 0 3 0 0 0 2 0 0 0 0 0 0 0 
0 12 3 0 2 0 3 0 1 1 4 3 3 4 5 0 5 1 2 0 3 4 3 0 4 2 6 1 0 0 0 0 
0 17 16 2 4 6 8 4 6 5 4 8 5 4 5 12 13 5 7 9 19 7 19 5 19 15 19 19 0 0 0 0 
0 15 34 30 31 18 26 31 24 27 28 47 28 35 38 35 51 38 27 39 48 48 46 37 43 41 40 42 0 0 0 0 
0 4 14 10 15 9 8 7 9 15 3 9 9 8 17 8 4 9 11 10 5 5 7 11 5 6 6 12 0 0 0 0 
0 1 6 7 11 4 2 2 4 5 6 2 2 2 2 5 1 1 1 3 1 2 2 9 2 8 1 11 0 0 0 0 
0 11 7 9 8 3 1 8 12 3 5 5 1 10 6 7 3 0 5 3 3 15 6 4 8 1 2 5 0 0 0 0 
0 15 20 17 16 6 4 16 11 9 7 7 4 9 6 9 5 4 9 6 5 15 7 5 10 3 5 5 0 0 0 0 
0 8 8 2 1 1 1 3 3 3 2 1 4 11 2 6 2 6 5 7 1 2 11 8 4 11 2 5 0 0 0 0 
0 5 2 0 1 0 0 2 1 1 0 0 2 1 1 1 2 2 2 0 1 0 0 4 2 2 2 3 0 0 0 0 
0 12 7 7 3 10 2 4 2 6 6 3 5 3 6 2 11 3 3 6 10 2 2 8 6 6 9 1 0 0 0 0 
0 1 9 5 6 1 0 1 1 5 3 1 2 0 0 0 1 0 0 1 1 1 1 0 1 0 1 1 0 0 0 0 
0 0 5 3 6 1 0 0 0 3 4 1 1 0 0 0 1 0 0 1 1 1 1 0 1 1 0 1 0 0 0 0 
0 29 29 13 11 9 6 12 7 18 16 15 8 11 5 12 7 8 8 14 11 8 9 8 13 14 14 15 0 0 0 0 
0 13 37 13 8 18 4 16 8 18 13 15 13 18 17 19 8 23 16 16 19 22 14 17 38 23 24 18 0 0 0 0 
0 18 33 11 11 12 10 12 17 13 14 18 9 27 16 29 17 21 8 27 18 26 24 28 29 25 36 26 0 0 0 0 
0 69 45 53 43 23 40 26 31 39 59 53 61 23 42 47 18 44 38 24 41 89 34 41 41 38 30 24 0 0 0 0 
0 25 38 27 19 20 24 14 26 34 33 22 24 32 31 35 32 22 45 36 27 15 37 38 27 39 39 61 0 0 0 0 
0 26 37 25 19 21 24 14 28 29 35 23 26 33 31 35 34 23 44 37 27 17 40 45 27 40 39 60 0 0 0 0 
0 0 0 0 0 0 1 0 2 0 0 0 0 1 0 3 1 1 3 0 2 3 2 0 1 0 0 0 0 0 0 0 
0 1 0 0 0 0 1 0 2 0 0 0 0 1 0 2 1 1 5 0 1 3 2 0 1 1 0 0 0 0 0 0 
0 2 0 0 0 0 1 0 2 0 0 0 0 1 0 2 1 1 5 0 1 3 2 2 1 0 0 0 0 0 0 0 
0 1 0 0 0 0 0 0 0 0 0 1 0 0 0 0 0 0 0 0 1 0 0 0 1 1 0 1 0 0 0 0 
0 1 0 0 0 0 0 0 0 0 0 1 0 0 0 0 0 0 1 0 1 0 0 0 1 1 0 2 0 0 0 0 
0 1 0 0 0 0 0 0 0 0 0 1 0 0 0 0 0 0 2 0 1 0 0 0 1 1 0 2 0 0 0 0 
0 1 0 0 0 0 0 1 0 0 0 1 0 0 0 0 0 0 0 0 0 0 0 0 0 1 0 1 0 0 0 0 
0 0 2 0 2 0 0 0 0 0 0 1 0 0 0 0 0 1 0 0 0 1 3 1 0 1 0 0 0 0 0 0 
0 0 2 0 2 0 0 0 0 0 1 1 0 0 0 0 0 1 0 0 0 1 4 1 0 1 0 0 0 0 0 0 
0 12 16 7 7 9 5 1 1 3 7 1 8 4 8 5 1 4 8 7 13 6 8 13 3 7 10 11 0 0 0 0 
0 18 12 5 1 7 2 4 8 7 6 4 6 2 7 9 6 8 10 8 13 4 12 15 12 10 19 9 0 0 0 0 
0 12 11 10 7 11 3 0 3 3 5 0 13 1 5 8 5 3 7 11 10 4 6 13 2 6 10 11 0 0 0 0 
0 62 61 40 75 49 51 54 34 41 52 35 43 23 65 39 65 25 38 19 41 48 32 25 48 49 90 35 0 0 0 0 
0 49 53 34 59 36 49 43 27 31 44 29 32 21 48 28 50 21 27 17 32 36 18 22 35 35 73 24 0 0 0 0 
0 24 15 23 9 6 27 5 2 6 2 11 4 24 8 4 4 7 12 9 8 14 7 18 8 17 9 8 0 0 0 0 
0 0 0 0 0 0 0 1 0 0 0 0 3 0 1 0 0 0 1 0 0 0 19 1 4 0 0 0 0 0 0 0 
0 0 2 0 1 0 0 0 0 1 0 0 0 0 0 0 1 0 0 0 1 0 0 0 1 0 1 0 0 0 0 0 
0 10 12 8 15 8 9 7 7 10 7 21 13 16 11 12 20 13 15 13 20 22 23 19 22 23 17 20 0 0 0 0 
0 0 0 0 0 0 0 0 0 0 0 0 0 0 0 0 0 0 0 0 0 0 0 0 0 0 0 0 0 0 0 0 
0 0 0 0 0 0 0 0 0 0 0 0 0 0 0 0 0 0 0 0 0 0 0 0 0 0 0 0 0 0 0 0 
0 6 6 3 2 2 3 5 0 1 0 1 0 4 2 5 1 3 0 0 1 0 1 0 2 2 2 6 0 0 0 0 
0 7 6 2 4 2 3 3 0 4 2 3 4 9 3 3 3 2 2 3 3 1 3 2 3 3 2 2 0 0 0 0 
0 0 0 0 0 0 2 0 0 0 0 0 0 0 0 0 0 0 1 0 0 0 0 0 0 0 0 0 0 0 0 0 
0 1 0 0 0 0 0 0 0 0 0 0 0 0 0 0 0 0 3 0 0 0 0 0 1 0 0 0 0 0 0 0 
0 0 0 0 0 0 0 0 0 0 0 0 0 0 0 0 0 0 1 0 0 0 0 0 0 0 0 0 0 0 0 0 
0 2 3 2 0 1 1 1 1 1 1 0 5 2 1 1 1 0 4 0 3 2 0 3 2 2 0 5 0 0 0 0 
0 0 4 10 0 0 0 6 0 5 5 0 0 0 0 0 0 0 8 0 2 3 0 5 1 1 0 2 0 0 0 0 
0 1 1 5 0 0 0 2 0 3 3 0 0 0 0 1 2 0 7 1 2 3 0 5 3 1 0 2 0 0 0 0 
0 8 15 7 7 4 14 15 11 6 4 8 12 14 8 4 13 9 7 6 15 11 7 6 8 16 8 7 0 0 0 0 
0 0 0 0 0 0 0 0 0 0 0 0 0 0 0 0 0 0 1 0 0 0 0 1 0 0 0 0 0 0 0 0 
0 2 0 3 5 1 1 1 2 2 4 4 0 2 3 4 1 1 0 2 1 0 2 5 2 1 4 3 0 0 0 0 
0 4 0 1 1 1 0 3 0 1 0 0 0 1 0 0 0 0 0 0 0 0 0 1 0 0 3 3 0 0 0 0 
0 33 49 20 27 13 21 8 13 21 10 7 16 11 22 15 8 12 14 12 8 16 7 12 8 10 5 5 0 0 0 0 
0 30 14 7 25 20 18 15 24 26 15 15 4 6 6 6 15 5 8 10 9 13 13 3 5 6 7 4 0 0 0 0 
0 5 1 0 0 0 1 0 0 0 2 0 0 0 0 1 0 2 2 3 0 2 2 0 5 10 7 0 0 0 0 0 
0 2 0 0 1 0 1 0 0 0 1 0 0 0 0 0 0 1 2 1 0 1 1 0 1 6 10 0 0 0 0 0 
0 13 3 6 1 5 1 4 1 2 8 0 0 5 9 2 5 3 1 2 1 0 5 0 6 5 0 0 0 0 0 0 
0 18 5 8 2 4 1 5 0 2 7 1 0 5 4 0 3 4 1 3 1 2 5 0 1 4 0 1 0 0 0 0 
0 0 1 1 9 5 6 11 0 4 0 6 5 4 2 7 13 2 8 0 0 6 8 16 4 4 15 8 0 0 0 0 
0 0 0 1 7 3 6 13 0 2 0 7 5 4 2 6 13 2 7 0 0 3 4 11 4 4 14 5 0 0 0 0 
0 3 1 5 9 8 8 17 4 10 4 6 6 7 5 7 12 13 9 5 7 10 10 7 13 9 5 13 0 0 0 0 
0 13 7 7 7 3 1 8 8 2 4 6 1 9 7 7 3 0 6 3 2 14 3 4 7 1 3 4 0 0 0 0 
0 12 5 7 5 2 1 9 11 1 3 7 3 7 7 5 3 0 6 2 5 16 2 4 7 0 2 4 0 0 0 0 
0 14 23 15 24 12 5 15 15 7 11 8 5 11 9 11 4 7 7 8 5 15 16 6 9 4 6 5 0 0 0 0 
0 14 8 8 8 3 1 9 12 2 4 7 1 10 8 8 3 0 6 3 4 17 5 4 8 1 3 5 0 0 0 0 
0 5 13 9 17 20 16 15 12 10 13 12 3 18 7 10 17 13 13 22 19 17 22 10 24 20 18 23 0 0 0 0 
0 47 66 51 67 41 47 54 51 50 59 38 36 39 37 36 61 43 45 24 50 51 39 34 40 41 71 44 0 0 0 0 
0 0 0 0 0 0 0 0 0 0 0 0 0 0 0 0 0 0 0 0 0 0 0 0 0 0 0 0 0 0 0 0 
0 0 0 0 0 0 0 0 0 0 0 0 0 0 0 0 0 0 0 0 0 0 0 0 0 0 0 0 0 0 0 0 
0 0 0 0 0 0 0 0 0 0 0 0 0 0 0 0 0 0 0 0 0 0 0 0 0 0 0 0 0 0 0 0 
0 0 0 0 0 0 0 0 0 0 0 0 0 0 0 0 0 0 0 0 0 0 0 0 0 0 0 0 0 0 0 0 
0 0 0 0 0 0 0 0 0 0 0 0 0 0 0 0 0 0 0 0 0 0 0 0 0 0 0 0 0 0 0 0 
0 23 9 4 7 11 9 4 5 5 2 4 3 1 6 3 6 4 1 6 5 8 4 2 5 6 1 3 0 0 0 0 
0 0 0 0 0 0 0 0 0 0 0 0 0 0 0 0 0 0 2 0 0 0 0 0 0 0 0 0 0 0 0 0 
0 1 0 0 0 0 0 0 0 0 0 0 0 0 0 0 0 0 2 0 0 0 0 0 1 0 0 0 0 0 0 0 
0 0 0 0 0 0 0 0 0 0 0 0 0 0 0 0 0 0 2 0 0 0 0 0 0 0 0 0 0 0 0 0 
0 1 0 2 0 0 0 2 0 4 0 0 0 0 1 1 1 0 3 1 2 1 0 2 3 0 0 1 0 0 0 0 
0 1 4 14 0 0 0 6 0 6 4 0 0 0 0 1 1 0 5 1 2 4 0 6 1 3 0 2 0 0 0 0 
0 0 1 0 0 0 0 0 0 0 0 0 0 0 1 0 0 0 1 0 0 0 0 1 0 0 0 0 0 0 0 0 
0 0 0 0 0 0 0 0 0 0 0 0 0 0 0 0 0 0 2 0 0 0 0 0 0 0 0 0 0 0 0 0 
0 0 0 0 0 0 0 0 0 0 0 0 0 0 0 0 0 0 1 0 0 0 0 0 0 0 0 0 0 0 0 0 
0 1 1 0 2 0 0 1 0 0 0 0 0 1 0 0 1 0 0 0 0 2 0 2 1 0 0 2 0 0 0 0 
0 13 18 9 17 10 15 6 7 18 5 6 4 16 4 7 6 7 9 9 4 15 9 7 11 19 12 6 0 0 0 0 
0 22 29 30 21 20 21 20 34 28 36 39 24 32 40 47 41 35 55 35 38 40 64 59 46 69 70 105 0 0 0 0 
0 11 15 1 12 9 11 5 11 16 10 7 5 6 4 8 7 9 8 3 5 11 6 2 5 6 12 4 0 0 0 0 
0 0 1 0 1 0 0 0 0 0 0 0 0 0 0 0 0 0 1 0 0 0 0 0 1 4 9 0 0 0 0 0 
0 0 1 0 0 0 0 0 0 0 0 0 0 0 0 0 0 0 1 0 0 0 0 1 1 6 9 0 0 0 0 0 
0 0 1 0 0 0 0 0 0 0 0 0 0 0 0 0 0 0 2 0 0 0 0 1 1 5 9 0 0 0 0 0 
0 16 2 9 0 6 0 4 4 5 7 1 0 4 9 2 4 5 2 0 0 2 5 0 7 4 0 1 0 0 0 0 
0 25 8 10 1 7 4 8 8 3 13 1 0 6 11 3 4 6 0 3 1 1 9 0 10 6 0 0 0 0 0 0 
0 0 0 0 0 0 0 0 0 0 0 0 0 0 0 0 0 0 0 0 0 0 0 0 0 0 0 0 0 0 0 0 
0 0 3 6 0 0 0 4 0 3 2 0 0 0 0 0 0 0 0 0 1 1 0 1 2 3 0 1 0 0 0 0 
0 1 0 2 0 0 0 2 0 3 0 0 0 0 1 1 1 0 3 1 1 1 0 2 4 0 0 1 0 0 0 0 
0 0 0 0 0 0 0 2 0 2 2 0 0 0 1 0 0 0 0 0 2 0 0 0 3 1 0 0 0 0 0 0 
0 0 0 0 0 0 0 0 0 0 0 0 0 0 0 0 0 0 2 0 0 0 0 0 0 0 0 0 0 0 0 0 
0 0 0 0 0 0 0 0 0 0 0 0 2 0 0 0 0 0 1 0 0 0 0 0 1 0 0 0 0 0 0 0 
0 9 17 7 9 5 13 12 16 7 3 0 4 7 4 6 5 4 4 6 3 4 4 0 9 4 4 0 0 0 0 0 
0 5 16 6 7 2 7 9 13 5 3 0 3 5 3 4 5 3 4 6 3 3 3 0 4 3 4 0 0 0 0 0 
0 25 40 29 15 9 16 24 20 13 8 16 8 15 23 9 22 15 8 11 26 15 9 10 8 15 10 2 0 0 0 0 
0 4 3 0 1 0 1 1 0 3 0 0 3 0 0 0 1 0 0 0 1 3 1 0 0 4 0 0 0 0 0 0 
0 4 4 0 2 1 0 0 1 0 1 1 2 0 0 3 1 0 2 0 2 0 4 1 0 4 0 9 0 0 0 0 
0 14 16 17 4 9 7 3 7 4 0 8 1 7 11 1 2 5 2 5 8 4 4 2 0 2 5 7 0 0 0 0 
0 12 14 16 4 8 6 3 5 4 0 5 1 5 9 1 2 3 1 3 2 3 3 0 0 0 3 6 0 0 0 0 
0 3 8 7 2 3 3 1 2 3 0 2 0 3 5 0 1 2 0 2 1 3 2 0 0 1 2 11 0 0 0 0 
0 9 7 10 4 11 4 8 15 11 7 12 3 6 15 18 9 12 18 15 13 21 32 18 21 29 23 37 0 0 0 0 
0 8 3 7 3 8 5 8 9 10 8 11 10 9 14 17 8 13 14 12 10 24 29 21 25 28 29 44 0 0 0 0 
0 29 40 41 27 38 32 38 58 52 47 57 37 51 49 73 49 52 74 60 67 55 80 101 78 102 105 171 0 0 0 0 
0 26 17 7 15 10 9 4 4 10 3 6 3 3 7 4 2 2 4 3 3 5 4 1 2 0 3 6 0 0 0 0 
0 12 16 6 9 5 5 1 1 3 1 4 1 0 1 2 1 1 0 0 3 4 4 0 1 0 2 0 0 0 0 0 
0 50 29 29 29 21 9 7 16 8 6 8 5 6 4 2 0 1 1 3 6 5 8 0 2 1 1 0 0 0 0 0 
0 73 44 42 36 24 10 6 17 11 12 8 6 5 7 4 2 1 2 3 7 5 9 1 2 3 1 2 0 0 0 0 
0 50 54 34 23 26 25 29 19 31 20 26 8 25 14 21 21 12 15 32 23 23 30 11 17 23 19 13 0 0 0 0 
0 55 58 40 41 28 35 26 35 51 37 36 38 51 50 46 49 27 59 48 45 30 48 46 46 56 57 83 0 0 0 0 
0 3 9 1 0 4 2 2 3 6 1 3 0 1 3 3 3 0 6 1 5 6 5 16 7 12 10 4 0 0 0 0 
0 3 9 1 0 4 2 2 3 6 1 3 0 1 3 3 3 0 4 1 5 6 5 16 8 12 10 4 0 0 0 0 
0 0 0 0 0 0 0 0 0 0 0 0 0 0 0 0 0 0 0 0 0 0 0 0 0 0 0 0 0 0 0 0 
0 0 0 0 0 0 0 0 0 0 0 0 0 0 0 0 0 0 0 0 0 0 0 0 0 0 0 0 0 0 0 0 
0 0 0 0 0 0 0 0 0 0 0 0 0 0 0 0 0 0 0 0 0 0 0 0 0 0 0 0 0 0 0 0 
0 1 1 0 0 0 0 0 0 0 0 0 0 0 0 1 1 0 0 0 0 0 0 0 0 1 0 1 0 0 0 0 
0 5 4 5 3 2 0 0 1 4 1 3 0 1 3 1 6 2 2 3 1 3 1 0 1 1 2 0 0 0 0 0 
0 5 4 4 2 2 1 0 1 3 1 3 0 1 3 2 5 3 2 3 2 3 1 0 1 1 2 0 0 0 0 0 
0 3 3 2 1 1 1 0 0 4 2 2 0 4 3 2 3 2 3 2 2 1 1 0 1 2 2 1 0 0 0 0 
0 0 0 0 1 0 0 0 0 1 0 2 0 0 0 0 0 2 0 2 0 1 0 0 0 0 1 0 0 0 0 0 
0 3 0 0 1 0 2 0 1 2 0 1 1 0 0 0 1 1 0 0 0 1 1 1 2 1 2 0 0 0 0 0 
0 0 0 0 1 0 0 0 0 0 0 0 0 0 0 0 0 1 0 1 0 1 0 0 0 0 0 0 0 0 0 0 
0 2 2 0 0 0 0 0 0 0 0 0 0 0 0 1 1 0 0 0 1 0 0 0 0 1 0 1 0 0 0 0 
0 16 1 3 4 1 3 0 0 3 3 3 4 5 1 5 1 4 1 0 2 0 2 3 0 0 0 2 0 0 0 0 
0 3 7 4 3 4 4 4 6 8 6 2 5 6 9 5 8 6 8 12 8 6 4 13 14 20 16 21 0 0 0 0 
0 25 37 31 24 20 23 25 35 28 32 32 21 31 44 45 40 28 67 37 39 28 60 46 40 52 64 84 0 0 0 0 
0 2 1 0 0 1 0 0 0 0 0 0 0 0 0 1 1 0 1 0 0 0 0 0 0 1 0 8 0 0 0 0 
0 1 1 0 0 0 0 0 0 0 0 1 0 0 0 1 1 0 0 0 0 0 0 0 0 1 0 1 0 0 0 0 
0 67 44 54 43 23 40 26 32 40 59 55 61 23 41 48 18 43 38 24 41 91 34 39 41 38 30 24 0 0 0 0 
0 3 1 1 1 0 1 0 0 0 0 2 2 0 0 0 1 0 3 0 1 0 3 2 1 6 2 3 0 0 0 0 
0 3 3 0 2 1 0 0 1 0 1 1 2 0 0 0 0 0 1 1 1 1 3 0 0 6 2 9 0 0 0 0 
0 8 18 6 7 3 3 5 11 3 11 6 7 6 6 9 13 8 7 5 12 14 12 7 7 10 8 7 0 0 0 0 
0 12 43 16 9 17 6 20 10 20 19 18 8 25 14 26 9 26 19 31 28 28 27 24 45 26 33 19 0 0 0 0 
0 7 32 18 6 18 10 17 9 21 15 13 13 24 11 32 6 21 5 23 17 16 26 29 22 17 30 11 0 0 0 0 
0 1 3 1 5 4 0 6 2 5 8 3 2 17 3 2 5 3 4 2 0 3 3 2 6 1 3 3 0 0 0 0 
0 0 0 0 0 0 1 1 1 1 2 2 1 3 3 1 2 0 1 1 2 1 1 1 0 0 1 4 0 0 0 0 
0 2 0 0 0 0 0 0 0 0 0 0 0 0 0 1 0 0 4 0 0 0 0 2 0 1 0 0 0 0 0 0 
0 1 0 0 0 0 0 0 0 0 0 0 0 0 0 2 0 0 5 0 0 1 0 0 0 1 0 0 0 0 0 0 
0 21 17 19 18 8 11 8 15 12 16 15 7 9 21 21 13 18 19 17 19 33 23 24 27 25 25 26 0 0 0 0 
0 6 13 18 10 11 3 6 14 16 12 16 7 11 7 6 6 17 15 10 21 17 20 6 23 20 16 23 0 0 0 0 
3 40 18 54 22 37 18 28 15 25 16 14 10 14 12 13 15 25 11 16 14 11 26 8 20 31 17 11 0 0 0 0 
0 23 26 18 28 23 15 16 14 32 20 10 19 24 15 25 17 16 24 26 22 21 23 25 24 32 30 28 0 0 0 0 
0 62 62 40 75 50 50 53 34 37 51 36 45 24 60 42 64 26 42 19 42 48 29 25 48 48 88 35 0 0 0 0 
0 32 66 46 28 34 21 30 22 38 16 18 10 26 15 29 24 25 17 35 30 36 26 37 27 44 28 42 0 0 0 0 
0 33 62 22 29 18 26 14 19 23 12 14 22 17 28 16 14 15 16 11 9 21 9 18 11 12 6 7 0 0 0 0 
0 2 2 0 0 5 1 3 1 2 1 2 1 3 4 1 6 0 0 0 1 4 1 1 0 0 0 0 0 0 0 0 
0 0 0 0 1 1 2 0 0 4 0 0 0 0 3 0 4 0 0 0 0 0 0 0 0 0 0 0 0 0 0 0 
0 3 6 4 2 8 5 5 3 7 5 3 3 10 12 1 7 6 3 0 1 5 2 3 1 1 2 1 0 0 0 0 
0 1 3 3 1 2 2 1 1 6 0 0 1 4 3 0 5 6 2 0 0 0 0 1 1 0 2 1 0 0 0 0 
0 6 4 4 0 5 2 5 2 0 4 3 3 8 9 2 2 0 0 0 1 6 3 2 2 1 0 0 0 0 0 0 
0 0 1 1 0 0 0 1 1 0 5 1 2 3 3 0 1 0 0 0 0 1 1 1 0 1 0 0 0 0 0 0 
0 14 11 17 4 6 4 5 5 1 3 5 3 8 11 2 2 1 1 1 5 4 3 1 2 3 1 1 0 0 0 0 
0 2 1 0 0 0 0 0 0 0 0 0 0 0 0 0 0 0 0 0 0 0 1 0 1 12 0 0 0 0 0 0 
0 2 1 0 0 0 1 0 0 0 0 0 0 0 0 0 0 0 0 0 0 0 0 0 2 12 0 0 0 0 0 0 
0 2 2 0 1 0 1 0 0 0 0 1 0 0 0 1 0 0 0 0 0 1 0 0 1 2 1 0 0 0 0 0 
0 5 2 0 1 0 1 0 0 1 0 1 0 2 0 0 1 4 0 0 1 0 0 0 3 1 6 0 0 0 0 0 
0 0 0 0 0 0 0 0 0 0 0 0 0 0 0 0 0 0 0 0 1 0 0 0 2 23 1 0 0 0 0 0 
0 39 28 21 27 18 7 9 18 38 11 7 18 26 7 9 22 10 17 17 26 14 23 32 30 50 38 16 0 0 0 0 
0 2 1 0 1 0 1 0 0 0 0 0 0 2 1 0 0 3 0 0 2 0 0 0 2 2 3 0 0 0 0 0 
0 7 3 0 2 1 3 0 2 1 2 3 3 5 6 0 6 1 2 0 4 5 4 0 4 4 6 1 0 0 0 0 
0 7 2 0 2 0 2 0 0 0 2 1 0 2 0 2 0 0 0 1 2 2 0 0 2 2 1 0 0 0 0 0 
0 14 4 4 10 10 7 4 7 3 4 4 3 2 4 3 5 4 1 4 6 8 5 1 4 9 1 3 0 0 0 0 
0 22 12 14 13 12 14 9 13 8 11 8 7 9 9 6 11 6 1 7 8 10 8 4 7 7 5 12 0 0 0 0 
0 21 13 15 13 16 14 9 13 8 13 8 7 10 9 4 11 6 1 7 9 13 9 4 8 7 5 12 0 0 0 0 
0 18 21 15 14 12 9 8 8 4 5 6 2 4 11 9 4 8 3 4 7 5 2 3 6 5 3 8 0 0 0 0 
0 4 5 4 4 7 3 6 4 6 7 3 3 5 7 5 5 3 12 10 9 16 9 7 15 5 16 16 0 0 0 0 
0 10 7 8 13 7 9 9 10 17 19 13 11 10 12 9 15 9 13 17 12 27 16 23 25 19 29 26 0 0 0 0 
0 25 15 3 18 10 10 12 24 15 13 25 8 38 16 12 31 31 46 13 26 26 22 39 30 22 27 25 0 0 0 0 
0 23 18 6 19 11 12 9 15 18 16 27 12 40 11 10 22 35 40 12 19 31 29 39 35 16 49 37 0 0 0 0 
0 28 18 5 20 13 14 12 17 24 19 33 11 54 13 12 28 34 58 13 24 38 31 49 47 19 56 43 0 0 0 0 
0 29 22 3 15 14 14 13 29 16 18 26 8 52 19 12 36 42 50 16 27 32 22 39 34 22 36 29 0 0 0 0 
0 29 20 3 20 16 16 13 32 19 17 27 8 54 21 17 43 39 54 16 38 34 25 48 36 29 40 33 0 0 0 0 
0 4 8 11 10 3 6 1 1 3 2 3 2 7 4 5 4 3 11 3 5 1 1 6 4 2 1 1 0 0 0 0 
0 8 14 7 12 8 8 7 4 4 5 4 1 8 9 10 3 8 3 4 7 4 1 4 5 5 2 6 0 0 0 0 
0 9 13 7 12 8 6 6 4 3 5 3 2 6 8 8 4 9 2 4 9 4 1 4 8 4 2 7 0 0 0 0 
0 10 14 6 8 9 5 7 8 8 13 2 5 4 5 4 10 9 5 5 7 9 9 8 4 12 7 6 0 0 0 0 
0 1 0 0 0 0 0 0 0 0 0 0 0 0 0 0 1 0 0 0 0 0 0 0 1 1 1 0 0 0 0 0 
0 16 17 3 4 5 3 1 3 1 3 2 2 2 2 6 9 4 3 7 16 4 10 4 9 10 11 11 0 0 0 0 
0 1 0 0 0 0 0 0 0 0 0 0 0 0 0 0 1 0 0 0 0 0 0 0 1 1 2 0 0 0 0 0 
0 1 0 0 0 0 0 1 0 0 0 0 0 0 1 0 1 0 0 0 0 0 0 0 1 1 1 0 0 0 0 0 
0 42 49 32 43 32 18 24 20 41 27 25 25 28 29 41 27 24 43 35 31 34 38 31 44 42 41 35 0 0 0 0 
0 2 5 0 2 4 7 2 0 0 0 0 0 0 7 0 0 0 2 1 0 0 0 0 0 0 0 1 0 0 0 0 
0 4 5 0 2 6 5 1 0 0 0 0 1 0 5 0 0 0 1 1 0 1 0 0 0 0 0 0 0 0 0 0 
0 4 6 0 2 6 5 2 0 0 0 0 1 0 5 0 0 0 2 0 0 1 0 0 0 0 0 1 0 0 0 0 
0 2 6 0 0 8 6 1 0 0 0 0 1 0 5 0 0 0 1 1 0 1 0 0 0 0 0 1 0 0 0 0 
0 12 6 4 12 8 2 5 2 5 6 2 4 0 2 7 7 4 1 7 3 1 3 11 5 7 12 4 0 0 0 0 
0 15 4 9 13 8 1 6 2 5 6 2 4 0 3 10 5 3 1 6 3 1 3 7 4 7 11 3 0 0 0 0 
0 12 8 4 14 8 2 5 3 5 6 2 4 0 2 7 6 4 1 7 3 1 3 11 6 7 14 4 0 0 0 0 
0 15 8 6 22 12 3 16 3 6 7 5 4 2 4 7 6 6 1 9 4 2 10 7 4 9 12 5 0 0 0 0 
0 2 3 1 0 1 1 2 8 0 0 0 2 1 0 1 0 0 2 2 0 1 1 1 0 0 3 1 0 0 0 0 
0 1 3 1 0 1 1 2 8 0 0 0 2 1 0 1 0 0 2 2 0 1 0 1 0 0 2 1 0 0 0 0 
0 0 0 0 0 0 0 0 4 0 0 0 0 0 0 0 0 0 0 0 0 0 5 0 0 1 13 0 0 0 0 0 
0 1 3 1 0 1 1 2 9 0 0 0 2 1 0 1 0 0 2 2 0 1 1 1 0 0 3 1 0 0 0 0 
0 4 2 2 0 1 0 1 3 0 2 0 1 1 3 3 3 3 0 2 2 4 3 8 4 14 3 6 0 0 0 0 
0 25 37 25 19 22 24 14 30 28 34 23 28 32 33 34 35 23 56 40 29 16 47 47 36 44 46 73 0 0 0 0 
0 0 0 0 0 3 0 0 3 3 1 2 3 4 2 0 2 1 6 2 5 2 10 14 9 6 19 17 0 0 0 0 
0 0 3 0 5 2 4 2 16 0 7 2 0 2 4 6 2 0 2 1 5 1 6 3 0 1 1 0 0 0 0 0 
0 0 2 0 5 6 6 2 14 0 7 2 0 2 7 13 2 1 2 1 7 3 6 3 3 3 3 2 0 0 0 0 
0 1 1 0 4 2 1 1 3 0 1 0 0 1 2 4 2 1 2 1 2 1 3 1 0 1 1 0 0 0 0 0 
0 0 3 0 6 3 3 2 13 0 6 1 0 3 6 7 2 1 2 1 5 2 7 3 2 2 1 0 0 0 0 0 
0 0 3 0 6 3 3 1 17 0 5 2 0 3 6 7 2 1 2 1 6 2 6 2 2 3 1 0 0 0 0 0 
0 6 2 0 2 2 0 0 1 2 0 0 0 0 1 0 3 1 0 2 1 1 0 1 1 0 0 0 0 0 0 0 
0 4 6 4 14 5 7 21 0 3 0 7 5 7 4 9 14 2 8 0 0 10 7 18 2 5 6 6 0 0 0 0 
0 9 15 7 7 4 13 15 12 7 4 8 12 13 8 4 13 9 5 6 13 9 7 6 9 16 8 8 0 0 0 0 
0 0 0 1 4 0 0 0 0 0 0 3 0 0 0 0 0 0 0 0 0 0 0 0 0 0 0 0 0 0 0 0 
0 1 0 0 3 4 2 0 3 0 2 4 1 3 1 1 1 0 0 1 0 0 0 4 1 0 0 0 0 0 0 0 
0 1 0 0 4 4 2 0 3 0 2 4 1 3 1 1 1 0 0 1 0 0 0 4 1 0 0 0 0 0 0 0 
0 1 0 0 3 1 2 2 5 0 10 15 1 1 4 2 1 1 3 1 3 3 1 1 4 1 4 5 0 0 0 0 
0 1 0 0 10 2 0 0 2 0 2 4 0 2 4 2 2 1 0 1 6 0 0 0 2 1 1 0 0 0 0 0 
0 8 3 2 1 2 2 0 1 4 4 5 0 5 0 1 2 2 4 1 0 3 2 1 2 2 2 6 0 0 0 0 
0 3 1 2 1 0 1 0 1 1 3 4 0 2 0 0 2 2 10 3 0 1 1 3 7 3 6 6 0 0 0 0 
0 3 1 1 1 0 1 0 1 1 3 4 0 2 0 0 2 2 9 3 0 1 1 2 7 3 6 6 0 0 0 0 
0 3 1 2 1 0 1 0 1 1 3 4 0 2 0 0 2 2 10 3 0 1 1 3 7 3 6 6 0 0 0 0 
0 2 1 2 1 0 1 0 1 1 2 4 0 2 0 0 2 2 9 1 0 1 1 3 7 2 6 6 0 0 0 0 
0 1 5 1 9 2 2 1 1 0 2 1 2 1 2 0 1 1 1 0 1 2 1 2 1 0 0 1 0 0 0 0 
0 0 10 1 16 4 7 7 1 1 3 2 3 7 4 0 2 3 7 0 5 4 5 8 2 1 2 1 0 0 0 0 
0 5 11 3 9 4 15 13 3 8 1 5 5 12 1 2 13 5 11 1 6 5 13 11 13 11 9 14 0 0 0 0 
0 0 5 1 9 2 2 2 1 0 2 1 2 1 2 0 1 1 2 0 1 2 1 3 1 0 0 1 0 0 0 0 
0 1 0 1 1 0 0 1 0 1 0 1 1 1 3 0 2 1 3 1 0 2 1 1 0 4 1 0 0 0 0 0 
0 1 1 1 12 5 6 23 0 1 0 7 7 7 3 6 19 2 5 0 0 7 8 15 3 5 13 6 0 0 0 0 
0 0 0 1 9 5 7 14 0 1 0 8 5 5 2 7 12 1 5 0 0 8 3 15 1 4 6 5 0 0 0 0 
0 0 0 1 8 4 7 12 0 2 0 9 5 5 3 9 9 1 9 0 0 6 4 16 1 5 7 4 0 0 0 0 
0 0 0 1 8 4 7 12 0 2 0 7 4 5 3 8 10 1 9 0 0 6 4 16 1 5 7 4 0 0 0 0 
0 2 2 2 5 3 5 2 0 3 0 1 3 5 1 2 4 0 1 2 0 15 3 10 4 7 7 6 0 0 0 0 
0 5 5 3 3 4 3 0 1 3 2 0 0 1 0 0 0 0 0 2 0 2 0 0 0 1 0 0 0 0 0 0 
0 5 4 3 7 4 3 0 1 1 0 1 1 2 0 4 0 2 0 1 0 1 0 1 0 1 1 0 0 0 0 0 
0 5 5 3 6 7 2 0 2 2 0 1 1 2 0 2 0 2 1 1 0 1 0 1 0 1 1 0 0 0 0 0 
0 6 5 3 6 7 2 1 2 2 1 1 3 2 3 2 0 2 0 1 0 0 0 1 0 1 1 3 0 0 0 0 
0 2 2 4 6 7 5 0 1 2 2 0 0 1 0 5 0 0 0 3 0 0 1 0 0 1 0 0 0 0 0 0 
0 11 11 10 17 6 12 6 15 10 14 11 4 9 15 21 10 13 15 17 18 34 22 26 26 23 21 28 0 0 0 0 
0 12 7 1 9 1 5 4 2 1 4 5 2 1 4 5 3 2 3 4 2 1 2 1 1 2 2 5 0 0 0 0 
0 5 5 4 2 2 6 1 2 0 0 7 0 1 7 4 1 6 9 1 0 0 1 5 6 5 8 1 0 0 0 0 
0 17 19 21 5 9 6 4 7 2 1 6 1 5 10 1 2 4 2 6 2 4 4 2 0 1 6 6 0 0 0 0 
0 6 11 7 0 2 4 5 1 1 0 3 0 3 4 4 1 4 1 1 7 1 2 0 2 3 3 3 0 0 0 0 
0 8 1 0 2 2 0 2 0 3 6 4 1 3 2 1 1 2 1 2 1 2 1 2 1 3 4 2 0 0 0 0 
0 13 5 0 8 0 3 6 5 1 4 2 6 7 9 3 4 6 5 4 5 8 0 3 5 4 2 4 0 0 0 0 
0 3 0 1 5 0 0 0 0 1 0 4 0 1 4 0 0 0 0 0 1 2 0 0 1 0 0 0 0 0 0 0 
0 9 11 1 10 1 1 3 2 2 2 3 1 2 1 3 1 0 2 5 5 3 0 0 0 0 1 0 0 0 0 0 
0 8 6 0 9 2 1 2 2 2 3 4 0 1 1 3 1 0 1 4 6 4 0 0 0 0 5 0 0 0 0 0 
0 8 6 0 8 1 1 2 2 2 2 3 0 1 1 3 1 0 1 4 6 3 0 0 0 0 1 0 0 0 0 0 
0 45 26 14 20 17 11 7 8 10 3 9 5 4 6 3 2 2 3 1 6 6 5 1 2 0 3 6 0 0 0 0 
0 25 24 14 27 12 6 6 8 10 8 9 5 11 9 5 3 9 12 10 12 13 11 8 26 13 8 8 0 0 0 0 
0 21 13 14 25 12 3 5 6 7 5 4 2 12 5 7 1 4 1 10 3 6 10 1 8 5 4 2 0 0 0 0 
0 14 8 10 24 13 2 5 3 4 1 2 3 9 4 4 6 3 1 6 1 2 5 2 5 6 3 1 0 0 0 0 
0 24 14 17 20 10 7 5 6 8 7 4 2 6 6 4 1 2 4 8 3 4 7 2 4 2 1 0 0 0 0 0 
0 0 1 0 0 1 1 0 0 0 0 0 0 1 0 0 0 0 4 1 3 0 0 0 1 2 2 3 0 0 0 0 
0 7 0 1 0 0 0 0 1 1 0 1 2 1 0 0 1 1 3 5 3 1 4 4 2 12 5 9 0 0 0 0 
0 5 3 1 2 1 1 0 1 0 1 1 2 1 0 2 0 0 3 2 4 1 4 0 1 6 0 13 0 0 0 0 
0 2 6 2 4 3 1 1 1 1 2 3 3 0 3 5 4 1 1 1 0 2 3 2 1 2 0 0 0 0 0 0 
0 0 0 1 0 0 0 0 4 1 0 2 0 2 1 0 0 0 0 0 0 1 0 0 0 1 0 0 0 0 0 0 
0 6 5 7 4 8 3 2 1 5 3 1 2 3 3 1 6 6 0 5 2 1 2 12 2 3 8 0 0 0 0 0 
0 6 4 6 1 8 2 2 1 5 3 1 2 2 3 1 6 3 0 5 2 1 2 9 3 3 6 0 0 0 0 0 
0 6 4 6 1 8 2 2 1 5 3 1 2 2 3 1 6 3 0 5 3 1 2 10 3 3 6 0 0 0 0 0 
0 6 4 6 1 8 2 2 1 5 3 1 2 2 3 1 6 3 0 5 3 1 2 10 3 3 5 0 0 0 0 0 
0 53 41 40 47 26 30 29 28 32 47 37 56 18 33 39 22 42 29 28 35 70 25 38 38 33 35 32 0 0 0 0 
0 7 7 6 4 4 5 3 11 6 10 5 7 2 11 8 8 7 10 6 9 16 16 12 28 26 23 27 0 0 0 0 
0 22 12 5 9 6 2 3 6 3 4 1 4 3 16 4 5 3 6 3 5 11 8 6 14 17 9 13 0 0 0 0 
0 11 13 2 14 5 2 2 6 5 11 4 12 12 13 4 9 10 12 13 11 18 9 6 23 19 21 10 0 0 0 0 
0 9 1 3 4 0 1 0 1 0 0 1 0 0 0 1 0 1 0 0 0 0 2 0 0 1 0 2 0 0 0 0 
0 9 0 2 3 0 1 0 1 0 0 1 0 0 0 1 0 1 0 0 0 0 2 0 1 0 0 1 0 0 0 0 
0 8 11 9 5 6 4 6 14 8 12 9 8 11 8 4 8 5 11 5 19 16 11 16 19 20 14 23 0 0 0 0 
0 7 1 4 4 0 1 0 1 0 0 1 0 0 0 1 0 1 0 0 0 0 2 0 1 1 0 2 0 0 0 0 
0 33 43 23 37 22 29 24 21 24 32 20 19 20 24 20 35 10 18 15 27 25 17 18 27 20 42 14 0 0 0 0 
0 18 27 13 18 5 17 18 18 15 9 17 6 15 19 9 23 11 6 15 28 15 11 8 18 23 15 4 0 0 0 0 
0 16 3 1 16 0 9 11 3 4 2 2 6 8 11 5 3 5 10 6 7 6 2 2 9 6 2 5 0 0 0 0 
0 6 8 12 3 5 6 18 5 7 5 2 1 2 2 0 0 4 5 2 20 9 7 3 9 7 4 5 0 0 0 0 
0 46 33 14 22 16 4 8 13 26 10 11 12 18 11 15 19 8 25 25 24 16 32 34 36 40 42 25 0 0 0 0 
0 7 7 8 9 2 1 2 4 19 1 3 5 4 1 3 5 2 5 0 6 6 5 9 9 8 8 6 0 0 0 0 
0 17 15 1 11 7 8 10 16 7 12 13 6 21 7 8 16 19 18 9 16 18 20 22 24 12 20 21 0 0 0 0 
0 3 2 0 2 0 2 1 3 1 0 2 0 3 0 1 0 3 0 2 4 0 3 4 1 2 2 0 0 0 0 0 
0 8 10 0 3 7 10 7 16 7 4 8 1 21 8 6 11 20 11 9 16 8 10 15 8 12 18 11 0 0 0 0 
0 11 5 7 2 1 2 0 3 2 1 3 3 1 1 0 0 1 1 5 5 2 6 0 2 5 2 7 0 0 0 0 
0 4 2 2 2 1 2 3 1 4 0 2 3 8 4 3 2 1 2 4 1 2 5 1 1 1 2 1 0 0 0 0 
0 1 1 1 4 3 0 3 3 4 5 8 5 9 4 3 12 0 7 9 8 3 6 1 3 3 2 4 0 0 0 0 
0 7 5 9 28 7 19 16 9 12 4 6 12 13 6 5 10 3 4 4 6 8 9 10 10 16 14 6 0 0 0 0 
0 17 14 22 30 11 22 17 12 12 4 10 13 15 12 4 11 4 5 5 7 5 9 5 5 13 11 7 0 0 0 0 
0 2 0 0 2 0 2 1 0 1 0 1 0 0 0 0 0 0 0 0 0 0 1 0 0 1 0 1 0 0 0 0 
0 10 7 4 3 3 1 1 4 2 1 0 5 0 0 1 6 3 0 2 3 7 7 1 2 2 3 0 0 0 0 0 
0 7 6 4 2 2 1 0 5 0 0 0 4 1 2 2 9 1 0 5 7 2 6 1 3 3 7 0 0 0 0 0 
0 64 62 38 68 46 48 53 37 36 48 35 45 24 51 35 63 25 37 18 42 48 29 24 43 47 82 35 0 0 0 0 
0 8 2 0 1 1 1 1 0 0 1 1 4 4 2 1 2 1 0 1 0 3 2 0 5 3 5 6 0 0 0 0 
0 9 2 1 1 1 1 1 0 0 1 2 8 7 2 2 2 2 0 1 1 6 2 1 6 6 5 7 0 0 0 0 
0 9 2 1 1 1 1 1 0 0 2 2 8 7 1 2 2 2 0 1 1 5 2 1 6 6 5 6 0 0 0 0 
0 14 5 9 6 0 8 5 1 1 1 3 1 0 0 3 4 3 1 8 1 11 3 2 0 3 2 2 0 0 0 0 
0 13 4 9 6 2 4 4 2 1 1 3 0 1 1 4 4 2 2 9 1 10 4 2 1 4 3 1 0 0 0 0 
0 15 6 11 7 2 8 5 2 1 0 1 1 1 1 3 3 4 1 9 1 10 3 2 1 4 1 1 0 0 0 0 
0 5 4 5 1 0 2 4 0 2 5 1 2 3 1 2 6 2 2 1 2 0 0 2 0 0 1 2 0 0 0 0 
0 33 17 5 10 3 4 5 9 10 12 5 8 7 3 5 6 6 3 4 3 2 5 2 3 5 2 6 0 0 0 0 
0 28 16 6 8 3 2 6 4 5 14 4 7 7 4 4 5 5 2 4 4 2 3 2 3 3 2 6 0 0 0 0 
0 10 2 5 1 0 0 2 1 1 3 0 1 2 1 1 1 2 2 0 1 4 1 0 0 0 0 0 0 0 0 0 
0 34 30 20 30 18 26 15 23 25 21 48 33 35 36 33 58 34 42 48 44 58 52 61 61 66 47 60 0 0 0 0 
0 3 0 4 0 1 1 0 2 0 0 0 0 2 1 0 1 1 0 4 1 6 1 1 2 2 0 0 0 0 0 0 
0 6 13 7 7 3 12 15 10 5 4 8 6 13 7 3 13 9 5 6 10 9 6 5 11 15 9 4 0 0 0 0 
0 7 11 14 3 7 6 11 3 6 5 2 1 3 3 0 0 4 5 1 25 8 6 4 9 10 4 5 0 0 0 0 
0 8 9 17 3 6 7 18 5 5 5 2 1 3 1 0 0 4 3 2 18 11 6 3 5 8 4 5 0 0 0 0 
0 6 7 9 3 5 6 14 4 5 5 3 1 2 3 0 0 5 3 4 19 7 8 5 6 5 5 5 0 0 0 0 
0 14 18 21 5 9 4 5 6 2 1 5 1 5 8 1 2 2 2 3 6 3 2 0 1 3 4 5 0 0 0 0 
0 4 5 7 4 5 3 1 1 4 3 2 0 0 2 1 1 1 1 4 1 1 3 0 1 5 1 6 0 0 0 0 
0 3 1 7 5 7 4 0 1 4 1 0 0 1 0 4 0 0 0 4 0 0 2 0 0 2 0 0 0 0 0 0 
0 0 1 6 2 1 0 0 5 2 1 0 0 1 0 2 0 0 0 3 1 1 0 4 1 4 0 2 0 0 0 0 
0 4 4 1 0 0 1 0 3 1 1 0 1 9 0 6 0 5 3 3 0 1 9 6 0 7 1 5 0 0 0 0 
0 7 6 5 1 5 3 2 8 6 4 1 3 11 2 10 0 7 6 9 1 1 10 5 3 9 0 7 0 0 0 0 
0 6 6 2 0 1 0 1 4 4 3 1 2 9 1 6 0 8 6 5 0 3 10 6 2 7 1 6 0 0 0 0 
0 4 7 4 1 5 3 2 7 5 4 1 4 7 2 9 0 6 6 8 1 3 12 6 3 9 1 5 0 0 0 0 
0 32 36 8 12 12 11 11 14 22 17 10 9 17 6 17 5 7 6 12 11 9 12 14 8 11 18 20 0 0 0 0 
0 44 38 17 17 18 15 13 13 19 18 16 11 10 10 18 8 5 12 6 7 3 9 7 14 10 9 12 0 0 0 0 
0 22 37 21 23 18 19 17 20 24 17 37 26 38 24 34 37 31 24 33 39 44 43 42 51 45 42 46 0 0 0 0 
0 23 44 22 25 22 20 20 23 26 20 37 26 42 26 40 37 35 24 37 41 48 48 46 54 46 50 46 0 0 0 0 
0 26 38 27 19 20 24 14 27 35 33 23 23 31 31 36 33 23 45 36 28 15 39 42 27 39 40 61 0 0 0 0 
0 20 25 19 13 13 17 13 20 28 24 20 15 23 25 28 24 18 35 25 22 14 32 38 21 32 34 56 0 0 0 0 
0 2 0 0 0 0 1 0 2 0 0 0 0 1 0 1 1 1 6 0 1 2 2 1 1 1 0 0 0 0 0 0 
0 1 0 0 0 0 0 1 0 0 0 1 0 0 0 0 0 0 1 0 0 0 0 0 0 1 0 2 0 0 0 0 
0 1 0 0 0 0 0 1 0 0 0 1 0 0 0 0 0 0 0 0 0 0 0 0 0 1 0 0 0 0 0 0 
0 0 2 0 2 0 0 0 0 0 1 1 0 0 0 0 0 1 0 0 0 1 3 1 0 1 0 0 0 0 0 0 
0 0 2 0 2 0 0 0 0 0 1 1 0 0 0 0 0 1 0 0 0 1 3 1 0 0 0 0 0 0 0 0 
0 0 2 0 2 0 0 0 0 0 1 1 0 0 0 0 0 1 0 0 0 1 4 1 0 1 0 0 0 0 0 0 
0 14 4 9 3 4 1 3 6 5 5 2 6 3 6 6 4 4 7 5 6 5 11 6 6 3 8 1 0 0 0 0 
0 18 9 11 7 9 1 1 5 4 7 2 14 2 7 10 5 5 7 12 12 8 11 16 7 7 15 11 0 0 0 0 
0 7 9 6 4 8 2 1 4 6 3 0 5 3 2 4 7 2 13 11 4 3 9 9 2 0 3 0 0 0 0 0 
0 5 4 6 5 8 1 2 6 4 4 0 5 3 3 5 6 2 12 7 3 2 8 7 2 1 1 0 0 0 0 0 
0 2 0 1 0 0 0 0 1 1 2 0 2 1 0 2 2 0 0 2 2 0 0 0 1 1 1 1 0 0 0 0 
0 18 22 17 16 9 15 16 13 11 11 12 7 15 16 14 13 5 1 8 12 5 8 5 11 6 7 13 0 0 0 0 
0 11 10 3 4 6 11 9 5 7 4 3 6 6 5 7 3 3 0 0 3 5 5 2 9 5 3 3 0 0 0 0 
0 0 0 0 0 0 0 0 0 0 0 0 0 0 0 0 0 0 2 0 0 0 0 0 0 0 0 0 0 0 0 0 
0 0 0 0 0 0 0 0 0 0 0 0 0 0 0 0 0 0 2 0 0 0 0 0 0 0 0 0 0 0 0 0 
0 9 15 7 7 4 14 15 11 7 4 8 12 13 8 4 13 9 6 6 15 10 7 6 8 16 8 7 0 0 0 0 
0 9 15 7 7 4 13 15 11 7 4 8 11 14 8 4 13 9 6 6 14 10 8 6 8 16 8 7 0 0 0 0 
0 32 13 5 8 3 0 4 4 6 17 3 7 5 5 3 7 4 2 3 3 0 5 2 3 5 2 6 0 0 0 0 
0 1 1 1 2 0 1 1 4 0 1 1 0 1 1 1 0 0 1 0 2 3 2 0 1 0 0 1 0 0 0 0 
0 6 5 5 2 2 1 5 5 3 3 3 2 4 2 2 3 0 5 1 2 7 2 3 4 0 1 3 0 0 0 0 
0 3 3 3 2 3 5 6 4 0 0 3 8 3 1 2 2 5 1 2 4 1 1 2 7 2 3 9 0 0 0 0 
0 4 16 8 11 7 7 10 6 6 2 4 6 3 6 7 0 7 6 4 5 2 4 7 1 9 1 2 0 0 0 0 
0 5 16 8 12 7 7 11 6 6 2 4 6 3 6 7 1 7 6 4 5 3 4 7 1 9 1 2 0 0 0 0 
0 24 33 32 23 23 25 25 39 37 40 38 27 38 41 53 37 33 51 39 34 35 59 62 42 68 59 107 0 0 0 0 
0 29 41 38 28 25 31 35 47 48 48 50 40 47 45 59 49 42 73 52 53 31 53 72 53 75 74 129 0 0 0 0 
0 28 38 41 30 30 29 33 52 55 47 55 37 42 53 71 49 45 83 61 49 49 77 92 59 84 85 143 0 0 0 0 
0 0 0 0 0 0 0 0 0 0 0 0 0 0 0 0 0 0 2 0 0 0 0 1 0 6 10 0 0 0 0 0 
0 0 1 0 0 0 0 0 0 0 0 0 0 0 0 0 0 0 1 0 0 0 0 1 1 6 8 0 0 0 0 0 
0 0 1 0 0 0 0 0 0 0 0 0 0 0 0 0 0 0 2 0 0 0 0 0 1 6 8 0 0 0 0 0 
0 9 17 7 9 5 13 12 17 7 3 0 5 7 4 6 5 4 4 6 3 4 4 0 9 4 4 0 0 0 0 0 
0 2 2 4 4 1 2 5 8 4 0 0 3 0 1 1 2 0 0 1 1 3 1 0 0 1 1 0 0 0 0 0 
0 3 4 4 2 0 2 2 3 6 1 2 0 3 4 0 1 3 0 1 1 2 2 2 1 3 6 20 0 0 0 0 
0 0 1 0 6 1 0 0 3 0 0 1 0 3 0 0 0 0 0 0 0 6 0 2 0 2 0 1 0 0 0 0 
0 5 4 4 2 1 2 2 5 7 1 2 0 3 4 0 1 3 0 1 1 2 2 2 1 2 7 19 0 0 0 0 
0 41 36 26 29 19 10 18 14 14 6 5 13 7 6 11 6 4 4 2 5 8 6 4 5 3 2 2 0 0 0 0 
0 50 39 36 38 23 11 13 18 10 8 7 9 9 6 7 2 5 6 5 7 9 11 3 6 4 3 2 0 0 0 0 
0 0 0 0 0 0 0 0 0 0 0 0 0 0 0 0 0 0 0 0 0 0 0 0 0 0 0 0 0 0 0 0 
0 0 0 0 0 0 0 0 0 0 0 0 0 0 0 0 0 0 0 0 0 0 0 0 0 0 0 0 0 0 0 0 
0 0 0 0 0 0 0 0 0 0 0 0 0 0 0 0 0 0 0 0 0 0 0 0 0 0 0 0 0 0 0 0 
0 0 0 0 0 0 0 0 0 0 0 0 0 0 0 0 0 0 0 0 0 0 0 0 0 0 0 0 0 0 0 0 
0 6 2 6 15 4 12 11 4 10 2 3 7 10 5 3 12 2 3 4 7 2 9 5 7 13 9 4 0 0 0 0 
0 2 2 5 3 1 0 0 1 3 1 3 0 2 3 1 4 2 2 3 2 1 5 0 3 1 3 1 0 0 0 0 
