212 184 111 273 66 212 72 154 176 100 117 20 0 0 0 0 0 0 0 0 0 0 0 0 0 0 0 0 0 0 0 0 
75 146 42 55 149 53 125 111 60 161 82 32 0 0 0 0 0 0 0 0 0 0 0 0 0 0 0 0 0 0 0 0 
284 214 379 365 388 317 204 173 137 298 254 11 0 0 0 0 0 0 0 0 0 0 0 0 0 0 0 0 0 0 0 0 
362 242 334 115 220 104 234 109 203 55 126 52 0 0 0 0 0 0 0 0 0 0 0 0 0 0 0 0 0 0 0 0 
73 262 0 173 155 80 94 145 66 221 322 41 0 0 0 0 0 0 0 0 0 0 0 0 0 0 0 0 0 0 0 0 
89 182 147 96 70 94 48 66 55 231 110 28 0 0 0 0 0 0 0 0 0 0 0 0 0 0 0 0 0 0 0 0 
180 243 113 146 122 250 271 208 150 157 323 33 0 0 0 0 0 0 0 0 0 0 0 0 0 0 0 0 0 0 0 0 
397 546 378 252 542 375 366 537 671 485 577 126 0 0 0 0 0 0 0 0 0 0 0 0 0 0 0 0 0 0 0 0 
180 50 53 86 80 169 24 71 159 173 76 4 0 0 0 0 0 0 0 0 0 0 0 0 0 0 0 0 0 0 0 0 
140 140 148 200 105 245 133 265 198 172 91 36 0 0 0 0 0 0 0 0 0 0 0 0 0 0 0 0 0 0 0 0 
143 190 140 189 285 169 70 56 66 206 41 19 0 0 0 0 0 0 0 0 0 0 0 0 0 0 0 0 0 0 0 0 
115 286 180 128 410 395 203 167 135 195 95 36 0 0 0 0 0 0 0 0 0 0 0 0 0 0 0 0 0 0 0 0 
172 138 481 158 173 165 183 121 502 128 310 18 0 0 0 0 0 0 0 0 0 0 0 0 0 0 0 0 0 0 0 0 
114 141 662 472 342 581 888 410 460 406 481 79 0 0 0 0 0 0 0 0 0 0 0 0 0 0 0 0 0 0 0 0 
64 133 74 52 200 112 94 97 170 118 105 0 0 0 0 0 0 0 0 0 0 0 0 0 0 0 0 0 0 0 0 0 
116 171 205 144 107 125 68 70 96 65 396 21 0 0 0 0 0 0 0 0 0 0 0 0 0 0 0 0 0 0 0 0 
328 152 131 135 195 295 158 168 256 193 192 53 0 0 0 0 0 0 0 0 0 0 0 0 0 0 0 0 0 0 0 0 
268 251 67 67 80 84 165 64 198 106 312 0 0 0 0 0 0 0 0 0 0 0 0 0 0 0 0 0 0 0 0 0 
53 259 109 64 47 60 339 165 92 113 193 8 0 0 0 0 0 0 0 0 0 0 0 0 0 0 0 0 0 0 0 0 
369 241 158 243 199 135 196 113 88 131 75 6 0 0 0 0 0 0 0 0 0 0 0 0 0 0 0 0 0 0 0 0 
62 138 98 254 152 166 150 48 169 79 306 49 0 0 0 0 0 0 0 0 0 0 0 0 0 0 0 0 0 0 0 0 
154 61 143 228 51 223 91 136 187 65 64 0 0 0 0 0 0 0 0 0 0 0 0 0 0 0 0 0 0 0 0 0 
534 318 506 281 601 276 375 297 452 108 183 13 0 0 0 0 0 0 0 0 0 0 0 0 0 0 0 0 0 0 0 0 
258 283 174 314 95 243 382 171 323 273 136 43 0 0 0 0 0 0 0 0 0 0 0 0 0 0 0 0 0 0 0 0 
262 145 228 185 152 59 117 45 65 137 73 20 0 0 0 0 0 0 0 0 0 0 0 0 0 0 0 0 0 0 0 0 
283 144 247 507 86 242 374 271 289 125 232 57 0 0 0 0 0 0 0 0 0 0 0 0 0 0 0 0 0 0 0 0 
243 334 282 359 269 467 227 240 239 408 274 7 0 0 0 0 0 0 0 0 0 0 0 0 0 0 0 0 0 0 0 0 
95 162 196 177 196 184 352 200 193 180 223 85 0 0 0 0 0 0 0 0 0 0 0 0 0 0 0 0 0 0 0 0 
187 408 607 310 275 246 234 213 816 276 512 23 0 0 0 0 0 0 0 0 0 0 0 0 0 0 0 0 0 0 0 0 
47 267 186 193 83 93 74 89 99 73 129 0 0 0 0 0 0 0 0 0 0 0 0 0 0 0 0 0 0 0 0 0 
172 735 279 548 341 437 291 316 200 163 516 228 0 0 0 0 0 0 0 0 0 0 0 0 0 0 0 0 0 0 0 0 
286 198 429 294 434 420 380 226 138 491 634 36 0 0 0 0 0 0 0 0 0 0 0 0 0 0 0 0 0 0 0 0 
387 336 183 354 235 163 332 215 238 134 223 96 0 0 0 0 0 0 0 0 0 0 0 0 0 0 0 0 0 0 0 0 
161 217 292 202 318 160 289 267 222 503 33 41 0 0 0 0 0 0 0 0 0 0 0 0 0 0 0 0 0 0 0 0 
153 140 173 51 168 25 91 256 106 134 93 103 0 0 0 0 0 0 0 0 0 0 0 0 0 0 0 0 0 0 0 0 
238 75 371 328 462 374 430 244 431 368 506 116 0 0 0 0 0 0 0 0 0 0 0 0 0 0 0 0 0 0 0 0 
73 133 114 136 261 48 47 135 59 53 136 74 0 0 0 0 0 0 0 0 0 0 0 0 0 0 0 0 0 0 0 0 
95 210 106 209 416 161 357 350 166 309 482 58 0 0 0 0 0 0 0 0 0 0 0 0 0 0 0 0 0 0 0 0 
158 40 153 56 58 69 45 67 314 284 75 40 0 0 0 0 0 0 0 0 0 0 0 0 0 0 0 0 0 0 0 0 
148 63 199 169 207 119 133 240 85 195 112 50 0 0 0 0 0 0 0 0 0 0 0 0 0 0 0 0 0 0 0 0 
117 314 265 199 105 243 135 176 242 111 157 19 0 0 0 0 0 0 0 0 0 0 0 0 0 0 0 0 0 0 0 0 
180 151 60 214 45 247 80 203 111 146 62 27 0 0 0 0 0 0 0 0 0 0 0 0 0 0 0 0 0 0 0 0 
163 300 271 334 276 166 265 176 121 93 270 82 0 0 0 0 0 0 0 0 0 0 0 0 0 0 0 0 0 0 0 0 
201 284 522 316 393 372 497 128 171 534 415 68 0 0 0 0 0 0 0 0 0 0 0 0 0 0 0 0 0 0 0 0 
175 119 190 99 99 70 70 60 186 122 35 116 0 0 0 0 0 0 0 0 0 0 0 0 0 0 0 0 0 0 0 0 
162 154 179 365 190 143 270 163 256 245 130 152 0 0 0 0 0 0 0 0 0 0 0 0 0 0 0 0 0 0 0 0 
53 108 109 182 122 105 191 111 116 38 79 52 0 0 0 0 0 0 0 0 0 0 0 0 0 0 0 0 0 0 0 0 
183 58 101 153 165 296 130 50 187 142 260 42 0 0 0 0 0 0 0 0 0 0 0 0 0 0 0 0 0 0 0 0 
45 144 370 172 203 83 184 199 138 410 627 42 0 0 0 0 0 0 0 0 0 0 0 0 0 0 0 0 0 0 0 0 
46 148 215 252 138 346 109 149 175 82 124 69 0 0 0 0 0 0 0 0 0 0 0 0 0 0 0 0 0 0 0 0 
113 164 114 256 127 225 127 105 63 131 165 21 0 0 0 0 0 0 0 0 0 0 0 0 0 0 0 0 0 0 0 0 
295 140 449 171 264 92 155 184 359 102 289 42 0 0 0 0 0 0 0 0 0 0 0 0 0 0 0 0 0 0 0 0 
248 240 304 266 308 140 133 341 186 188 396 78 0 0 0 0 0 0 0 0 0 0 0 0 0 0 0 0 0 0 0 0 
135 75 195 195 88 280 168 216 430 76 74 68 0 0 0 0 0 0 0 0 0 0 0 0 0 0 0 0 0 0 0 0 
365 158 391 380 218 339 143 155 195 325 152 122 0 0 0 0 0 0 0 0 0 0 0 0 0 0 0 0 0 0 0 0 
150 381 152 270 95 145 110 298 139 81 383 69 0 0 0 0 0 0 0 0 0 0 0 0 0 0 0 0 0 0 0 0 
102 98 109 90 260 144 229 29 208 126 368 7 0 0 0 0 0 0 0 0 0 0 0 0 0 0 0 0 0 0 0 0 
109 317 123 386 223 284 131 171 196 147 146 7 0 0 0 0 0 0 0 0 0 0 0 0 0 0 0 0 0 0 0 0 
134 173 199 60 142 130 106 92 154 105 108 32 0 0 0 0 0 0 0 0 0 0 0 0 0 0 0 0 0 0 0 0 
90 26 144 250 153 133 167 138 100 108 215 15 0 0 0 0 0 0 0 0 0 0 0 0 0 0 0 0 0 0 0 0 
105 382 408 255 108 236 201 307 127 252 323 75 0 0 0 0 0 0 0 0 0 0 0 0 0 0 0 0 0 0 0 0 
61 49 8 150 40 31 10 47 128 152 48 5 0 0 0 0 0 0 0 0 0 0 0 0 0 0 0 0 0 0 0 0 
