372 153 223 230 282 210 223 203 205 228 227 100 0 0 0 0 0 0 0 0 0 0 0 0 0 0 0 0 0 0 0 0 
579 383 427 367 478 416 388 398 369 393 431 123 0 0 0 0 0 0 0 0 0 0 0 0 0 0 0 0 0 0 0 0 
357 279 202 264 239 191 253 202 208 195 246 66 0 0 0 0 0 0 0 0 0 0 0 0 0 0 0 0 0 0 0 0 
785 589 567 581 532 529 635 508 628 532 589 166 0 0 0 0 0 0 0 0 0 0 0 0 0 0 0 0 0 0 0 0 
422 242 234 275 253 273 273 226 256 232 246 66 0 0 0 0 0 0 0 0 0 0 0 0 0 0 0 0 0 0 0 0 
413 288 271 299 381 331 286 287 259 256 278 98 0 0 0 0 0 0 0 0 0 0 0 0 0 0 0 0 0 0 0 0 
722 502 569 610 689 519 650 497 509 531 522 121 0 0 0 0 0 0 0 0 0 0 0 0 0 0 0 0 0 0 0 0 
345 167 210 208 203 227 215 201 185 169 207 61 0 0 0 0 0 0 0 0 0 0 0 0 0 0 0 0 0 0 0 0 
538 317 318 296 336 329 297 337 351 263 310 80 0 0 0 0 0 0 0 0 0 0 0 0 0 0 0 0 0 0 0 0 
486 349 293 331 253 295 297 262 269 261 261 99 0 0 0 0 0 0 0 0 0 0 0 0 0 0 0 0 0 0 0 0 
489 241 203 250 234 246 273 220 236 216 269 51 0 0 0 0 0 0 0 0 0 0 0 0 0 0 0 0 0 0 0 0 
757 556 510 452 508 506 530 487 500 408 446 138 0 0 0 0 0 0 0 0 0 0 0 0 0 0 0 0 0 0 0 0 
566 337 323 372 319 315 363 337 294 352 325 110 0 0 0 0 0 0 0 0 0 0 0 0 0 0 0 0 0 0 0 0 
701 347 379 446 501 362 442 410 419 449 416 134 0 0 0 0 0 0 0 0 0 0 0 0 0 0 0 0 0 0 0 0 
548 337 382 393 383 323 405 336 396 316 387 119 0 0 0 0 0 0 0 0 0 0 0 0 0 0 0 0 0 0 0 0 
880 631 615 557 696 597 623 591 520 590 601 169 0 0 0 0 0 0 0 0 0 0 0 0 0 0 0 0 0 0 0 0 
674 478 422 454 441 462 447 414 471 431 401 133 0 0 0 0 0 0 0 0 0 0 0 0 0 0 0 0 0 0 0 0 
648 398 417 400 437 481 424 445 406 428 436 158 0 0 0 0 0 0 0 0 0 0 0 0 0 0 0 0 0 0 0 0 
521 197 285 307 475 320 426 345 245 392 417 114 0 0 0 0 0 0 0 0 0 0 0 0 0 0 0 0 0 0 0 0 
383 197 223 238 277 209 227 268 195 265 230 75 0 0 0 0 0 0 0 0 0 0 0 0 0 0 0 0 0 0 0 0 
472 336 338 278 265 303 312 273 290 274 292 63 0 0 0 0 0 0 0 0 0 0 0 0 0 0 0 0 0 0 0 0 
600 409 460 413 553 479 510 430 361 503 456 171 0 0 0 0 0 0 0 0 0 0 0 0 0 0 0 0 0 0 0 0 
490 281 340 322 249 281 327 280 320 285 257 99 0 0 0 0 0 0 0 0 0 0 0 0 0 0 0 0 0 0 0 0 
387 233 234 267 273 269 309 222 207 250 181 89 0 0 0 0 0 0 0 0 0 0 0 0 0 0 0 0 0 0 0 0 
456 255 335 359 375 270 306 292 318 257 325 106 0 0 0 0 0 0 0 0 0 0 0 0 0 0 0 0 0 0 0 0 
449 296 323 283 364 296 336 280 289 292 320 106 0 0 0 0 0 0 0 0 0 0 0 0 0 0 0 0 0 0 0 0 
617 341 333 422 331 315 326 364 370 322 337 112 0 0 0 0 0 0 0 0 0 0 0 0 0 0 0 0 0 0 0 0 
647 343 403 345 436 383 354 343 365 365 331 140 0 0 0 0 0 0 0 0 0 0 0 0 0 0 0 0 0 0 0 0 
432 317 302 333 351 351 309 295 326 339 291 111 0 0 0 0 0 0 0 0 0 0 0 0 0 0 0 0 0 0 0 0 
386 241 217 259 256 212 217 208 212 223 234 75 0 0 0 0 0 0 0 0 0 0 0 0 0 0 0 0 0 0 0 0 
379 237 259 266 255 249 239 286 256 245 235 42 0 0 0 0 0 0 0 0 0 0 0 0 0 0 0 0 0 0 0 0 
