220 91 0 0 0 0 0 0 0 0 0 0 0 0 0 0 0 0 0 0 0 0 0 0 945 0 0 0 0 0 0 0 
606 623 50 1 81 0 0 0 0 0 0 0 0 0 0 0 0 0 0 0 0 0 0 0 788 0 0 0 0 0 0 0 
763 797 97 8 14 0 0 0 0 0 0 0 4 0 0 0 0 0 31 0 0 130 0 0 577 0 0 0 0 0 0 0 
735 932 116 25 0 0 0 0 0 0 0 0 0 0 0 0 0 0 12 8 32 251 57 0 434 0 0 0 0 0 0 0 
627 739 228 11 0 0 0 0 0 0 0 0 0 0 0 0 0 0 0 0 190 206 157 0 301 0 0 0 0 0 0 0 
484 842 80 1 0 0 0 0 0 0 0 0 0 0 0 0 0 0 33 0 0 343 93 0 61 0 0 0 0 0 0 0 
710 800 439 55 16 0 0 0 0 0 0 0 0 0 0 0 0 0 263 24 21 309 49 0 71 0 0 0 0 0 0 0 
711 945 167 130 1 0 0 35 0 0 0 0 0 0 12 25 28 0 15 0 0 522 14 0 38 0 0 0 0 0 0 0 
857 842 349 28 150 1 0 7 0 0 0 0 29 0 0 12 33 0 101 3 1 301 8 0 172 0 0 0 0 0 0 0 
816 906 405 143 88 45 0 0 0 0 50 20 14 0 0 57 0 0 75 1 0 413 1 0 110 0 0 0 0 0 0 0 
887 914 481 20 107 0 0 0 0 0 0 0 0 0 0 0 0 0 0 0 3 511 0 0 109 0 0 0 0 0 0 0 
897 630 735 171 6 35 0 0 0 0 51 0 0 0 0 57 0 0 0 0 49 488 0 0 7 0 0 0 0 0 0 0 
819 700 775 13 3 0 0 0 0 0 0 0 0 0 0 0 0 0 0 5 243 388 41 0 38 0 0 0 0 0 0 0 
624 819 501 0 0 0 0 0 0 0 0 0 0 0 0 0 0 0 1 33 301 14 1 0 22 0 0 0 0 0 0 0 
745 702 628 37 3 0 0 0 0 0 0 0 0 0 0 0 0 0 0 0 368 110 0 0 52 0 0 0 0 0 0 0 
966 672 504 117 82 42 0 0 0 0 0 0 54 0 0 0 0 0 1 2 175 24 7 0 662 0 0 0 0 0 0 0 
370 594 502 0 0 0 0 0 0 0 0 0 0 0 0 0 0 0 5 6 232 89 2 0 19 0 0 0 0 0 0 0 
698 750 650 21 0 0 0 0 0 0 0 0 0 0 0 0 0 0 16 44 209 217 2 0 14 0 0 0 0 0 0 0 
803 747 712 69 0 0 0 0 0 0 0 0 0 0 0 0 0 0 17 71 130 278 5 0 19 0 0 0 0 0 0 0 
819 915 590 232 6 0 0 0 0 0 0 0 0 0 0 4 0 0 72 65 40 243 11 0 18 0 0 0 0 0 0 0 
666 892 430 250 15 0 0 0 0 0 0 0 0 0 0 2 0 0 68 47 25 258 16 0 40 0 0 0 0 0 0 0 
592 906 485 20 20 0 0 2 0 0 0 0 0 0 0 1 3 0 178 62 8 19 8 0 34 0 0 0 0 0 0 0 
772 896 705 0 13 0 0 0 0 0 0 0 1 0 0 0 0 0 415 21 1 11 9 0 8 0 0 0 0 0 0 0 
602 701 556 54 30 0 0 0 0 0 0 0 1 0 0 0 0 0 215 0 0 81 3 0 11 0 0 0 0 0 0 0 
668 732 607 66 25 1 0 0 0 0 1 1 0 0 0 2 0 0 260 0 0 74 12 0 10 0 0 0 0 0 0 0 
573 482 518 2 0 0 0 0 0 0 0 0 0 0 0 0 0 0 362 0 0 23 0 0 271 0 0 0 0 0 0 0 
687 798 655 16 0 0 0 0 0 0 0 0 0 0 0 0 0 0 388 0 0 23 0 0 0 0 0 0 0 0 0 0 
689 851 542 39 0 0 0 0 0 0 0 0 0 0 0 0 0 0 302 0 0 39 0 0 0 0 0 0 0 0 0 0 
865 731 856 266 0 1 0 0 0 0 1 0 0 0 0 11 0 0 272 7 1 222 0 0 1 0 0 0 0 0 0 0 
715 620 806 224 0 0 0 0 0 0 0 0 0 0 0 5 2 0 311 0 2 273 0 0 3 0 0 0 0 0 0 0 
592 720 611 29 5 0 0 0 0 0 0 0 0 0 0 0 2 0 344 9 0 74 0 0 13 0 0 0 0 0 0 0 
