0 324 297 224 295 174 154 181 157 247 190 221 153 181 241 291 196 197 298 263 261 360 338 257 380 331 342 382 0 0 0 0 
0 353 373 332 366 255 240 263 278 316 311 304 225 268 315 372 263 293 360 342 373 516 448 364 532 469 477 498 0 0 0 0 
0 354 403 359 369 319 349 336 317 307 342 300 210 283 302 285 413 324 267 342 388 360 367 287 391 438 333 315 0 0 0 0 
0 368 526 419 379 342 386 379 315 363 383 317 292 295 357 344 458 297 320 299 393 386 387 387 502 507 477 347 0 0 0 0 
0 323 458 329 278 251 220 193 253 293 260 179 209 243 249 299 293 198 265 257 302 296 355 383 384 465 381 356 0 0 0 0 
0 152 107 103 95 69 77 70 79 74 89 98 58 63 107 101 61 81 86 91 78 141 116 97 96 108 84 211 0 0 0 0 
0 337 362 267 278 220 250 210 262 277 250 312 257 285 296 294 409 246 318 358 379 397 389 412 452 494 423 397 0 0 0 0 
0 247 227 150 117 134 118 124 97 172 124 134 102 144 126 134 131 79 123 133 102 125 205 131 167 171 149 271 0 0 0 0 
0 413 433 273 254 234 220 249 240 315 270 245 190 276 262 248 291 216 268 291 354 338 348 282 305 364 324 302 0 0 0 0 
0 258 272 184 184 151 138 143 137 169 137 175 124 151 176 130 154 132 139 152 156 175 175 127 140 144 121 177 0 0 0 0 
0 308 380 287 317 229 255 279 248 315 262 272 186 269 272 281 306 241 243 277 309 342 345 242 330 374 336 304 0 0 0 0 
0 260 330 301 224 223 253 227 225 254 237 209 157 233 247 202 298 198 222 224 288 267 260 236 339 359 305 262 0 0 0 0 
0 159 133 134 96 95 96 84 76 82 60 123 68 110 109 90 103 101 87 127 96 158 111 145 115 137 141 124 0 0 0 0 
0 299 308 186 171 146 158 162 225 224 214 188 167 199 216 256 226 157 251 242 258 228 329 285 285 340 357 440 0 0 0 0 
0 486 507 347 319 292 244 254 260 310 227 209 205 231 226 229 235 186 207 238 237 268 274 250 268 309 261 214 0 0 0 0 
0 157 177 172 124 121 98 112 101 130 125 119 99 164 130 133 145 116 129 135 119 142 157 191 180 233 222 169 0 0 0 0 
0 243 268 185 177 129 145 153 182 200 226 179 196 188 210 211 216 183 252 229 238 238 211 269 248 299 265 343 0 0 0 0 
0 324 373 334 289 210 252 212 260 277 347 310 330 290 331 343 267 292 351 291 299 433 340 355 340 391 360 434 0 0 0 0 
0 376 360 324 290 209 273 182 249 288 381 341 405 253 297 363 207 298 364 253 316 482 345 374 312 394 334 376 0 0 0 0 
0 420 319 436 394 319 295 275 270 279 314 275 220 236 324 255 308 293 302 242 330 347 334 220 362 398 383 299 0 0 0 0 
0 404 497 340 347 268 285 270 221 289 269 268 200 244 340 224 305 201 230 224 282 338 260 232 281 295 320 245 0 0 0 0 
0 214 183 162 130 88 129 89 95 108 111 94 82 139 107 74 109 90 136 100 152 174 168 142 166 186 155 194 0 0 0 0 
0 204 252 257 239 148 185 150 160 213 165 183 147 226 165 187 199 163 251 179 216 260 231 281 301 302 295 229 0 0 0 0 
0 168 154 100 150 110 87 89 109 113 103 133 99 132 104 132 164 109 127 180 172 178 175 190 188 193 204 168 0 0 0 0 
0 234 201 209 168 139 142 112 159 155 189 158 168 149 172 200 144 155 205 162 185 213 193 209 170 245 188 252 0 0 0 0 
0 103 109 111 113 68 103 122 44 79 45 85 75 94 84 83 135 66 112 67 87 102 89 125 102 110 101 86 0 0 0 0 
0 109 149 102 111 52 95 84 73 111 60 94 63 95 53 64 110 76 84 111 109 127 122 105 96 120 93 131 0 0 0 0 
0 110 70 64 115 52 59 102 77 64 71 81 54 83 72 61 101 67 104 76 51 104 92 108 91 123 100 89 0 0 0 0 
0 115 150 104 117 74 101 86 69 65 59 150 62 102 68 103 107 89 94 84 102 140 114 132 95 119 105 94 0 0 0 0 
0 125 91 87 105 64 87 113 84 56 39 100 61 92 70 98 87 59 58 56 89 100 111 72 76 116 89 86 0 0 0 0 
0 213 197 165 220 152 153 180 146 188 145 212 157 206 215 182 271 206 199 222 242 254 230 228 282 268 221 254 0 0 0 0 
0 214 176 113 144 83 71 66 70 63 60 79 36 41 76 43 50 39 50 66 79 74 64 22 53 46 70 66 0 0 0 0 
0 258 257 211 203 166 153 162 212 207 185 249 161 201 230 264 251 186 302 261 252 258 271 336 295 321 343 443 0 0 0 0 
0 439 500 350 319 270 298 220 309 358 467 340 418 355 379 430 297 347 444 380 379 453 424 480 421 467 442 506 0 0 0 0 
0 367 348 230 406 268 246 264 225 220 284 240 235 159 296 209 323 201 222 140 291 267 221 158 269 255 380 246 0 0 0 0 
0 261 200 168 213 111 202 156 124 126 151 168 141 183 212 138 188 139 189 136 204 266 221 170 248 238 247 231 0 0 0 0 
0 130 80 61 101 48 65 62 65 87 54 86 64 114 53 55 80 45 79 67 79 68 104 98 81 119 104 74 0 0 0 0 
0 130 111 81 105 84 100 75 65 84 84 76 95 91 99 66 114 66 63 64 88 114 77 64 108 113 127 93 0 0 0 0 
0 144 88 50 95 33 34 46 46 70 82 51 43 52 49 46 93 53 86 82 90 94 73 50 96 103 93 75 0 0 0 0 
0 96 72 81 124 67 84 121 55 87 44 109 77 87 81 89 137 96 108 73 93 144 143 159 122 158 118 126 0 0 0 0 
0 171 166 134 126 84 87 113 94 97 87 113 74 112 122 103 114 93 92 90 147 134 127 98 141 122 111 136 0 0 0 0 
0 200 240 157 126 115 113 100 126 165 183 155 149 150 148 186 132 147 178 162 162 190 168 187 189 191 192 213 0 0 0 0 
0 200 198 132 184 130 154 123 82 107 126 107 126 104 158 113 156 88 121 87 142 137 136 130 140 154 233 126 0 0 0 0 
0 119 96 70 78 54 65 71 52 73 60 41 42 50 55 41 61 39 67 40 42 59 50 57 47 66 59 40 0 0 0 0 
0 132 132 107 151 103 94 144 118 89 100 95 63 106 88 93 122 82 104 73 97 151 105 82 118 86 123 106 0 0 0 0 
0 90 81 75 54 52 51 52 64 80 75 54 33 65 70 69 65 62 92 52 52 76 93 81 87 122 121 121 0 0 0 0 
0 123 171 148 78 94 94 115 146 120 81 112 74 108 135 133 106 109 133 121 140 137 171 156 155 196 185 289 0 0 0 0 
0 286 248 171 160 127 99 77 100 138 85 104 61 98 98 91 96 53 98 101 102 92 116 91 88 112 110 114 0 0 0 0 
0 153 193 134 106 92 93 104 108 131 156 139 127 140 132 176 107 141 155 137 152 190 176 167 178 180 191 197 0 0 0 0 
3 246 291 246 218 208 160 175 146 203 161 137 133 161 203 161 180 155 159 135 165 208 166 154 186 220 215 175 0 0 0 0 
0 180 117 84 119 93 82 66 99 101 87 80 62 115 82 60 111 85 96 80 113 127 99 113 142 182 142 119 0 0 0 0 
0 211 209 83 169 135 119 99 133 137 125 152 78 255 139 125 189 207 274 117 183 193 167 232 229 164 249 210 0 0 0 0 
0 90 89 53 100 86 55 61 121 52 83 41 55 50 73 101 72 47 81 84 68 38 108 118 73 102 144 118 0 0 0 0 
0 43 48 23 83 33 44 47 50 21 45 71 25 53 35 27 50 29 68 24 35 38 33 58 55 40 48 51 0 0 0 0 
0 60 63 42 117 65 87 91 30 39 26 65 43 60 47 77 84 39 73 34 27 90 63 122 57 76 84 77 0 0 0 0 
0 213 148 101 165 83 47 52 52 54 43 59 30 68 62 43 25 37 44 69 68 60 53 25 58 57 48 57 0 0 0 0 
0 203 179 135 156 109 102 94 116 115 139 105 123 92 140 100 138 107 93 106 144 178 114 147 181 175 184 128 0 0 0 0 
0 226 180 123 207 111 137 151 134 144 97 106 121 148 120 91 167 99 130 105 172 140 157 132 165 178 219 134 0 0 0 0 
0 208 130 123 88 53 89 107 66 67 80 85 82 97 67 63 107 86 71 103 132 152 104 93 119 140 95 116 0 0 0 0 
0 212 266 167 127 136 125 100 154 182 147 154 121 205 137 213 148 149 177 188 159 148 233 217 187 231 201 279 0 0 0 0 
0 126 107 72 67 55 58 67 66 58 64 42 75 65 60 59 73 46 58 60 74 51 82 62 57 63 56 49 0 0 0 0 
0 119 183 155 133 105 125 147 199 179 148 163 134 157 168 209 150 149 235 172 160 148 211 253 181 277 268 436 0 0 0 0 
