total_cycles
graph: mtx/gearbox/ca-hollywood-2009.mtx
map: SameBank
gap: 16  normal: 36370397842 22646603896 30999293430 90016295168 0.4040424 0.2515834 0.34437427 my: 36027194728 22646603896 9857356850 68531155474 0.52570534 0.33045706 0.1438376 


gap: 32  normal: 36370397842 22646603896 30999293430 90016295168 0.4040424 0.2515834 0.34437427 my: 36051756483 22646603896 11171650962 69870011341 0.5159832 0.3241248 0.15989193 


gap: 64  normal: 36370397842 22646603896 30999293430 90016295168 0.4040424 0.2515834 0.34437427 my: 36083212559 22646603896 12993909053 71723725508 0.5030861 0.3157477 0.18116611 


map_end: SameBank


map: SameBankWeightedMapping
gap: 16  normal: 8981340396 3133879022 20014956570 32130175988 0.27952975 0.097536944 0.6229333 my: 8373498463 3133879022 6240997578 17748375063 0.47178957 0.17657273 0.35163766 


gap: 32  normal: 8981340396 3133879022 20014956570 32130175988 0.27952975 0.097536944 0.6229333 my: 8423560971 3133879022 7195280897 18752720890 0.44919142 0.16711597 0.38369262 


gap: 64  normal: 8981340396 3133879022 20014956570 32130175988 0.27952975 0.097536944 0.6229333 my: 8460699974 3133879022 8494645237 20089224233 0.4211561 0.155998 0.42284584 


map_end: SameBankWeightedMapping


graph_end: mtx/gearbox/ca-hollywood-2009.mtx
graph: mtx/gearbox/road_usa.mtx
map: SameBank
gap: 16  normal: 3319283636 91181352 3677169818 7087634806 0.46832037 0.012864849 0.5188148 my: 493516590 91181352 646385698 1231083640 0.4008798 0.07406592 0.5250543 


gap: 32  normal: 3319283636 91181352 3677169818 7087634806 0.46832037 0.012864849 0.5188148 my: 616516230 91181352 753115291 1460812873 0.4220364 0.062418226 0.5155453 


gap: 64  normal: 3319283636 91181352 3677169818 7087634806 0.46832037 0.012864849 0.5188148 my: 853418962 91181352 970891186 1915491500 0.44553524 0.047602065 0.5068627 


map_end: SameBank


map: SameBankWeightedMapping
gap: 16  normal: 3264391648 66535177 3937429618 7268356443 0.44912377 0.009154088 0.5417221 my: 471774327 66535177 727788032 1266097536 0.37262085 0.05255138 0.5748278 


gap: 32  normal: 3264391648 66535177 3937429618 7268356443 0.44912377 0.009154088 0.5417221 my: 581343237 66535177 856457274 1504335688 0.38644513 0.04422894 0.56932586 


gap: 64  normal: 3264391648 66535177 3937429618 7268356443 0.44912377 0.009154088 0.5417221 my: 808121010 66535177 1110076375 1984732562 0.40716872 0.033523496 0.5593078 


map_end: SameBankWeightedMapping


graph_end: mtx/gearbox/road_usa.mtx
graph: mtx/gearbox/soc-orkut.mtx
map: SameBank
gap: 16  normal: 14254667329 3288012636 25434731974 42977411939 0.33167815 0.0765056 0.5918163 my: 9995537495 3288012636 5660537527 18944087658 0.5276336 0.17356405 0.29880232 


gap: 32  normal: 14254667329 3288012636 25434731974 42977411939 0.33167815 0.0765056 0.5918163 my: 10314951193 3288012636 6743163243 20346127072 0.50697374 0.16160385 0.33142248 


gap: 64  normal: 14254667329 3288012636 25434731974 42977411939 0.33167815 0.0765056 0.5918163 my: 10685467989 3288012636 8492456681 22465937306 0.47562972 0.14635545 0.37801477 


map_end: SameBank


map: SameBankWeightedMapping
gap: 16  normal: 13006144918 1702916958 31742509986 46451571862 0.27999362 0.03666005 0.6833463 my: 8519592534 1702916958 7010485613 17232995105 0.49437678 0.098817244 0.40680602 


gap: 32  normal: 13006144918 1702916958 31742509986 46451571862 0.27999362 0.03666005 0.6833463 my: 8898256049 1702916958 8507612586 19108785593 0.46566308 0.08911696 0.44521993 


gap: 64  normal: 13006144918 1702916958 31742509986 46451571862 0.27999362 0.03666005 0.6833463 my: 9368127142 1702916958 11055492858 22126536958 0.42338878 0.07696266 0.4996486 


map_end: SameBankWeightedMapping


graph_end: mtx/gearbox/soc-orkut.mtx
graph: mtx/outerspace/2cubes_sphere/2cubes_sphere.mtx
map: SameBank
gap: 16  normal: 33092236 9359225 14991712 57443173 0.5760865 0.16293016 0.26098335 my: 14752598 9359225 11545307 35657130 0.41373488 0.26247838 0.3237868 


gap: 32  normal: 33092236 9359225 14991712 57443173 0.5760865 0.16293016 0.26098335 my: 15457381 9359225 13046711 37863317 0.4082416 0.2471845 0.34457392 


gap: 64  normal: 33092236 9359225 14991712 57443173 0.5760865 0.16293016 0.26098335 my: 16184439 9359225 13730311 39273975 0.41209066 0.23830602 0.3496033 


map_end: SameBank


map: SameBankWeightedMapping
gap: 16  normal: 26001128 2856208 6950164 35807500 0.7261364 0.07976563 0.194098 my: 9356007 2856208 8177820 20390035 0.4588519 0.14007862 0.40106943 


gap: 32  normal: 26001128 2856208 6950164 35807500 0.7261364 0.07976563 0.194098 my: 9712181 2856208 8256388 20824777 0.46637625 0.13715433 0.39646947 


gap: 64  normal: 26001128 2856208 6950164 35807500 0.7261364 0.07976563 0.194098 my: 10678693 2856208 8266996 21801897 0.4898057 0.13100733 0.37918702 


map_end: SameBankWeightedMapping


graph_end: mtx/outerspace/2cubes_sphere/2cubes_sphere.mtx
graph: mtx/outerspace/cage12/cage12.mtx
map: SameBank
gap: 16  normal: 44516441 5804749 19993856 70315046 0.63309973 0.08255344 0.28434676 my: 17859607 5804749 15280964 38945320 0.45858163 0.14904869 0.39236972 


gap: 32  normal: 44516441 5804749 19993856 70315046 0.63309973 0.08255344 0.28434676 my: 18824493 5804749 17016454 41645696 0.4520153 0.13938412 0.40860054 


gap: 64  normal: 44516441 5804749 19993856 70315046 0.63309973 0.08255344 0.28434676 my: 20562168 5804749 18437964 44804881 0.45892698 0.12955618 0.41151688 


map_end: SameBank


map: SameBankWeightedMapping
gap: 16  normal: 32838582 2785096 9671128 45294806 0.7249966 0.061488196 0.21351516 my: 11104141 2785096 10566845 24456082 0.45404416 0.11388153 0.4320743 


gap: 32  normal: 32838582 2785096 9671128 45294806 0.7249966 0.061488196 0.21351516 my: 11627733 2785096 10621802 25034631 0.46446592 0.11124973 0.42428434 


gap: 64  normal: 32838582 2785096 9671128 45294806 0.7249966 0.061488196 0.21351516 my: 13020927 2785096 10772635 26578658 0.4899016 0.10478693 0.40531147 


map_end: SameBankWeightedMapping


graph_end: mtx/outerspace/cage12/cage12.mtx
graph: mtx/outerspace/cop20k_A/cop20k_A.mtx
map: SameBank
gap: 16  normal: 40019312 12323822 45372496 97715630 0.40954873 0.12611924 0.464332 my: 27005575 12323822 18440729 57770126 0.4674661 0.21332516 0.3192087 


gap: 32  normal: 40019312 12323822 45372496 97715630 0.40954873 0.12611924 0.464332 my: 27210822 12323822 18867588 58402232 0.46592093 0.21101628 0.32306278 


gap: 64  normal: 40019312 12323822 45372496 97715630 0.40954873 0.12611924 0.464332 my: 27622989 12323822 31462081 71408892 0.3868284 0.17258105 0.44059047 


map_end: SameBank


map: SameBankWeightedMapping
gap: 16  normal: 37897872 9514416 54168096 101580384 0.37308258 0.09366391 0.5332535 my: 23526432 9514416 17988654 51029502 0.46103588 0.18644932 0.35251477 


gap: 32  normal: 37897872 9514416 54168096 101580384 0.37308258 0.09366391 0.5332535 my: 23659683 9514416 18209183 51383282 0.4604549 0.1851656 0.35437956 


gap: 64  normal: 37897872 9514416 54168096 101580384 0.37308258 0.09366391 0.5332535 my: 24077687 9514416 35087433 68679536 0.35058025 0.13853349 0.51088625 


map_end: SameBankWeightedMapping


graph_end: mtx/outerspace/cop20k_A/cop20k_A.mtx
graph: mtx/outerspace/email-Enron/email-Enron.mtx
map: SameBank
gap: 16  normal: 33299572 2648765 2806968 38755305 0.85922617 0.06834587 0.07242797 my: 32931432 2648765 2721597 38301794 0.8597883 0.06915512 0.07105665 


gap: 32  normal: 33299572 2648765 2806968 38755305 0.85922617 0.06834587 0.07242797 my: 32956031 2648765 2721597 38326393 0.8598783 0.06911073 0.071011044 


gap: 64  normal: 33299572 2648765 2806968 38755305 0.85922617 0.06834587 0.07242797 my: 32990516 2648765 2721597 38360878 0.8600041 0.0690486 0.0709472 


map_end: SameBank


map: SameBankWeightedMapping
gap: 16  normal: 33757985 2020290 2413892 38192167 0.8838981 0.05289802 0.06320385 my: 33346396 2020290 2450696 37817382 0.88177425 0.053422257 0.06480342 


gap: 32  normal: 33757985 2020290 2413892 38192167 0.8838981 0.05289802 0.06320385 my: 33377167 2020290 2450696 37848153 0.8818705 0.053378828 0.064750746 


gap: 64  normal: 33757985 2020290 2413892 38192167 0.8838981 0.05289802 0.06320385 my: 33430409 2020290 2450696 37901395 0.8820363 0.05330384 0.06465978 


map_end: SameBankWeightedMapping


graph_end: mtx/outerspace/email-Enron/email-Enron.mtx
graph: mtx/outerspace/filter3D/filter3D.mtx
map: SameBank
gap: 16  normal: 47301551 12598229 38209620 98109400 0.48213068 0.12841001 0.3894593 my: 32698721 12598229 21397385 66694335 0.49027732 0.18889503 0.3208276 


gap: 32  normal: 47301551 12598229 38209620 98109400 0.48213068 0.12841001 0.3894593 my: 33080985 12598229 23707818 69387032 0.47676033 0.1815646 0.34167504 


gap: 64  normal: 47301551 12598229 38209620 98109400 0.48213068 0.12841001 0.3894593 my: 33655342 12598229 29177649 75431220 0.44617262 0.16701612 0.38681132 


map_end: SameBank


map: SameBankWeightedMapping
gap: 16  normal: 44145984 3942693 12705088 60793765 0.72615975 0.06485358 0.2089867 my: 29875097 3942693 13939189 47756979 0.625565 0.08255742 0.2918775 


gap: 32  normal: 44145984 3942693 12705088 60793765 0.72615975 0.06485358 0.2089867 my: 29881299 3942693 14520156 48344148 0.6180955 0.08155471 0.30034983 


gap: 64  normal: 44145984 3942693 12705088 60793765 0.72615975 0.06485358 0.2089867 my: 29888973 3942693 14634361 48466027 0.61669946 0.08134962 0.3019509 


map_end: SameBankWeightedMapping


graph_end: mtx/outerspace/filter3D/filter3D.mtx
graph: mtx/outerspace/filter3D/filter3D_E.mtx
map: SameBank
gap: 16  normal: 47300466 12597825 38208884 98107175 0.48213053 0.1284088 0.38946065 my: 32697581 12597825 21396786 66692192 0.49027598 0.18889505 0.32082894 


gap: 32  normal: 47300466 12597825 38208884 98107175 0.48213053 0.1284088 0.38946065 my: 33079981 12597825 23706975 69384781 0.4767613 0.18156466 0.341674 


gap: 64  normal: 47300466 12597825 38208884 98107175 0.48213053 0.1284088 0.38946065 my: 33654328 12597825 29176888 75429041 0.44617203 0.16701558 0.3868124 


map_end: SameBank


map: SameBankWeightedMapping
gap: 16  normal: 44052980 3972496 12651320 60676796 0.7260268 0.06546977 0.20850343 my: 29890014 3972496 13949612 47812122 0.62515557 0.083085544 0.2917589 


gap: 32  normal: 44052980 3972496 12651320 60676796 0.7260268 0.06546977 0.20850343 my: 29896254 3972496 14518618 48387368 0.61785245 0.08209779 0.30004975 


gap: 64  normal: 44052980 3972496 12651320 60676796 0.7260268 0.06546977 0.20850343 my: 29908581 3972496 14620985 48502062 0.6166455 0.08190365 0.3014508 


map_end: SameBankWeightedMapping


graph_end: mtx/outerspace/filter3D/filter3D_E.mtx
graph: mtx/outerspace/mario002/mario002.mtx
map: SameBank
gap: 16  normal: 69029704 4794733 33899552 107723989 0.64080155 0.044509426 0.31468898 my: 14367616 4794733 12685311 31847660 0.4511357 0.15055212 0.39831218 


gap: 32  normal: 69029704 4794733 33899552 107723989 0.64080155 0.044509426 0.31468898 my: 16440400 4794733 13564733 34799866 0.47242713 0.13778022 0.3897927 


gap: 64  normal: 69029704 4794733 33899552 107723989 0.64080155 0.044509426 0.31468898 my: 20517796 4794733 16077502 41390031 0.4957183 0.1158427 0.38843897 


map_end: SameBank


map: SameBankWeightedMapping
gap: 16  normal: 69265104 4439926 33658916 107363946 0.6451431 0.041353974 0.31350297 my: 15384962 4439926 12058844 31883732 0.48253328 0.13925365 0.37821308 


gap: 32  normal: 69265104 4439926 33658916 107363946 0.6451431 0.041353974 0.31350297 my: 17747627 4439926 12758810 34946363 0.5078533 0.12704973 0.36509693 


gap: 64  normal: 69265104 4439926 33658916 107363946 0.6451431 0.041353974 0.31350297 my: 21947404 4439926 15180102 41567432 0.52799517 0.10681261 0.3651922 


map_end: SameBankWeightedMapping


graph_end: mtx/outerspace/mario002/mario002.mtx
graph: mtx/outerspace/offshore/offshore.mtx
map: SameBank
gap: 16  normal: 81855741 20009705 71936244 173801690 0.47097206 0.11512951 0.41389838 my: 33773456 20009705 32119768 85902929 0.39315838 0.2329339 0.37390772 


gap: 32  normal: 81855741 20009705 71936244 173801690 0.47097206 0.11512951 0.41389838 my: 35245396 20009705 37764869 93019970 0.3789014 0.21511193 0.40598667 


gap: 64  normal: 81855741 20009705 71936244 173801690 0.47097206 0.11512951 0.41389838 my: 38120026 20009705 45173176 103302907 0.36901212 0.19369933 0.43728855 


map_end: SameBank


map: SameBankWeightedMapping
gap: 16  normal: 68730096 6241882 24207696 99179674 0.6929857 0.06293509 0.24407922 my: 24682580 6241882 22011472 52935934 0.46627265 0.11791389 0.41581342 


gap: 32  normal: 68730096 6241882 24207696 99179674 0.6929857 0.06293509 0.24407922 my: 26036458 6241882 22261716 54540056 0.4773823 0.11444583 0.40817186 


gap: 64  normal: 68730096 6241882 24207696 99179674 0.6929857 0.06293509 0.24407922 my: 28885524 6241882 22624264 57751670 0.5001677 0.10808141 0.3917508 


map_end: SameBankWeightedMapping


graph_end: mtx/outerspace/offshore/offshore.mtx
graph: mtx/outerspace/poisson3Da/poisson3Da.mtx
map: SameBank
gap: 16  normal: 4146996 792411 1408380 6347787 0.6532979 0.12483264 0.22186945 my: 4161296 792411 1760475 6714182 0.6197771 0.11802048 0.26220244 


gap: 32  normal: 4146996 792411 1408380 6347787 0.6532979 0.12483264 0.22186945 my: 4161296 792411 1760475 6714182 0.6197771 0.11802048 0.26220244 


gap: 64  normal: 4146996 792411 1408380 6347787 0.6532979 0.12483264 0.22186945 my: 4161296 792411 1760475 6714182 0.6197771 0.11802048 0.26220244 


map_end: SameBank


map: SameBankWeightedMapping
gap: 16  normal: 4137399 512738 1408564 6058701 0.68288547 0.08462837 0.23248614 my: 4151093 512738 1760705 6424536 0.64613116 0.079809345 0.27405947 


gap: 32  normal: 4137399 512738 1408564 6058701 0.68288547 0.08462837 0.23248614 my: 4151093 512738 1760705 6424536 0.64613116 0.079809345 0.27405947 


gap: 64  normal: 4137399 512738 1408564 6058701 0.68288547 0.08462837 0.23248614 my: 4151093 512738 1760705 6424536 0.64613116 0.079809345 0.27405947 


map_end: SameBankWeightedMapping


graph_end: mtx/outerspace/poisson3Da/poisson3Da.mtx
graph: mtx/outerspace/roadNet-CA/roadNet-CA.mtx
map: SameBank
gap: 16  normal: 264008332 12351441 273679054 550038827 0.47998124 0.022455579 0.49756312 my: 44031104 12351441 51364017 107746562 0.4086544 0.1146342 0.47671142 


gap: 32  normal: 264008332 12351441 273679054 550038827 0.47998124 0.022455579 0.49756312 my: 54118380 12351441 59332965 125802786 0.43018427 0.09818098 0.47163475 


gap: 64  normal: 264008332 12351441 273679054 550038827 0.47998124 0.022455579 0.49756312 my: 72573969 12351441 76355710 161281120 0.44998428 0.0765833 0.47343242 


map_end: SameBank


map: SameBankWeightedMapping
gap: 16  normal: 271270884 7619297 299506166 578396347 0.46900517 0.0131731415 0.51782167 my: 39303681 7619297 54111591 101034569 0.38901222 0.07541277 0.53557503 


gap: 32  normal: 271270884 7619297 299506166 578396347 0.46900517 0.0131731415 0.51782167 my: 48509130 7619297 62234721 118363148 0.409833 0.064372204 0.52579474 


gap: 64  normal: 271270884 7619297 299506166 578396347 0.46900517 0.0131731415 0.51782167 my: 65622034 7619297 79214068 152455399 0.43043432 0.04997722 0.5195885 


map_end: SameBankWeightedMapping


graph_end: mtx/outerspace/roadNet-CA/roadNet-CA.mtx
graph: mtx/outerspace/scircuit/scircuit.mtx
map: SameBank
gap: 16  normal: 29360674 2723739 10955432 43039845 0.68217427 0.06328413 0.25454164 my: 11629823 2723739 5667528 20021090 0.5808786 0.13604349 0.2830779 


gap: 32  normal: 29360674 2723739 10955432 43039845 0.68217427 0.06328413 0.25454164 my: 12419997 2723739 5914752 21058488 0.5897858 0.12934162 0.28087258 


gap: 64  normal: 29360674 2723739 10955432 43039845 0.68217427 0.06328413 0.25454164 my: 13813127 2723739 7352916 23889782 0.5782023 0.11401272 0.30778497 


map_end: SameBank


map: SameBankWeightedMapping
gap: 16  normal: 29492148 1360371 6737024 37589543 0.7845838 0.036190145 0.17922601 my: 11087944 1360371 4954990 17403305 0.6371172 0.0781674 0.28471547 


gap: 32  normal: 29492148 1360371 6737024 37589543 0.7845838 0.036190145 0.17922601 my: 11362181 1360371 5160161 17882713 0.63537234 0.07607185 0.28855583 


gap: 64  normal: 29492148 1360371 6737024 37589543 0.7845838 0.036190145 0.17922601 my: 12689648 1360371 6233165 20283184 0.62562406 0.067068905 0.30730703 


map_end: SameBankWeightedMapping


graph_end: mtx/outerspace/scircuit/scircuit.mtx
total_cycles_end


local_speed_up: [1.0095263, 1.0088385, 1.007959, 1.0725912, 1.0662165, 1.0615363, 6.7257795, 5.383936, 3.8893955, 6.919392, 5.6152573, 4.0394835, 1.4261032, 1.3819423, 1.3340237, 1.5266159, 1.461651, 1.3883399, 2.2431464, 2.1408696, 2.0446947, 2.779084, 2.6771667, 2.4348605, 2.4925766, 2.364815, 2.1649683, 2.9573276, 2.8241603, 2.521985, 1.4818907, 1.4707131, 1.4487684, 1.6108636, 1.6017911, 1.5739831, 1.011179, 1.0104241, 1.0093681, 1.0123428, 1.0114095, 1.0097988, 1.4465873, 1.4298713, 1.4054693, 1.4776851, 1.4773782, 1.476999, 1.4466044, 1.4298819, 1.4054794, 1.4738361, 1.4735284, 1.4729211, 4.8045344, 4.198785, 3.364382, 4.5021305, 3.902781, 3.155959, 2.423671, 2.322452, 2.1473162, 2.7845588, 2.6397636, 2.379396, 0.99656355, 0.99656355, 0.99656355, 0.9967011, 0.9967011, 0.9967011, 5.9959507, 4.878349, 3.6377828, 6.901921, 5.5921617, 4.1338387, 2.524602, 2.3639839, 2.1255631, 2.6598392, 2.5956414, 2.3241107]
dispaching_speed_up: [1.0, 1.0, 1.0, 1.0, 1.0, 1.0, 1.0, 1.0, 1.0, 1.0, 1.0, 1.0, 1.0, 1.0, 1.0, 1.0, 1.0, 1.0, 1.0, 1.0, 1.0, 1.0, 1.0, 1.0, 1.0, 1.0, 1.0, 1.0, 1.0, 1.0, 1.0, 1.0, 1.0, 1.0, 1.0, 1.0, 1.0, 1.0, 1.0, 1.0, 1.0, 1.0, 1.0, 1.0, 1.0, 1.0, 1.0, 1.0, 1.0, 1.0, 1.0, 1.0, 1.0, 1.0, 1.0, 1.0, 1.0, 1.0, 1.0, 1.0, 1.0, 1.0, 1.0, 1.0, 1.0, 1.0, 1.0, 1.0, 1.0, 1.0, 1.0, 1.0, 1.0, 1.0, 1.0, 1.0, 1.0, 1.0, 1.0, 1.0, 1.0, 1.0, 1.0, 1.0]
remote_speed_up: [3.1447875, 2.7748177, 2.385679, 3.2070124, 2.7816782, 2.3561852, 5.6888165, 4.882612, 3.7874172, 5.4101324, 4.597345, 3.5469897, 4.4933424, 3.7719288, 2.9949794, 4.5278616, 3.7310712, 2.871198, 1.2985114, 1.1490798, 1.0918698, 0.8498798, 0.84179235, 0.84071213, 1.3084159, 1.1749719, 1.0843853, 0.91523325, 0.91049784, 0.89774954, 2.4604504, 2.4047852, 1.4421327, 3.0112367, 2.974768, 1.5438033, 1.031368, 1.031368, 1.031368, 0.98498225, 0.98498225, 0.98498225, 1.7857145, 1.6116886, 1.3095511, 0.91146535, 0.87499666, 0.8681683, 1.78573, 1.6117148, 1.30956, 0.9069299, 0.871386, 0.86528504, 2.6723468, 2.4990947, 2.1085086, 2.7912223, 2.638092, 2.217305, 2.2396252, 1.9048455, 1.5924548, 1.0997764, 1.0874138, 1.0699883, 0.8, 0.8, 0.8, 0.8, 0.8, 0.8, 5.328225, 4.612597, 3.584264, 5.5349727, 4.8125253, 3.7809722, 1.9330177, 1.8522217, 1.4899439, 1.3596443, 1.3055841, 1.0808352]
total_speed_up: [1.3135091, 1.2883395, 1.255042, 1.8103163, 1.7133607, 1.5993736, 5.7572327, 4.851843, 3.7001653, 5.7407556, 4.8316054, 3.662134, 2.268645, 2.1123142, 1.9130032, 2.695502, 2.4309013, 2.0993602, 1.6109871, 1.5171194, 1.4626268, 1.7561274, 1.7194663, 1.642403, 1.8054813, 1.6884109, 1.5693613, 1.8520876, 1.809286, 1.7041796, 1.6914561, 1.673149, 1.3683958, 1.9906206, 1.9769151, 1.4790487, 1.0118405, 1.011191, 1.0102819, 1.0099103, 1.0090894, 1.0076718, 1.4710305, 1.4139444, 1.3006473, 1.2729818, 1.2575207, 1.2543583, 1.4710444, 1.4139581, 1.3006552, 1.2690673, 1.25398, 1.2510147, 3.3824775, 3.095529, 2.6026554, 3.3673582, 3.0722494, 2.5828862, 2.0232337, 1.8684343, 1.6824473, 1.8735793, 1.8184739, 1.7173471, 0.9454297, 0.9454297, 0.9454297, 0.9430566, 0.9430566, 0.9430566, 5.104932, 4.372231, 3.4104354, 5.724737, 4.8866253, 3.7938728, 2.1497252, 2.043824, 1.8016006, 2.1599085, 2.1020048, 1.8532368]
average_local_speed_up: 2.3806224
average_dispaching_speed_up: 1
average_remote_speed_up: 2.1346533
average_total_speed_up: 2.1131663
ideal_to_my_local_speed_up: [1.0015202, 1.002203, 1.0030774, 1.0268685, 1.0330079, 1.0375624, 1.4383949, 1.7968876, 2.4873602, 1.4064503, 1.7330964, 2.4091647, 1.056834, 1.0906057, 1.1297807, 1.0807287, 1.1287628, 1.1883671, 1.0672164, 1.118201, 1.1707971, 1.0424129, 1.0820966, 1.1897818, 1.071514, 1.1294036, 1.2336581, 1.0496868, 1.0991825, 1.2308826, 1.0115588, 1.0192467, 1.0346854, 1.0117942, 1.0175248, 1.0355018, 1.0041351, 1.0048853, 1.0059367, 1.0038272, 1.0047536, 1.0063562, 1.0195633, 1.0314826, 1.0493914, 1.0039464, 1.0041549, 1.0044128, 1.0195624, 1.0314862, 1.0493952, 1.004006, 1.0042156, 1.0046296, 1.2299672, 1.4074118, 1.7564651, 1.2605034, 1.4540787, 1.79817, 1.0551493, 1.1011356, 1.1909447, 1.0640888, 1.1224557, 1.2452816, 1.0034482, 1.0034482, 1.0034482, 1.0033098, 1.0033098, 1.0033098, 1.3901311, 1.7086022, 2.291274, 1.3031199, 1.608328, 2.175709, 1.0936337, 1.1679393, 1.2989451, 1.0695674, 1.0960209, 1.2240714]
ideal_to_my_dispaching_speed_up: [1.0, 1.0, 1.0, 1.0, 1.0, 1.0, 1.0, 1.0, 1.0, 1.0, 1.0, 1.0, 1.0, 1.0, 1.0, 1.0, 1.0, 1.0, 1.0, 1.0, 1.0, 1.0, 1.0, 1.0, 1.0, 1.0, 1.0, 1.0, 1.0, 1.0, 1.0, 1.0, 1.0, 1.0, 1.0, 1.0, 1.0, 1.0, 1.0, 1.0, 1.0, 1.0, 1.0, 1.0, 1.0, 1.0, 1.0, 1.0, 1.0, 1.0, 1.0, 1.0, 1.0, 1.0, 1.0, 1.0, 1.0, 1.0, 1.0, 1.0, 1.0, 1.0, 1.0, 1.0, 1.0, 1.0, 1.0, 1.0, 1.0, 1.0, 1.0, 1.0, 1.0, 1.0, 1.0, 1.0, 1.0, 1.0, 1.0, 1.0, 1.0, 1.0, 1.0, 1.0]
ideal_to_my_remote_speed_up: [1.6484798, 1.8682737, 2.1730163, 1.6722444, 1.92794, 2.2760983, 1.2878113, 1.5004513, 1.934332, 1.2894664, 1.5174376, 1.96679, 1.4439042, 1.7200632, 2.1662774, 1.4696442, 1.7834947, 2.31762, 1.5170201, 1.7143003, 1.8041233, 1.2825701, 1.2948924, 1.2965561, 1.5077745, 1.6790155, 1.819276, 1.2837889, 1.2904658, 1.3087908, 1.4323176, 1.4654725, 2.4437046, 1.4344739, 1.4520596, 2.7979863, 1.4963877, 1.4963877, 1.4963877, 1.4727166, 1.4727166, 1.4727166, 1.6021458, 1.7751414, 2.184699, 1.2758374, 1.3290126, 1.3394657, 1.6021336, 1.7751144, 2.1846867, 1.2765148, 1.328584, 1.3379514, 1.4105178, 1.5083033, 1.7877057, 1.3840836, 1.464424, 1.7423338, 1.5863395, 1.8651412, 2.2310247, 1.287198, 1.3018318, 1.3230332, 1.25, 1.25, 1.25, 1.25, 1.25, 1.25, 1.3248239, 1.5303657, 1.9694307, 1.2655904, 1.4555783, 1.8527002, 1.4438796, 1.5068634, 1.8732551, 1.3560692, 1.4122199, 1.705877]
ideal_to_my_total_speed_up: [1.0608739, 1.0815996, 1.1102954, 1.1816189, 1.2484844, 1.3374637, 1.3149661, 1.5603485, 2.0460074, 1.3101424, 1.5566684, 2.0537772, 1.1366694, 1.2207935, 1.3479848, 1.2003783, 1.3310381, 1.541242, 1.1579554, 1.2296008, 1.2754116, 1.11986, 1.1437368, 1.1974021, 1.1943791, 1.2771945, 1.3740807, 1.1325088, 1.1593001, 1.2308006, 1.1131998, 1.1253802, 1.3760116, 1.1263088, 1.1341172, 1.5158752, 1.0278673, 1.0285275, 1.029453, 1.0247611, 1.0255948, 1.0270376, 1.1494073, 1.1958131, 1.2999784, 1.0701635, 1.0833211, 1.0860522, 1.1494052, 1.1958107, 1.2999803, 1.0703135, 1.0831909, 1.0857584, 1.2504282, 1.3663399, 1.6250883, 1.2573516, 1.3781282, 1.6392335, 1.1887103, 1.2871947, 1.4294882, 1.1374738, 1.1719427, 1.2409531, 1.0577201, 1.0577201, 1.0577201, 1.0603818, 1.0603818, 1.0603818, 1.3013506, 1.5194316, 1.9479349, 1.2545186, 1.4696829, 1.892997, 1.1584227, 1.2184467, 1.3822658, 1.131476, 1.1626449, 1.3187115]
average_ideal_to_my_total_speedup: 1.2564337
compare_same_bank_to_same_bank: [0.76131946, 0.7761929, 0.79678607, 0.17369457, 0.20610724, 0.2702582, 0.44079176, 0.47341442, 0.5227383, 0.62073743, 0.65914387, 0.6837014, 0.55386895, 0.5922729, 0.63720185, 0.5912066, 0.59767544, 0.73078275, 0.98829806, 0.9889328, 0.9898227, 0.67979556, 0.7072414, 0.768848, 0.6797891, 0.70723456, 0.76884323, 0.2956413, 0.32304657, 0.38422295, 0.49425828, 0.5352075, 0.5943723, 1.0577201, 1.0577201, 1.0577201, 0.195889, 0.22871618, 0.2932177, 0.46517572, 0.4892789, 0.555062]
compare_weighted_to_same_bank: [0.19716848, 0.20832585, 0.22317322, 0.1786347, 0.21224792, 0.28002748, 0.40097794, 0.44462395, 0.5148411, 0.35496014, 0.3625283, 0.3795385, 0.34780723, 0.3560352, 0.37799388, 0.52222455, 0.52584505, 0.70285106, 0.9757989, 0.97659284, 0.97796667, 0.48677272, 0.49275756, 0.49399984, 0.48734578, 0.49320927, 0.49437836, 0.29597613, 0.3244065, 0.38586977, 0.30457664, 0.31380624, 0.33228487, 1.0120907, 1.0120907, 1.0120907, 0.18368624, 0.21519053, 0.27717206, 0.40435332, 0.41549203, 0.4712653]
average_compare_same_bank_to_same_bank: 0.6046178
average_compare_weighted_to_same_bank: 0.46259466
normal_same_bank_average: 10101625000
my_same_bank_average: 6626724400
normal_weighted_average: 6215788500
my_weighted_average: 2886836700
