
# old result
95536835837 94710448672 94052651148 93429273133 92784583545 
26360237485 23287472287 20882378970 19154421810 18003077876 
2496094834 2242340792 2077516645 1971470224 1909249288 
231006781 178643224 140900314 115170479 101459916 
47461148 41393049 39114837 38302193 37759890 
274096 274096 274096 274096 274096 
1630996 1496534 1305567 1027579 785085 
112773515 94616533 81111016 71021718 62603836 
90 36 18 0 0 
4427994 3228921 2538396 2160090 1963631 
3546083 2404958 1572876 1069657 786631 
58400595 51248355 46854650 43402358 40430433 
253998236 238507455 228802417 222340103 217194617 
34721370 31125378 29562676 28617113 24673216 
58402476 51250451 46856399 43404003 40431971 
24603031 20621482 17574730 16679827 15403902 
33719255 30927334 28869421 26459109 22019619 
89521332 84585917 80942857 78998322 69265855 
364777887 357013750 348910462 339221681 329126189 
58080400 56233325 51788382 49555936 42410388 
158467094 132417149 104035075 80633688 62896191 
17513340 15755669 14396542 13428778 12734881 
118611321 101823321 97420364 96290810 95879413 

# new result
95536835837 94710448672 94052651148 93429273133 92784583545 
26360237485 23287472287 20882378970 19154421810 18003077876 
2496094834 2242340792 2077516645 1971470224 1909249288 
231006781 178643224 140900314 115170479 101459916 
47461148 41393049 39114837 38302193 37759890 
274096 274096 274096 274096 274096 
1630996 1496534 1305567 1027579 785085 
112773515 94616533 81111016 71021718 62603836 
90 36 18 0 0 
4427994 3228921 2538396 2160090 1963631 
3546083 2404958 1572876 1069657 786631 
58400595 51248355 46854650 43402358 40430433 
253998236 238507455 228802417 222340103 217194617 
34721370 31125378 29562676 28617113 24673216 
58402476 51250451 46856399 43404003 40431971 
24603031 20621482 17574730 16679827 15403902 
33719255 30927334 28869421 26459109 22019619 
89521332 84585917 80942857 78998322 69265855 
364777887 357013750 348910462 339221681 329126189 
58080400 56233325 51788382 49555936 42410388 
158467094 132417149 104035075 80633688 62896191 
17513340 15755669 14396542 13428778 12734881 
118611321 101823321 97420364 96290810 95879413 